-2.071953377720193168e-01
1.764321389841200793e-01
-8.824680728475618047e-03
-2.665753857768046048e-02
-2.359385017831049092e-02
6.864335953986087924e-02
-1.332222095814943330e-01
2.832364144814070173e-02
3.891322253908362921e-02
7.925555563078513777e-02
-7.353091906114314624e-02
-2.412576785983347114e-02
-5.541372768369198787e-02
8.281777596012337289e-03
-8.172903547051568740e-02
1.143631245416808218e-01
-1.253272128949728670e-01
-3.102835250603482378e-02
-9.836097241090163701e-02
-8.039049226750659416e-02
-2.087142642264617695e-02
2.048891087391127575e-01
4.342534443409350881e-02
1.283553685491189977e-01
-1.539875387336584467e-01
-3.524250746299950610e-02
4.626016330833593315e-02
7.220232359546763061e-03
-1.213610714900186655e-01
-6.985530168284788399e-02
2.053463468241783704e-02
-1.301018047660319199e-01
-6.329348071516273377e-02
8.494730741406185393e-02
8.445081512807925406e-02
3.827739036397553168e-02
-8.482353322903744830e-02
3.639923608546246497e-02
-3.922546698502843432e-02
9.802028029884106430e-02
-3.496497274803871125e-02
-1.003926725199841691e-01
1.023713776686674126e-01
2.666455209033289850e-02
1.254166351812914439e-03
-2.386791392017288335e-02
6.875439489578188956e-02
9.070225237766616627e-03
-5.674371869525244444e-02
-7.873183230843261438e-02
1.464593201322773007e-02
4.929472416026159376e-02
-2.177334267981313048e-02
1.070590162961273517e-01
-7.060055896862516001e-02
4.022109951585220444e-02
1.432756863532595043e-02
-4.519339372060884874e-02
5.107919794834565180e-02
-8.376950247041375919e-02
5.317416280421140978e-02
-2.924477329864622749e-02
-1.717781008075817614e-02
5.704168563329764519e-02
-1.696450268140892448e-01
4.304400257523104817e-02
-3.878816015785774285e-02
6.800899447709334023e-02
-1.074785030758443945e-03
-3.953416889141920382e-02
1.351571876257832809e-02
3.737271879826654930e-02
-1.604065488391196934e-02
1.105857038802417480e-01
-1.074201406312723095e-01
1.067956517393826993e-01
-7.451867928184684187e-02
-4.773221373433609444e-02
-2.095608953966490717e-02
7.787614798160723273e-02
3.741136468431060375e-03
-1.571456948544694421e-01
-2.820226473938013123e-02
-4.042162872454745787e-02
-1.296086403202364491e-02
-2.881215407431976516e-02
-6.300241994008652646e-02
1.499467535154747413e-02
4.411513771675200368e-02
-8.488304073689971474e-02
6.953053310716658664e-02
2.054053891500789986e-02
1.078234176087875529e-01
2.017286624917213889e-02
-4.414108055692046034e-02
3.497882085720449737e-03
3.519090804848513249e-02
-4.247079104880543965e-02
8.722233347231064457e-03
-2.092724825804314140e-02
-8.722362166851210796e-02
9.132917452904744382e-02
-8.527762239005505507e-02
1.435247376188767028e-02
4.636071417850610304e-02
-4.247773299500224448e-02
2.983877488043441828e-02
-9.816781454713700839e-02
-6.856503005416604568e-02
9.780379177053873802e-03
5.008134685739712433e-02
-2.905709026873784864e-02
-1.845537866356443055e-02
-9.669200688221591886e-03
1.947953042695960493e-02
-7.030974867614367234e-03
4.514304671906812540e-03
-3.269170006795303618e-02
-4.161843456216720444e-02
4.375641085787088103e-02
5.089666770324314388e-02
8.700101420825280540e-02
-7.343791845204269975e-04
5.891787183428068980e-02
-4.211965023422185872e-02
3.081186397773250183e-03
3.362786087414235819e-02
1.015095744098850616e-01
-2.386383463220156844e-03
-7.502383110896153860e-03
-5.371177001895753589e-02
-8.942994392934923431e-02
-7.007712191209518326e-02
9.638534461981080811e-03
6.443485833289153142e-02
5.129078417443683202e-02
1.006059763410106431e-02
1.039753250724067928e-02
-1.324308634982867237e-02
-1.075887512007533964e-01
-1.508697818770546317e-01
-4.985433806011614621e-02
-1.898386115521683015e-02
-9.624443026866129347e-02
-4.039929999038866654e-02
-1.150191026740507959e-02
-1.660552891825585117e-02
9.336083885490216450e-02
3.900260904217440344e-02
3.362657267794089220e-03
5.756290412970287845e-02
3.220826866012421047e-02
-6.923392593177848942e-02
-4.286641041556751158e-02
5.352240517734169201e-03
1.208096519493345594e-01
-6.824004677911782966e-03
3.419484611892753545e-02
-6.124396055862656174e-02
-2.741710915458516027e-04
2.274206622331734554e-02
1.628219167168729054e-02
9.490785514318221538e-03
-2.147186898544171246e-02
-3.901280726210269723e-02
3.299371051074173611e-02
-7.434609677407789941e-02
-5.069817813853356309e-02
3.543183652138753859e-02
-3.303579158665637117e-02
-3.861339487319186137e-02
-6.734840030833480484e-02
-1.780605621156873541e-02
-2.230035805912496810e-02
-1.869262146400152425e-02
-5.753298935124655233e-03
-1.991386724622135757e-02
-1.129869731662344265e-02
7.374794433786274750e-02
2.631351862543276562e-02
-4.421583171983343996e-02
8.599919117901642929e-02
3.093460044915017910e-04
7.515626483511805844e-02
3.904043191397862933e-02
8.958495687225927206e-02
6.222477883313344560e-02
1.607666354606579195e-01
4.367847498768204911e-02
-3.484087651396391982e-02
-9.969171487024627853e-03
1.017010862451700193e-01
4.220953770250209479e-03
-3.023103062378153932e-02
-9.429578303134564243e-02
-5.883514101156415987e-02
-3.949165841677074879e-02
1.874690462060228657e-02
-2.366913808964075244e-02
2.959340928728251136e-02
-1.172000904095923599e-02
-6.535090896504681945e-02
1.387405200595344563e-02
-5.124659188808090154e-02
2.478650516150328678e-02
9.504740973167462650e-03
8.042548826431314413e-02
-7.800121036283312603e-02
1.745756335584372140e-03
3.323800260705908616e-02
-4.477354910861361392e-02
7.837342749860184976e-02
2.819081410647818892e-02
-6.244853135668294170e-03
-4.274378129383328388e-03
-2.380085615124089352e-03
7.086091773423304485e-02
-1.109593523451232050e-01
6.787967389175704469e-02
2.662200583245662167e-02
5.719276242114762487e-02
1.209723582862255731e-02
-4.514984553235365516e-02
-6.033016426982384765e-03
1.352928060592156496e-03
-1.142637187348008627e-02
1.017873953906684031e-01
-7.013197760034103889e-02
-4.947424861422733237e-03
8.850959930985573265e-02
-2.074775958730521591e-02
-6.241056535196744248e-02
-1.169513969762533273e-02
5.538005566631472310e-02
7.987507065400797912e-02
4.488719664016538324e-02
2.140051722917149339e-03
-3.615172349864144430e-02
3.781392599726946663e-02
5.874528932651174734e-02
1.274047513188909797e-02
5.328394574715877158e-02
1.037877851754097080e-01
2.700152274670033353e-02
8.070119803465519714e-02
-7.146339994101424259e-03
7.080749337509992941e-03
6.823113675539099754e-02
-2.811910451792978133e-02
-3.993061127242109737e-02
