-2.162304242045796354e-01
1.774850641909180848e-01
-1.037547282918857700e-01
2.079744198944317654e-02
2.451551529204567051e-02
2.530190034826412804e-01
-1.989345638602676991e-02
4.126486713471655410e-02
-3.096970131615205818e-03
-1.749560238407358442e-02
-1.770732362888197131e-01
2.757165585668164623e-02
6.412087891976366028e-02
-4.040577506448103651e-02
1.152244563047132020e-02
7.648593286970865879e-02
2.946067850159228910e-02
5.416089536035422229e-04
2.922329729822467637e-02
-8.369256033700156472e-02
2.753166187153826758e-03
2.169668756499073259e-01
-1.547482367604578225e-02
2.081666037166781530e-02
-7.972445816051602907e-02
-6.004939248158746440e-02
7.823077966694193253e-02
1.564767517308994146e-02
-1.551207163542860090e-01
-6.640813227144380659e-02
-5.426268442035825368e-02
-4.518063150348360091e-02
3.076433808949467080e-02
9.971689301309896725e-02
1.288538974962754602e-01
5.273045521935727092e-02
-3.442133795609474828e-02
-6.566454039951882815e-02
-1.296917202106892264e-01
1.936413808160878935e-01
-2.059139510492008843e-02
-4.373256818194862922e-02
7.704136690459632841e-02
-1.424978474269875117e-02
6.102026261286473121e-04
-1.387343488573085926e-01
2.218268474931893788e-02
-2.989130699499740335e-02
-6.136930793429646279e-03
-2.884679171918737642e-02
7.890129610922223813e-02
2.112685113773233800e-02
-4.975388483409011464e-02
-1.749583027002881569e-02
-1.193213140459053190e-01
3.213324902257874011e-02
1.053304077483511667e-02
8.211296883830467019e-02
6.657889481389833719e-02
-5.704038632869216224e-02
-1.708761056222160221e-02
8.219675490784530969e-02
3.266847716943576535e-02
-9.087970355512205167e-02
-7.132123952328767169e-02
7.815215901238659058e-02
-3.716732573565873637e-02
-9.523999746056343446e-03
1.075777430768730218e-02
-3.771645492578496600e-02
2.707057262211702130e-03
2.517418166465384619e-02
1.506238807806675913e-02
4.250035084101176641e-03
-6.537242858590278094e-02
1.581397494892115563e-01
-1.727842706873662301e-02
-2.585218036246428319e-02
-1.646495017054022333e-02
-2.769877823870906842e-03
6.053289051660661751e-02
-1.858402368725848783e-02
-6.587806953957206502e-02
-3.137142627423513547e-02
-2.793125989403916903e-02
4.457289764186998099e-02
1.170008273257537243e-02
9.912849147668758784e-03
4.205092175629993045e-02
-6.221320760751646028e-02
3.434746492560674519e-02
3.325611908599635652e-02
7.075782947996683836e-02
2.778275421321239544e-02
-5.963106982976493220e-02
5.813328938899664511e-02
3.215098614609437216e-02
-7.534976945890245470e-02
-3.632293230953573954e-02
3.334123449027584507e-02
-1.101616279802813264e-01
2.824950263052192559e-02
2.586429629908416905e-02
4.204431306359818210e-02
3.615767701099933951e-02
-4.680580019322707480e-02
-1.181516893806724283e-01
-1.006034453409400536e-01
-3.953502282953609559e-02
-3.133553423628595430e-02
-8.753593293398961861e-03
-6.185364155115146562e-02
-2.355341877004487466e-02
-4.854008827453457769e-02
7.230973283510294149e-03
-9.670625367752448687e-02
-3.678007153573294857e-02
-4.704910643143073862e-02
-9.182588604124910028e-03
9.701333000220084546e-02
-2.083227055960126806e-02
1.087861463354880404e-01
2.830647411933015500e-02
2.558654130064779222e-02
-5.642536011651108629e-02
-4.967469446464667371e-02
-5.371693553856798919e-02
8.812251138275913054e-02
1.573822185930248349e-02
-7.850382502230351944e-02
-2.768320603176814814e-03
-1.329745313387968864e-01
-7.624965311512466037e-02
2.463340829288615877e-02
1.295634583988856392e-01
-1.475785647989051770e-02
7.544506376918235641e-03
3.944360258049516010e-02
-5.160048271033489814e-02
-3.430298918334379055e-02
-1.624690129237487124e-01
-2.932056662011658932e-02
-1.161690435891536005e-02
-5.679886519713781695e-02
-4.804629739053740967e-02
-1.473662510506131881e-05
-3.284375945000241048e-02
-2.247601195469622806e-03
-5.832604292613113861e-02
4.306550800998937452e-03
1.136414085356952930e-02
-2.933272053772901025e-02
-9.683736406376848571e-02
-1.901860220388763845e-02
8.002766042395341450e-02
3.277269701296228049e-02
-2.149800139682166763e-03
1.061994128576393241e-02
-1.227068637588304700e-01
-6.119983674558825831e-02
7.828319343664551233e-02
-3.377474953911391298e-02
-4.606030927167516047e-03
2.173082488108462468e-02
4.870834407148153834e-03
9.185057368639932759e-03
-1.972641598084104789e-02
-1.030880099488593570e-02
2.736644455399441303e-02
-2.806689001839528935e-02
-3.500070001628187433e-02
9.778168548126110748e-03
1.892889109951095133e-02
-4.069173395730579790e-02
-1.797735329343595062e-02
3.670976871854359815e-03
8.842559970321889340e-02
1.757980624453214444e-02
5.777676181203476174e-02
2.517608071428078468e-03
-2.244957718388921122e-02
6.094942806177983119e-02
4.429445898556789996e-02
1.168895809986075091e-01
4.847901483853216120e-02
6.969174100039476905e-02
6.404385346689493719e-02
4.531056447895889100e-02
6.515559509949866990e-02
-1.061880185598776741e-02
-3.874213162929573961e-03
1.373612600150452556e-01
9.851243977770797466e-03
1.654334293914034443e-02
-2.260313433672364938e-02
-1.279313771685000860e-03
-7.671621162747151168e-02
2.312317008656514586e-02
-3.602349016435969775e-02
2.830814528300186136e-02
-2.203133049405174571e-02
-6.176290495997623087e-02
-2.596954162940923183e-02
1.393864445182075749e-03
9.822431596830849543e-02
-1.446095906121457920e-02
4.772167384730812562e-02
-6.556822060244038575e-02
-8.724613796091844342e-03
-1.864015959423085886e-02
-6.246787016248923213e-02
1.933969351481080665e-02
3.958215724127677609e-02
-1.732043404648455839e-02
4.251698651574376681e-02
1.755994218543434002e-02
8.561120815609248036e-02
-6.188835617833194497e-02
6.919073372781521514e-02
-8.949803100854494126e-03
4.080465144812370215e-02
-5.330127155622316204e-02
-1.427158583241603176e-02
2.828171051219484020e-02
1.863195569984247429e-02
1.397932209482983038e-02
1.238549152203013287e-01
-3.462753676458799057e-02
-3.253087203346762685e-02
2.399874590756251314e-02
-1.181110117376633559e-02
-3.845609677448590807e-02
-3.938017432295533998e-02
-1.888908701933027234e-02
6.010271779511196233e-02
-6.767415269574022542e-03
8.692998417902531028e-02
-1.422654037526499549e-02
3.735563549666619937e-02
1.162385867864921818e-01
-2.241904046588800384e-03
3.256881504501390329e-02
4.441064284174414678e-02
-8.508084157628043390e-03
2.830385343084497116e-02
1.607412575731578808e-02
2.421493371709346198e-02
-2.068528411847604664e-02
1.864183075790256825e-03
-3.675583966249318379e-02
