-2.593079809854302864e-01
8.462641307026354254e-02
-1.620993264442301685e-01
3.154455669425090120e-02
-2.154776474257461688e-02
3.738671950321788978e-02
4.511903591808982122e-02
2.449850283405224233e-02
-8.739580222517938368e-02
3.883802231790169784e-02
4.182209861613824659e-02
-4.312354994113678543e-03
7.535593724477558653e-02
3.623723313295476589e-02
6.441677849775147291e-02
-9.913855492530640467e-04
-1.074264058550556539e-02
-1.052239025676252326e-01
-2.918483887760563861e-02
-1.130005676604044634e-01
7.554205852177320324e-02
1.428991100501894318e-01
8.426272664090683762e-02
1.231006807825165972e-01
-1.311293936265999494e-01
6.979578566742054846e-02
6.141429460069099122e-02
-3.479646355537577285e-02
-2.298932175632552866e-01
-2.038774513520667797e-02
3.355585957093413368e-02
-1.337162066716990685e-02
9.883885194593587664e-02
1.364114541091295818e-01
1.458030792053958691e-01
4.981276908931876746e-02
-1.339730949397309467e-01
-7.244603675217033134e-02
-6.740886551029101614e-02
1.183545882190773363e-01
-8.672215228451510272e-02
-8.062231718015892834e-02
1.372298082294376165e-01
-4.701103028387714627e-02
1.112395058632889046e-02
-1.391793092974767942e-01
2.150535908898761062e-02
-2.748874908670939296e-02
-1.099165449181831351e-02
3.113849869945316609e-02
7.452589089039975828e-03
2.187678352747956384e-02
5.759580866539443927e-02
6.523959816518160558e-03
-1.115531849825072419e-01
6.636563189101718496e-02
-5.005128384667266971e-03
-3.252090937113107788e-02
6.936801352363976270e-02
-7.897384852918312714e-02
1.694416062929103919e-02
1.914697071003519180e-03
8.746097876027451520e-03
7.519449578546044677e-02
-5.321715222736860679e-02
4.019486688010192460e-02
-9.522830370105790990e-03
5.803540939582690905e-02
5.344850847406875521e-02
-6.896154647109037361e-02
1.212195946234397581e-01
-1.758297248477370608e-02
2.925199252516704970e-02
2.765867849437114029e-02
-4.730749488938049835e-02
1.611798327948283927e-01
-2.441222573660151336e-03
-8.572159702399605175e-02
-5.271871535699146349e-02
1.060150202593030111e-01
3.304484417469397139e-02
-1.799888195375684520e-03
-6.922610457196556877e-02
-9.863780006100328346e-02
-5.339035409704349228e-02
1.282617624349978100e-02
2.194686875559441822e-02
9.997865728274345221e-02
4.685892897655784956e-02
-6.946151730803618030e-02
2.780007612385577628e-02
2.376836883551524879e-02
8.325191084845073863e-02
3.620812185629616875e-02
2.564611435628700448e-02
-1.392954135226514949e-02
-9.362309290731837558e-04
-1.192967845736953164e-01
5.815134318027176397e-02
7.310325620647693812e-02
-4.860594645753366083e-02
3.547720383040185027e-02
-7.398774132996727149e-02
8.011222216385996409e-02
2.249060877196603150e-02
-5.214712532536215639e-02
-3.836460614666673680e-02
-4.461892872856014491e-02
-2.457993941477519106e-03
3.510407498461139142e-02
-4.748004908428194587e-02
-4.712900935708021904e-02
9.526955035768192026e-02
1.055617842704824338e-02
1.489747425709067423e-02
-3.443840167010416009e-02
4.737195557341026229e-03
-1.798623525160187794e-02
3.637048369555250654e-02
6.458946904523681087e-02
1.796775947648599978e-02
1.238538242795835138e-02
-1.442334223479033173e-02
4.307183822369990700e-02
-4.066671499662225658e-02
-5.274704260629275304e-02
4.585980541816954068e-03
3.921977546462263736e-02
-2.862221402836650011e-02
-8.489052802524112151e-02
-6.350178448361776251e-03
-7.680461527221968399e-02
-6.425325766153212881e-02
1.682134103936019226e-02
4.257166285787827853e-02
-1.031459914537160988e-01
-7.121831808690547161e-02
-5.462485630335645742e-02
-5.747581839157912820e-02
-7.008468270451850834e-02
-4.589948402007892198e-02
-3.451315697421693252e-02
-2.485094017523875338e-03
-3.387949242877577594e-02
2.632668419058323966e-02
-1.073299364019598100e-02
-3.997557783707524071e-02
-5.037979130938806394e-02
6.252348878241727193e-02
3.110304702764409533e-03
-2.983837681214746018e-02
-1.303414802206433534e-02
-1.025108952061442105e-02
-5.214518230104184943e-02
-1.669109023360782970e-02
8.325828533174717272e-02
-2.827536714311910948e-02
-5.439820422080019965e-03
-6.070093196997136675e-02
-4.603757509940444720e-02
3.630861371061649273e-02
-2.889318070068409502e-02
-1.044115138728620024e-01
4.147003624455739695e-02
-2.026417560606448565e-02
-1.951260016371220152e-02
-4.403891892487617199e-02
1.221579390175630934e-02
-8.433339136750319168e-03
1.265219034646757577e-02
-2.608295394689588362e-02
-6.331651541026939167e-02
4.116412922262028401e-02
2.604174137841783893e-02
-4.898954036413699642e-02
3.781353717891151184e-02
5.609006708159612609e-02
3.642062735827476111e-02
5.197457113046069499e-02
-1.875284356632704943e-02
-8.596945193334580571e-02
6.709937923302702889e-02
-2.172113705297935848e-02
5.468021545241215364e-02
-3.442490276429993612e-02
1.452759742042577240e-01
6.828073801977235791e-02
9.368233810501469527e-02
7.140771182591622301e-02
-3.836218588830284798e-02
2.384407860771519186e-02
1.876191101315513865e-01
-4.410716339310862683e-02
1.893729452417212619e-02
5.717706988029576907e-03
-1.983439226167145117e-02
-1.111890894953988795e-01
4.611386437008588302e-02
-1.989108084841999247e-02
8.412504461933296984e-02
2.959508971435771338e-02
-5.206769994525144857e-02
-6.816800852104870634e-02
1.367224402648162945e-02
7.590335878091197808e-02
2.421996859332924742e-03
-6.482508631018324939e-03
-4.678870739585911515e-03
-1.092518260717630606e-02
5.023696197777267891e-02
-6.091002865735294786e-02
6.009583329085328718e-02
-1.844778874803919624e-02
-5.008128141512650268e-03
1.956424370485714340e-02
-3.903965370131579071e-02
-2.715131052974979406e-02
-4.238966624654306320e-02
8.086969485546510392e-03
1.706398046237650110e-02
9.373865172215755867e-03
9.054789899490332805e-02
-6.272092732387701819e-02
4.395018748091557986e-03
6.255709969434394835e-02
-5.590786594138508897e-02
4.345048934913754712e-02
-4.462912108420524770e-02
9.457108424675128924e-03
1.305351008897544240e-02
1.928322102947832226e-02
-3.948811734970052861e-02
-6.869034118175099471e-03
1.449557501610131138e-02
-3.855474982488883706e-02
-2.903737355813829427e-02
2.942631930365895848e-02
-9.350003470036574726e-03
7.860688963781328753e-02
7.581629765610393978e-02
-7.935297688866435606e-02
2.157312632317648707e-02
5.895548254371019148e-02
-2.812882220359296317e-02
5.337617342831986467e-02
5.820428207096357831e-02
-4.741197505677934715e-02
2.217519115730321941e-02
-2.071083258271280009e-02
2.110124411851018247e-03
