-1.583668920101466149e-01
1.944649715990399430e-01
-2.764924877779051937e-01
6.525215598279456020e-02
-3.656111379483609203e-02
7.718578893846345101e-02
-8.831045416186565633e-02
1.800205188850445837e-01
-2.852622885320550000e-02
6.516209918505902476e-02
-6.376756094829132138e-02
-1.368351639229435923e-01
1.118471203608009390e-01
6.490343754059431369e-02
-7.299442343819131929e-02
-4.871139978440155310e-02
7.309330472840243689e-03
1.964899074199564014e-02
6.407880046237286742e-02
6.707040407120325176e-02
3.483936471920216077e-02
6.943996484351382115e-02
-6.966688515762911593e-02
1.375932649989632939e-01
-1.094506834726237110e-01
1.590671138104234605e-01
6.412030577489107042e-02
-1.329123582621182798e-01
-2.131949401018491397e-01
-8.200956521508413755e-02
-1.628474525699130648e-02
1.188998023813762385e-02
-1.675863727953142146e-01
2.384854322388010525e-02
-3.587699753215728427e-02
1.496466157841107140e-02
-7.830643237645500132e-02
-1.061707907407889451e-01
-3.126339852119064400e-02
1.234781369756439151e-01
3.652625201657707515e-02
-1.065134024999832701e-01
-3.550989193453264747e-02
7.051450618013105354e-02
1.056297453371057987e-01
5.683023484076178689e-02
8.638842601555977996e-02
-4.669220156125436505e-02
-1.345062360798646994e-01
-7.861042439861744280e-02
-2.802994342276348208e-02
-4.167327985407114077e-02
-5.482727636802592168e-03
2.947867008290782145e-02
-1.372191803350461710e-03
-5.564463240112493825e-02
9.681726490832126553e-02
-6.676725087912403767e-02
1.457439755984862306e-01
4.438753268418245347e-04
-6.648466580068562726e-02
-2.522640551859319999e-02
7.692669110235547669e-02
-8.369863347067545145e-02
1.368890168142869457e-02
5.379749500464982293e-02
-1.575663125787122032e-01
2.755187738172921660e-02
-3.053499203011731181e-02
-6.437316271517983662e-03
-2.140365551009551157e-02
1.919333824078527095e-02
-9.029979003404985105e-02
-7.771693614716450316e-02
-6.688193572810319232e-02
8.326485765803572081e-02
-2.217229229196054571e-02
5.342810778919879038e-03
-6.815685679500234351e-02
5.419966369975346560e-02
6.754679245207105553e-02
-6.487042118851839984e-03
5.452103628124042867e-02
-3.822042035907442098e-02
9.951309702980484784e-03
1.423773142828421885e-02
-1.199966565982073761e-02
1.730805085212487257e-02
-8.891565329031419010e-03
1.682159651025830899e-02
6.641044611492145922e-02
-2.609197750487625769e-03
1.396118592644505357e-02
1.004987559308030826e-01
-5.955022526864239005e-04
2.685880241376151223e-02
5.098493128878399394e-02
-1.947555423398707186e-02
2.265243863160122488e-03
-2.726969494173074517e-03
-4.935588971394859470e-02
1.209472859549299423e-01
-1.202166313992335395e-01
-1.555496308458147008e-02
8.475391526858172542e-02
-9.985668183189574248e-03
1.042719478579835421e-02
1.832176023110628979e-02
2.284711431731717077e-02
-2.375083629578551500e-02
5.186546800375186478e-02
-3.766917478157919691e-02
1.863665704435071846e-02
-5.997393512028337259e-02
3.203659853870844537e-02
1.377818675548766331e-02
-1.394034938717762795e-02
-9.151569101629295280e-03
4.205025009347456572e-02
3.964760586268142178e-02
1.765146788819910856e-02
-2.627648656998346141e-02
2.635433000170717480e-02
4.249311882421651088e-02
-6.733664873962035002e-02
-4.858010609977445049e-02
-2.237710104508191036e-02
5.007043873204697869e-03
-4.862634241396206897e-02
-4.206877146171227738e-02
-4.119830070774316289e-02
-1.076857514243051012e-01
-5.079189971003117421e-02
-2.012873444319636732e-02
5.691294348696823973e-04
5.832073523905096507e-02
1.940586423067234764e-02
-6.254387562287584690e-02
1.479867388154157935e-02
-8.087617155982750050e-02
-1.130437618043331031e-02
-7.811856799101487940e-04
-3.082519368571145363e-02
3.517177630458441506e-02
-4.186332519772765701e-03
-3.542285492509673200e-02
3.388605110621327465e-03
8.328589551652310075e-02
-6.958283438328949355e-02
1.248202986620147448e-01
-2.993670486155456528e-02
-5.595872393748946294e-02
-3.147216655230485050e-02
8.593981968704854368e-02
2.764401447807116399e-02
4.989341203128218327e-02
-2.065226507474168458e-02
-5.306180746845405583e-02
-2.313674556845471755e-02
-5.961877446304392203e-02
-2.647381295876241342e-03
-1.502613104691014230e-02
-3.435851376229156345e-02
5.767906377858358219e-02
5.134465518167621173e-02
1.342903212164413621e-02
2.297860932116425892e-02
-2.461003317343602240e-02
3.533299944658117170e-02
5.907061578025497861e-02
-2.815147312522180145e-02
-1.273913128671137485e-01
5.358647890891255969e-03
-9.221863062603944880e-03
-5.356466932674859571e-02
1.682646172474103891e-02
3.635301682778847854e-02
3.485010174426749624e-02
-2.952990582439149123e-02
-2.417457970062982658e-02
-4.162509745409042651e-03
2.578892497240703463e-02
-1.200765132221308547e-02
-2.588428317626858665e-03
1.209965420574171842e-02
-2.962627062435291628e-02
7.304163279527549346e-02
6.843826751132424391e-02
1.341809377735882040e-02
-1.469200824815809076e-02
3.175035616110714887e-02
6.342746567934667845e-02
-8.096545663388647618e-02
-6.495195547260832619e-03
-6.740439265714198713e-02
-1.701744655809077703e-02
-8.746477922515680237e-02
4.119595198351012205e-02
-5.051434761209213330e-03
1.038603171595410823e-01
-7.517840144288814863e-02
2.337111469370909550e-02
-9.029468994714381913e-02
1.690836509406758864e-02
5.610011713631866265e-02
-2.410878186890129046e-02
3.433321464698136510e-02
-3.446152209651217463e-02
6.032684771289976988e-02
2.056734191711550794e-02
-7.343158812436730021e-02
-2.381707031915732912e-03
-2.216957448249088150e-02
-1.853143419871038436e-02
3.197472643176942769e-02
7.806354073755501430e-03
-1.301511980537527549e-02
-1.856827561596583256e-02
3.394443368000606576e-03
-2.256395883442215838e-02
3.440488428929250331e-02
-6.801348395717672635e-02
-3.535715775297817998e-02
5.898401496246234721e-02
-3.549080016183833730e-02
2.684692457978298322e-03
-7.835612467058553771e-03
-2.369221884956942276e-02
1.912119885362751834e-02
-1.465785108716897989e-02
-3.271430613955138289e-02
-9.039652391924790642e-02
-7.621965800180283135e-02
4.268202335895983357e-03
4.725941846353429177e-02
-1.906486302523780971e-02
4.920916155579006107e-02
-1.670667678885584193e-02
1.158125721430576689e-02
1.448817253793327486e-02
1.722185267277218795e-03
5.142890727523580230e-02
8.259899433796798196e-02
-5.108589287760152003e-02
6.139387313197126883e-02
-8.534156607168911710e-03
-6.126043204233108143e-03
1.322734381643238949e-02
8.392327216696436176e-04
5.334959329340849526e-04
