-1.841076384865768523e-01
1.654183108267656410e-01
-1.376542319898320377e-01
9.320845237424778273e-02
1.952842025432461465e-02
-2.853284588598516136e-02
-3.115533291809330016e-02
3.997421213293266690e-02
-1.044925280038900145e-01
-8.720706009187949304e-02
-3.505812162160041462e-02
-7.732834420927149621e-02
1.838342200216314670e-01
8.234322536780014357e-02
3.484069150014028338e-02
-7.547274050624720731e-02
1.501848069825634712e-03
3.031948450796875458e-02
2.701941642672831684e-02
2.278519766001042141e-02
1.219617981475664137e-01
2.806135775480352035e-02
-1.526955266299197533e-01
1.229973208742701080e-01
-5.319681002788231167e-02
2.898242705161619727e-03
9.177089496924664691e-02
-1.518235038196742159e-01
-1.770553397644350768e-01
5.799415641384149389e-03
4.422395414753275966e-02
8.173928381592475423e-02
-5.862031888459545009e-02
1.011292157689182708e-01
-9.903483311813292668e-05
-4.616760431719676983e-02
-7.099405674816199052e-02
-6.555519906208218117e-02
1.052085508938451971e-02
1.867195208729407474e-01
-3.413478488408585448e-02
-1.240577854486946408e-01
4.170273450554153744e-02
1.064641897871482085e-01
7.416442722125406173e-02
4.149852530755860497e-02
7.869707606804438038e-02
-3.902966610392960556e-02
-1.134297327396651539e-01
-7.265811403743084596e-02
-4.232575744301594889e-02
7.630844938155933489e-03
7.920484325045633323e-02
-7.496961285634836866e-03
-1.741115389430169386e-02
-6.905051122960730037e-02
1.385096850411021985e-01
3.498517979840563147e-02
3.188384417376046581e-02
-1.345038847623228513e-02
-6.865043003868377680e-02
2.406117375222425331e-02
9.992813498727316779e-02
-1.366464418070976738e-01
-5.955781840557108214e-02
8.481721247578573319e-02
-8.515178207227605545e-02
7.816042517946059781e-03
-1.618708475230969460e-02
-3.894116614914950453e-02
2.801538103410972438e-02
-1.384457432133087695e-02
-1.023231802751297381e-01
-1.000768442136143466e-01
-2.568964966432492336e-02
3.153329784124756646e-02
2.166424474439996792e-02
6.281613069419354767e-02
-1.082564795690349746e-01
4.495951191122734593e-03
5.827887719859323884e-02
2.017464085436456236e-02
5.459390233728041858e-02
-5.303787987653105912e-02
4.088561864398496115e-02
-6.493217612460776451e-03
4.110842085572342236e-02
8.322348073197871621e-02
4.710730151146808389e-03
-1.610852665291482438e-02
2.341177873520165417e-02
-3.764080634846453388e-02
-1.165192427889573563e-02
9.090909308401118327e-02
-2.720632330797063958e-02
3.313411097678512635e-02
1.330186413351757135e-01
-2.411541791055419118e-02
-2.755275336351702131e-02
-1.769388630797639334e-02
-5.587601796124091330e-03
8.649396743298520818e-02
3.492954029195144416e-02
1.447924841564271654e-02
4.675511564490920230e-02
-4.389925663902145142e-02
2.560962644939959731e-02
-1.007134369115970235e-02
-4.844519617669518913e-02
-3.309950634330389996e-02
5.155629923821004879e-02
-3.433731966431969457e-02
3.339905270187572273e-02
8.232379514517006863e-03
6.669554731661961333e-03
1.048642487441883014e-02
-1.205765662972243732e-02
1.659923570450791419e-02
4.955048630961101513e-02
3.412976163083857734e-02
3.794049224184877639e-02
-3.987653776423566443e-02
6.517210623457131424e-02
6.365647910201878423e-02
-5.958373699697888659e-02
-5.823021443276026748e-02
1.668797984520975497e-02
4.813253354575547718e-03
-1.167374054681827311e-01
-3.414835464459411302e-02
1.695961924129672088e-02
-1.561570713728382132e-01
-6.401194403666964072e-02
-1.542571304831660828e-02
5.834295856119908058e-02
-5.422601880432380630e-03
3.709662058000983559e-02
-2.725170700571163604e-02
-1.805709542471679169e-02
-6.639216375070611242e-02
-5.328991463147240981e-02
-7.879182020568045730e-03
-1.799517685170351836e-02
9.112599994992472835e-03
-1.668961937925573721e-02
-1.078904099886398779e-02
5.004307908117183040e-02
1.113135477744385399e-01
-4.448027959795615438e-02
1.075186892483415840e-01
6.472611809036020458e-02
-4.115708362155639372e-02
-2.455142931567696335e-02
5.487925102868807664e-02
1.211381939172321079e-02
5.697066856470939245e-02
-5.748161016410400365e-02
-7.891492479394178472e-02
-6.357363030714187346e-02
-7.452264796845028960e-02
4.642675534757175621e-02
-6.095229443723623741e-02
-6.935406921403632075e-02
9.618186945960298384e-02
7.289856740294099746e-02
-6.919646464340309389e-02
-4.094579303184292529e-02
-5.199632226919001510e-02
3.625320240631127455e-02
-7.816939029115886617e-02
1.289190038950410386e-02
-8.472041019966640440e-02
3.962129370860854871e-02
-5.900857450016601044e-03
-2.214877938054328477e-02
8.954105889930041862e-02
-3.145428625371232256e-03
6.894641825953877479e-02
-1.475482967018067020e-02
-8.273409726110365903e-02
1.176177305997675067e-02
2.528925452007345365e-02
-5.977594620109333984e-02
1.208109847820971680e-02
5.965681835498611030e-02
-3.217058821329236290e-02
2.509624299078756782e-02
6.501743189499900599e-02
6.262824706926425899e-02
-1.537150377368977534e-02
7.655430972105091436e-02
1.018918781699262727e-01
-6.842319759665083101e-02
-3.795214339868620973e-02
-7.908728517098888300e-02
-3.238679740514378846e-02
-5.089602050581835263e-02
-3.354713402156099533e-02
2.083080330978974003e-03
4.840640549884123872e-02
-7.893079687885505569e-02
-4.227915281566624328e-02
-5.311689146406630563e-02
4.647520881118609101e-03
5.444446055317401362e-02
-7.937343618756798058e-02
6.753080270379134553e-02
-6.059389927152446925e-02
5.369187954236365884e-02
-2.054102438808761907e-02
-7.764198358389819143e-02
-3.229927419405065336e-02
-1.556008507268119047e-02
3.665823708307585239e-03
1.060583179015090784e-02
7.020763854533874394e-03
-1.496134119256860469e-02
-4.550087209973045083e-02
-2.212219799877645707e-02
-2.689816067473161515e-02
2.310525563600861892e-02
-6.018837622291640238e-02
-6.983092943549629172e-02
4.735692929089511949e-02
-1.061101202006215771e-01
1.152480806477721754e-02
4.218172263289098924e-03
-5.383657714284763307e-02
5.426449552884979322e-02
2.560226598804421841e-02
3.893132894487359025e-02
-7.638180980919140328e-02
-1.295316663726929496e-01
-1.592144535315697176e-02
3.761157380526163746e-02
-1.807049076670952034e-02
5.097081116527776151e-02
-3.448857540098761165e-02
3.847777103708846513e-02
-2.402158074919886338e-02
-2.596299836186408833e-02
8.738262976961234246e-03
2.562487062765694996e-03
-5.755891245018705804e-02
4.837420784087433090e-02
-2.054078020216587586e-02
-2.794278804794599058e-02
3.649693483991338361e-02
-4.704032480150442327e-03
-2.009650135940696612e-03
