-1.177809960367754011e-01
1.934180748382290094e-01
-2.181987237576317740e-01
1.269881526655067816e-01
-2.861465442140075435e-02
-7.741457695140478365e-03
-9.372488880028485847e-02
1.865873120011538044e-02
-2.423520247135347964e-03
-6.603217782928688662e-03
1.563535954852738122e-02
3.616345240268314248e-02
7.011637261052892922e-02
5.956302415176564780e-02
-9.348252942355017581e-02
2.255879461201662148e-02
4.174826821791012554e-02
-3.525867592163196146e-02
1.164781076112321040e-01
8.407436853697182466e-02
1.164818939021169397e-01
1.264343984335742632e-01
2.670316568625345777e-02
4.923001576643594446e-02
-1.286326895132208492e-01
9.547941188418733460e-02
1.074593465241001911e-01
-4.720754827224694222e-02
-1.686894414683604848e-01
-4.326884998927819220e-02
-1.760662021550701188e-03
8.730175877507240223e-02
-2.299050529309836985e-02
-2.554617812014591677e-02
-2.789180370334970807e-02
-6.016206683389339199e-02
7.240443186824105370e-02
-6.662868406412283950e-02
-4.287257605006997846e-02
9.344474003491326508e-02
2.333491072319500773e-02
-6.881852031946351922e-02
-4.150436491673697992e-02
8.526892493108222115e-02
-1.023967447701340516e-02
7.074221340969588656e-02
-1.979017049277675706e-03
7.017860746944168393e-02
-7.033612452227165635e-02
-1.248455899060679358e-01
2.106629756138650444e-02
1.214526321519939084e-01
8.627512254369884559e-02
7.721500633767923449e-02
-6.517897577650184557e-03
7.482949603981486897e-02
1.811637260094303009e-02
-1.459187983673219113e-01
-4.386524594379712094e-02
-5.872592302526755820e-02
-1.500667719319151716e-01
4.852488341932166549e-02
9.960963031773817367e-02
-7.527061730795017724e-02
-2.208940482261497959e-02
6.623895342372530803e-02
-1.191114545415771497e-01
-6.473267133346596869e-02
2.589014242897442011e-04
-3.006667859567945661e-02
9.559024360280632751e-03
-4.660633674388420938e-02
-7.408106028821198619e-02
-1.370139936077915954e-01
-4.788301521407912348e-02
1.929912900113080546e-02
-5.923188911981874805e-02
-6.967017844781006608e-02
-6.273255398352914347e-02
5.042519708234286663e-02
6.231117289214289923e-02
-2.175536574231952403e-02
-1.997602958708442900e-02
-4.527418727422127115e-02
-1.248259232495302351e-02
-3.011303308893934286e-02
-5.804707415371300472e-02
2.642132595602067827e-02
-1.189498203569112379e-02
4.389230138157608485e-02
2.264665126458690128e-02
2.583261286358844167e-02
-3.197357231761700780e-02
9.868996599388742130e-02
-4.340530350155470674e-02
2.614536784269636677e-02
1.193698045642817285e-01
-1.183751128647422962e-01
2.092874124593964436e-02
1.567733958921159118e-02
-2.733363825873583869e-02
5.166544628781094550e-02
9.974376794335697988e-03
-3.032745478535877909e-03
6.947656297120434477e-02
-1.875265327012252611e-02
4.424788188379881471e-02
-5.374856795636855783e-02
-1.404430865457470361e-02
-2.213436243185910521e-02
4.220648293518567545e-02
-6.527925734479127218e-02
5.285132729698134579e-02
2.032308174478987886e-02
3.779504969319858604e-02
5.313107170119048955e-02
-3.146536385661946600e-02
-9.773593097122779128e-03
2.037818514320111074e-02
3.018960438906649526e-03
7.054330447787253433e-02
3.241932535906773272e-02
5.277273419104191315e-02
9.705329580878840207e-03
-5.481622846567869856e-02
-2.919877250062324903e-02
2.574288144562858482e-02
-1.972054685262273482e-02
3.537888146719882915e-02
-8.165625202537113436e-02
-2.833638042141873800e-02
-1.002006592968281151e-01
1.778479644772799559e-02
1.396828875603272138e-02
3.284221361478677648e-03
-9.634764882019464238e-02
-1.611243220001571178e-02
1.420245062920121037e-02
-8.929037021193202139e-02
-5.262547320769607462e-02
-2.669371833909423009e-02
2.295598755386677944e-02
-1.979906643835081803e-02
9.818124289141037797e-02
-4.517658919364633818e-02
-6.324318861150143856e-02
7.618057696390195810e-02
1.139476154565739474e-01
-4.021820233927715649e-02
1.193871185740560392e-01
2.326278739585488711e-02
-1.415614760008927497e-01
-2.737525069836326593e-03
8.291675604906775798e-02
-1.149874485658858997e-02
1.413186019826785655e-01
-7.209902891026871707e-02
-4.216641441999671724e-02
-3.092124077237456969e-02
-6.408407602888435695e-02
8.274368947153601037e-03
1.234330828453930259e-02
-6.386744872612423740e-02
5.074765672934977712e-02
3.515578438583939758e-02
3.552981846111245845e-02
-6.845345570997586615e-02
-1.126677020970793669e-01
-6.116429435509679324e-02
1.170283696331252295e-02
-1.551791101088635834e-02
-1.166415798011819216e-01
2.373982328723753601e-02
-2.945282159096350438e-02
-6.229654237008307172e-02
6.231124641235425560e-02
-2.946642283006434618e-02
9.457610580736328099e-02
3.844772536951044511e-02
1.884675914065805924e-02
3.708028619839668499e-02
2.866589800871580454e-02
-1.642526069933499672e-02
4.436584506291933044e-02
-2.877044374926387288e-02
-5.863872805459947879e-02
6.550220738572799795e-02
5.935907908546442235e-02
2.285272841701744412e-02
3.940742144844447403e-02
9.520132168473371048e-04
1.151325407029967357e-01
-3.123892160564334386e-02
1.343324541789027611e-02
-7.182932001490965890e-02
-4.783666072081924070e-02
-8.378837491479744493e-02
9.359534618787578031e-02
-3.349022075767753293e-02
2.328377741619698862e-02
-7.652016682015477800e-02
-4.375375254327591723e-02
-3.953696406085353832e-02
4.661449748734471099e-02
1.819551710846764028e-03
-3.647378121481632124e-02
3.664570822907205899e-02
9.763042946793209359e-03
2.718645079560135999e-02
-1.412286500040846500e-02
-3.285493261135134097e-02
2.506013600287217147e-02
-8.780849683184283744e-03
7.067159724668856113e-02
-2.793032829410019291e-02
2.014328806791906151e-02
-6.897192024045756265e-02
7.507112021443600181e-03
-2.022478522220706038e-02
-3.849628546911100513e-03
6.137860577119919753e-02
4.627009205724807311e-02
-4.702437266565376306e-02
1.248374659227131089e-01
-2.534546794314435428e-02
-2.121359530483801770e-02
5.865953427441319284e-02
-2.554603107972320403e-02
4.613940988156299550e-02
-7.205605634673120825e-03
1.914083998608159115e-02
-5.297410604994567951e-02
-7.940094602181804739e-02
-3.429309822578945760e-02
4.393376678078080716e-02
-3.539476183285170108e-02
3.986986357787297708e-02
-1.709675754975395912e-03
7.268704356069308203e-02
1.216920874803800318e-01
-1.128248515488525575e-02
6.599008750828563863e-02
3.336178094843880726e-02
-1.384209131324034593e-02
5.469337619250301541e-02
-2.065480493842762263e-02
4.994117677088140937e-03
-3.528977497103549799e-02
-5.693258126976916481e-03
-2.810968084970286857e-02
