1.231165400050979741e-01
1.356799932822206622e-01
-1.654459747994737884e-01
4.817688117959020161e-02
-1.596984188204098321e-01
1.529166793509258715e-01
-3.820649991568236120e-02
1.314706611893610433e-01
-1.968101348393550554e-01
-2.855485707602714238e-02
-5.677432166212842413e-02
-1.237410674678450229e-01
5.135685606228616862e-02
2.574514625750349076e-02
3.795390192367496807e-02
7.455328450188829226e-02
1.246257722218752501e-01
-1.228809359576551324e-01
-4.129603302540582610e-02
6.358512077681774399e-02
1.234089038273864236e-01
1.008957679108355432e-01
-1.394777320377269814e-01
-1.024963255857026662e-01
4.472357569251808607e-02
8.070709771971228130e-02
1.650603821973042895e-01
-1.070123983779523169e-01
-7.243566906970030223e-03
-1.148102397808395542e-01
9.227946414983068113e-02
2.720288682225017757e-03
2.274564706608299403e-02
8.513058750197428914e-02
-5.887688045943221746e-03
-2.945587601683933437e-02
1.117858274666874360e-02
-1.197682231075456426e-02
-3.533153235003085729e-02
1.545119009271997412e-01
-2.665051564812419976e-02
-8.752459244856003462e-02
2.898344435794497631e-02
8.341226179127485263e-02
-1.435368716485251050e-01
-1.122830702846460207e-02
-5.816415442439519176e-03
-8.238739098247625792e-02
-3.538472339651788784e-02
2.837869784667106446e-02
-8.541129347829144736e-02
-1.619274805410520976e-02
-2.396757965605205570e-02
5.163385735868825793e-02
-2.126200772981993309e-02
2.015067173107693010e-02
1.436301004284062377e-01
7.815209214232203203e-03
2.627107485388703589e-02
-8.296382558210563252e-02
-1.152366178499639876e-01
3.046099986205392726e-02
8.052182973606962502e-02
3.700230900383869037e-02
4.806298776311861837e-02
-2.434821002640873838e-02
-1.060567948871988103e-01
1.815126617727992261e-02
1.193647868635833303e-01
-1.042156029572977038e-01
-6.132264896116157091e-03
-3.059328072654434599e-02
5.111516818268919959e-02
-7.788504929743476912e-02
-2.521174032551154118e-02
5.965469330215145138e-02
7.630682166572545777e-02
6.756727781873850258e-02
-9.677405659615074401e-03
-5.220811673341336362e-03
2.646997198107047325e-02
3.261277312281665036e-02
8.266527596399571298e-02
-1.601943700985815067e-01
1.171141088454549610e-02
4.256405319303394053e-03
-5.996143400154149185e-03
-1.268849472122858882e-02
1.362460615756656557e-01
1.275266385590431185e-02
4.017198555612853939e-03
-7.952153217111135319e-02
-2.999101533117686652e-02
8.412927030034214604e-02
8.109952188759676425e-03
2.462137069133923592e-02
-8.377572827762136409e-03
9.023648612217017098e-03
-1.196795147169187057e-02
8.291498498542712592e-02
-3.689592691086463622e-02
1.055113232545660251e-01
4.436588714732354194e-02
1.555129462257188490e-02
-1.512777153613428793e-02
3.310304842350377669e-02
4.534059183176759877e-02
1.135453804869004414e-02
6.217635676030607017e-02
2.592256303875734372e-02
1.211656351690881817e-01
3.685860820860089454e-02
-3.708364202252460023e-02
-2.517863612149980751e-02
-1.400630714643081622e-02
2.539734818804550640e-02
7.561917869286570448e-02
3.605061412033502138e-02
1.101228000516010427e-02
4.694733530245622649e-02
6.028945111952635494e-02
3.578982504704751599e-02
-3.073524813943655752e-03
5.182153848245908689e-02
-4.772681355174277981e-03
-7.815973941737607011e-02
-6.178998243668657733e-04
-3.344523849125546205e-02
-8.815911235071102747e-02
-1.262374779243767217e-02
-1.843673045807515259e-02
2.155566309189527532e-02
6.146342679793426883e-02
5.511849967953738605e-02
7.055172037527482169e-03
-6.799114078406739980e-02
-1.555516924193260132e-02
-1.142424720929380993e-02
1.069620283262630034e-01
1.385427252077856830e-01
-2.112143382038201341e-03
2.797723290027825244e-02
4.519563348463202790e-02
7.661573759001975847e-02
-1.900327458196796396e-02
4.749287491086724711e-02
-1.437188088190331434e-02
6.703091494039233045e-02
-2.302264836248507987e-02
-1.900086144183979822e-02
4.931826247232332094e-02
-1.399416327364499391e-01
-2.160525142213461786e-02
5.076451513054437703e-02
1.501969004870377933e-02
-6.935799773328289730e-02
-4.658257727632281880e-02
4.005632476942224546e-02
5.492650209384715432e-02
3.439268488861799231e-03
8.656841116369133615e-02
9.188217971380073859e-03
-2.058561474826189897e-02
-6.024387336020424130e-03
-8.178563540544571409e-02
4.886479605556299372e-02
1.333327896589656635e-02
-3.560224588694406445e-02
-4.110084057813745417e-02
-3.435988657560841431e-02
2.586070508054239513e-03
-1.139620720076230977e-02
1.405827462890919637e-02
-4.118336317294288978e-02
-9.810162354553300657e-03
7.205707797269135517e-02
6.243473269346541850e-03
3.082830697987200969e-02
-3.849468322760792147e-04
-2.123573509152314534e-02
9.385279752550540824e-03
3.452459188632799048e-02
-5.227235384386734462e-03
9.506745670720084807e-02
1.795219911065084120e-02
-3.066298988714811352e-02
4.861359156700988116e-02
6.718739518194265237e-02
2.697122536994629727e-02
-6.271373927532611359e-02
-6.546682627056070458e-02
6.572686761028738445e-02
1.847299553577589487e-02
1.965142362765971706e-02
-2.499819441811346535e-02
-5.132922390842421800e-02
-1.397686343807828802e-01
-9.577991083912483841e-03
3.394703568635735330e-02
1.867032922005939372e-02
-6.085473769152138779e-02
1.635463237002706934e-03
3.066118852902426778e-02
-4.460206898888158245e-02
-4.187256958870259199e-02
3.981953114585987281e-03
1.140169624485665861e-01
3.019776366074912108e-02
1.282373253207324051e-02
-1.701399741913142347e-02
-6.923832637565936754e-02
3.214190490682222734e-02
-6.965613949672327596e-03
7.195100177071947489e-02
4.774520099976162224e-02
-4.890449391006576781e-03
4.714616445386139720e-02
-1.220042863333485085e-02
-2.716903488467760711e-02
6.871158206993673023e-02
-2.285984637355673380e-02
-5.512227233523071812e-02
-4.079984383201023385e-02
6.571626338887910646e-02
7.355251110648220771e-03
1.597753674013980760e-02
-1.250186722202075405e-02
1.094410029956714816e-05
6.638181423380495882e-02
1.990568702623444694e-02
4.971571684779890060e-02
-2.080884720406176586e-02
-9.106300361001139210e-02
-5.505477238742034068e-02
-1.275371748046731472e-02
4.649968081473697390e-02
1.127004415631512740e-03
-5.197672718422251953e-02
-1.617881301956228257e-02
1.937432036759024340e-02
-2.462714863249118244e-02
2.772405711415565355e-02
7.058509648239957857e-02
-8.285295708776654888e-02
3.272092258602541520e-02
6.345093659053609170e-02
1.347796540991910534e-02
-3.715025828521761886e-02
2.199230550353670210e-02
4.225683666319608039e-02
