1.791258467506732233e-01
2.022989879062753460e-01
-1.371424980953984407e-01
-5.356020151018046904e-02
-1.184901388079564050e-01
-1.547589481221928881e-02
-1.265898608412562368e-02
3.785053067750797362e-02
-1.105820826625631137e-01
2.413011011392955998e-02
1.856755595897502040e-02
-1.181986719059142793e-01
1.443710262711274117e-01
1.246687642020684189e-01
-4.514883210362576754e-02
-2.647392769906643795e-02
1.864676187905430493e-01
-5.619108062964689454e-02
-1.221695926202440684e-02
8.937577622857641180e-02
4.588954933512133516e-02
2.864285866449611459e-02
-5.530404688375653577e-02
-1.405655012004769777e-01
-7.605520756973326024e-02
2.136830087465269989e-03
1.626739362432515490e-01
-4.669735124700468559e-02
-2.701303457289250948e-02
-3.130557952264974297e-02
7.163594351342027211e-02
6.046224658903429083e-02
-8.659657226531683460e-03
3.930977633988799042e-02
-1.409367829998998435e-02
-1.406303508045988332e-02
5.236378785971083916e-02
-9.230618796008811799e-02
-7.882216720214467454e-02
3.287495937784407768e-02
-1.162971726745654771e-02
-9.851876059951468478e-02
-1.093460854874996405e-02
7.240542520468616627e-02
-4.248005386486735507e-02
6.489961800234235467e-02
-2.285806018692421865e-02
1.070340124638209933e-01
4.542028049650339433e-02
-9.978935286808571226e-03
9.913373049674400941e-04
3.092901776045373780e-02
7.127735953858072016e-02
4.536271918455309082e-02
5.366479660094441301e-02
3.635215498426921932e-02
1.920439397195993492e-01
-2.373560295678675200e-02
-6.391122840665316995e-02
-1.547968472414848820e-03
-1.250894444262094507e-01
1.506461162611809068e-01
-7.258180187523732840e-02
-4.339180301932162032e-02
-7.788430976551147722e-04
-6.239500449569656410e-02
-2.376209994788149212e-03
4.734234890798075940e-02
1.537415673198658517e-01
-8.475201889013495027e-02
3.074719916508116338e-02
8.529209753625056900e-02
-3.427868445008182968e-02
-8.142859005232438996e-02
-1.727357637063577133e-03
6.086698974762689424e-02
7.997588765669392391e-03
2.969664853527120146e-02
-4.196303861442344380e-02
9.576721975409727139e-02
6.407257499912613619e-02
2.546250710011521007e-02
9.533319385717992089e-02
-2.067297188756049009e-01
-2.332091532843120346e-02
8.678898317864535902e-03
-6.417726726711904528e-02
-2.360234058348142927e-02
8.846953378376284927e-02
5.117064584261599852e-02
-1.692445097941439394e-02
-5.275495859865957093e-02
-6.474591601854706724e-02
2.742717153028398705e-02
1.559341447443409433e-02
-2.890523718267139566e-02
-8.610751166440196169e-02
-2.418796295756672418e-02
5.142029414379832575e-02
2.347076261547797679e-02
1.796091091102605328e-02
1.419516695866837597e-01
-6.448765133639750013e-02
-5.104486611594011986e-02
-3.027624592116136271e-02
1.819837966617950803e-02
6.565410200793969642e-02
4.019567635144054990e-02
2.836049402956600241e-02
-3.533645858724401845e-02
6.375367172610939270e-02
1.434063803117126105e-02
-2.490163252700348592e-02
4.625402872851741565e-02
-2.468657931932870947e-02
6.238842883653735599e-02
4.869929934068206734e-02
-7.762520288071098062e-02
-3.826214102694664582e-02
9.396305971375054633e-02
-1.204187828785929781e-02
-4.134742086900107527e-02
-6.012413461709433665e-02
-2.640813871506470997e-02
-2.945733341276762784e-03
-1.623151255215444459e-03
2.090774559423095799e-02
3.887707853176634171e-02
-5.978505087286485609e-02
-3.102907791386650543e-02
-9.048213898021550960e-02
-4.781025726539333415e-02
-7.257292635499287825e-02
3.544017908294738728e-02
8.792019090848697538e-02
-6.042706843215300654e-03
-1.086823650137451296e-02
-4.899429701537617865e-02
4.199753653070204679e-02
7.734662815771006783e-02
2.185023514544428419e-02
1.959390945877548251e-02
-3.677474636057966734e-02
1.197715825337606135e-02
-7.735048285445856632e-03
1.120265573861421553e-02
-9.197695150839261743e-03
5.316093266881892487e-02
-2.316015179933195861e-02
-4.240600481640455222e-02
8.298757194402067716e-02
-1.145957937500422241e-01
1.326300734689283937e-02
8.765858980814332513e-02
-9.420749283697901072e-03
-5.584431988433005700e-02
1.127055022924327611e-02
6.220120070875302144e-03
-1.949436758391713195e-02
-1.380729700626311465e-02
1.012191214376830795e-01
-7.514067266804897978e-04
-8.296343959883047472e-03
-2.223784271933136950e-02
-5.087668472503072831e-02
-3.523451967407147112e-02
8.230619760700622067e-03
-1.406799111913652894e-02
3.873092397941980958e-02
-7.602359257791363456e-02
9.823613682530735192e-03
3.579011428441004200e-02
-3.432818005202896514e-03
-7.178164457203167759e-02
-1.370827340995918464e-02
5.578293626804090716e-02
-2.675127151050060714e-03
4.160056755042574467e-02
1.185403470429158800e-02
-7.103490235234097283e-02
9.338164835291991317e-02
3.547108144175468991e-02
8.268664645836037996e-02
1.342526740531797824e-01
3.603966540836341798e-02
1.284563114853623685e-02
5.159074300338330199e-03
4.477379278468336665e-02
-3.788716649282355964e-02
-5.786508796801483057e-02
-5.026764263876756789e-02
9.584110684051182216e-02
1.479047142399843480e-02
2.248836561557428573e-02
-3.973000307029390249e-02
-1.137980010927411162e-01
-7.649244031520609222e-02
1.830258604802763658e-02
7.836397656762746078e-02
4.547366318760868997e-02
-1.727195675015320842e-02
5.352003492221289911e-03
-6.295983094278574665e-02
-4.610712915074891005e-02
-1.907912928459751245e-02
-6.078558762217325939e-02
6.881589272159042980e-02
-5.793447250948785369e-03
-2.444172509477476538e-02
-1.051724530735722168e-01
-3.210654663609667503e-02
-2.044595940224246469e-02
1.795112840331137063e-02
1.647792161237164599e-02
4.856759180304000972e-02
-3.291878630810224186e-03
-2.186967059123504434e-02
-7.447293553549771961e-02
-4.273997055990913507e-02
1.523823170260792809e-02
1.946621857993017721e-02
-4.207207146530961284e-02
-5.901906756184129715e-02
1.123993292364089541e-01
4.860519939064513600e-02
5.105736958606550691e-02
-1.844488590362566502e-02
-9.560781670620337874e-03
2.702570000506615555e-02
2.616383516147483684e-02
2.044317365501245511e-03
-4.986461627788647821e-02
-5.686736935834608986e-02
-8.309647522526823760e-02
-3.469538040783575611e-02
4.981418129605945377e-02
5.523155267095700149e-02
-2.783965647478324652e-03
-2.440152611439753982e-03
1.509285456809303372e-02
-1.636950421726885048e-03
-6.401971058657526976e-03
4.852807306326546721e-02
-1.040044475663667589e-01
6.149060841823313084e-02
1.862281740984008532e-02
-4.377769379549719536e-02
-4.087513953628556934e-02
8.241843730644787813e-02
2.812101694501416976e-02
