1.735766238875971201e-01
1.292175233910815013e-01
-1.113632457528575675e-01
-8.231940131302828423e-02
-1.307077324425083842e-01
1.415728596353776902e-02
-8.906223896728371683e-03
9.258564511882448611e-02
-1.497677761877423408e-01
1.077053508175434410e-01
-7.550313644919348643e-02
-5.355206714585919459e-02
1.060306904824977609e-01
9.167642094718785051e-02
-3.780818016988522767e-02
6.793876730982129075e-02
1.543221630232181618e-01
-3.642289570118910358e-02
-1.030814697778130035e-01
7.935158215943506621e-02
2.993470347643267804e-02
3.980834669138214738e-02
-7.070716976122959352e-02
-8.639332821836948062e-02
9.641105941652894362e-02
-4.316913307191168336e-02
2.067246927059893935e-01
-4.983514380012062789e-02
-4.860824612212859969e-02
-1.108977845718426697e-01
1.861304769091310166e-02
-2.485116077201360990e-02
-1.131871603069211224e-01
-2.534668611237513025e-02
-5.390283789193874714e-02
-2.415828522379034893e-02
6.882672658826152756e-02
-5.036493294958227507e-02
-1.360743182080930980e-01
1.601660423163455693e-01
8.112496759424202286e-02
-1.453012820221080414e-01
-5.924372580069838662e-02
2.391190577158396405e-02
-7.731285218742371679e-02
4.366315853736122549e-02
-5.107650693837477440e-02
-1.279983250709709232e-02
-3.341554651102706525e-02
-3.228817386608268808e-02
1.845776064169373648e-02
2.200149843093009237e-03
4.006732509284909038e-02
1.100643874096445540e-01
-3.918239889478637890e-03
9.763269086705227140e-02
1.285124488602408799e-01
-6.860394516800348563e-02
2.602159649220834106e-02
-7.235696550329015486e-02
-7.575601535935173880e-02
8.266753894537348657e-02
4.782601135970548228e-03
1.027530971637522113e-02
6.125532470207987329e-02
-4.205662585387261176e-02
-1.352410543681094035e-01
1.213305478234212066e-02
1.439559608871775198e-01
-2.357776697175049258e-02
1.604599511379846410e-02
-7.400226162061480928e-02
-2.992027134672416155e-02
-2.915276868899195628e-02
-1.972022202037626570e-02
9.972038342230107877e-02
6.198516383424481496e-02
1.255311974935471343e-02
-2.148444155294339589e-02
7.344480811166569090e-02
3.543414482866441562e-02
-3.182414589887255785e-02
9.686365500385449301e-02
-1.111714950780005179e-01
4.053928573181586441e-03
-1.948830802843200261e-02
-1.025389150263227855e-01
-1.964372839986576469e-02
5.932618559030317096e-02
-3.557326655938810450e-02
9.252661670840003905e-03
-1.811078957872451489e-02
-4.612938618983783434e-02
-9.308990306422904037e-03
-3.510397236470927385e-02
-1.581841409382210920e-02
-6.306074079889580075e-02
-1.262524706734370269e-02
-6.303887595573462455e-02
4.345854226881482735e-02
-2.288199166536408757e-02
9.933904855857092486e-02
-2.772608767272543434e-02
-2.989963973404616282e-02
4.261511260998330532e-03
8.347503826742491348e-03
3.569672292992009249e-02
4.282212867838885995e-02
1.056416562608861742e-01
-4.560353004570091330e-03
2.793483692991815745e-02
1.334658690834080765e-02
2.988180788787051304e-02
-6.384197564471093267e-02
-2.554306973418249069e-02
3.763749440490296583e-02
1.028092924771207145e-01
-2.020324840313802994e-02
7.160796130280558391e-02
9.097384620786717890e-02
7.528932094785364959e-02
1.613612093073110015e-02
-2.822634595169805707e-02
6.416118235653189839e-02
1.613532099744471784e-03
-1.552517188325503936e-02
1.492942156822027987e-02
-1.371212308966486548e-02
-3.461291331853006553e-02
-7.353673377849269388e-02
-8.662417563259856845e-02
1.571478940268173502e-02
5.138438126197195782e-02
9.391860061836963813e-02
2.001919708616242688e-02
-7.599786185626861146e-02
-3.720223070544907001e-02
-2.602929585008978766e-02
4.799386402763181070e-02
6.373865092855295067e-02
8.225464004738475277e-02
-3.503121176620189320e-02
4.180624673523430923e-02
9.032959993734536452e-02
5.496541594068597887e-03
1.177908430311703711e-02
-7.970468604426657680e-03
3.516233416406173290e-02
-1.471510610857646763e-02
4.232030386339706574e-02
4.094225212483199039e-02
-1.259931922969877161e-01
-4.161986227950675160e-03
3.328499073257841501e-02
7.607965503480140779e-03
-5.212931913491740225e-03
-1.214863681614981594e-01
2.703364542169896592e-02
-2.179464901529253387e-02
1.581441442739018807e-02
4.663861038772868645e-02
-1.442863000039006430e-02
1.493692094278013457e-02
4.729212255215111543e-02
-1.429150476982698481e-01
7.273396739505239017e-02
1.473623767955845563e-02
-6.708617174874993705e-02
-5.166459122608168392e-02
-1.908910798797260056e-02
3.038299942234391759e-02
-1.170766359286435354e-01
-4.289655580457620715e-02
-5.734855052303940853e-02
-8.402755885444131156e-02
8.153813313665955742e-02
5.259961324620421319e-03
3.007535841262192963e-02
-2.302581300414527701e-02
2.107867539342492616e-02
2.054018696947384690e-02
1.601813077098940621e-02
2.975518511474658720e-02
8.030363609244688117e-02
6.494258385511502210e-03
-1.156696199390006286e-01
7.073823383718418067e-02
6.799386271492099953e-02
2.017018449396747876e-02
-8.663637461521593586e-02
-1.069964099424853057e-02
1.161561793604439230e-01
4.120656341487482707e-03
-1.309447460091533663e-02
-3.068124121595089404e-02
-6.046695711779447729e-02
-1.095278988189094388e-01
-2.584984414951089701e-02
1.170529045744807956e-02
7.584417467362200571e-02
2.955930145124321257e-02
-1.169569125801146921e-03
-2.906490934970407461e-02
-9.731335083301689837e-02
3.009748990021189727e-04
-5.444432606571376204e-02
2.204166174801730840e-02
2.439949844018883540e-02
4.677933198502513823e-02
-4.186450854292597147e-03
1.848075872367728814e-02
3.675783443430895303e-02
-8.219147864831398767e-03
2.679859835771635640e-02
6.536278214434201872e-02
2.611275555630256096e-02
5.092001998922582318e-02
-1.624914483798649278e-02
-4.478496497985450658e-02
1.048759201224947271e-02
2.727525860474064312e-02
-5.005225902626678214e-02
-2.933165377015966094e-02
7.565669030962568486e-02
4.015691762092413880e-02
3.346807546349964135e-02
3.020151455799546455e-02
-2.244772788251817378e-02
2.245979354292113733e-02
7.902207630655190898e-03
6.426254057002751818e-02
-2.034923622790317521e-02
-7.769352044008187921e-03
-8.594396569474305192e-02
8.710806860975393168e-03
1.659158294566620215e-02
7.194926617166291782e-02
-5.248455617517925470e-02
-7.052941791888425738e-02
4.756623302495215783e-02
-4.696225006317836237e-02
3.749620618819532892e-03
3.193030371208648716e-02
-6.951756897271522961e-02
6.628713838731276065e-02
2.120403160551207616e-02
-3.933938580223931072e-03
-5.247132394540031386e-02
3.859178148500592292e-02
3.824184400276636059e-02
