-2.110420905517936263e-01
2.618454899927197821e-01
-1.396743726921867434e-01
1.089925954202951019e-01
2.137371376069659157e-02
1.100467186867546826e-01
-1.121118261591613208e-01
-2.943918105538590943e-02
-1.050172097401717852e-01
-7.840242460944436137e-03
1.213034176225750299e-01
-1.334066053443674037e-03
2.916279049507902732e-02
5.279739406773724386e-02
1.888623628956296874e-01
3.856816452361395281e-02
9.945483263598292253e-03
5.964123694572661533e-02
2.545067946137756065e-03
-3.126953416286554904e-02
2.862223723168101294e-02
-7.033442976885011244e-03
-1.010832211632482075e-01
-7.874330174635276207e-04
3.524983831069573859e-02
4.183136291098406984e-02
-3.576340831375732221e-02
-1.871032934138742825e-03
-1.553024281145611307e-01
-1.009580734849283290e-01
-1.285359560735120470e-03
-2.569130866273222971e-02
3.375469243985126239e-02
7.233850042325520868e-02
1.785061534224799407e-01
-6.192019529530592981e-02
2.151259216136488031e-02
-7.404233961138528830e-02
-6.642322326109663562e-04
7.148992811971291439e-02
8.999344272523057686e-02
-1.017735827555520389e-01
1.700703664966923476e-02
2.774026033496273386e-02
4.248565574010401864e-03
2.237445115892093203e-02
-5.550395170358470021e-02
-2.341986463881622765e-02
-1.188844878795036926e-02
-1.114602316560750067e-01
1.227089380818716406e-03
-1.560868895577850919e-02
3.019614689788728545e-02
8.587863214802711476e-02
2.154719221544185506e-02
2.383141059298548442e-02
4.600099390950395523e-02
2.030165858072228297e-03
4.012434721245995706e-02
-1.705872496342509537e-01
-2.060004562160722141e-02
8.395800466451053268e-02
6.500018076059421723e-02
-1.727847458624348284e-02
2.096360235960851356e-03
6.465626373739476185e-02
-8.911785300532611143e-02
1.740082147045248287e-02
-1.996829576947720467e-02
-9.482149943198524278e-02
8.378384308925042323e-02
3.693465259248732840e-02
-8.822545852075641681e-02
-1.522349779107202983e-01
-3.285690130321428787e-02
4.250116257579102802e-02
4.289720169427327368e-02
-3.074691281298225221e-03
-5.160845696767270285e-02
1.168798707286867154e-02
4.995178725109278295e-02
-1.450124813313515178e-02
1.159122305194066997e-02
-4.343546650394655012e-02
8.546145044961038148e-03
3.335919981778089766e-02
-1.538230281715838831e-02
1.064206125258723885e-02
7.626958573799071106e-02
6.321361567811623061e-02
6.204424998080204645e-02
2.553384938406011787e-02
1.692280789018866735e-02
2.994311905918815159e-02
6.270363205775760732e-04
7.227039330792501236e-03
3.754782156661352205e-02
-2.606196985408792618e-02
-2.973650925947284029e-02
-3.886006191960784950e-02
-2.575692238818323362e-02
5.415738454471934193e-02
-1.017590322885858073e-01
1.449873083403794283e-01
-8.343637383937374530e-02
-1.509443583220208482e-02
3.953652200943456874e-02
-2.861827513269490572e-02
-1.504845157474519468e-01
4.920499990426262238e-02
1.148848172650776024e-02
6.343351217184532709e-02
-3.448293306470334718e-02
3.583090062062414816e-02
-4.404897703833016154e-02
2.896806699232203856e-03
-1.357343384987067490e-02
-2.288317100632709933e-02
-2.256193358422054623e-02
4.438134932482871997e-02
4.516683544882493101e-02
6.378436286827046664e-02
1.593641602277610578e-02
1.276721501824886786e-02
-3.808188518512049120e-02
-1.964985914148151963e-02
1.472582400239092967e-02
4.657809412044625758e-02
-1.177395778966209942e-02
-1.783183635929486621e-03
-1.362537150261445007e-01
-1.107389930165000869e-01
5.274704808579305793e-02
5.320692481638770316e-02
6.009069608846985544e-03
3.467519733360688761e-04
-4.924263984463066179e-02
1.595212779461757310e-02
-1.663763923126600555e-02
-7.529081066431868655e-03
-4.448289518936064668e-02
-1.512531287947314765e-03
-2.601039425521701684e-02
-8.660089546837430527e-03
4.411592284878512044e-03
8.397019836570053172e-03
9.535269394432987003e-03
1.558579758732600573e-01
7.890786547837926046e-02
-2.431724590314429321e-02
9.087760560759637618e-02
-2.931007127807992718e-02
-3.245471410009843211e-02
5.541237939856953620e-02
4.192464301728635045e-02
5.560782017786711218e-02
-2.395724139182020540e-02
4.131892005677198498e-02
-1.144800000479795771e-01
-5.186804276331435926e-02
-4.943760243956784456e-02
-6.493518184360658196e-02
-2.065428539048603032e-02
9.179483152288071823e-02
4.963943039567923071e-02
-1.503022591940909036e-01
-2.150798109788966406e-02
-2.046475360364187826e-02
-4.681001353523663727e-02
-2.119176461156723271e-02
-9.192274583928572440e-03
-4.309370131036886070e-02
-1.902733141630193192e-02
7.781494096667639949e-03
-4.488901033543686581e-02
2.907740043072322075e-02
-1.056503941453829955e-02
7.309782303153281036e-02
5.358021602172555881e-03
3.278517364915541077e-02
-5.372688199626309696e-02
6.577828918303009476e-02
-3.514528671589849107e-02
4.627564251249798033e-02
1.915770496656038491e-02
2.358354031417344079e-02
4.388038289526605823e-02
8.781654258056934004e-02
7.557843855709478476e-02
-2.379141388684122629e-02
-1.943877490239396058e-02
4.869996890763662878e-02
-3.982691654029580502e-02
-1.743764166620270784e-02
-1.266553594521654669e-01
-5.293890248238768831e-02
-1.166119850187896656e-01
-5.425110867935627884e-02
-7.455782235188841700e-02
8.808603362367625755e-02
-3.747892886269126034e-02
-5.346446125048482517e-02
9.282753896119986733e-03
-2.931191570347001230e-02
4.930685317302622994e-02
-3.489143913258153928e-02
5.633875912875283692e-02
3.631554046988198087e-02
-5.676567529450614324e-02
3.003571604497559319e-02
-2.369099517115879142e-02
6.356907743801659683e-02
-5.874891077320841537e-02
-8.506858784152215858e-02
5.316781616691274026e-02
4.640099512697230810e-02
-8.386158220383993500e-03
-1.074057747763582371e-01
-7.197210873511730722e-02
2.711322401438515800e-02
7.405292797936539884e-02
-3.484997371733035421e-02
-2.393063384776693628e-02
3.877525250768967119e-02
-6.831642345594216015e-02
-1.978556103175577174e-02
5.841056118220495919e-02
7.022137332364302657e-04
1.797238840522452641e-02
5.804987355036601848e-02
2.609493041892926857e-02
-8.782385197007817890e-02
-9.782053511626422060e-02
7.563800666598939626e-02
4.681107237203464139e-02
7.137413919244645251e-03
9.731123461642043893e-02
-5.069334872598437076e-03
8.188456312182276764e-02
-1.501741399415314551e-02
3.751858400857809722e-02
-4.037173930691161094e-02
2.342440739023995966e-02
-5.448548732800010536e-02
2.050792682018017649e-02
-5.280644541455895707e-02
-2.106808564235428116e-02
-3.198684485948008471e-02
2.847143837802865868e-02
-1.910346519768157166e-04
