-1.801425437158926945e-01
1.664478803046447464e-01
-1.785859479316425913e-01
2.459679385456322448e-02
5.621054886235457744e-03
-1.929688877385940526e-02
1.449329718888694822e-02
-8.665477759761029686e-03
-7.716001487045015539e-02
-7.278996078679647597e-02
4.829157166004222762e-02
-5.648686802816225289e-02
2.376128695761877546e-02
8.076863576574634662e-02
8.920072567356245041e-02
4.095267477333989353e-02
5.231404911109542588e-02
1.422798756367472939e-01
5.511611145533174688e-02
-4.859834553362439580e-02
7.518294763692642824e-02
-6.028640391950714633e-02
-1.457659572669982029e-01
1.560243144843578844e-01
-1.121408161721910157e-01
2.114719237964650736e-02
8.638690715718520818e-02
-1.819423187043722441e-03
-1.902940147330632048e-01
-3.501868957797214799e-02
5.521373025519814987e-03
-5.285024844991208920e-02
2.104469427713666352e-02
9.805996741816395967e-02
1.349494929694227963e-01
-2.249925041684343319e-02
8.056530965760461127e-02
1.363627551451471534e-02
-3.878836020749946989e-02
1.485041302189033241e-01
1.097001496935453083e-02
-4.158783553892484580e-02
7.143122236208773734e-02
1.678748634723664646e-02
-4.599076760817592119e-02
-4.204504911951347651e-02
-1.589622768686631549e-01
-1.709982393571224391e-01
-7.747828294019236395e-02
-4.880406217259143642e-02
-1.898343451276540694e-03
1.081157844553244790e-01
4.064403432089411933e-02
5.229731539531825429e-02
-9.583038808609284365e-02
-3.369973875535587499e-02
3.073083045831200011e-02
2.377811891438876002e-02
7.607409168280512834e-02
-1.775937466511487428e-01
-4.176453833801210130e-02
3.103370743917894040e-02
9.562018510845364527e-02
-6.819824227634117830e-02
-2.199216315889937143e-02
1.587125810119099575e-02
-1.351582550791672610e-01
-1.238845117070080243e-02
-4.764121628756763649e-02
-3.968805121975359923e-02
9.686276993265044433e-02
7.459628517479741094e-02
4.189323403860752137e-03
-6.203754961654031619e-02
1.686719253941202853e-02
1.137251814104118519e-01
6.688135451457413727e-02
-2.480860143508516191e-02
-6.115672087490781755e-02
8.879217413141777746e-03
6.037884869375164526e-02
-5.934761299211028379e-02
-1.520623207378847715e-02
-8.085544805640244859e-02
-7.447531776563723338e-02
1.260179786011026738e-02
2.771640383459441845e-03
-3.612504689212391734e-02
6.815272394966746805e-02
1.908167550558634111e-04
3.579413848130540143e-02
-2.738506971280700933e-02
-3.033098961753078956e-02
2.991772250773072281e-02
9.798392888972056944e-03
9.636996036566301826e-02
5.534753448742026072e-02
-1.391668805502327411e-01
-1.721008635135470172e-02
-1.873223229412227311e-02
-2.890564379968944830e-02
-1.968078182680601043e-02
-2.592229407670089067e-02
9.492221560145849835e-02
5.310236758448821232e-02
-6.396864006542383324e-03
2.354214404963287603e-03
9.705129439787381698e-03
-1.229904531783422988e-01
2.010986573645025255e-02
-1.492421493039717932e-02
-3.242872953723622415e-02
3.457608115831622975e-02
3.284533684079220944e-02
2.630461527376236341e-02
3.520118859563583363e-02
6.121422460270566773e-02
-1.372073002134311347e-02
-5.937783847090153527e-03
-1.899977526457128849e-02
-8.154323324714182752e-02
3.238350593354098750e-02
5.837171971642472063e-02
4.966858290941567056e-02
3.239038280303845312e-03
-3.244624918095595500e-02
2.353755946996789750e-02
-1.042893632789442492e-02
1.649191194683605546e-02
-4.000635203649343524e-02
-4.355350681728133860e-02
-1.326614929936207887e-01
1.113761410310704601e-02
8.806659890543996894e-02
6.128246934571860566e-02
-4.178415378957867771e-02
-5.621257917620620798e-02
3.018621514111033757e-02
-1.239375618431313129e-02
1.283063387938783266e-02
4.941230490614344911e-02
-4.087359077411903407e-02
-3.707127138797755572e-02
-3.550625962534244978e-02
-3.148604171712413025e-02
6.564466414994660215e-02
-1.797656257734363966e-02
1.263598245091219208e-01
2.350834914810247256e-02
-2.854506660903900761e-02
6.401661441691805510e-02
-7.699117135078856200e-02
-7.362202924899219347e-02
7.729794522437073712e-02
6.965810342966026469e-02
2.231629294121324422e-02
1.533109637566388433e-02
3.202309247787857999e-02
-1.081953924065070377e-01
-4.220030263516816316e-02
-2.139132124680653141e-02
-6.775075455404180880e-02
-2.991323616905856506e-02
8.944583695065068396e-02
1.576368421405207124e-02
-1.314053509124147312e-01
-7.299852641455531477e-02
1.912663713330071957e-02
-2.045456063326130461e-02
-1.366774537921502247e-02
-3.809762778697547286e-02
-4.698814291429166679e-02
-1.870649315400318632e-02
8.908886192973700796e-03
4.422370687030575259e-02
4.131082868616741538e-02
2.556558103176807166e-04
1.063911638263529691e-01
2.800785211329652642e-03
2.698146296730100091e-02
-3.510609131458517287e-03
6.788072738754391544e-02
1.777192658929762845e-02
1.137703722671094819e-01
2.228361143760148114e-02
3.804873651954826237e-04
1.055732093201258437e-01
1.148580965396228809e-01
6.488162635870639572e-03
2.819876710934520695e-03
-2.668277760212774824e-02
3.133854923990230662e-02
1.532873859183618397e-02
-1.410835623201691855e-02
-2.114529305378530163e-02
-3.962877915408496987e-02
-7.498587620532763676e-02
2.636555743630894857e-02
-5.419074679695375096e-02
6.122535858189204205e-02
-6.133849945862415026e-02
-4.350389511590675717e-02
7.127685301536842988e-02
-1.890985200914252484e-02
6.669653046008036656e-02
1.068763760898955480e-02
5.662705792491772722e-02
1.962331084600576342e-02
-7.708643236682726418e-04
-4.282161142076536774e-03
-9.050081422555709965e-02
2.149457253026133483e-02
-1.473179357245857357e-02
-2.373043928587300136e-02
7.741030017316027911e-02
-2.008507625926176862e-02
-3.134699796528490207e-02
-2.802812250481524423e-02
4.179983960143242305e-02
-1.448943304316932697e-02
6.627697592673974236e-02
-4.761135102575007189e-02
-2.687588664701610203e-02
8.592821996170427190e-02
-6.535724375195015035e-02
-1.618903496596911518e-02
2.283677372117855642e-03
3.886259765107449166e-02
8.913673804023841685e-02
-1.772270785189434400e-02
-6.761600065888909335e-03
-1.869231370403936707e-02
-3.154551026477840636e-02
6.598389029815729390e-02
2.148864532369446773e-02
-2.316208239540628461e-02
4.017522830315261445e-02
-2.696050488883253160e-02
9.952198987332512570e-02
3.985113126783634829e-02
1.018310461685883843e-02
5.188846913019513202e-02
3.926348639577912497e-02
-6.017408171771521097e-02
-1.382650282361365390e-02
5.239454123121337764e-02
-8.154683541687858528e-02
3.665535177137132800e-03
-1.369937897890336409e-03
1.293693063362008448e-02
