-2.451960044044690368e-01
1.735774141041452612e-01
-2.451935077986401035e-01
6.495582743333347744e-03
-1.102057293027206009e-02
1.129882427325244881e-01
-9.161248855883631637e-03
1.509316272985829488e-01
5.502395957824787048e-02
5.720802734416465668e-02
-4.042670598621296574e-02
6.472351980206456079e-02
-3.297350538486001209e-02
7.961432492391307125e-02
8.546371826966744911e-02
-9.433409713533154675e-03
2.901875846262955486e-02
-2.890696600162221200e-02
-4.516104119525309740e-02
-6.999157385720426727e-02
-1.306254991999809822e-02
2.183280256300369759e-01
-8.827763961724539865e-02
-5.032263504627937888e-03
-1.304485175867733382e-01
-3.285446968471931323e-02
-1.329467261750189901e-02
-1.048716230711434355e-01
-2.709600210680933041e-01
-1.040559727001378471e-01
4.349272287792628651e-03
3.554799915121242132e-02
1.640310098601315686e-02
-9.435816934708968207e-02
6.621497979536046519e-02
-7.281921112569432301e-03
-5.924522687829208989e-02
-7.265905848511143572e-02
-5.518016696517513697e-02
5.473318205491088662e-02
-1.317110604011606234e-01
3.449347600027662109e-02
5.875129961398477957e-02
1.658658610329374547e-02
-9.561383878987381266e-04
-2.304194575271626202e-02
-5.787930608920983933e-02
-3.542221336864529672e-03
-5.881242022335272240e-02
-3.294370022638356404e-02
-3.281208903021556184e-02
7.433505155369019013e-02
-6.354062179585014125e-02
-4.201226644365427254e-02
-1.711377062302618657e-02
1.350259981407083212e-02
-1.595808870257671083e-02
-3.544918287605677149e-02
-1.255573893672164328e-02
-1.492155960698584583e-01
-9.293476497935325084e-03
6.560309561120888922e-02
1.915799764022769330e-02
-4.655689043198853877e-02
-5.072270842479476190e-03
9.418007813129138095e-02
-1.082082288835028716e-01
2.534544990859815411e-02
-7.521040470853125257e-03
-7.228216347182282731e-02
3.026924975999068304e-02
-1.508399926179722871e-02
-5.341922765382377952e-02
1.407755888978931558e-02
-1.040734489409404911e-01
4.011922277942795573e-02
2.085162106108001678e-02
-3.065314143405917929e-02
-1.006860171654707370e-01
9.556390667329484750e-03
3.002939066664656390e-02
-2.850303983633376004e-02
-4.006799612649324105e-02
2.111866541789490445e-02
-6.995566588447926781e-02
1.898480716920474334e-02
-2.977997666210523489e-02
3.603132354632025691e-02
-4.210491825997301346e-02
1.895515612219921334e-02
9.131083076565217616e-02
7.962483532623000626e-02
-7.879639370313783198e-02
1.161183699961416821e-01
-1.093806164874003631e-02
1.344443814494459925e-02
2.627779348538642964e-02
-1.161988778285517054e-01
6.854520688030035780e-02
2.728272356497929776e-02
3.417052000181096394e-02
2.255217949812386019e-02
-4.253948178568089239e-02
8.996956781191756125e-02
-3.050328343973392892e-02
-1.651085572648232358e-02
4.427480777056490291e-02
-3.509318537822529033e-02
-7.471049791915213012e-02
1.438898735022994813e-02
5.591349098841381232e-02
7.638652181002507369e-02
1.187383574687104620e-01
6.778913600395349015e-02
-1.006082833395373008e-02
-3.782148239255856553e-02
7.535788938620428812e-02
8.485994034888642498e-03
-5.429174515759984526e-02
8.250117181953163514e-02
9.164710199520555156e-02
1.121968495070421561e-02
-9.034245592696217575e-02
-9.324791948826821608e-03
-8.075721559227595769e-02
-8.782350393473031466e-03
5.012105724231246361e-03
5.650232009651533910e-02
5.200953920699947835e-04
-1.076902602297316047e-01
-5.618041205605196070e-02
-1.448339295508778712e-01
-1.846008843300706720e-02
6.827153573023579669e-02
4.173147534363307737e-02
-3.481482923944467789e-02
-7.057503988611768531e-03
-1.011202416459425907e-02
4.563311545298357613e-02
6.723482786533865191e-03
-3.843111654923466597e-02
-2.210020137620170855e-02
-3.887668363396643012e-02
2.989013554152079519e-02
2.798846163492280104e-02
3.500900969280729830e-02
6.839806124786334401e-03
1.073366668708465171e-01
-9.409676547011055006e-03
-1.692267239908201368e-02
6.255113368564373111e-02
-5.116698097317078087e-02
-9.399443545341787734e-03
2.183140014861829903e-02
2.749980498292104239e-02
-3.722846145244794458e-02
1.054161297202075992e-01
1.556957368438053636e-02
-1.154660777843141695e-01
-2.551219852013653783e-02
4.692207297348702233e-02
-1.257127337299065138e-02
4.745646991005864242e-03
-4.013386336916561353e-02
3.069885089633485678e-02
-4.408555888427180547e-02
-1.978868342383183210e-02
-4.288228734160139805e-02
-3.891897182158762097e-02
-8.224189468085126020e-02
1.973859719578194944e-04
-4.234983220956339486e-03
-1.864785784917930705e-02
-2.166163095224983223e-02
-3.975305392451556480e-02
7.481486220726098202e-02
-9.782749595820776703e-03
4.660173687002704818e-02
3.644970536758125601e-02
4.602440447765635684e-02
-1.578079886642721683e-02
6.558185905051573672e-02
-8.735426532806482569e-02
7.410440832630725561e-02
-1.812128977533055893e-02
4.103023732864051476e-02
8.890703086449379400e-02
9.592745563320154156e-02
2.798340677867653531e-02
3.831248153891835678e-02
1.888146001680396716e-02
2.395280619045790649e-02
-1.933719845861663414e-02
2.979714467996602469e-03
-9.979704055660011675e-02
-3.648327084594821940e-02
-8.434280389705814396e-02
4.488527412918398227e-03
-8.719614695889811584e-02
3.131643720491057020e-02
2.761597420970259009e-02
3.997744022617905069e-03
1.236528798095534514e-03
-2.796617711622737673e-02
9.426597986518370220e-02
4.436514791481980385e-02
5.786885733148127570e-02
2.079127100906667802e-02
2.504625789894878926e-02
2.911162603500758173e-02
-3.292912128123427762e-02
-9.685998414375491736e-03
7.386624445914328520e-03
-4.655716783263619957e-02
6.678232576441535395e-02
4.973056959728847787e-02
6.616433876601525432e-02
-3.890322162925932692e-02
3.400223027556335646e-03
-3.836229036632057832e-02
6.019581725323761012e-02
-5.324347893238350060e-02
-9.867665016299194056e-03
-4.873590334165905924e-02
2.135707586341235691e-03
2.227829259200000619e-02
1.745654535665249960e-02
-5.723746263511089727e-02
8.266283475252957091e-02
4.243764492569516295e-02
-3.658664882064318474e-02
5.817224117313974513e-02
-3.120973042244367269e-03
2.198054923017730977e-02
5.016180431522442723e-02
4.025311482536560875e-02
-1.282882446319670230e-02
2.695107567955360578e-02
5.033197420141730105e-02
-8.681438202312834543e-03
-3.016972457206879357e-02
4.621997193425728817e-02
3.464734089284586148e-04
-6.036897690196638133e-02
-8.446005190413614916e-02
3.142801390985861670e-02
-7.753714887422828717e-02
8.506490860521362732e-03
3.483258288089496890e-02
1.231384557196134148e-02
