-2.178783139565944049e-01
1.852077139350469526e-01
-7.501929779686931921e-02
6.125230939821419557e-02
-1.519192739782057253e-02
2.208087104039699322e-01
4.297894698281541637e-02
-5.554744787241878805e-03
-1.131654714490242519e-01
-2.112715819823846597e-01
8.001363985157054770e-02
7.687934133442139717e-02
5.876467578292567800e-02
8.910445993472600190e-02
1.099152348744660279e-01
-1.874261017986643537e-03
7.870960261869407171e-02
1.258979520069814506e-01
5.140328278365408066e-02
-3.453652909962853790e-02
2.030149840866232042e-02
-8.049469415215967580e-03
1.824854387099928907e-02
5.618528446348587668e-02
-9.790203118826969197e-02
2.181479142588998305e-02
1.237856811482036280e-02
-9.514096812382556723e-02
-1.353253470072575126e-01
-7.638850143632619494e-02
1.081126285396670633e-01
4.908505346142384707e-02
4.995136248122002826e-02
1.638097676898782606e-01
1.720806185211377348e-01
-3.420849885279403368e-02
4.432194933039909635e-02
3.131816662709195620e-02
2.613502635963741230e-02
4.460672439985161053e-02
5.693764090942494277e-02
-1.474742726762556799e-02
-2.540667299163900869e-02
2.245198982581537300e-02
1.409438045434792570e-02
4.751045863952942788e-02
-6.137221842272719968e-02
-7.962427234500583928e-02
-3.239011501476968952e-02
5.821721414853619526e-03
-4.742919563415278622e-02
6.751225539703609169e-02
8.886811648191592951e-04
7.147836515726611883e-02
6.695823457591244809e-02
3.154401538112738650e-03
7.942682309677613628e-02
5.037455411829489275e-04
-6.528340828970747613e-03
-1.592993872509672615e-01
1.627780962542545520e-02
8.709777425483632152e-02
6.148833375545342816e-02
-8.077255548424375209e-02
-3.686426037885744134e-02
7.655297747556800980e-02
-1.067562596331710773e-01
4.182651560115644568e-02
-2.904858165188473756e-02
-2.532824639133659725e-02
1.184533814289081000e-01
-5.285215395063332967e-03
-8.330805343515988379e-03
-1.089652519049801038e-01
-1.811686376542824203e-02
1.002717058075337370e-01
-3.046752874533088101e-02
5.236996508801452198e-03
-8.040839652777626023e-02
5.347084480744938167e-02
7.260970077618551788e-02
-2.345274444612997777e-02
-6.457288881861329016e-03
-1.781414843388122102e-02
-3.391595912445081323e-02
7.692071739344169545e-02
4.609725526635859334e-03
-4.439683042435871806e-04
1.867152277769358951e-02
7.261367174328943463e-02
5.292731868510038018e-02
-5.797966522356957052e-03
1.754720726133291234e-02
4.032814916563190466e-02
9.628531575102298535e-04
-8.955878111749053169e-03
1.271056932875878551e-02
-8.172140389169998964e-02
-1.278392585499101702e-02
3.993094609004966405e-02
-3.785249936178201186e-02
1.311759700241689197e-01
-7.517246367087765391e-02
5.019408784544712038e-02
-8.772759800156872123e-02
-5.682843931406715565e-03
2.194491150867020415e-02
-4.000579172894586089e-02
-8.640193318000127798e-02
5.276174353889230215e-03
-2.959834786539704277e-02
1.419794469462068789e-02
6.006272111008283815e-02
4.104607874498252679e-02
8.524992725910342586e-03
3.794046337414651911e-04
4.777878255955142484e-02
-4.156950184636792889e-02
1.892197734574794718e-02
-1.470225751681848193e-02
-1.168106065200419201e-02
5.462926809482765433e-02
-3.728372923427237390e-02
3.434882999384147872e-02
-4.607637223399958792e-02
-2.448221766782114270e-02
3.507044689978859597e-02
-2.093479675161064382e-02
5.243860609081084367e-02
-9.610527493893633588e-02
-1.118897273567632106e-01
-9.796187933533589964e-02
8.190023923163007591e-02
3.743700147347099345e-04
3.191636445724670840e-02
-1.316701781532897755e-02
-6.491339924777439485e-02
3.011145354332494389e-02
3.747118015461543827e-02
-3.843374967161824335e-02
3.260068263646771769e-02
5.248200308844652717e-03
-9.630871609288535473e-03
-2.376910997709671958e-02
6.793544703411096009e-02
1.457522202455648107e-03
-2.595204277728625775e-02
9.204687564860361548e-02
-3.160308351679819161e-02
2.792993894567251736e-02
8.701672397984025475e-02
-7.304462803925500236e-02
-7.207695299311858705e-02
4.622237618519549340e-02
5.302357918230700407e-02
4.762107843742433011e-02
-7.243327638056851203e-03
3.566541831917140887e-02
-1.450697102745786282e-02
-2.140319359455602338e-02
3.943535521345511996e-02
-1.166302820674478546e-01
1.732759859846078401e-03
5.083025804853310431e-02
1.088421873798220141e-01
-9.802995305711738327e-02
-3.771677737898018051e-02
-1.064680099675026402e-03
-6.227171338189185779e-02
3.069203020695605334e-03
-4.865182804139890627e-02
-3.195306044789453237e-02
-1.513807115647366162e-02
1.425903376890687822e-02
-2.061580754595023976e-02
6.371700358746490087e-03
4.981432866107138313e-02
4.317058160064296546e-02
4.357111745218743282e-02
6.350420229677090911e-02
-1.045188324004929364e-01
1.098377301058127420e-01
3.321930258315691081e-02
6.974631439868859972e-02
5.967973551493516333e-03
1.846879072501311780e-02
8.272531401265967310e-02
1.192887381783317574e-01
6.862628894500269472e-02
2.313659164554380046e-02
-5.819228923894641248e-02
8.206666529936042231e-02
4.418814192102236971e-02
-1.870091502527527691e-02
-8.507041827296821235e-02
-7.474122373440465761e-02
-1.939735883618861484e-02
3.296895438029283365e-02
-5.655075525730019620e-02
4.251338654494426356e-02
-1.517845447371798766e-02
2.238731979012296633e-02
-2.031061035996327771e-02
-1.049687926104558439e-01
2.071667720140248775e-02
1.326604380748297451e-02
5.781965652231966374e-02
-3.811419318494299645e-04
-1.910052904517062222e-02
-6.251720424106632298e-03
-4.559099241567227123e-02
-1.616750892310140296e-04
-4.057810736279827968e-02
-3.051851312654013659e-02
7.924855503786089328e-02
5.337465522036961146e-02
-3.803059014538012067e-02
-2.222748836419020241e-02
-7.277921143443408236e-02
-3.711329674437468390e-02
9.760069860419637311e-02
1.235080680015635327e-02
-3.914692827246953055e-02
8.334935858405333187e-02
-5.471602663503561011e-03
-1.372578961495195607e-02
5.500924000958396648e-02
-6.530184492268996908e-03
-3.519567418381577134e-02
4.073407418681741082e-02
3.662274048678689636e-02
-7.947383651088146816e-02
-3.898181404208601875e-02
9.528566023767462423e-02
5.842625720250681914e-02
1.070902463306614739e-02
7.627242155866338635e-02
-7.277541774264729806e-03
3.832415807056274715e-02
3.733340177813480182e-02
4.486519181224066580e-03
-2.936558537399317978e-02
3.417325651974675166e-02
-1.182788361516527720e-01
-9.671077651215722552e-04
-1.351220831286256349e-02
-5.572887143197911841e-02
-3.980734973894016482e-02
7.095799119133550104e-02
-1.623302988031607649e-02
