-1.836697969766276084e-01
8.599488652501895147e-02
-1.373800203699281630e-01
-1.245284479912836181e-02
1.284482812153531564e-02
1.313987872123748568e-01
1.781323004407721344e-01
2.024291256064248146e-01
-9.488406586762565542e-02
3.224397377445897134e-02
-5.373454905304755197e-02
1.480595160063173481e-02
-6.478568875224580831e-03
1.793922696531380714e-02
3.492637780334342541e-03
2.889733141249462012e-02
-1.214067443519573908e-01
-1.038313878057320339e-02
-6.365425088194591463e-02
7.669469795573918836e-02
-1.029579710139955917e-01
1.021577471599394187e-04
-8.932026672904416764e-02
4.406094161645629330e-03
1.072341139899732065e-01
2.974653987081789588e-02
2.033517754750586992e-02
-7.714950935753223105e-02
-5.150862474218839693e-02
-1.613929123112819303e-02
-7.567549872217306517e-02
6.266511683665096366e-02
-2.184028275774761718e-02
1.252882417987744024e-01
1.525518301706910718e-01
8.010945731450686003e-02
3.971352249166103243e-02
-6.253335535039047932e-02
-7.525128495000196760e-02
1.788835751866512669e-01
-3.787024603152604890e-02
-9.030049125573691438e-02
-1.036588058159156334e-01
8.136449257035605065e-02
-2.805987215997744061e-02
9.882551621053480007e-02
-3.772080749242134184e-02
1.114481388083657376e-02
-1.815685349340192059e-02
3.918910325728266336e-02
2.349117040981906629e-02
4.009159134676892194e-02
7.050414435516914879e-02
5.574316630062902539e-02
3.432855265474450690e-02
8.238702843638676110e-02
6.715569169261231819e-02
3.682179801975984240e-02
3.935501198216993096e-02
-5.629672782493731764e-02
-7.370159665065914058e-03
-7.352507459484733388e-02
4.201072295133782830e-02
-6.277621959850315791e-02
-3.614872116025783649e-02
-1.774030687668132211e-02
-1.755565266663937363e-01
1.064585599185008252e-01
1.566542552819707168e-01
-3.482304868521188257e-02
2.276790207898830506e-02
-5.929540201615500494e-02
-6.250719473202464259e-03
-3.678033858658305566e-02
-3.199738243689118078e-02
-1.843972183499940562e-02
-1.784690163509733765e-02
1.105149466009874154e-02
3.575151991261373702e-02
-6.076909318670372512e-02
6.042513607413255855e-02
-6.647693545870253518e-02
6.669573335776225222e-03
-1.228802225459658254e-01
6.110470871811346516e-02
-7.137053292107596592e-02
-6.060261652437567981e-02
-4.254532956356014972e-02
-4.636754853999596609e-02
-8.675929482421604333e-02
-1.694895704513730075e-02
1.629022060601494027e-03
4.632552116937839470e-02
1.202593332411356318e-02
-1.369084193175421592e-02
5.320196571795799551e-02
1.281596980032578478e-02
1.150270320875182301e-01
2.545428166995820571e-02
-1.170106955837955237e-01
-1.964580798267154260e-02
1.242529983325062898e-02
-6.245856508865802945e-03
2.807960798604447472e-02
1.438337064860286665e-03
-4.442477653945468841e-02
9.110334182045669305e-02
5.544148503130576916e-02
-1.577978683111572883e-02
6.931853945145506624e-02
-4.118256367441337600e-03
4.906084986852534552e-02
2.093048247371133777e-02
1.379512944431707244e-02
3.757825519478606713e-02
9.558280640023281496e-03
3.965268219331769201e-04
-3.001414489369447214e-02
4.670745909830158193e-02
3.646392643988961846e-02
8.177617622273999909e-02
-6.222180616803370257e-02
1.069981714794200067e-01
9.719042431853498754e-02
-7.151230430473017041e-02
1.080491042174896166e-01
-5.537986381898136329e-02
3.023549851123769408e-02
1.308992862332106384e-02
1.188302606557780326e-02
-3.858726705050825184e-02
-5.688379765825150869e-02
6.275225973772034782e-02
1.914605853087697138e-02
4.535072754446307919e-02
6.434088724784649271e-02
-6.027413570706571973e-03
-3.228987021889184045e-02
1.215400321700899761e-02
-7.973983652883055370e-03
-9.263854771505967978e-02
-2.890773176687886845e-02
-1.218524332586079090e-01
1.003075489622449468e-01
-4.520388021993192867e-02
-4.452984496599861168e-03
8.447465998041647078e-03
1.262027275666970927e-01
4.345704663645905130e-02
5.394454392177520929e-02
3.313851073977434197e-02
1.421408979516097966e-02
-7.165059707155961577e-02
1.049647069688044998e-01
-2.798504640215494083e-02
-6.364179175433884450e-02
4.927524625241903183e-02
4.888709650773733623e-02
-1.394933510831530832e-01
-9.070340737387884433e-02
1.733696480545880714e-02
5.046106413267340690e-02
3.793829203614926260e-02
3.959936706606466406e-02
-1.008557505769558903e-02
-4.424300106231567747e-02
-5.963726485941329980e-02
-1.322129965259102001e-02
-5.376635354973111763e-02
-3.418514845094806909e-02
2.010757661811409316e-02
-4.230757675241446358e-02
-2.875002263879283121e-02
-4.658009912720712659e-03
3.495260941388936282e-02
-2.729482493115944694e-02
-4.230331722160862729e-02
7.581801552371827957e-02
1.322534620685656206e-02
3.744163074418891627e-03
6.515413816695052145e-03
-3.421368730734715424e-02
7.165634743814748575e-02
3.280530894248791240e-02
9.987261537087917251e-02
-1.834469880193923680e-02
8.011059318938841545e-02
3.043789721669494432e-03
7.330723509021892792e-02
3.986065378491258221e-02
-5.526844159231873027e-02
3.677057716181968139e-02
2.428280421008347303e-02
-2.375160522250581441e-02
3.926027291783015793e-02
1.320376458410699866e-02
-9.284460251779193263e-02
1.909753537578050275e-02
-3.832179179303459027e-02
-2.851755874506439140e-03
-3.644507801607380082e-02
-2.182604882563812104e-02
3.229675646036127973e-02
3.311171119178762945e-02
8.922818987145803016e-02
-9.221539882559003087e-02
3.440430131090826960e-02
2.435745248745572675e-02
3.663093554356839504e-02
4.414535131859191608e-02
-3.049856003458804171e-02
7.353416159389979112e-02
-1.160793136770097008e-03
8.060881630931089614e-02
1.226933001357697652e-02
-2.194744545360441390e-02
-3.699998839180393406e-02
4.766127453399815472e-02
2.277283603550506186e-02
3.200703737338440880e-02
-4.454677660095180541e-02
-4.813340802773490197e-03
-7.933468415701554199e-02
3.685874944950046084e-02
3.929711785930063012e-02
-3.901559836912498608e-02
-6.171392811161799385e-02
-1.668344629157359274e-02
3.306712810268656183e-02
3.130932622738866015e-03
-5.225280027005779759e-02
-1.529171559294715101e-03
-7.172119879466631875e-02
-1.613755192271580999e-02
3.766731488471806305e-02
-6.964268974577909888e-02
3.051009626385384546e-02
-9.408075385373525223e-02
-1.918517522211055440e-02
1.265572625141027641e-01
-2.428276871399342313e-02
4.160372478284030118e-02
-4.234126254187061539e-02
-1.402714963691990280e-01
5.491777571872837743e-02
-2.259063460528547979e-02
7.382299327862542823e-03
-3.624452510729907900e-02
-3.893459629163403390e-03
1.005323102044328315e-01
