-2.396623110870885198e-01
1.563937564715484063e-02
-6.500928641838887856e-02
3.820816966407303283e-02
-4.113146564006447264e-03
1.217615931963425130e-01
2.602307483588618409e-01
7.693793792061318082e-02
-2.601823206430178836e-02
1.013192194350610587e-01
-2.589685627016114974e-02
2.346140732890788366e-02
5.776589923116191849e-02
-5.583849056431370445e-02
-4.647063032670360055e-02
9.512458257367671340e-04
-8.562824284868600366e-02
1.922374780674112119e-02
-1.333222229056377217e-01
4.111271477465949786e-02
-1.216115141543896577e-01
1.707057150854575378e-02
-1.681864281402301320e-01
2.762810203738813933e-02
7.938532250888384600e-02
7.130016570239990081e-04
1.603051148763121395e-02
-1.915462562617422371e-01
-8.282837805015844101e-02
3.025769455429594759e-02
-1.000803641814972944e-01
5.000978405317865749e-02
-5.876485158561171873e-03
-9.402707999778116277e-02
1.079104010404039748e-01
2.340126032218578511e-02
6.419297470485481327e-02
-2.623776142696613439e-02
-8.048242843185735018e-02
1.137834966194496422e-01
1.293856590106469244e-02
-1.438659787602787621e-01
7.709609425843280683e-02
4.737467445471901101e-02
-2.360434661826423322e-02
1.744753602189875671e-02
3.194411854133374917e-02
6.468118233315844900e-02
-6.403553955416615984e-02
4.391203868283883455e-02
1.193618069587152331e-01
2.309259223013473625e-02
4.580659727587180902e-02
6.349796666674827061e-02
-3.550591754372096898e-02
1.702827388331492608e-01
3.628631413813322021e-02
-3.055056864817896987e-03
3.718988949451350334e-02
-3.895643737180099625e-02
-5.629536261177711665e-02
-4.167365412512050171e-02
9.522764021469094786e-02
-8.450470541736279650e-02
-4.101416455321376525e-02
-2.016338251966942954e-02
-1.391649204471133994e-01
1.213960594990152464e-01
1.779985396505118223e-01
-6.086447973933328121e-02
-6.380739200528682924e-03
-8.800751131243744751e-02
-3.615415659638472612e-02
-4.806805982178088271e-02
2.993683839973166564e-03
6.786828856165520729e-02
2.845314011520683542e-02
-4.215075547160735542e-02
1.978403808878425804e-02
-2.787983240544986835e-02
4.958691597894002850e-02
-4.238250895614147779e-02
6.904825888597605765e-02
-6.885772124597631938e-02
6.960973912678528053e-02
-2.033426781035049813e-02
-2.548394057832977302e-02
-1.545871827084926292e-02
-3.470294779210966046e-02
-6.247809988550061949e-02
1.994540370933664888e-02
-1.242533307931672527e-02
1.491151753523305666e-02
8.840888801017346074e-03
1.923370018914837692e-02
1.271168042966454997e-02
5.002799402823540631e-02
1.099363238693413895e-02
8.988660044151131415e-03
-5.681833145979305055e-02
-6.243641526933111155e-03
7.174477756863699429e-02
-1.448886942306937264e-01
7.772702481995350139e-03
5.288357053262966560e-03
1.086046518320230025e-02
5.102070811400240269e-02
-7.533228689224295838e-02
-6.471785469876778496e-02
5.681360768408526274e-02
4.137811163885292409e-03
-7.330218117794597317e-03
-3.210079644553489459e-02
2.164095071358109607e-02
6.796593729918723459e-02
2.922372856463802474e-02
-4.604210093348692912e-02
-2.983947813705201124e-02
6.265309594282816863e-02
-7.106361632344489546e-03
6.746009664553161145e-02
-6.610970980216480941e-02
6.711136660835570478e-02
1.117707354556522759e-01
-1.131941424960287990e-01
1.130658793647874999e-01
-2.636829629766996447e-02
-6.926966333518089561e-03
3.003434289983751559e-02
-4.731708766231182070e-03
5.457980266464852043e-02
-2.325875374510801008e-02
2.489242289351605714e-02
-6.387878953125191231e-03
3.298284436605600917e-02
-7.592153283759415193e-03
-6.574334673963692921e-02
1.766609178193630572e-02
-2.051607908606561254e-02
-1.384690109250931618e-02
-1.281367431966062564e-01
2.970786148565174051e-03
-1.419282571174578234e-01
4.644268432537888153e-02
4.521580077818904836e-02
5.797749553538569800e-02
-4.885043968080327037e-02
1.614908546976806802e-01
-3.433972189360145338e-02
1.019169393292010395e-01
6.765676437614451255e-02
-1.565960494617828214e-02
-7.683390667697213849e-02
3.622696043725517900e-02
1.492291229190223327e-02
-2.481756366932236918e-02
-1.652203657673727418e-03
4.802929601349176236e-02
-1.035697559959360831e-01
-1.027381551152256427e-02
2.439126995621167596e-02
2.835239027301167218e-03
-2.146970482933454813e-02
-6.024847775142345291e-02
-2.319741677961982898e-02
-2.006342598331831931e-03
-1.101358402891215865e-01
2.911288210260941020e-02
-3.889412680368602160e-02
-2.166994243624570382e-02
4.146746672437891940e-02
-3.384278790101319552e-03
8.689583740941855469e-03
3.816320364645765795e-02
4.163737841243318749e-02
-6.892262808776275507e-02
-3.370832256044562630e-02
-8.719152413311230705e-04
3.518149151285843157e-02
4.493738648628178151e-02
3.830333030600326094e-02
-1.893224396840692894e-02
-3.181571117266624588e-02
2.393007078596250115e-03
6.522571467639010079e-02
-9.104086044461345145e-03
9.155769920201621559e-02
-2.152682285010661459e-02
-5.589452680438933459e-03
6.612600863132452045e-02
-4.310030650758635978e-02
8.452385293568978608e-02
1.460746504082015285e-02
3.390589177497222578e-02
4.250128847661065190e-02
-4.148080868630168311e-02
-9.324441166390640134e-02
2.775301164847047974e-02
-8.141521186704153701e-02
-1.547407955673871759e-02
1.236771022755298911e-02
1.499852876258343098e-03
2.600795514768559913e-02
5.174975618469027094e-02
-2.998551853107149154e-02
-6.835685678352432237e-02
1.919947985978430818e-02
-2.633097486364276499e-02
4.055714826832415576e-02
2.561544905166040706e-02
-5.140686776327514640e-02
9.606728233191159927e-02
-5.495597387215746255e-02
5.361297919688301494e-02
-3.933282493544923430e-03
-1.472422523732264295e-02
-1.818678889048971556e-02
-1.089172864532943511e-03
3.832402837666182976e-02
2.936533365780209792e-02
-1.115225749638888014e-02
-2.060489328124338534e-02
-8.841811920544975778e-02
7.412469510080631034e-03
-2.817811540281509042e-02
-5.752632086625687757e-02
-4.478384574610031615e-02
-4.061296815226049517e-02
-3.725090192579275095e-02
1.018316228916084192e-02
-3.705672229078166985e-02
-1.426399966970026472e-03
-3.150469922243957777e-02
2.938963766411546372e-02
1.390178343317540269e-02
-1.651518529899315135e-02
-7.991258242032900014e-03
-7.524195820409015911e-02
1.826128752111792070e-02
4.005967338538767714e-02
-1.131827477393596362e-02
8.448270920986850063e-02
-1.045721339892579401e-06
-5.958949301050838615e-02
3.479183410600052845e-02
-9.866020248321005770e-03
-2.892667158539543454e-02
-4.350020477170390455e-03
3.771087507791929822e-03
1.253291977551339864e-01
