-2.829493107190843015e-01
5.234935149857122133e-02
-1.376954513214704579e-01
-9.554539337937283106e-02
1.089605853230458665e-01
1.358412255759908760e-01
2.260603264878392055e-02
1.428289643069102777e-01
-3.063581896566626092e-02
1.024939043191832877e-01
-8.701467224211843765e-02
6.465595113451264205e-03
-1.043483336691149871e-01
-3.367441180914238635e-02
-1.108476931875432281e-02
9.527945203082548165e-02
-9.516981103335751813e-02
7.644590447319322968e-02
1.187543327449668007e-02
9.573040195820146231e-03
-6.416987943914553849e-02
-1.737003875577576226e-02
-4.274071445770499800e-02
1.792958790450634166e-01
-3.141379157722631876e-02
8.436954500236903964e-02
6.159788013178345983e-02
-5.913046564466164709e-03
-9.729903852550388088e-02
2.016337985644773567e-01
8.046112000535025899e-02
2.788671771903297042e-02
4.155023922614476013e-03
-8.138456799795183716e-02
1.133485666729638353e-01
8.973085743565860362e-03
-1.761358361458962088e-02
7.866074763745709020e-02
-1.129441742969732182e-01
-1.180905822310474756e-04
-5.287200412716966391e-02
-9.544976715502594827e-03
8.879444662627188067e-02
1.303662339902662663e-02
-6.295884015792094224e-02
-5.606190901264816034e-02
-7.819965142155034521e-02
1.422479111346280391e-02
-2.293058832568978800e-01
-8.347202264333772326e-02
-9.997670854351752012e-02
1.486932476050931429e-01
8.666956269577080763e-02
-7.380603701512365722e-02
-3.373708804632075814e-02
1.056966023510701458e-01
6.674968358383897085e-03
2.337073703688066426e-02
1.680306822476532180e-02
4.640383002399152586e-03
1.079890866797434019e-02
-1.277231088609627474e-02
1.053949284211753157e-01
-4.157317866108389826e-02
-9.125042532999949607e-03
7.356310296966617202e-02
8.469334394939451172e-03
-2.865294914052062686e-02
-4.781161907411716344e-02
-5.688168840504403967e-02
6.701470871235175319e-02
8.639367866314481836e-02
-7.464862010615724852e-02
-2.096101047786021881e-02
-4.901851839814861528e-02
-7.732184476029956358e-03
-7.449819035011408588e-03
4.349737646994289095e-03
-1.319002917347832371e-01
1.388904737191280943e-02
4.246157275384505186e-02
-9.301428463281202763e-02
-2.792662419164897852e-02
2.607290745729971652e-03
-3.808258393389583191e-02
-4.439998894027727405e-02
6.135660885601830483e-02
4.571225356828211017e-03
-3.648279588541867430e-02
-1.196474097401267894e-01
-1.615699736410529039e-02
-8.604459882998080969e-03
6.557909372043603524e-02
2.032135315744204584e-02
-6.472113849326720236e-02
9.029277178944132565e-02
7.535875850108515739e-03
-6.140218231921839437e-02
-4.515149297306140369e-02
-9.225996407177352362e-04
3.026234053232289625e-02
2.341162759768192908e-02
5.078234376688578813e-03
-2.857249144785688720e-03
-3.174471668007607800e-02
3.120781173982905762e-03
-3.110356626034233712e-02
-5.147663494862349948e-02
6.058606780696072086e-02
-6.134805746902916371e-03
2.432374160911535826e-02
-7.669956168646249739e-02
-1.400470148753345800e-01
-5.659820313953881077e-02
8.241358489897893103e-02
-8.397801364093748777e-02
-6.183596160446536844e-02
-5.556898263405959937e-02
-5.632812183379833082e-02
1.186810351422027190e-02
-4.007576971794900300e-02
4.531627684297920983e-02
9.179846064696253315e-04
1.024625152994810828e-01
-5.602675331058167701e-02
5.576054048943151348e-02
-2.634536414831497100e-02
6.505464258584384152e-02
3.665416296595510465e-02
8.214693093484916331e-03
-2.045620717289784243e-02
-1.225956361409358819e-01
1.020289056846108641e-02
5.880273034489513773e-02
-6.865711795947321977e-03
-7.178305711290990099e-02
1.458069169577292691e-02
-5.513147060052371595e-02
-6.491775252586681755e-02
4.931931004208424396e-02
-2.954731563054404514e-02
-2.169385076919979130e-02
4.017794521883914435e-03
1.053422288021509459e-02
8.000670880228820045e-03
-6.694175045034119788e-03
4.334199233889807906e-02
4.398097097780917508e-02
7.605403377100813933e-02
4.184689091288723573e-02
4.271689273680666366e-02
-3.440647161674881965e-02
-5.544573407237478324e-02
1.075839138200196214e-02
2.198945049960630144e-02
1.413459773458007329e-01
-8.494849426197935427e-02
8.963753872843578316e-03
-7.745120145554804103e-02
-7.651445130540780737e-02
-8.171993846467294487e-02
-6.661903739372704303e-02
-6.060344205354184499e-02
2.118273572622161871e-02
3.232037433437708052e-02
-7.723134258133111663e-02
-3.582844511037232976e-02
-6.219420363797489859e-02
-7.111567565292771509e-02
6.865521765125341680e-02
-5.086059574465153638e-02
-5.662239813526603882e-02
3.778399800485818943e-02
-7.766882068079164481e-02
5.794491085402771191e-02
4.379324767295223603e-02
5.064613238841583764e-02
4.426292920992348084e-02
7.385822762301773314e-02
4.738958097894258731e-02
-4.829684241760041907e-02
4.652256535365429518e-02
5.114611705467797705e-03
6.195242335107943588e-02
6.303166268363008529e-02
3.880836593756181729e-03
2.704226825385492097e-02
6.833433703470835618e-02
3.482077274274273954e-03
1.213268749975345354e-02
-3.866017583049199957e-02
7.651781077886782301e-02
5.433778651207486765e-02
3.293838171471956400e-02
-2.407161142923699981e-02
-3.035861150410147993e-02
-4.794966289265621684e-02
-1.695573762978183630e-02
6.090755923686214102e-02
7.011984627759658417e-02
-1.651316941901824140e-02
-2.131090472883272885e-02
-5.726823145739859400e-02
9.710065992098585938e-03
4.442021364918810611e-02
6.713035604115732968e-02
-1.409360197814520967e-02
-1.908004468100189810e-02
6.343517277366150786e-02
4.547647961272426043e-02
1.031690906164968446e-02
-3.378218643246588826e-02
2.933824779228959290e-02
-7.255478585460486962e-02
5.308307407586999177e-02
-4.678463821761129349e-02
2.294384636893050024e-03
1.870948457813895183e-02
-3.680493206275181617e-02
6.015215278541233279e-02
4.393451522864989106e-02
2.406910030766082342e-02
-3.063965351618123251e-02
6.188377471663880636e-02
-3.581303904016172601e-02
4.674982185629834863e-02
5.675911852486629355e-02
-2.358343582119796361e-02
-3.182015212958746314e-02
1.986327707424178496e-02
-3.323642469855154352e-02
1.061932954120229852e-02
-5.406207214982566150e-02
-8.848445884791538568e-03
-1.599007564744019724e-03
1.698892515547780618e-02
-5.298283281727501209e-02
-6.638730159313628587e-02
8.666033262727458608e-02
4.223027809623389889e-02
-9.184189626341533047e-03
-2.111751443339171183e-02
6.375344046640432638e-02
-4.075210977382458070e-03
-1.958586600822488297e-02
2.762172652459553984e-02
-8.535437973728554704e-04
2.632320519710897033e-02
-1.968872019062209780e-02
-4.268988121282507597e-02
