-2.406856703118979979e-01
8.716729748018378632e-02
-1.738672246839488011e-01
-1.489640601863495839e-01
2.521869072148645238e-02
2.550710698064597715e-01
1.654077789604435633e-01
1.539916957985644486e-01
2.062432353203211971e-02
2.777555623240903632e-02
-9.045140015432720504e-02
3.789163233989017998e-02
-1.153704384930770016e-01
-9.123533921623422360e-02
1.065479122842715176e-01
-5.760849007580744890e-02
2.975188308667614523e-02
-7.381215063351821704e-02
4.099843227982621907e-02
3.878251804344732406e-02
-6.127978667615144315e-02
-3.306729623986869038e-02
2.041497043634909678e-02
1.772520522611557847e-01
3.201296378209154969e-02
1.320897634710460344e-01
8.954578406427862736e-02
-9.015689331755673275e-02
-1.059132613174226384e-01
1.315861053247088519e-01
9.350133004048011287e-02
-7.718739337019993318e-02
-1.807778274406129579e-02
-3.020613726553407138e-02
5.587901490383967440e-02
5.575965841603580664e-02
-3.872669055126518045e-02
3.637860640869605006e-02
-6.611101713514722089e-02
2.978231915922122802e-02
-4.420629343301968155e-03
-2.169671584721999391e-02
7.336136044965713143e-02
-3.422561580958992031e-03
6.310544656356555093e-02
5.699953320777009780e-03
1.048320240441360240e-01
2.850430679150227093e-03
-1.210574102403706859e-01
-3.025826534558365491e-02
-8.688294721126813003e-02
1.056076898752738996e-01
6.207209986188578360e-02
-7.790928320133826135e-02
-3.083211142938115101e-02
7.712880813442807293e-02
4.011400373199134478e-02
-3.682421741557156264e-02
5.055852037480427184e-03
4.609417070629942548e-02
1.640776721436943905e-02
2.276554327435285907e-02
6.578237481369911266e-02
-2.232494328936598937e-02
1.178313547056889510e-01
8.142715509123951700e-02
-2.960444469768428247e-02
-2.048636909050733854e-02
3.952115612224028386e-03
-1.381815181676796234e-01
3.871865273763173271e-02
-5.265908021468634209e-02
1.842340873029975606e-03
2.091143154453749264e-02
-6.035042708641575465e-02
8.241913563907347917e-02
1.407064678412041012e-02
2.597202555575146149e-02
-9.032955497108871579e-02
4.897248150052133792e-02
-2.910949698536828903e-02
-2.768162479526161887e-02
5.143972034477801297e-02
6.555963657230013189e-03
-1.039548261654693259e-02
3.040815879899076007e-03
1.790616365213029693e-02
4.470184650368463214e-02
-2.236045764583848364e-02
-8.847043221938470647e-02
-3.695342779205576262e-03
-1.168795632260222553e-02
1.749902653143332529e-02
8.573942529007712310e-02
-1.892192133067074900e-02
2.789787224991894035e-02
1.984929669026260293e-02
-3.975495896901753284e-02
-1.476943210493998106e-02
1.405507562214430893e-03
7.379597411319313571e-02
2.274741615490336044e-02
-4.269774042740399900e-02
4.708110660122536567e-02
-4.370186177323660132e-02
-1.415462343952932599e-02
2.374753540942892843e-02
-6.490887634716496248e-03
4.714524095519604524e-02
4.065939797338757877e-02
3.507120053003300736e-02
-3.623143706785927898e-02
-1.428790316935933669e-01
1.039931655275703158e-02
6.080663186439811546e-02
-2.633228103542319468e-02
2.870067831370197789e-02
3.515796856005103110e-02
-8.873490655584274911e-02
4.738459292017212221e-02
5.529413784568330131e-02
-5.742277958675336830e-02
2.795645748569079714e-02
2.873592362201937353e-02
-8.833402480475173457e-02
2.914766819237234186e-02
-4.856991819846097000e-03
4.509983598710838593e-02
1.165943721816219310e-02
-6.072796891005231151e-02
-9.197690319371384926e-02
-2.073450884084919177e-01
-2.119393210738687149e-03
7.202479647718569578e-02
-9.459867657205300873e-03
-2.877977847129980365e-02
3.739365783582937475e-02
-7.223011385054230182e-02
4.201375275511463198e-02
3.625972075516360055e-02
-6.809074072237239483e-02
-3.215145631992651770e-02
-6.442122656605590858e-03
-2.743157816612053213e-02
-1.880945920184118672e-02
-3.680410606597823292e-02
-3.297016985587952666e-03
1.002778795538683404e-01
1.702916755957991496e-02
9.515755685222336557e-02
5.786166438975150900e-02
1.434228452770784255e-03
-3.313153148689754190e-02
3.834151448622781511e-02
3.958404612849366309e-03
2.981581565453051211e-02
-4.452931937423019321e-02
4.551447282512862541e-02
-1.178399306156325960e-01
-1.182461596988061275e-01
-3.164224905539051586e-02
-1.881685802610628955e-02
-3.045087019361203753e-03
2.314530474526895268e-02
6.024717985689818922e-02
1.109399888921140664e-02
-8.291357888609867180e-03
-3.878752906533596695e-02
3.292164029490433214e-02
6.049302260861591507e-02
2.335405248260301325e-02
1.334620099550868841e-02
-1.298843421127158365e-02
-3.382355697282035667e-02
-5.056383407586739070e-02
2.777226039250912590e-02
-2.701223298538613787e-02
6.814075004820061010e-02
5.751728275123035861e-02
-1.663834148328555140e-02
3.020065540937401372e-04
8.145849920130805721e-02
6.121827554169292224e-02
5.173732123533207605e-02
6.821157697502927553e-02
6.318757351290818502e-02
9.404780047449673441e-02
1.092695025281508053e-01
-1.278123350082932021e-02
-4.788149123161254683e-02
-3.234823141435886479e-02
3.732003953439160665e-02
-2.043598982346586657e-02
2.687902051759490096e-02
-5.346750265870697794e-02
-4.151463479639468102e-02
-1.096999795763022312e-01
-8.361882136264051427e-03
8.423813658464900100e-02
-1.313472914560429722e-02
-2.047678424998209193e-02
-3.673425443871179003e-02
-6.269585437845333342e-02
-1.031291846395226280e-02
4.902006939295369681e-02
6.275467503136089586e-02
-2.593533411360043200e-02
-6.367831734780081410e-02
1.073276810997745787e-02
5.016180887011721656e-02
2.345962025245827351e-02
-2.416412284657360257e-02
-2.100566566085939474e-02
-3.389441753066841506e-02
1.043808975500810782e-01
-3.900670241867993521e-02
1.747898244387877109e-02
-2.913320685403600688e-02
6.968683527145200359e-04
9.186985565900557260e-03
4.590388639860874115e-02
4.524222972319223018e-02
-2.477677912674349989e-02
8.061405793552411936e-02
1.841634621622851859e-04
5.129544327160850958e-02
8.450832819440279309e-02
-2.179626366460500988e-04
1.408665514934854049e-02
-4.113073671009400572e-05
-1.986802916806106739e-02
1.155144801491107993e-02
-1.067865579978404811e-01
-2.081864356204922786e-02
7.983341471351700080e-02
-1.917062271903635998e-02
2.485809893162085546e-02
-6.840300473737913334e-02
2.745407731809031832e-02
6.186597534406389209e-02
-1.230276498801287713e-02
-2.224355622244985860e-04
3.835930529548344653e-02
-1.810199707801981098e-02
-1.736171107927689250e-02
-9.413994946761664040e-03
-4.418399606716621325e-02
-5.538154486506966651e-03
1.586395363088438648e-02
-1.913029912679154940e-02
