-2.035300419351807888e-01
-3.856109104106780067e-02
-2.312760386221377751e-01
-8.421062930050100814e-02
4.778088117917345806e-02
2.757987483723608468e-01
1.003396375171483335e-01
1.816723304553622687e-01
6.215174015262044105e-02
1.262135518338840245e-01
-7.976730604317210094e-02
9.865712310834660881e-02
-1.452335143974855525e-01
-6.436452276008051976e-02
4.011339125495348018e-02
1.483054152964887861e-03
-1.631534744308348744e-02
3.083036599871528602e-02
3.347751650617754489e-03
-3.360113583814874905e-02
-4.011926480476372958e-02
3.201946787521182947e-02
-1.490854639291828640e-02
1.686451404586814806e-01
1.859473129663753374e-02
1.099210459733959422e-01
1.064436296997742087e-01
9.356015275809965656e-03
-8.676637912933717056e-02
8.373366957731342985e-02
9.100048722939001189e-02
2.871145714348562888e-02
-1.360499616573320088e-02
-1.068178194754047378e-01
8.851442998865320655e-02
1.558225286062686447e-02
-3.150592727162710056e-03
3.577812757483528339e-02
-1.191256885356751644e-01
1.974426399546505215e-02
-1.803719059184270834e-02
1.987595516489478343e-03
1.412968964430849905e-01
4.514853476509257668e-02
4.367805206961629383e-02
1.740487375876188791e-02
-5.090128179941683789e-02
4.684276192527029453e-02
-1.056579136067369029e-01
-3.337381915601887045e-02
-8.188545923702265916e-02
2.075787725596435762e-01
2.072236460597129751e-02
-3.751415654857481047e-02
-2.783918347429732709e-02
5.935957135686076303e-02
5.100614698988865242e-02
-2.233814037570104605e-02
-5.819887547856932020e-02
-2.269917477368640912e-02
3.048619658878156530e-02
-2.124366791281401615e-02
6.438671172603034620e-02
-1.052135847158284648e-01
-7.005448120345079965e-02
1.273129360957351575e-01
1.757486322081398128e-02
4.709168365319341132e-02
2.911504901641189663e-02
-3.560707331720355112e-02
2.048154906375120737e-02
5.079531746512087192e-02
-3.684467491494027025e-02
4.965423443444141882e-02
-7.400662456436732373e-02
1.005407464887213840e-03
-3.216300918899556768e-03
1.330898299459459810e-02
-9.067084712688164294e-02
-5.907977055712822223e-02
2.287727042144152914e-02
-1.025806200333465035e-01
2.505326605903743838e-03
-6.205522158556318196e-02
-1.039532445802298505e-02
9.245465450872673852e-02
-6.529570366859381580e-02
-1.161808761413380894e-02
-6.279525451340968456e-02
-7.593119105219130194e-02
1.907224059173718775e-02
-1.081585001548990461e-02
7.300609455019974048e-02
4.752663547335216065e-02
-2.028572972183183536e-03
4.532388255328734759e-03
4.215051694001824972e-02
2.936596294251626882e-02
-1.042544786845331362e-02
6.543031443880640945e-03
1.214821841981415101e-02
2.548818353095168646e-02
-2.809610834318996067e-02
2.919710697253281861e-02
3.446667725141418920e-02
-2.807213326852591243e-03
-6.444925987927278832e-02
-7.118155015037247457e-02
4.017841248180024222e-02
1.113061732812788834e-02
5.834499291069088212e-02
-8.262494259295709298e-02
-1.043269534804373289e-01
3.874468240794361890e-02
5.895694123478061738e-02
1.809328127511833362e-03
2.346544976033424282e-02
3.161412424181584118e-03
-5.726096231413318333e-02
4.853746996087106996e-02
-8.314885636638215394e-03
7.871209362375355956e-03
-3.316360789965216993e-02
5.562320366792064541e-02
-7.145468739067116493e-02
3.677158185063497675e-02
-5.253124339412688221e-02
1.219421071920549424e-02
4.003888991262351954e-02
-6.020457251991259695e-02
-5.905943639638163573e-02
-1.131974906684226345e-01
-4.599436028601251725e-03
1.169409340957306420e-01
-4.106559328910343309e-02
-1.431037171487480227e-02
5.166580502559494498e-02
-4.042194153533617412e-02
-7.069727425110546200e-03
5.121780087252453956e-02
-3.595680714274698125e-02
-4.863034761401086037e-02
2.695605575984564434e-02
2.934885751675309160e-03
5.669486889645677929e-03
1.343984980615622361e-02
2.244073858203557773e-02
6.144416631583056454e-02
-2.608268294683320498e-02
8.277075089087811144e-02
5.131328899224667228e-02
-3.093746382507989016e-04
-3.777880977248092992e-02
-9.763488500365225453e-04
2.594896523097771704e-02
7.730305993769556738e-02
-4.697579267623569477e-02
1.109472341262082717e-02
-1.062491155911459845e-01
-8.899568324240383910e-02
9.165691653011290990e-03
-3.798383444392746527e-02
-8.306363837176682086e-02
-3.643184336424232922e-02
6.643232142748770053e-02
1.302578171865612436e-02
-5.532138564346080617e-02
-7.517810579143313632e-02
-9.639508511826726245e-02
4.779547918308781063e-02
6.679428322807466796e-03
-4.185811033455260483e-02
-8.624122881910995311e-03
-5.868871579344604739e-02
-2.722586122042741641e-02
3.899782896994077874e-02
7.038985746279140254e-03
1.639781757813846622e-02
7.122245890957716596e-02
-4.143016555627274458e-03
3.564540595807042661e-02
4.706255634185371045e-02
-4.132935345865243471e-02
7.618986768155366907e-02
7.500567760402122863e-02
-7.728045879281169803e-03
4.006581893631493141e-02
5.159532242787199380e-02
3.474177234164964323e-02
-6.818744802517163681e-03
-7.011321670155326591e-02
9.804771655435019773e-02
2.931619233622944493e-02
1.366833432859924577e-02
-5.505364107754929376e-02
-2.576722866930512834e-02
-1.547734645226163663e-01
-8.611414031444381348e-03
9.228954249739425297e-02
1.683702858061575727e-02
-3.438279883833453981e-02
-7.011857502769594519e-02
4.055359835652140067e-03
-1.913368960115549274e-03
1.136096352542304844e-01
1.988402700235330708e-02
-3.855157657734008952e-02
-2.731255618955643130e-02
4.585181507131941281e-02
3.543066073342914651e-02
5.089568303556261941e-02
5.466179630424352308e-03
-3.110391541794803316e-02
-2.924619061392955480e-02
8.946999815076460416e-02
-2.689653025211958398e-02
-3.791283662253695091e-02
-2.191002385619866127e-02
4.014279335224921544e-03
2.112403297720532105e-02
3.836740129030768998e-02
-6.771069439145107650e-03
-3.873949582302346067e-02
7.786145934860300155e-02
-4.110265504492364302e-02
6.143760580113022396e-02
1.136534292659735490e-01
-2.534007390064886914e-02
-3.152437227892594673e-02
-1.675778718054419039e-02
5.937939029393977941e-02
1.686316759468357504e-02
-5.992133689572962107e-02
-5.470713598698927552e-03
3.868182512050063332e-02
-1.160283699357387123e-03
4.549084936982306093e-02
-2.010430229435978752e-02
6.423465204760953062e-02
3.870772369685691883e-02
-1.118066272037074489e-02
2.500699897369006164e-02
3.380523310699367484e-02
-6.394320719299001476e-02
-1.706249045754239333e-03
8.238412705073701325e-02
1.821109575376830131e-02
2.097994209150951667e-02
-1.368489018245034813e-02
8.319934828580354685e-03
