-2.097515963101071190e-01
1.292775136854077966e-01
-1.574814110491297992e-01
4.798166201639807865e-02
-7.915938110932148331e-02
3.833260113427164328e-02
-1.362950939200849310e-01
1.319694601428390845e-01
4.778307051726302795e-02
1.000431542625916798e-01
3.382739679693125279e-02
1.021662994186583184e-01
-3.421598276060675708e-02
1.749514450487978795e-02
5.742428660532190865e-02
5.116217078564444520e-02
-1.969652267575721250e-03
-7.551477575587710322e-02
-8.724335184350265338e-02
-8.012697735294267709e-02
1.145572412008196150e-01
1.242729291010541415e-01
7.798502618370037331e-02
2.933512383246023383e-02
-1.966066587730226981e-02
-7.089426369203677414e-02
6.605556605438121787e-02
7.292208922703589946e-02
-1.501733943290654016e-01
-1.182456197887414434e-01
7.709748982474128737e-04
-3.189818641292758300e-02
-1.526237641143886603e-01
-1.021818457228835381e-02
3.400241809288612888e-02
7.677420550300718960e-02
-2.464547728208839675e-02
3.806179454454202554e-02
-1.023283893417438334e-01
3.848265520892472924e-02
-6.808099158388935396e-03
-3.529992553907475988e-02
1.314125872269744644e-01
-2.919631754473506549e-02
2.208495799102194040e-02
4.789590659631703246e-02
-5.849157262926288348e-02
-9.879962902946159975e-02
-4.352205778338649744e-02
3.907735507700554889e-02
3.133533139382422422e-02
-5.739559400236246035e-03
-5.985062051475778522e-02
3.523358508878649681e-02
-6.462709711453498707e-02
1.407515817280559911e-01
2.288573594253059951e-02
5.550564340967408666e-02
5.737968948836246613e-02
-4.607817109422322754e-02
5.167534210898656714e-03
-2.302715716161161941e-02
5.975856060264071040e-02
-6.520119992056627733e-02
-1.235499543126265115e-01
1.275746560580842126e-01
-3.507375188728206056e-02
-2.088735525101795276e-02
7.677151892969638451e-03
-1.578927075125260149e-01
5.111381246604987383e-02
1.123905735571178593e-01
1.377459867918320695e-03
4.388191532312508275e-02
3.961047868480261323e-03
7.125233018290148823e-02
-5.733240579809221332e-02
-3.772099376482145744e-02
1.840338538882083444e-03
-4.496292078143993010e-02
1.373172096914268385e-02
-4.887929989100579797e-02
2.321181430050793526e-02
2.408434166990395392e-02
4.880916241710493014e-02
-7.309968963336914427e-02
-3.103146204188291651e-02
-9.184229967890154833e-02
4.828954331781686038e-02
-4.299147746499033113e-02
2.039614218686951891e-02
-2.188722619534634942e-02
5.679648815405190232e-02
8.102597642469453951e-03
3.976952382480254677e-03
3.843103718037970545e-02
-1.351271151284548153e-02
-6.009857332085678100e-02
1.187762717490925546e-02
-5.222648366845479562e-02
-9.990327334554219285e-02
-4.101179532372092873e-02
-3.104715163001804668e-02
7.251770621229282343e-02
3.552796188169628222e-02
-4.622732964443937963e-03
5.262603085123839647e-03
1.575671664692108315e-02
-4.288351303887327076e-02
4.345041582843157946e-02
2.593850710609233584e-02
3.248622357919760117e-02
7.479473828760264953e-02
7.727501858911958732e-02
2.195954874887334762e-02
7.077544550974403104e-02
7.933461733114122172e-02
-1.386612127663812248e-02
4.353896528475586364e-02
7.934325018671328777e-02
4.386866156145842466e-02
-1.303346265517451924e-03
-1.214269166194923005e-01
7.101806099019888907e-02
-5.437764082890881451e-02
1.030365342454957894e-02
-1.936123832656816771e-02
8.540827898830975762e-02
-1.222949663667036342e-02
-2.173219300482389510e-02
-6.298581574749516354e-03
-9.384637590583311262e-02
4.567676122061078807e-03
8.470887440306230920e-02
1.056788686491207663e-01
-2.786646375588429370e-02
1.332948721304826403e-02
-6.876560210543859741e-02
-1.438101200689916037e-02
-9.009627777371762014e-02
-6.329251495665719207e-02
-2.121135599230159971e-02
2.614716429989855442e-02
3.617195141478608822e-02
-3.938874683421712971e-04
-2.623771973096157561e-02
1.537300233618251084e-02
1.221017121932127386e-01
5.202903844059902222e-02
3.461638964684982805e-02
2.283042835330539866e-02
1.978557362576618267e-02
-3.347423777998095179e-02
4.912470940770388705e-02
-3.370044725275112701e-02
-3.872097217208228526e-02
-3.607337208476812246e-02
-5.781971437569560779e-02
-7.928894558485745370e-02
-3.820934115077169457e-02
2.688296299826309702e-02
-6.424209324860723214e-02
-5.766188714892990508e-02
6.782956414297504344e-02
6.861257488965487837e-03
2.286735978108466252e-02
-4.271114249525171692e-03
3.107476960365317120e-02
-5.887732873571767389e-02
-5.725041158064630292e-02
4.100079828363534934e-02
-8.779581877913754384e-02
-6.977890591632104032e-03
-6.489292458839523471e-03
-9.357295438474765026e-02
3.811434391850146430e-02
-5.331665929700387177e-03
-2.661964299282627497e-02
2.961402596309974794e-02
2.227692260932365859e-02
-1.263625816431793447e-01
2.079934310935583133e-02
4.939931302104611649e-02
2.020664921601374522e-02
3.916110452234785461e-02
-9.638744440612930994e-03
1.193928940553895951e-01
1.809587662556781662e-01
-2.835180217972642358e-02
-7.677682043436305503e-02
-6.299992921262129175e-02
1.458068529955402759e-01
-8.819944955335357051e-02
-8.728855791707919309e-02
-5.315560818226520295e-02
-6.615919614222351419e-03
-1.487136536758813521e-01
4.592238566317374815e-02
-5.195628603534229589e-02
1.589914085337147285e-03
-1.217142725008164977e-01
7.552208323528251423e-03
-4.301264766267951650e-02
-9.058845800425795181e-02
1.271138908247916310e-01
-1.983543642641480767e-02
3.312036234348111202e-02
-1.854068719549194569e-02
2.226263003931014742e-02
2.505290507991704552e-02
-5.176955127975228950e-03
7.694371036843054845e-02
-3.988547632889709316e-02
5.196040544775220454e-02
2.272275049500814895e-02
2.344855514065648239e-02
-4.490664602582283838e-02
4.478338604232288446e-03
1.549461455471849540e-02
-5.043224672758619964e-02
6.299351725765281462e-02
-1.364668196861119030e-02
2.835348576566786710e-02
-9.180809064541058107e-03
-1.843630486712262428e-02
6.638329217732251430e-02
4.406180827201690298e-02
-8.013224303663185957e-03
4.535096943045327511e-02
4.690373716214629729e-02
4.037274908552300479e-02
-2.952784069128897709e-02
-3.695220394620016714e-03
-4.708488384524982424e-03
2.886780336028926461e-02
-8.529078618218366437e-02
1.167756701569763050e-02
-3.730260474788469477e-02
5.642592014204756388e-03
5.633676172910616342e-02
5.118778278454082925e-02
1.468667240771434103e-02
5.563828848927312998e-02
-4.130413032091449083e-02
6.577884900336782026e-02
4.942693099468123408e-02
2.018863126434258456e-02
-3.436428160736345466e-02
4.068234979386070593e-02
2.413327312513816394e-02
