-2.033875885962777297e-01
8.196086085716308700e-02
-5.566519110810187743e-02
8.483172050990817059e-02
-8.310977075710717851e-03
7.110848108076242569e-02
-5.067094099461475626e-02
6.392414474513043177e-02
1.110180926265197376e-02
1.070612948954565435e-01
-3.979893605559026160e-02
8.117209317303510085e-02
-5.340088676620501768e-02
9.901806908969908866e-03
-1.562081018182149249e-03
9.923901043665775412e-02
1.550950534583215856e-01
-1.227922219764785716e-01
-9.143549463433411906e-02
-6.336119676906876164e-02
1.658851317222560795e-02
7.650461877496381180e-02
-1.113606950859870499e-02
1.626460116649813825e-01
-6.708424280034103182e-02
-9.699477813015794370e-02
2.171794229961124950e-02
4.949242577344493271e-02
-1.414411537878202119e-01
-9.301984481238163849e-02
-4.230790324082411152e-02
6.619965814575552721e-02
-9.063194290929217634e-02
1.410870443544425153e-02
-1.146757462753110815e-02
-5.582770383996225189e-02
2.941476722732902505e-02
9.659006035521328429e-03
8.292688807466762346e-02
7.442178201839134977e-02
-7.056836085553264137e-02
-7.278648834419693125e-02
4.137647142384621307e-02
4.843460344044180077e-02
2.750874313135990169e-04
1.999357198595533985e-02
-6.827586628952526937e-02
-5.932891477872943853e-02
1.280923565032335591e-03
-1.189529517847717627e-01
-4.067465773350695951e-02
6.816977124528370013e-02
-7.458783249303968521e-02
1.046389093100337370e-01
-1.357930915677170169e-01
5.324209797412146616e-02
7.850012914376990059e-02
6.714423547014558569e-02
-3.776335609478561391e-03
4.833938230034855177e-02
3.048986864089658910e-02
-6.561492512199944283e-02
-1.257596806270343259e-02
-1.267478280468131713e-01
-6.527478046278482882e-02
6.339296197536502253e-02
-1.346420217827023480e-01
7.927649610844106354e-02
-2.092813191234576403e-02
-1.205036747866346236e-01
8.612146981221156794e-02
8.212255432227254237e-02
-4.356681832177544678e-02
2.224677898731727832e-02
-5.655197288715571591e-02
3.577175586274519703e-02
-9.242855765461835751e-03
5.376791827060827672e-02
-6.419561995486051942e-02
8.195970643583225246e-02
2.185978716571027394e-02
-6.386612576340759684e-02
2.285456319829186345e-02
-4.784108191881243990e-03
-6.955902421842369288e-02
-3.579264716489314463e-02
-3.707007022653527328e-02
5.375339490547868110e-02
1.130893479303863094e-02
-2.946809404493306792e-02
4.431857004452183918e-02
5.473670120354766876e-03
-4.074794486831474771e-02
1.283414508349049743e-01
1.049119485744700805e-02
1.170248074865283192e-02
1.692638622817636829e-02
-5.574242561907309657e-02
-9.551052745331130300e-02
-7.123777626981356303e-02
3.697652485934158767e-02
-9.740076204462671042e-03
-1.101316460020458077e-01
6.433128308093002956e-02
-3.522377812458631768e-02
-5.125459407583555366e-02
1.251705533543416050e-02
1.858104438921023144e-02
-7.034440311735476459e-02
5.885768743937080244e-02
8.502882864229519000e-02
2.624755644714470496e-02
-8.592019086727450961e-02
8.582995980648219780e-02
3.475106120931695242e-02
1.805694455290031697e-01
3.660934439734726126e-02
2.516813526343602767e-02
-1.169946435743361018e-02
5.277991980842049874e-02
-3.788617162862509963e-02
-2.798641288653243298e-02
-3.516966927962913991e-02
8.919230503097182183e-02
-3.942438219283782991e-02
1.970362603493223605e-02
-3.835397294338906138e-02
7.352178025312980369e-02
-3.002631261747819649e-02
-4.977756784215594393e-02
-5.156364383791373768e-02
-5.727233179758352971e-02
1.427803942497574974e-01
4.935888529304820888e-02
8.716569976502930306e-02
-2.965820117053966868e-03
-3.556213529270806778e-02
-1.785398238718414327e-02
3.829796488914571223e-02
-1.061605855816374067e-01
-1.573771582323516272e-01
-1.424835217707495251e-02
-2.525948350616139069e-03
3.178658171058264259e-02
-3.916824961498824309e-02
5.136828595722182922e-02
3.174263922121617343e-02
6.865261727674601411e-02
-7.752832981961129896e-03
7.643218814630470259e-02
1.375519083243084868e-02
-8.275633163288932670e-02
-4.016529725083368800e-03
1.777885562612660508e-01
-4.149995726684552015e-03
-1.177673610780259963e-02
3.504234777865970762e-02
1.532442181498449088e-02
-9.642855308709265272e-02
-1.023286515512909257e-02
-6.873897544017043559e-02
-2.086452702095770509e-02
-2.312320821379156358e-02
-1.264579193351878482e-02
1.560155741317534143e-02
-5.299371119100765998e-02
1.491810274593579960e-04
2.919829460810255493e-03
-7.883714569357200275e-02
-7.712223418694920396e-02
6.825423019942194330e-03
-8.216027783221171998e-02
-1.109366500636007197e-01
-1.928892810138570224e-02
-5.030070690200343086e-02
1.360902619619071621e-02
1.060496121762881903e-02
5.030260611128960918e-02
2.487167241780348717e-02
4.018023024933872756e-02
-1.337441799025113585e-02
2.956562402768795131e-02
5.785453254229137865e-02
2.355093993655696296e-03
4.150785201917237682e-02
7.309434644554653471e-02
4.805993785949607550e-02
4.678400437376468296e-02
-3.079549237838010572e-03
-3.604014020246051886e-02
-4.492553498874552603e-02
7.698377810604709048e-02
4.720235176829249563e-02
-9.390729690059530788e-02
-2.813380642289892153e-02
-6.132598920224178324e-02
-9.252001761553702019e-02
-5.754231743140289599e-04
-3.598398319062609541e-02
1.284755499062682250e-02
-8.454903624144985419e-02
-6.213654193406414894e-03
-9.460047105065233497e-02
-1.959648828755316055e-02
8.174055257996648560e-02
-3.651929953354378366e-02
2.163746796103419717e-02
7.096261435970442621e-02
4.311506718744956279e-02
3.311744330802211117e-02
-5.770617078158290841e-04
7.066886999010897619e-02
-5.592899500189171119e-02
4.146558530270547799e-02
6.477100588977678652e-02
3.432109512268545493e-02
-7.743895526496763493e-03
-3.711092184588697662e-02
3.137679937754150362e-03
-5.515091502492321107e-02
3.871940315368828378e-02
-1.035478694342213766e-03
-7.406916216092437888e-02
-2.932822286691575894e-02
-8.586496484038429189e-02
2.834629442656419474e-02
-2.267022817933933305e-03
-6.991339432758575390e-02
-4.427797910095451761e-02
5.866404257097622421e-02
2.589374492894915350e-02
-1.568192003355908803e-02
-8.094065031590583215e-02
-3.574498073574986640e-02
8.326963949172602741e-02
-6.984204364146191779e-02
-3.911551862774849050e-03
-1.392425769829841974e-02
-3.105959418735208810e-02
9.541768963467521514e-02
2.106394399600634848e-02
4.150591557048843167e-03
-1.022009204169460443e-02
-4.751326350025908418e-02
4.418502956412512228e-02
5.339146519856966672e-02
-2.718457417378782742e-02
-6.515881697813467877e-02
6.826067261523584284e-02
-5.371261776492252012e-03
