-1.884599385197062160e-01
7.443100743852622270e-02
-1.649775342528380373e-01
-4.533764000893631546e-02
-7.675043578342150008e-02
1.086223038212874165e-01
2.910415981882382916e-02
7.522216151863504729e-02
3.939984732558034219e-02
8.350589584977101409e-02
-1.457584115304195495e-03
1.255557424024820179e-01
-1.002555040676809534e-01
-1.864428409718841412e-02
3.188953158157879081e-02
1.213565676500818619e-01
4.756328249138873365e-02
-1.412564023361152499e-01
-7.628564355374679862e-02
-3.654756274957500495e-02
-4.272976707444877537e-02
1.637557998169260343e-02
5.213342763638995070e-02
2.354467635274798323e-03
3.219060326657473270e-02
-7.184500707955276955e-02
-2.248651856299164337e-02
5.519803448325753467e-03
-3.446384018554879414e-02
-1.706858087918190214e-01
-4.821848844178079629e-02
-9.749542247036419029e-02
-7.696556407548457712e-02
1.396578336427851084e-02
4.313358230495176540e-03
-8.799502612625617615e-03
2.781065599450618930e-02
1.393434153697698658e-02
7.529274374422497210e-03
7.881519971702677374e-02
9.955572554975274102e-02
-6.883008119779206180e-02
1.268765149969307282e-01
-1.519902968204002100e-02
9.624983685424520763e-02
4.684663187162481368e-02
-5.171043792768134639e-02
-4.021082342724884018e-02
-3.468771031289134138e-02
6.864466795075309380e-02
7.736740070129467101e-03
5.912135576683837795e-02
-3.734206247034636134e-02
9.874280681802212814e-03
-7.240282970442399324e-02
2.359318094742835492e-01
1.457692039196534922e-02
9.958871428617781241e-02
-6.234241628296720988e-02
-3.858631702512647921e-02
-4.347411815991312350e-02
1.538415513203274937e-02
1.178464150010067289e-02
-3.365646154695827591e-02
-1.835612730464240838e-02
5.798239895635066282e-02
1.321096366125724432e-02
1.403237240585187562e-01
6.063649929139021399e-02
-1.385148836482808232e-01
1.254059440399150349e-01
7.977852838004761971e-02
1.907662720989976649e-02
1.217345530956849770e-03
-5.109343703517740115e-02
1.235968158326308519e-01
2.201780509856193779e-02
4.750338473114040783e-02
3.958792269529701549e-03
7.805854530783573608e-02
-3.361145728385277719e-03
-1.449270018384681558e-01
-5.909948319132427887e-03
1.795576563869427655e-02
-1.532819299639172905e-01
-4.251949535754098036e-02
7.066136977763656790e-02
-5.769348669655827155e-02
-2.660863565626152977e-03
-3.165695559358753380e-02
4.413256182707536723e-02
-9.994137359171194335e-02
7.491896733042309638e-03
5.868548714031061181e-02
4.534710133683140035e-03
-8.207000443682702442e-03
-5.984994996402118184e-02
-1.513912112940245802e-01
-2.681610135196849792e-02
-1.222428746286031986e-01
-5.189761393162851955e-02
6.640294480834212087e-02
-1.078869463935180073e-01
7.188141340590190054e-02
8.059101541620886100e-02
-1.142306048613314293e-02
2.157276294118532639e-02
-7.796684597397807170e-02
-1.124602213313970756e-01
8.614190094552834354e-02
4.454055011474881282e-02
-1.251593379459196680e-02
3.621476144023128702e-02
-6.322631296122631361e-02
4.367834613884991751e-02
1.068364152254869942e-01
5.514684258365791514e-02
-3.342791471761435984e-02
-2.360000533488727792e-02
-2.032634990855841650e-02
3.777825486855114490e-02
2.578003198551093861e-02
-6.650745111075737070e-02
8.953956092415510382e-02
-1.313707176963558459e-02
3.396400866549458691e-02
1.148790835557676748e-01
6.289887187186879447e-02
-5.537402237703220598e-02
-4.164286555469939172e-02
-4.429045448156780640e-02
-1.226742104516527071e-01
1.203462561192626123e-01
4.084922922506675075e-02
6.563834000574875205e-02
-5.485915346131204490e-03
-6.380600816161162425e-02
-5.088395676014675906e-02
-5.480580308386563682e-02
-5.756696392010580629e-03
-1.082392459527443673e-01
2.879844740645728929e-02
-3.591631590328226570e-02
-8.285389164151835129e-03
6.287322196012280762e-02
-1.005440565811655494e-02
1.472912905479458259e-02
4.948231319570511877e-02
-2.130489584039910785e-03
1.144664185660928674e-01
8.340955578854278296e-02
-1.425211984050706315e-01
-5.860709841984147739e-02
4.160304163842618030e-02
-2.297440650562696668e-02
-5.062792531288710235e-02
1.103201624955697444e-02
2.317255477196197844e-02
-1.050023206244416613e-01
-1.431099592124124298e-02
-4.784363278905553324e-02
-2.215065941003165062e-02
-3.188740907836278005e-02
2.984779141167258343e-03
-6.615698625770077834e-02
3.322616898820137483e-04
-4.059118319848341316e-02
-1.277865652317667321e-02
-2.507298659216521813e-02
-3.900221973157148164e-02
7.617124422786711313e-03
-3.462608577036559165e-02
-2.744547751746068479e-02
-5.881021118522409413e-02
-5.648783292060485794e-02
-4.158307571834340272e-02
-3.132530547242877439e-02
5.193473975059324788e-02
8.702155261735544309e-03
-2.084031945850907744e-02
-2.948063432993418623e-02
2.880826848066016937e-02
-3.783343995216732151e-03
-3.218873258577418378e-02
5.366303296251526828e-02
9.620868187663314530e-02
1.194050518541713291e-01
1.150137365987763810e-01
6.406927050965802173e-02
-2.452789898659004514e-02
-5.746695444653802942e-03
6.722996559533839234e-02
-2.997510563000221201e-02
-1.694732478867558984e-02
5.294001483310331602e-02
-2.741155344063535629e-02
-5.202503607385048495e-02
4.000853807837415066e-02
-1.067928499476126884e-02
-1.357750917427238448e-02
-5.940202983618218802e-02
1.037544326319527789e-02
-7.927297689369942890e-03
-3.925461774112238428e-02
-2.801520774512000073e-02
5.495955865581839822e-02
5.486703190545281356e-02
2.743094376662565115e-02
-5.363349779064506377e-03
1.430128277093070319e-02
-4.484482354188415454e-02
1.779218899253863506e-02
-1.767221359888808060e-02
4.787046986361724599e-02
-8.103645329452404192e-03
3.744653279813082991e-02
-1.765390251182117481e-02
-3.943416712334425062e-02
4.254931832645741235e-02
-6.231435607095898305e-02
5.125348816751662540e-02
-8.079488364883785634e-02
-6.379402860956195909e-02
3.985319962266708343e-02
4.268343175000442746e-02
-2.371451258465930717e-02
3.456802271628702742e-03
-3.147783790693502864e-02
-9.947345156915939676e-04
1.805922867681691163e-02
8.675893781266307350e-03
9.473487320284726745e-03
-2.081625243051740681e-02
-2.716271691953163828e-02
7.091574639188037710e-02
-1.438621887420175535e-02
4.402125631944274475e-02
-4.303515571513829435e-02
1.248528340916759717e-02
4.895190323948810096e-02
-4.357876836085149835e-02
-5.107857951266535530e-03
2.160157862043992488e-02
-3.935099377698141054e-02
3.028297652021553696e-02
9.586800212314865177e-02
4.947231224834833978e-04
-2.232481259763654732e-02
3.536259438631995239e-02
2.369440276605340803e-02
