-9.382014196745222523e-02
1.028753330294621959e-01
-1.187083363091331195e-01
-3.939062939625535831e-02
7.547991513908897110e-02
1.475856826944738631e-01
7.999386667427066389e-02
1.317517446482906474e-01
-1.012852592395369761e-01
2.368640817992834907e-02
1.041039757521633469e-01
-1.454654884344184218e-01
-2.062274688852971244e-02
1.457125903666805500e-01
4.818214439668955240e-02
2.490426513518027504e-02
-9.206957595788230198e-02
-8.253840897833734924e-02
-1.593154924159883440e-02
1.153984359468683274e-01
5.649879800889184844e-02
9.485453301839257001e-02
-3.963543036479495046e-02
8.257436153650149491e-02
-1.182914663972199805e-02
-3.714359451099689263e-02
1.293345822577994797e-01
3.608770383027440354e-02
1.776800591262286955e-02
1.027674394024116200e-01
-1.004502251236167737e-01
2.481240634907090625e-02
-3.016275819738304699e-03
-4.564899905356089443e-02
1.069426459345708263e-01
2.367364502178008132e-02
-4.512919696762383165e-02
-9.738595263872933117e-02
-3.506417045189962837e-03
5.963195559522175421e-02
-2.555324476260107877e-02
-1.357147951347232803e-02
2.555126737190205333e-02
-2.027655970596725296e-02
3.813207414516162769e-02
-6.234080109009853404e-02
-3.942471242139495430e-02
-2.220922542263851704e-02
-2.118004749263198080e-02
8.330099868955682940e-02
3.461174345996214513e-02
-9.361053855335531304e-02
-8.867374898160522434e-03
-3.277722822707897221e-02
-1.042624186759926993e-03
5.614937509609461280e-02
4.092317909311795482e-02
-5.831921983897467299e-02
-1.076107523229349605e-01
-5.525954928153226087e-02
-6.563279707839760058e-02
-4.322673139981043910e-02
-1.207494708937855848e-01
1.221182566882105490e-02
-1.071302463830712814e-01
-5.821520908820583540e-02
1.688317750364533298e-02
-9.363268532918441259e-03
1.224655584000761133e-02
-4.256250788772803634e-02
-1.063464087099768168e-01
5.316268823172539543e-02
-2.883352021693863163e-02
-1.237607852604972469e-01
-5.442796661119581741e-02
2.187037256194154095e-02
4.150305790374729520e-02
1.965677355577572297e-02
1.185237199229602877e-02
-7.307285541744194812e-02
6.060522729728306385e-02
-1.585381621559215637e-01
8.840590242328241408e-03
-1.338402647046034455e-01
9.320197368237808852e-03
2.523689820331484999e-03
7.309047217094237492e-03
-1.496029088279471515e-02
-4.214761536651391582e-02
-5.395350070110371821e-02
4.143323803579253978e-02
1.280256215201596402e-02
-1.839739139584422450e-02
6.136655866896680023e-02
4.092530029404964353e-02
1.617505232278870775e-01
1.209940201944180449e-02
5.829495186221388819e-02
8.084184371112997092e-02
-1.250627712018532456e-01
5.013627379058480105e-02
1.099810325775800804e-02
3.120229046414085827e-02
1.038287229668587303e-01
-1.913287287820794255e-02
-3.902197186484031299e-02
-1.628018119811645500e-02
-7.097164410809721213e-02
-1.081891211261214042e-01
4.159728955869549522e-02
2.142161273093680113e-03
-3.775694515327703699e-02
1.454067419543782769e-01
4.468895789290399517e-02
-4.426946344424485640e-03
3.856537437615578656e-02
-2.468941264759140150e-02
-7.283768973449034068e-02
-8.138113208359200323e-03
6.346032779877154584e-02
3.884062716146041011e-02
1.849723164986602887e-03
4.001828915668483033e-02
7.731982325569676517e-02
6.190789633724418095e-02
-1.377899767919571819e-02
-1.893916049481958117e-02
1.054313082470250684e-01
-2.957766626581990674e-02
-5.904474246272693044e-02
-7.571234842762010475e-02
-1.128977917163200562e-01
-4.555300572326265868e-02
1.225451214112933396e-01
-4.443844046761629557e-02
2.073855007837639361e-02
-5.466424682345050884e-02
7.846343817833974221e-02
1.829194254274881448e-03
-2.931046685354405171e-02
-5.361245473435873043e-02
4.335479441199108913e-02
-3.973649300579433497e-02
5.064626082814306651e-02
-1.168607343450781960e-01
3.475332463401251126e-02
-6.206180923874484584e-02
2.608951312017732463e-02
1.086537719878346853e-01
-7.410048738744742791e-02
8.626816331484292097e-04
1.392521673324925713e-02
-4.632724406332731915e-02
1.104065311034526237e-01
-5.441221939071991948e-02
-6.656537048461710904e-02
6.553640826995955904e-02
-8.070738114359609500e-03
-1.348244300317884836e-01
-6.898393502487666640e-02
-4.092598339265476198e-02
-3.618642955499311309e-02
3.059404508512001547e-02
-4.294892598287616305e-03
-1.788913008107784197e-02
-4.477527998505607953e-02
1.329288314025844388e-02
-3.303144876585757672e-02
7.679279470556871212e-02
-6.051746710280441616e-02
-4.331758351429121356e-02
6.053310646560581404e-02
-3.042902284314663239e-02
-5.002701396632399516e-02
1.306839536708158129e-03
2.834136564822978266e-02
4.423976663120128550e-02
1.213824516328233516e-01
2.605294936852439736e-02
-4.610570439991991398e-02
-2.063676838621372397e-02
-1.522411075460313986e-03
3.199130530561097342e-03
7.307156112534803072e-02
5.622893810731184605e-02
-1.064882415519343220e-02
4.270290262735898512e-02
7.295449959596561618e-02
-1.219176414136546698e-02
-6.091718764447327100e-02
1.927603596481752835e-02
6.899058624813701746e-02
6.706787939007723132e-02
5.154158738410452578e-02
-8.996868822156105228e-02
-6.129648713310489883e-02
-2.814215252344230700e-02
-9.920198825671613929e-02
-3.671575906884368135e-02
6.091761907517123653e-02
-2.266007050201677628e-02
-3.018418592204887008e-02
-5.462994808296192661e-02
-3.500873160721052618e-02
1.129849766698680785e-01
-7.611875614510749512e-04
-4.467421734405669503e-02
1.370694875263479134e-02
-5.147974898406222286e-03
-2.879296573132948678e-02
-5.893789145986311900e-02
-1.281669150737446868e-02
1.167419111403457561e-02
1.667533576489846694e-02
7.470222535344056732e-04
-3.348632053175021328e-02
-3.082245168713676486e-02
-3.328297286277386718e-02
-3.345069154660956084e-02
-3.906604970114954125e-04
9.208039767788972485e-02
-1.367638188768364182e-01
-5.453564452289739323e-02
9.880413724807182718e-02
-6.630101132443622092e-02
7.687408343957781443e-02
-1.261898839002988841e-03
1.333185571330836559e-02
-4.047323282769379332e-03
2.879012547923451987e-02
-7.605497630692431565e-02
2.888716143371952011e-02
-7.672337031575376942e-02
-1.020362362744694357e-02
6.002844040665583636e-02
-1.177826298415229761e-01
-2.354317318820243338e-02
4.022649042101333200e-02
-8.149693527343868094e-02
3.814016347074856289e-02
2.070317276114288368e-02
-2.912157211294968354e-03
5.047455141035115528e-02
-4.302065133641361921e-02
7.729555527893598732e-02
-4.014279286560722831e-02
-3.411822269404306274e-02
2.877383897038616675e-02
1.243627748943975167e-02
6.290151718722639465e-03
