-9.242064471212058097e-02
2.067377282383045800e-01
-1.531963772558033732e-01
2.075468100056166929e-02
3.048072716341011096e-02
7.775659473624377260e-02
1.728725603401239375e-01
3.423563321862155284e-02
2.746657059244462726e-02
2.536111019974680025e-01
1.811487374831107777e-01
-6.175126102807126233e-02
5.094845605268648325e-02
-5.101838251414868297e-02
9.946796393105901413e-02
-4.301238237796164467e-03
6.321026034238284505e-03
-3.028511422795186411e-02
2.268316585250391981e-02
1.438466658883994220e-01
-6.009378650345401779e-02
-8.552426520222440598e-02
2.049979361383286874e-02
1.635355299372338866e-02
-7.358419509790853352e-02
9.585686001343487334e-03
6.195364922171264083e-02
1.063898865266188487e-01
1.852580221494941337e-02
1.348859702809538513e-02
-9.103939782594261398e-02
-3.352006450676742189e-02
-1.917935014093255508e-01
5.430786094037388934e-03
1.035672849824671726e-01
-9.482129621990501023e-02
1.108039853485884713e-01
-5.201173681151093769e-02
7.069775395526130268e-02
1.665794324278161709e-01
5.588095270398311942e-02
-7.114999338115311767e-02
-1.422170170230583480e-02
-8.807002317537468081e-03
2.914263178790648876e-02
-3.509898951405304030e-02
1.144384584722453121e-02
-2.361978189149840229e-02
-2.735780414824279944e-02
6.877901533033114675e-03
3.271417109624735753e-02
-1.471980998841066965e-02
-9.497969958234684512e-03
1.080822880506400185e-01
-1.106185171847413051e-01
2.670995178689274455e-02
-4.800683459874034026e-02
-1.035285536937090994e-01
-4.440794063837669170e-02
-2.850195322933856551e-02
-4.013601354427116102e-02
-1.803247646403266513e-02
5.044498553015863695e-02
4.823114274532710999e-04
-7.321130227854635852e-02
3.790992457085195361e-02
-3.962826772513577955e-02
7.069058015247917104e-02
7.505131022950899122e-02
-1.101178727057336958e-02
-1.054668210039906157e-01
4.370842240446441013e-02
-6.324460764055184203e-02
-8.818154320044238603e-02
2.918397173222170640e-03
1.948788887695318203e-02
-1.126214574140435663e-03
5.354200314639046693e-02
-3.879951234716356306e-02
-3.239138620237858035e-02
4.827635944165085957e-02
1.052882367923081453e-04
-2.474574284634855834e-02
-1.358972590852714490e-01
2.417064298998093663e-03
7.959018974229507826e-02
4.330437064372531092e-02
-1.001871195443042178e-01
-5.081947252791682579e-02
-6.441353894944043534e-02
1.187121971327099734e-01
-5.386033158701580142e-02
-6.594645017120428880e-03
1.044048445729447300e-01
-3.864118144737609811e-02
5.456032082818145640e-02
-3.532478314505430039e-02
5.792831254041111433e-02
-4.032836566028298597e-03
-2.853887295173752198e-02
4.424819671682909961e-02
4.529412266993314978e-02
-2.871952234906940266e-02
3.057862420945719334e-02
-7.572637231757309295e-02
-1.508020299989486918e-02
-2.405444912370669971e-02
-1.966571223076482924e-02
-4.859073866761329935e-02
4.382059459342138585e-02
2.963715317262026125e-02
-1.809816386021451465e-02
3.584499254074045155e-02
8.834067118942787178e-03
3.540633986254208138e-03
-2.172405015932911757e-02
-1.169612457839619077e-02
-4.280303776950122874e-02
-1.240509194243766544e-01
5.621326643690090219e-03
-4.333339193679848489e-02
3.129814213597420514e-02
-3.045612609225320164e-02
8.231898838037129962e-02
5.818138836078078774e-02
8.467761154862403494e-02
4.637410607058873452e-02
1.983520237932450553e-02
-1.938318034139579343e-02
7.869331946921978571e-02
-4.494691786154336732e-02
-1.205312271452339268e-01
-3.462707647750114248e-02
-4.555763311253136980e-03
-4.099571047565721965e-02
4.570748588175814475e-02
-2.949795241358514272e-02
-1.947292533882681587e-02
-4.277242229803202705e-02
-2.249306007877741043e-02
-1.357725508571093302e-02
4.562817550655567933e-02
-3.909881934101809564e-02
4.292314461911117540e-02
-1.712246508858828731e-01
4.206294044914456187e-02
4.250307861175741525e-02
-3.011120385747592318e-02
-2.302660260286671853e-02
3.858038528036387971e-02
7.599238272174690945e-02
-9.169558339254464674e-02
-1.068373071859953782e-01
5.328544911861127914e-02
3.965881073395061173e-04
-1.877793602081234692e-02
3.252906524567202723e-02
1.383710616426373115e-02
2.445730525064877814e-02
-9.150489791758323332e-02
2.420835980157790696e-02
2.645078910355641230e-02
-2.346597990760874303e-02
2.080565847790743009e-02
2.680303006642455188e-02
-2.029584747312264750e-02
1.396460420461890541e-02
6.194437400195392657e-02
-2.857289416796187850e-02
1.985965852517268537e-02
-4.155595548788001969e-02
1.052228030154165606e-01
-2.694143373626165655e-02
-4.415812563745343672e-02
7.216229666263181131e-03
4.121371437131424176e-02
8.025238970920941378e-03
5.428293378727233609e-02
2.062366852146979568e-02
1.035851470267681457e-01
2.052685841523818784e-03
3.776793399962378311e-02
5.501803118447782387e-02
5.659688372910907234e-02
2.228226621722969908e-05
-1.051143264218321960e-03
6.155046701282592542e-02
1.947462821120439155e-02
-2.487773357127436025e-02
3.584905044938489077e-02
2.475903974342453032e-02
5.910724369560207275e-02
2.191455447765463735e-02
-4.779180167191227763e-02
-9.611239956405295826e-02
-8.645704072053754519e-02
-6.186589694727664956e-02
-4.186171165797302612e-02
-2.655205566303146802e-02
4.714373192259913026e-02
-1.140163635105693324e-03
-5.994871626941533985e-03
-2.725751583460167202e-02
3.215095511519559194e-03
1.014210498541581740e-01
-7.886251976716202039e-02
4.113994738917070050e-03
5.995704947466731077e-03
3.277413394273437537e-03
8.469362579523869242e-03
-4.088339336139150404e-02
-4.699920515846818525e-02
-1.876326233330343277e-02
7.382219868617027891e-02
3.597296158834899921e-02
-5.093476061101150087e-02
-5.722491755449030798e-02
2.016077708538633814e-02
-5.229122526939664062e-02
6.141257058156937565e-02
3.597386737152856451e-02
-2.765856039518462678e-02
-8.858280514898844715e-02
3.952787071751310416e-02
7.767271921381630785e-04
6.751312898990222133e-02
1.682057480110564843e-02
-3.188882146303029935e-02
-1.047201295820867489e-02
-4.409272809188904269e-02
6.655245534965857634e-02
-5.326258715115913048e-03
-2.314685437778539120e-02
2.130032478792992859e-02
5.705876068803141660e-02
-1.021865815661969490e-01
7.350767453489912007e-02
-7.052301026426016639e-02
-1.135703558729529196e-02
8.408214968637986453e-02
-4.019829519569785570e-02
-7.414516473667498442e-02
1.163012196966785317e-01
-1.270827568830071863e-01
7.387922679515553093e-02
2.039896183028400839e-02
8.667580547406539271e-02
-7.081666517107423203e-03
-3.815546427516767342e-02
3.101292912839366880e-02
