8.267822857984516438e-02
1.854779878821070926e-01
-1.470651094292060312e-01
-1.408913873855337576e-02
-1.237604753963202769e-01
-1.218475118308751520e-01
-2.157898574610027723e-02
1.814606890090676161e-01
2.138671655627641041e-02
1.323454239544211153e-01
5.241342115700979576e-02
-1.759002827062730312e-01
4.145235423751394976e-02
2.665979601154484097e-02
2.020434719383639235e-02
-8.304869497995388816e-02
-8.367838016641775123e-02
1.709061299882957685e-01
-1.704446982918812747e-02
1.178600082206351669e-03
1.099976486322812655e-02
-4.783755085124829706e-03
-1.610109437230662077e-01
9.902760723603859505e-02
-9.575177963182143759e-02
-6.330527691183415739e-02
-2.098257791941362041e-02
6.907080385515408996e-03
-4.410391723922234969e-02
-5.971548621310623917e-02
-2.214484445394076031e-02
1.508679901038104676e-01
1.940572645709039146e-02
7.716057668427239724e-02
-4.998395850583169792e-02
2.070354348840149766e-02
-3.593236897798701788e-03
-1.363846923465367456e-01
-3.795184163346339290e-02
6.086766543576994926e-02
-8.059647305574585419e-02
-1.193193658333890350e-01
9.118021707489840089e-02
2.968652803917729011e-02
1.392784944245953165e-02
-4.708247427567786858e-02
-2.278978625087421574e-03
-2.968721009941004737e-03
2.067712262885885999e-02
-4.088315702432365750e-02
1.652362709670969140e-02
5.452497194390854701e-02
1.043601695231849702e-01
5.929713200507648330e-02
5.717409388794180564e-02
6.012019921648082549e-02
5.039965626874438887e-02
6.049698364821930879e-02
-7.778125149608246247e-02
1.957502098644240199e-02
1.505874120627978888e-02
-5.049801653388953648e-02
6.009424502972902232e-02
-8.666835273729522893e-02
-1.054357426123378244e-03
1.046923328565382560e-01
-1.267554377762689644e-01
9.508099134185712953e-02
-1.171793839041563451e-02
-3.962260202046534452e-02
-1.046725531097882599e-02
5.366963251412264213e-02
4.351903264067860655e-02
2.772739976534652553e-02
-2.250870563916381774e-03
-1.783874691918866783e-03
1.929907377543118750e-03
-7.785545246982515655e-02
-1.107378634743589468e-02
4.526984536026219114e-02
3.855435210433788822e-03
-8.626407050880449678e-02
6.738044321093708544e-02
-6.619696101338046201e-02
-4.008482347083355130e-02
-9.779867828823610165e-02
1.180391387765016703e-02
-6.764508258124730944e-02
1.501074570463779671e-02
-8.276897848870901075e-02
7.901674976086364710e-02
1.138247244961950941e-02
-2.474945299330979370e-03
9.469835555127971427e-02
-5.315316932629666341e-02
6.266948908118246016e-03
-1.478588121526948004e-02
-1.941875739732677394e-02
-9.287255210399971220e-03
-4.779942727402781283e-02
-2.061340384395644182e-02
5.046516994899617747e-02
-1.126802633235336470e-01
1.816233065277200048e-02
-5.902405662662425258e-03
3.175701162048259057e-02
4.511882286556670452e-02
4.347351409461874122e-02
-1.296146342719917965e-01
-3.739973182399904117e-02
6.557003996575462568e-02
-2.941754502212160990e-02
-1.895556670346991088e-02
2.418653791384226676e-02
2.163821729262928664e-02
8.152971094369414196e-02
5.750643671083003478e-02
-4.888720565155634142e-03
-8.506770096263942260e-02
-2.478728938727438671e-02
-1.112994503312679517e-01
2.037755459505001532e-02
-6.029229378257783961e-02
9.698027780474009762e-02
2.156739072214338901e-02
-1.097470812415100513e-02
-2.262856875059434530e-02
1.051555235503951191e-01
-4.071231888497119783e-02
-5.620007597765595830e-02
4.676323418883999300e-02
-2.979221147734783734e-02
1.415336009415361918e-02
5.426661470732109527e-02
1.616410237865069377e-01
5.485333009912118918e-02
-2.901171918363041474e-02
-1.305910214441388106e-01
2.483266434170630296e-02
-1.762526206633531836e-02
-5.627894367930701136e-02
-2.328916203497426174e-02
-1.065625779126685123e-02
2.884228106265045513e-02
-5.965370591518112664e-02
-6.879453356297998701e-02
4.575583122505597761e-02
3.127748737894651705e-03
6.008627569437784144e-03
4.744489954462143694e-02
4.060555850959102903e-02
-1.066446764259484231e-01
7.720336698940123699e-02
9.845133813517181753e-02
-2.111267193433551820e-02
8.059080118644186205e-03
-5.756426823898654760e-02
1.252768747832769085e-02
-1.342828698924315722e-01
-3.447541652500130116e-02
5.236345127048350201e-02
6.338148816836815247e-02
-4.696293424541022471e-02
-3.105420239748564112e-03
1.741095156162126081e-02
-2.716136156797110610e-02
-2.486917251311236698e-02
-3.839690388429168461e-02
3.406722142464894965e-02
-7.127346352998654988e-02
-8.180152989540183384e-02
-9.381056441357731035e-02
-1.544399754406726877e-03
-7.881730098964233322e-02
-1.457623743846376760e-02
4.776428322308726160e-02
-1.115416176118041482e-02
4.596184931325596884e-02
-2.957276757193460365e-02
4.549234058776934625e-02
6.312165911759423653e-02
9.307717017382720337e-02
-2.028867137734951392e-02
2.389256995352343621e-02
1.105404249859289227e-03
-2.117764714598249776e-02
1.851754044241113104e-02
-3.091524159953788417e-02
3.488551421442397799e-02
-5.403180649771730654e-02
-1.564122064505538146e-02
1.415790476917820895e-01
-7.524072072068571648e-02
6.539421201733092159e-02
-5.667356937081816787e-02
-5.743018955638905243e-02
-1.330266585353186981e-01
7.313003148355466665e-02
6.015311759718815904e-02
3.638159538602582510e-02
-6.961641614345374929e-02
-6.892556092348356422e-02
-5.519087811852257247e-02
-4.982525385904094245e-02
-3.343602852609161864e-03
4.550888952289047773e-02
-4.396675133662395624e-02
8.524442635873781537e-02
-6.192288441166102220e-02
4.590251007300600455e-02
-2.814173340779370369e-02
-3.767628929942904228e-03
-8.400505112000199864e-03
-6.336486743743303951e-02
5.851509610135860462e-02
-1.896292577440230123e-02
-1.452734448914709542e-02
-2.625691380142660888e-02
5.952702220142302297e-02
-6.418079096534691497e-02
1.143782702219389366e-02
-7.544110283748871326e-02
-2.800463930100928478e-02
6.662744871397191515e-02
-4.820496592926309942e-02
-1.133623594541989348e-02
-1.808041162902703294e-02
-7.519857657788266148e-02
3.539070545945596086e-02
2.359899687018146563e-02
-3.943998936762105334e-02
-5.924841854529475094e-02
-8.017047259352781674e-02
-1.530248799472341478e-02
3.322401548742474203e-02
-6.533688305987224443e-02
-4.455666164214591024e-02
4.004235624686760392e-02
5.359557513200788326e-03
-1.586529538046997992e-02
-5.850910115089173053e-02
5.480845771538708777e-02
2.891393328499706691e-02
2.999485516229103386e-03
-2.158648840866061666e-03
-1.815436131742082654e-02
-5.771231120740208387e-02
6.143065231105145074e-03
3.459183343736104560e-02
-2.613443014278601234e-02
