1.029269309202098526e-01
2.018222464137015004e-01
-1.632452305230734646e-01
3.635026701031572605e-02
-1.242753645416300873e-01
-4.470796282637563845e-02
6.597164715316038153e-02
8.283140601549023041e-02
-4.980980132123602293e-03
6.961113743211309879e-02
7.870520278131733216e-02
-1.314865456638271146e-01
-8.266836287147255255e-03
-7.809949560263136289e-03
8.624084769996193112e-02
-1.781374939481510378e-01
-6.617601205101864004e-02
7.026710732892095523e-02
-4.361975426637804826e-02
7.261340277026080703e-03
-7.359117833900019612e-02
-3.246246647624572573e-02
-1.891968453843604347e-01
9.821559508152728768e-02
-9.028440742645364725e-02
5.090204884965411798e-03
-2.502051181651789372e-02
-1.169440154786485081e-02
-1.571340986973547016e-01
-8.851495952619679863e-02
-6.330444358842689245e-03
1.679517679291881171e-01
2.545092086153422778e-02
5.537988398409460916e-02
-2.308726130809594587e-02
5.160410441177292612e-02
-7.076766324428322708e-02
-7.084485241854185378e-02
-3.521914872598742863e-02
1.272507034236410872e-01
-5.485347176662154489e-02
-1.733555624648535909e-01
7.364944995176789244e-02
1.422182918837062715e-01
9.844177731307579560e-02
8.835433285901190051e-03
1.564996699654562159e-02
-5.352865560359685443e-02
-8.890335639542029655e-02
9.555249952740951791e-02
-4.310728857233991212e-02
-6.441025790820620323e-02
1.712626173588822649e-03
7.850318531809663547e-02
-2.705846481399458089e-02
4.917461312519010030e-02
8.505653240421479772e-03
3.180991416810137473e-02
-9.512775194240140342e-02
-5.243820317225453276e-02
7.311813573843403691e-02
2.180697736098968428e-02
9.023331620198906874e-03
-5.861761772904826306e-02
1.130203475241604860e-02
1.072784188373933911e-01
-1.116694334113417231e-01
8.125058139258092837e-02
-4.589476364115079032e-02
-4.784441167093805847e-02
2.409790096176118654e-02
-3.913491134912249619e-02
6.248484368894199198e-02
6.500339940736168942e-02
2.329673532840065286e-02
7.407885788495349733e-02
-3.829135380789541743e-02
-3.766400190100722967e-02
5.469073931248239623e-02
1.744354514403268636e-02
1.606021572055701951e-02
-2.031342207284148396e-02
9.172980578343423175e-02
-9.515709487537092615e-02
-4.457971694875006302e-02
-3.046642209126902354e-02
-1.262015382250417442e-02
5.082851891174228372e-03
2.283777733565986456e-03
3.519729687119953904e-02
8.436831980223806482e-02
-3.975187240562970403e-02
1.390896448072039861e-02
1.060622750896487165e-01
-1.725271251643802073e-02
1.829839108417862306e-02
-1.086603328958669901e-02
-4.653771908415923336e-02
-3.835873899043246160e-02
-6.053913106428240182e-02
1.702266392195704234e-02
2.869959779443062922e-02
-6.680840403815806183e-02
9.329706361498230766e-03
4.062373724689796219e-03
7.443991404486894996e-03
5.910343313573056256e-02
-1.345428710408339522e-02
-1.226199398267830143e-01
1.762043124819243425e-02
5.402096097663005442e-02
-3.180245761101735402e-02
-4.157731352621189813e-02
1.212619143678563514e-02
-7.780592818854578652e-02
6.845606150604262308e-02
5.255757712779403346e-02
3.454830023610914319e-02
-1.117903262951761290e-01
1.313274034038395266e-01
-1.118997926957012064e-02
-2.379504737241820711e-03
-8.513903782750553706e-02
5.674053304643972284e-02
-6.860940422163153141e-02
6.240772355687859013e-02
-1.917115347398476791e-02
7.254460222272170189e-02
-3.753706782509088485e-02
-3.853020528226724917e-02
1.932118216420300461e-02
-1.812968648015272910e-02
7.023020427557458145e-02
1.745869990588399742e-02
4.406680248044297921e-02
4.404184372687008908e-02
-3.823114901366149454e-02
-5.504340684567832903e-02
5.395153904933394640e-02
1.485957194563978026e-02
-8.549205057167759414e-02
-1.253271188225502618e-02
-9.936242046526867072e-03
2.876135603805705238e-02
-6.228110017084073635e-02
-1.161807540104650704e-02
-6.971086888311182894e-03
1.300411473068465162e-01
2.518341687614510452e-02
6.882243391499019702e-02
7.238487310407472342e-03
1.139513815267343202e-02
-9.492300731246945331e-03
6.263632226525989166e-02
-9.404927833193018477e-03
-4.677915964085190698e-02
1.710106133463205544e-02
2.994504995404719677e-02
-1.398202838381448487e-01
-2.410428736481925668e-02
5.510071186771290513e-02
8.601490711609668938e-02
-6.148024522735871106e-02
6.674378054342991820e-03
6.992489968830120466e-03
-7.722921873185321917e-02
-5.547954639289811966e-03
4.609229336168203101e-02
6.834245257380419658e-02
-2.512210740678762905e-02
-6.751467117418542829e-02
-1.380260497898031652e-02
-8.090364436158844347e-04
-9.334408134992874806e-02
-1.040545280525818211e-02
9.420117116141941971e-04
-4.450114693058698778e-03
9.838502462860300446e-02
-6.598845892769704402e-02
1.838331298430215255e-02
-1.532470921485297455e-02
4.667718431850845229e-02
-2.708311287768897305e-02
-3.523616762710973793e-02
-3.192890839156715260e-02
-4.108645803927836460e-02
-9.224106323905596067e-03
6.141479322628788651e-02
3.455151069818698101e-02
-1.381599916485345969e-02
2.700229898818117674e-02
1.515326018356699112e-01
-1.249446250610182670e-02
1.574393342424328449e-02
-8.557628204984889242e-02
-6.871282943007465949e-02
-1.327411804354082514e-01
6.483086296150095129e-02
3.972097602326768451e-02
5.356645620548110276e-02
-5.056236124915999830e-02
-5.333150561513933657e-02
-1.245169086616156051e-02
-4.824185306773570020e-02
-2.532239881512776333e-02
-6.062353514794176397e-03
1.752643029939715894e-02
3.936495994360347805e-02
-1.499177394105160044e-01
4.872956713478662077e-02
-6.244693952376490116e-03
-1.887092348806023584e-02
-6.527570182531876319e-02
-6.760052514394446210e-02
4.165508955912991529e-02
-2.746709104641825716e-02
-1.530596425885009590e-02
-2.268122415799310801e-02
4.380471830737880934e-02
1.384057818635262699e-02
-2.446199497826642352e-03
-4.146553421214686785e-02
-4.092268995221087433e-03
-2.274595121601409586e-02
-7.005273131275545351e-02
1.199483866037505050e-02
-6.474890987577198997e-02
-4.299361059790625383e-03
7.207325115593848919e-02
4.644147426401923351e-02
-1.172213579768568159e-01
-1.440551594875977802e-02
-3.934700897284565402e-02
3.655970650952282408e-02
5.528798882225361561e-02
-6.680453767522560871e-02
-1.185364737114527785e-02
-3.767535934212131593e-02
8.083391174441383747e-03
-2.238782934939559377e-02
-1.096738723217315775e-02
-6.838629436777040466e-04
3.722737905842087719e-02
4.719082372986536239e-02
3.794828313983539259e-02
-5.896372625369806358e-02
-5.659492305671571730e-03
1.767666611620106326e-02
7.271451506516399266e-02
-1.025987733663178900e-02
