1.517581799862714464e-01
1.040208232090035073e-01
-1.391964484521842349e-01
6.104105624285158238e-02
-1.670521313200990302e-02
-1.374709252021348305e-01
-9.734749276089574299e-02
7.103471173272109251e-02
-1.031272183858360399e-02
1.282810300304189632e-01
4.368640477377352949e-02
-2.009321302605399373e-01
-1.801567808677715932e-01
-6.056289834632887616e-04
-8.746184145971176715e-03
-9.973951879784488661e-02
-3.069064266788336034e-02
1.102522797978080921e-01
-1.732686785966283949e-01
-7.782636276568584421e-02
-8.054271933980641784e-02
-1.319367792682488716e-01
-8.302395393953963809e-02
8.973777270960803243e-02
-3.244513661951017869e-02
-1.000772747820887904e-01
1.887766244907661609e-02
-5.754333864911403279e-02
-2.314891897300523638e-01
-2.811122565390183903e-02
5.812579107131539413e-02
1.737242252138711529e-01
-1.136570085055069353e-02
7.138773033047894623e-02
3.555012455625450318e-02
1.660600614416922471e-02
1.233360492422706095e-02
-8.881869486712674899e-02
-7.003398597396495728e-02
4.743662676284488011e-02
3.081786644395682895e-02
-7.605222526518458370e-02
1.511586277841146242e-01
8.263129494279415621e-02
4.321905789515654434e-02
-7.401371244772755875e-02
2.668374732886096348e-02
-1.550132502892362651e-01
-2.755223243395340041e-02
3.904847809222179722e-02
-1.539976505483288058e-02
-5.887160998631423003e-02
4.973739508982518050e-03
6.612110409457362670e-02
-3.726183372786882886e-02
9.880606159494652319e-02
2.827925572305079599e-02
1.476397121160521186e-01
-4.506032263102008328e-02
3.182240785609144473e-02
4.463074365482534722e-02
-1.959366273952504664e-02
3.887822222526872429e-02
-4.619300640244891620e-02
-2.410418899438394186e-02
4.475033612414183737e-02
-1.104674049220822768e-01
9.062918706509525898e-03
-2.693112885623291305e-02
-1.278698580487630243e-01
8.261030884921248194e-03
-3.806163707214849784e-02
1.630902112287693426e-02
3.102362908540415992e-02
7.036771432408713001e-02
1.012291781409055680e-01
3.541844918457279917e-02
8.886833369117096496e-03
-4.779243644038885103e-02
-6.211919030301759140e-03
-2.677129537582292884e-02
1.480141407688781788e-02
1.540520589390961120e-02
-3.207321640547926289e-02
6.360870832558276899e-03
-2.081756889079883644e-03
4.066603248370955978e-03
4.412732471973210280e-02
-3.912722893833892046e-02
-6.748703734382445474e-02
6.208223499344445867e-02
1.085267565477586876e-01
3.792324897693056390e-02
1.020209968771895043e-01
2.680747342267081335e-02
3.899562422690496834e-03
-6.617120221022821346e-03
-6.226213598421537904e-02
-6.005329663955752406e-02
-7.755340222862848465e-02
-2.893607805600879705e-03
-1.646662880548280250e-02
-7.043551283180303491e-02
5.821132530121649051e-02
-1.390279237613010338e-02
-2.434860279135039884e-02
3.521166196953309790e-02
1.872316381737174421e-02
-5.964053480232724136e-02
6.930569080040806587e-03
-7.458648441598721146e-03
1.703943610386631988e-02
-2.700380292104355429e-02
6.590612029079494227e-02
1.363569663963596842e-02
-1.313142978156972562e-02
-5.503126085123804384e-03
9.232637555579702171e-02
6.791590971754168926e-02
7.697317560423123928e-02
-3.656653689001108931e-02
1.962977012612518446e-02
-4.712423780754314284e-02
1.718390098039072889e-02
-4.337797279234577308e-02
7.752029790255772490e-02
1.171437384307194053e-02
7.852830166683207047e-02
-7.222576086879123336e-02
-7.378625711022106237e-02
5.746264464618379419e-02
-4.619286508195340896e-02
4.512964033406259914e-03
6.369660967378347471e-02
9.437022322195914859e-02
3.028621873988754723e-02
-3.404534392017537214e-02
-4.617438742716684086e-02
5.162123262495795645e-02
2.156653218682253598e-02
-2.829356442322012583e-02
-2.608408913633252987e-02
-1.106786790628540816e-02
4.258954574795383030e-02
-1.024183194502864547e-01
-6.024934349693926439e-02
-6.470659192499483847e-02
3.725190596305998775e-02
3.267351054023744095e-02
7.749853454625077465e-02
2.027023461172910643e-02
-5.261178330803812503e-02
-3.130920247668486124e-03
1.051604670148357096e-01
2.792598981442581587e-03
1.499643636067718618e-02
3.897718190224228052e-02
3.229070864805305696e-02
-7.316056061639683583e-02
-2.438032924259004794e-02
1.540471127217536533e-02
1.448280701978410002e-02
-8.616225818309797280e-02
-4.606447541179208016e-02
-5.229282294969566161e-03
-4.160510717630402228e-02
-6.539503471882085472e-02
-5.363229393616419233e-02
1.136032360569693700e-01
-1.039292121977959324e-02
-2.632800831156474077e-04
-4.981819508312704953e-02
2.265505330340776211e-02
-1.540001236570000612e-02
-1.835763835576217917e-02
-2.331367747268337995e-02
-2.302919931524279734e-02
1.222093715919004946e-02
-4.601893488211734884e-02
8.133326619163086524e-02
9.124958404033824480e-03
3.312467622211973106e-02
-6.006555619254211331e-02
4.047630971850142007e-02
-3.138286578496399942e-02
2.011015382045200361e-02
-3.843451119952404071e-02
1.485945793740186816e-01
-2.978788734263228960e-02
1.912935425156130076e-02
-5.367560866803480074e-02
1.190313916192306670e-01
-1.453619083695905159e-02
-6.478195107921996820e-02
-4.293334318338034444e-02
-6.586898833060245151e-02
-1.517062093740514650e-01
3.516877119914899041e-02
-3.739541692623977315e-02
7.133399321206525256e-02
2.090356241231030449e-02
-1.962164419763395840e-02
3.382746304623895223e-02
-9.154497920605617067e-02
6.614371537385355104e-02
-1.449354737744206444e-02
8.393730830195319246e-04
2.221491062017443702e-02
-4.278901962735143227e-02
4.601897021224123085e-02
-1.233081384444094375e-02
2.399908187585616040e-02
-3.265824792672349097e-02
-3.668090050099408889e-02
1.924622630133942386e-02
-1.945315483687462890e-02
-2.583430516053709242e-02
-6.028612215589302520e-02
9.303481519973621832e-04
-4.314542991700128644e-02
6.135560033570968547e-02
-1.455972069945972620e-02
-3.986089429072479234e-02
5.634554145938378521e-03
-6.983528935729259833e-03
-6.741973345784280092e-02
-2.473684552261151692e-02
-8.014571473782433619e-02
5.878367330798964403e-03
1.509094444204250526e-02
2.158465654037034984e-02
-8.745827311720040520e-02
-7.833186617808769736e-02
1.307991846096014316e-03
8.914881954461367775e-02
5.171800183425126485e-03
-1.705134235561215489e-02
-4.017070414698366114e-03
2.592768267793841078e-02
-2.545800401114568096e-02
1.918189014576325915e-02
-1.369264879932228368e-02
6.106656459228924222e-02
5.097207692888081065e-02
4.794909020965009566e-02
-4.274118263962483483e-02
5.170351648346257004e-03
4.572290377416968199e-02
1.461207994304230574e-02
-4.451030326253586564e-03
