2.194629066870151368e-03
1.842095138551243239e-01
-2.031598617168770687e-02
4.294994135866197355e-02
-1.862790684466361091e-01
-1.258407591956501037e-01
4.765047166426945586e-04
1.442581170938241064e-01
1.514242020332145708e-02
1.610243938787881690e-01
6.334243525133313735e-02
-2.050987611811302264e-02
1.838051805421101956e-02
9.034615399750438314e-02
4.818862750156664015e-02
-6.866373766662556277e-02
-1.729911592011306593e-02
2.985908945660630670e-02
-1.828275483676704560e-01
7.063446192955298575e-02
-6.387485960830037446e-02
1.624120531394645682e-03
-1.480634052547349644e-01
6.771314148821594436e-02
-2.973552326554528349e-02
-5.356072139057257986e-02
3.133034537446376111e-02
4.844922132104259593e-02
-8.847188451539297893e-02
-1.152638778533226216e-01
2.048606407976849009e-01
5.436716329726224567e-02
5.731521807776993743e-02
4.146511088212830737e-02
7.899597529592165823e-02
2.628411630790192851e-03
1.495867346879586890e-02
-1.176646516765341398e-02
1.412896627681946467e-02
1.681322213371932300e-02
-2.972496527546378275e-02
-1.218315887048439239e-01
6.994932378747829860e-02
-8.273052492328647478e-02
-8.318161504951868124e-02
-3.124637164620837348e-03
1.573966307796762637e-02
-1.439581947612945390e-01
-4.693841064748693198e-02
4.384096030732596849e-02
-8.960603889279101023e-03
-1.458416647776198186e-02
5.640462914034773817e-02
8.359567679625078129e-02
5.706876442358170543e-02
4.804579297860687298e-02
3.123551199926740199e-02
8.235239804993892132e-02
-3.000392245626006676e-02
2.278994949042847940e-02
1.128411584935845764e-02
7.188860032280580811e-04
2.813496967629684764e-02
-4.738859580314074699e-02
1.530143107537038256e-02
8.324730083066861352e-02
-8.607371248259441943e-02
5.631929795622472174e-02
-4.628943362144140317e-02
-1.409935865606233296e-01
2.660945323084195485e-02
1.487782943045750338e-02
1.992017466495363959e-02
5.589452739098139944e-02
4.410223285473573174e-03
2.969427169001255529e-02
5.915754963988479817e-03
-6.346438003677450090e-02
9.644497696808463499e-03
1.478940626352491690e-02
1.234979789036720205e-01
-2.957338270357934285e-02
5.407112479679838241e-02
-3.405604134243351427e-02
-2.116665851539737894e-02
-1.055981133479214212e-01
-3.908677278784000036e-02
-6.655180028635804268e-02
4.568129339274681899e-02
-6.355970360436750954e-02
2.273527418464927133e-02
3.987526611139110590e-04
3.895558976107732496e-02
5.530278975402058705e-02
-8.060870828087124407e-02
2.768542554146942100e-02
-5.092020577829609040e-02
6.537575331260091216e-02
-1.316385286204777884e-02
-1.334996006149873349e-01
-5.719410284869212713e-02
-4.576010124728376038e-02
4.015211169417109982e-02
6.709380224861349884e-02
7.561338380934522208e-02
-4.617122183963599975e-03
7.710941329678679124e-02
-9.129833387442621781e-03
-3.212898190991460290e-02
-3.180304167325562897e-02
-2.647333057300543455e-02
5.266344306207454418e-02
-5.713810779415273017e-02
1.938722240848233733e-02
-2.284579371653814792e-02
2.413021091706043023e-02
9.286921197012415127e-03
6.269391071057682507e-02
-7.003695510515478562e-02
6.943439552836043471e-02
-5.198822188925499715e-02
8.675613571293386284e-03
8.082141407390610547e-04
8.038612322568870761e-02
-7.373244016921803867e-02
-5.561372256192085445e-02
-4.290307142412159297e-02
1.453048663961902520e-01
-6.211834942270516580e-02
-1.288940168058985147e-01
1.432655151977330586e-02
-6.633845347249681113e-02
2.861516968946807050e-03
-8.321015932984617697e-03
7.276400852899216065e-02
-1.489400577954666516e-02
-5.930147766896014250e-02
-6.209625305774887916e-02
2.107408756664705743e-02
6.727758669024651306e-02
-8.439857423484165011e-02
-5.905147954667312737e-02
5.463872988500147881e-03
6.242856579556418928e-02
-2.453190473255418766e-02
4.907210502874383845e-02
4.924510523765075580e-03
2.051971767315327946e-02
4.553046496301106638e-02
6.748867107766171047e-02
6.178927949612916803e-02
-9.954442578493959137e-02
-3.261623315217596769e-02
1.320161653014287062e-01
-1.481915717129029392e-02
-2.582420271853016688e-02
-5.094690241035931821e-02
-5.878730355199093816e-02
-8.189308777428609687e-02
-9.404303422454267022e-03
6.411509158976200218e-02
8.048872426501646471e-02
3.914898951510599467e-02
5.162759111375678917e-02
-3.592789756966914549e-02
2.816332542108717502e-02
-2.015444892344070622e-04
3.899359852537073734e-02
6.279421161635109772e-02
-1.486150602364935125e-01
-6.037737456537274616e-02
-6.856690581473520729e-02
1.778191772369722796e-03
-1.248426897689811632e-01
-9.982164843879391680e-03
9.361841448772907637e-02
3.510165943157666363e-02
6.780469434506555815e-02
-3.174825324615410983e-03
-1.454363133727049908e-04
-1.373624675289498304e-02
4.801920946786594757e-02
-5.715341687977090745e-02
8.279372203534574037e-02
7.860272787249310625e-03
1.003684014965860495e-02
-8.875272705156094996e-03
5.642016446861052026e-02
3.467824632220094933e-02
-5.040112973736048108e-02
-1.108962258921419690e-02
1.026786782619560912e-01
-3.280503263909770317e-02
1.326128802765708103e-02
-6.692483670020201586e-03
-9.144237502482385760e-02
-1.291432984931442929e-01
1.063958449127938438e-01
1.815386063142560708e-02
2.576858473506510316e-02
-6.080700934747505088e-02
-4.722671919092683718e-02
-3.969065211339454363e-02
-4.455833802625667334e-02
2.405302446814315542e-02
-7.097356194670641216e-02
-4.714975898465417065e-02
8.187679830387463442e-02
-7.188535751156649445e-02
3.588238509099637985e-02
-3.140839908685201520e-02
2.425811342547634988e-02
-1.229383677222449338e-02
-6.238369433771780159e-02
3.708908794309731527e-02
2.591138155091743389e-02
-6.468857898672479567e-02
1.058917385935095185e-02
-1.452930263644560023e-02
-2.342048774093881749e-02
2.674297409826553729e-02
-1.249675757088023753e-01
3.240058620476126729e-03
7.136220910302802298e-03
-5.734919218156792065e-02
-6.918345472838756394e-02
-4.802818375943522511e-02
-7.110926982636114890e-02
2.804583007432301725e-02
3.285318461529083967e-02
-7.936441144265867290e-03
-5.249949255895177552e-02
-8.040674901345506997e-02
-6.322671213861838502e-02
9.506044739732523452e-02
-3.448989932056842345e-02
-2.767188868990063874e-02
-1.344940878664500558e-02
-5.028578369572005158e-02
4.858915239672994407e-02
-2.675624700008228524e-02
7.467553263324828994e-03
-1.380328998991252852e-02
-5.171729632234214197e-02
4.600840254973624643e-02
1.312312918601912619e-02
-2.678177471181505953e-02
-6.454510344293865054e-02
3.352316450017708144e-02
2.338568408077729144e-02
