8.719363677564935522e-02
1.606646150364884063e-01
-1.840153280026573523e-01
1.518466265257404912e-01
-1.063027041221311364e-01
-9.666880742607768251e-02
-3.903020670554777083e-02
7.273897315597041557e-02
3.363468256438251897e-02
8.396136210685564705e-02
-1.071826658336091226e-02
-1.799469436518421617e-01
-7.532465915287381297e-02
1.898124184809806547e-01
1.743832614073516363e-02
-6.522809891008238270e-02
-7.278303635089784784e-02
-1.709525263901587669e-02
-3.120209153388032314e-02
6.552841140394477515e-02
-4.848887125500087741e-02
6.348936242270653528e-03
-1.240065004540304994e-01
5.799381623682583337e-02
-1.175338212458134912e-01
-3.200765261111183230e-02
6.072485446619750593e-03
-7.186770442304440780e-03
-1.475720390925931991e-01
-1.287647975925152455e-01
-1.009251290459922505e-02
1.288238887301215996e-01
-2.190158992212997563e-02
2.401774949449120983e-02
1.477222129366469704e-02
1.236074681025231894e-02
7.073765240553264722e-02
-4.713241465844109079e-02
-7.215759942034249974e-02
1.006776431140995465e-01
-5.065293019501085348e-02
-4.582955889724429910e-02
1.185258766280932741e-01
-5.222086901067519993e-03
-5.455368435617798800e-02
1.384305802746743468e-02
-2.454999206389014282e-02
3.819550479333230775e-02
-5.218708253533148322e-03
1.161480830372891571e-01
-9.358427819842241036e-02
-2.738795041002660413e-02
7.566667682723861310e-02
5.707482410747684309e-02
3.563107612049933037e-02
-3.627470847579706225e-04
-3.935350104149292275e-03
8.279988162842520649e-02
-6.601138203013412822e-03
1.432694370403067748e-02
-3.017170961863252163e-02
2.476812599532799211e-02
1.733274340528605933e-02
-1.158954587456045987e-01
5.877491731367830846e-02
1.024919768400569531e-01
-1.175352642098646400e-01
8.014602437866684415e-02
-1.921264400995735533e-02
-1.253292057694917194e-01
1.388993676200683640e-02
-1.953231333865208807e-02
1.051853924213635820e-02
5.577348169882148654e-02
2.038228955326252395e-02
2.091206852550097760e-03
3.795414266009565496e-02
5.381333821520887378e-02
-7.193869121551135781e-02
7.508762591179056478e-02
-3.182728210471962027e-02
-2.163161486758662100e-02
7.699008602760282205e-02
-4.313308141660964629e-02
8.331146517592126488e-03
-3.573060544578268195e-03
-2.280013419504699906e-02
-5.043173436424498723e-02
-4.488554365959386561e-02
-1.233068740546995889e-01
-2.001556551880263879e-02
-2.982307542617958218e-02
-1.131607603147373638e-02
4.517575540509830012e-02
7.678961960723012202e-03
-1.066980410778977338e-02
-2.801528782982002849e-02
-2.187283622384266976e-02
-8.885234154955477803e-02
-1.177072232916660660e-01
-3.641914565789143576e-02
3.501380425481871728e-02
-9.449584434204481853e-02
4.422420859898582718e-02
-2.021406106144695014e-02
4.943531489556663577e-02
4.658662230465952792e-02
-7.274544889707795260e-03
2.815258058014900866e-02
2.016151605343844896e-02
6.081118594954972034e-02
-1.026200838924018477e-02
-5.943283853250681814e-02
5.887110318567243678e-02
3.849363524399542630e-02
1.339841393424611067e-02
-3.323005432789640900e-03
-2.257876239305537519e-02
-7.083851911213169539e-02
2.036740238756419921e-02
-4.597579098584130691e-02
4.181449382783093693e-02
-4.674939568847689270e-02
1.012805557277590834e-01
-5.714841527408486476e-04
1.064666389160384419e-01
7.088381410563936169e-02
2.011009726127473488e-02
-3.638542957103802628e-02
4.945988047868113240e-03
6.666807145038239346e-02
-9.403979731339499881e-02
1.061422183642485029e-01
4.070327073147426283e-02
1.185576218372183105e-01
-2.175490030834601948e-02
-8.833086841917164866e-03
1.053142033586114759e-02
3.202190628039746495e-02
-1.213103397216021805e-02
-3.932045364529735548e-02
4.438346255828822667e-03
-5.370131493289737740e-02
5.597229398967214914e-02
1.075881035377336883e-02
3.993234079147006677e-02
3.922718889565065398e-02
7.568219748934963687e-02
3.161104866251985418e-02
7.148908473372392325e-02
3.590759730464053445e-02
-5.956689341228203066e-02
3.258142438978741534e-02
7.510986867472517481e-02
-4.465530290782451783e-02
5.675635138311718904e-03
6.312914932359935116e-02
2.746470905869810228e-02
-8.894078468761596953e-03
-8.152366791080674358e-02
3.672466690003599321e-02
6.330691545585048763e-02
-4.032785371846240446e-02
-5.927485156602981670e-02
-9.773888844985434421e-02
3.582841025305370103e-02
-2.812224314082997084e-02
-7.081940863701541300e-02
1.371593641398671445e-02
-4.857611778872698155e-02
-3.433184536655295438e-02
-1.048382363872069206e-01
2.092558311563846168e-02
-9.011563897920331356e-02
-3.828109719753638313e-02
-2.379275268524917025e-02
2.899710168676124245e-02
7.716017981441133933e-02
2.422518437540355229e-02
-5.313718637739281436e-02
1.039352928336461854e-02
1.004449739594148600e-01
-7.569296692836543876e-03
-1.444487961952732602e-02
-4.568705739863316607e-03
1.723547706996582940e-01
3.148297680442008889e-02
1.965612669308873864e-02
-2.080602826486492585e-02
-8.845017691022914394e-03
2.533735771637926279e-02
9.792654416499253778e-02
-7.594678782438508968e-02
7.036892229909923191e-02
-5.314517547104179868e-02
-3.963702588041891767e-02
-1.905129599306854826e-01
5.213379844817483261e-02
3.699766865966222507e-02
9.280328270430537874e-02
-8.163896425791716815e-02
-3.399169298718109078e-02
-8.937631347134353255e-02
-4.218171058172291710e-02
2.379500511693875137e-02
1.757389437305181476e-02
-5.886768934389292190e-02
5.088468429932163639e-02
-9.420070540221943400e-02
9.717958150593529465e-02
-1.386941851708456061e-02
4.607982517450381899e-02
-8.912738457539969017e-02
-3.765509715905864668e-02
1.175515239511237958e-01
-2.878808306481716456e-02
8.148030860078231408e-03
-1.212212982813734401e-02
1.121615956949373501e-02
-1.308817666325149363e-02
8.526861714869615272e-04
-1.436083576210983939e-02
-1.430431380439941939e-02
-4.485154601877925197e-04
-1.377819503365653809e-03
-6.102544851402110643e-02
-3.768036662707612700e-02
-8.292151293966256928e-03
-1.438677392078516887e-02
-1.386255563928037032e-02
3.695951809791994669e-02
-3.816492099429721896e-02
-1.244475899284916975e-01
-1.643141878700221312e-02
7.887860922233579097e-02
-4.597952157582718344e-03
-9.282130215782204369e-04
-6.042373250469666029e-02
-9.091307018580522398e-03
1.002208922005467205e-02
-5.131563783117973343e-02
8.161316687622244270e-02
3.892596135141435099e-02
-3.618496315066532104e-02
4.723377408447222703e-02
2.614974647716981210e-02
-1.638475121793370876e-02
4.603125711619723663e-03
2.682072476094886707e-02
4.404630168975409016e-02
