-9.868113626480424366e-04
5.106110572254817653e-02
-1.300815498686248295e-01
1.856761555285399434e-01
-2.014705011741485530e-01
5.713871354551727788e-02
1.719624378860265881e-02
1.256418492912068363e-01
-6.550284626557023593e-02
1.002574951065958869e-01
-1.231107603010819646e-01
-2.623343699014248076e-02
4.047349023766804582e-02
-4.918634066506656632e-02
-1.037027459370051530e-01
5.811211530006548526e-02
-1.596622626791104407e-02
1.624467083913848711e-02
8.693252030547797549e-02
-2.461650984030198247e-02
-8.318998355575163428e-02
7.425840374863861004e-02
-1.060020693714399942e-01
-1.056218815205284961e-02
-2.890405380125550885e-02
6.482394666359433955e-02
4.881637127501089329e-02
4.860684190490411477e-02
-1.464130945992252741e-01
2.218699438798647436e-02
5.051212655145345676e-02
4.298566998295342417e-02
8.557994915126636293e-02
-4.100539337616982555e-02
5.635470977473863025e-02
-2.974285024918133305e-02
1.043052616953744072e-01
5.755111840424331771e-02
3.392732694382829400e-02
7.042064180721596678e-02
-1.384116663169916162e-01
-4.938134013070061279e-02
2.376260636552951153e-02
-2.177319764588804898e-02
-7.982247450394647226e-02
-6.140775564213053067e-02
-1.207720907000959659e-01
-1.839754098409817351e-01
1.382275982280870529e-02
4.759154785568452985e-03
2.318256443136807940e-02
-8.674033855496365852e-02
1.269781252254490421e-02
1.503546367228281513e-02
1.117570318390146041e-02
1.290316624253451394e-02
5.505798369729720393e-02
-8.135137351757718016e-02
-2.466434310058721047e-02
-3.870994005647771657e-02
-1.901924436398141627e-01
-1.872731549822928554e-02
8.121717559145402721e-02
-9.245568326898760680e-02
3.928604397914654128e-02
4.799987890941821017e-02
-1.567773976737744934e-01
7.119697324525901816e-02
4.211316279871586687e-02
-1.882773479129082328e-02
-4.499100049043999738e-02
3.904708136797000601e-02
1.494600970432569467e-02
-4.418547344995173848e-02
-9.291918043199276500e-02
5.772659755428899420e-02
1.037252197612129750e-01
1.968992166954774969e-02
-6.331032441868495462e-04
1.258557919500553346e-01
-3.028307073954249543e-02
-3.218221073022836665e-02
5.649291360910425885e-02
-1.341292825090284191e-01
-6.349133715384525090e-02
-3.483031976875863162e-02
1.709202227754825359e-02
-9.447550973257198836e-02
7.393884769536332446e-02
-5.055391700100002328e-02
-2.789113613828146307e-02
4.071615322171263929e-02
-5.176516107035187414e-02
4.718386182107463939e-02
-5.834598565500158374e-02
-2.722398267403351724e-02
-2.740156662332524432e-02
-5.620007492690382717e-02
-3.171935858634700178e-02
5.033868430390395221e-02
4.650214450397901871e-03
4.506813119829524567e-02
-8.397531131315280617e-02
1.235528360395023173e-01
7.466476579662598145e-02
-2.543208559977138371e-03
6.231505991067778222e-02
-1.615457185205757332e-02
-6.850832984705482187e-02
-3.042629893339870301e-02
5.647614311188572933e-02
-4.176274767262348753e-02
-6.762278648684173256e-03
-6.016762150570790363e-02
3.021361236442285034e-02
4.294415112040634447e-02
-2.437697010675152903e-02
-2.617732032637279382e-02
-3.746478156056451403e-02
3.973966216504522947e-02
-9.725859750984894303e-02
1.397091053103067040e-02
-5.783275412271476207e-02
5.793843541389143842e-02
-7.214362368035742712e-02
-4.545025410657810988e-02
-9.811114304962396601e-03
1.457104990315438373e-02
4.424254066821963621e-03
-7.840183685798758628e-02
7.458542844439987329e-02
-6.471398787717569379e-02
8.992900756760444092e-02
1.681150685544969756e-02
5.782083824311212705e-02
1.903902947689428693e-02
1.248451488282020273e-02
4.365479245294767024e-02
8.101711781795447112e-03
5.109047106686806505e-02
-3.145357675897079985e-02
6.757549640055547646e-02
4.918440560769519630e-04
-2.799681742945812901e-02
-1.567946434482421145e-02
-3.984480028222291831e-02
1.890106328115321102e-02
-3.627465338042304421e-02
-1.479480364235946296e-02
3.169416889214427685e-02
7.818191928515030864e-02
-1.227000868094776792e-01
7.084686365454107492e-04
7.665088152389862297e-02
-5.767411336663749027e-02
-3.578396356909392412e-03
1.139300673186864621e-02
3.241682794941305734e-02
-7.532373770251428458e-02
5.073740796753066495e-02
-3.203938991687139970e-02
5.382083701786896657e-02
-6.126303371977713519e-02
-3.493039957807081430e-02
-4.676656839635777441e-02
-5.934916013436891680e-02
3.023808914275191717e-02
8.454160415546503604e-02
3.016961527050542047e-02
-1.252344687919713928e-01
-1.274930541764826564e-01
5.939981110977386042e-02
-2.036410244740751233e-02
-6.348634674272962686e-02
3.358964245833702400e-02
8.377090814766140203e-02
5.040810873064866665e-02
6.605012801791815269e-02
-2.409180375728670054e-02
3.371236583373170975e-02
7.874780474696331523e-02
7.778092108040286778e-02
-5.334797010338140216e-02
8.938583356862382645e-02
4.501038501252861701e-02
1.756224121879078684e-02
2.541952470104495709e-02
4.971943199669111302e-02
3.090154223413180828e-02
1.395349501468835449e-02
6.233566657426411334e-02
1.264142087693823635e-01
-1.282548217616780728e-01
1.140091670322880037e-02
4.726184123830329264e-02
-7.553503238811774823e-02
-1.011028435908844086e-01
7.744116574404048825e-02
-4.666258452392792189e-02
7.324552003403950184e-02
-7.333453267312245449e-02
-6.736545780482466016e-03
-9.468734759217442565e-02
-7.537707059953918654e-02
3.275125339091043697e-02
-6.605233466228900389e-03
9.172358656348654493e-02
4.107132112029609344e-02
3.223659602687629910e-02
-2.569277517090714710e-02
4.165608187857366973e-02
9.987034783882244374e-03
2.192426791435453728e-02
-4.897535151483753402e-02
5.492103595280421052e-02
1.193203902910703815e-02
-2.863073543464345061e-02
-5.006319324129596821e-02
5.304301185132872382e-02
-5.158747527593533777e-02
2.460666481157045699e-02
-1.051141835733562929e-01
-2.590586912038223000e-02
-6.589549317008335481e-03
-2.020519010433074331e-02
4.729219108549633649e-02
-4.267551762953548933e-02
-3.467741628804558995e-02
4.364026254847494513e-02
-2.404264651037895523e-02
-5.086977268140725761e-02
-2.360634199569777020e-02
-6.628729136522305831e-02
-2.621347534567994297e-02
-1.408338149719459524e-02
-1.514175603420833509e-02
-9.736699467102051184e-03
7.566155798150529799e-02
2.883676812213178606e-03
-7.754963080196193570e-03
-1.922163778567658604e-02
-4.728159919251621879e-03
1.527429048995960700e-02
6.939421269101728185e-03
5.000453044940605940e-02
-2.883303380088879028e-03
-6.918020213541890839e-02
-4.601763329688830784e-02
-1.802862399366552543e-03
3.887669447416476631e-02
