2.151563847603668676e-03
4.969049365732318424e-02
-1.060875957762301147e-01
1.948640665165341790e-01
-9.420072905301844768e-02
4.733236158465198989e-02
1.293309720541958863e-01
1.698939739679536376e-01
-3.359513681852713957e-02
1.288460365459660473e-01
-4.834754481155571076e-02
-9.253497631191408279e-02
1.130765481964499386e-01
-1.193396661345577474e-02
-3.912453989009786331e-02
1.122755946794714299e-01
-7.203200371775644872e-02
6.419521678988135416e-02
-1.615165051086937462e-02
2.947665090838986861e-03
-6.067166342057347863e-04
8.869945457585376447e-02
-1.075146385391259202e-01
3.519047686546329656e-02
-6.587432240459481503e-02
5.502737455939880201e-02
9.850115698689498184e-03
4.709335974035363387e-02
-1.977542704709405463e-01
-7.686472243293555884e-02
2.298328710867819299e-02
-1.727973848629242304e-01
1.649102510345558104e-01
-4.438378441228233579e-02
-3.218688293516325238e-02
5.687280736204634868e-02
-3.706024400334927832e-02
2.769097768763222056e-02
8.837427926853713700e-02
4.322471120309915454e-02
-7.272784895913984859e-02
-6.492940593881438294e-02
-5.131954423763313705e-03
7.550429810504032807e-03
-1.065604918082550534e-01
-4.375069038020944212e-02
-3.200658265817920428e-02
-1.131036917428028671e-01
-5.758032724702240313e-02
1.760470583902006697e-02
-5.407377507744633854e-02
1.014055894131799147e-02
4.115020000320700547e-03
8.283196112249202603e-02
-1.738555088882921471e-02
1.440676557616356150e-02
-5.840189380659419754e-02
-1.022917678283848109e-02
4.797424808268060253e-02
-7.712714653094167316e-02
-6.365723461982737696e-02
-3.514793738287256414e-02
1.034620413987646925e-01
-1.476120045898429017e-02
2.863826556539240346e-03
3.355730367663468938e-02
-1.232542106144358385e-01
8.877307779700993606e-02
-8.452292379710427128e-02
1.002103977753819770e-02
1.946706687487696069e-02
-2.356147383260438072e-02
1.335192504430605075e-02
-7.597405657659973832e-02
-1.119719444962787441e-01
1.379664505368534411e-01
1.726679787353519032e-03
-7.850234657963386931e-02
-2.229970024306707904e-02
9.988970990919626702e-02
3.529029506818048834e-02
-9.117166980638192293e-04
-5.714012021705688893e-02
-1.542848295515303891e-01
-6.695616054976033515e-02
-8.212327377315671584e-02
8.976972752721032456e-02
-8.529950649558312725e-02
6.273271229707286234e-02
4.050488407862305740e-02
-4.225359975575770921e-02
4.299045218276030533e-02
-1.867859063323809576e-02
2.673113956800992827e-02
7.790070111873867442e-02
2.534718353662325507e-02
-5.726850481331486296e-03
-6.642759106110292244e-02
1.249883694703408932e-02
4.483719838281202859e-03
8.746227070438350459e-02
4.934448640784590279e-02
-5.930861229786991290e-02
8.857066866372230451e-02
8.186916785871035593e-03
-3.229100616270523527e-02
2.121249905850118231e-02
3.429568840060882862e-02
-1.381145360941740119e-01
-3.514432554001108394e-04
-2.694894463753538111e-02
-1.156465020838053359e-01
1.556664141709373020e-02
-1.236838374986455047e-01
6.107856123303870288e-02
1.008801574849880478e-01
-4.125271796725499956e-02
-3.705852929007161234e-02
7.368006207716569500e-02
5.453879072504622810e-02
-4.393022450870772561e-02
1.877494292613871713e-02
-3.966055196404558864e-02
1.921887124874938069e-02
-2.909182546896701277e-02
-1.834761448738635864e-02
4.352474954343036467e-02
4.882591333276471018e-02
2.988015577756096899e-02
-6.685178193938975943e-02
-2.292827035074781073e-03
4.559258430651796229e-02
1.376721400685348637e-02
3.673525111233878065e-02
3.147775778669320654e-03
9.645918885601734161e-03
5.476443969573550202e-02
5.429493660700467766e-02
1.944182045810784534e-02
1.240875247841227436e-01
-8.948942663120294447e-03
1.042222066296913663e-01
-1.797975376443407269e-02
-4.423084658121856361e-03
-5.507170172178965650e-02
-2.973892907335107944e-02
3.012919051869676970e-02
5.633595617309040265e-02
-5.769251327529556495e-02
2.779743584389273228e-02
3.760544985912622068e-02
-1.047631804271659806e-01
-1.209536856112421524e-02
4.742929760973225300e-02
-2.444338370624570336e-02
1.886921567314939902e-02
-1.322919535353827419e-02
5.081352140441403216e-03
-7.157143902802626245e-02
2.959671732108806741e-02
-4.694042190928986169e-02
-3.263219762170054689e-02
-1.464069624715136526e-02
-3.392177145629286100e-03
4.230598971887974263e-02
-1.131928568332417478e-01
1.010914685340150859e-02
5.764683623223930409e-02
5.413495750652408227e-03
-1.311502828418048827e-01
-7.827585849393638162e-02
-1.553617789396914868e-02
-6.012558196652709880e-02
-2.194694359026279698e-02
4.236644248273295499e-02
-1.913218702007392922e-03
1.989432234710686830e-03
8.889923691433306019e-02
4.303736965669828496e-02
4.599809575505655473e-02
-7.177826263592236578e-03
5.924137364742847189e-02
-5.585299076096679471e-02
8.020407181630807847e-03
8.822393174902048996e-02
2.097473764508453811e-02
1.053951069948795977e-01
4.200897948923038028e-02
2.714745006187172308e-02
6.185448723281546796e-02
-4.589192946488585695e-02
5.533025859410571623e-02
-7.123531874234149963e-02
-3.375208780832587852e-02
1.257745837497836923e-02
-6.081234287586496229e-02
-1.442417174009498482e-01
3.838287167261329041e-02
-9.100727623129287180e-02
1.025490477865579203e-01
-1.099244673929558325e-01
-5.953108722483241994e-02
-9.909565172858965376e-02
-7.018591421640682504e-02
-1.660061352352937411e-03
1.447768903598893424e-02
7.831960192414759436e-02
4.866141030789196409e-02
-3.972709743252371417e-02
-7.640324566167467930e-04
3.138505381991529147e-02
2.390872151296338094e-02
1.979942938465532876e-02
-1.860573356056768879e-02
-3.418638454997260240e-02
-2.751436222003209725e-02
-4.800347117492345661e-02
-5.327490110635776238e-02
5.683745508191734297e-02
2.130961749988756829e-02
6.862567106677107398e-02
-6.915931172873904242e-02
-6.783734075817711949e-03
-4.819876607227182447e-02
2.490810748775578592e-02
-2.529515840611349167e-02
-4.204112124237140841e-03
-5.685555077948595271e-02
4.886268846008156447e-02
-1.819132019628970018e-02
-1.114698618552721621e-02
-5.055270256990190142e-02
-6.026837745096974563e-02
2.764748964024957983e-02
5.465436969661350425e-02
-3.182693907989724014e-02
2.453433647648472701e-02
-3.882782152653831836e-02
3.445851319546511943e-02
-9.847197037791334540e-03
3.233256059724283569e-03
-5.056609192677222198e-02
-2.047732486151502412e-02
4.223411769426246853e-02
-1.859464264915466902e-02
-3.694335163437783426e-02
-5.729677934076581741e-02
-9.259707082252252586e-03
2.732381014664325009e-02
-2.896843907949715052e-03
