1.681053851243356073e-02
3.457018356182482710e-02
-4.556233430109443705e-02
1.418083400124901250e-01
-1.282298592543005267e-01
1.093732785160648757e-01
-1.134436720451092173e-01
1.577041833498575019e-01
6.616407843423424695e-02
2.043207700159116458e-01
-1.080600953585814233e-01
4.318813415195469491e-02
2.245357172062511508e-01
2.874664879008735630e-02
-9.834179000198331466e-02
9.404514912135707172e-02
-8.097287567287352050e-02
5.299335025589430037e-02
8.943891627653341447e-02
-3.440853104234066484e-02
3.960313935266910473e-02
8.893800302250300105e-02
-5.054102602126357702e-02
-6.783854412730348782e-03
-7.017778145041880800e-02
5.619375396891112401e-02
3.259627284460309832e-02
5.833288334034295031e-02
-1.683753819637924254e-01
-4.558913545795228311e-02
4.710319861690523413e-02
-1.071738189684962317e-01
1.580239222540998911e-01
-5.414480736534252325e-02
5.004485535877591790e-02
-3.588057263436834898e-02
9.489006570147645592e-03
7.278400094239788343e-02
6.385039228260892819e-02
3.169407752321549976e-02
-4.605901966343944887e-03
2.802691456813116710e-02
6.904470647873317546e-02
-5.603048382130385030e-02
-5.965117673212437521e-02
-5.697646539484192002e-02
-1.132703652502835973e-02
-1.143710141309560308e-01
-5.379992169664093993e-02
1.865702425068506073e-02
-1.186728387744313273e-01
2.140280093255766611e-02
5.129131135618117746e-03
1.061472868672825171e-01
-4.543928427091170619e-02
-8.170970528294891830e-03
-2.598583551952495657e-02
-4.713985259960382090e-02
-4.245920886111721054e-02
-3.605465147898000849e-02
-6.346730853163669306e-02
6.850140401502224918e-03
1.206352422734136842e-01
1.036377574199346362e-02
3.552789293925542099e-03
3.702725038799829782e-02
-1.077725619596991008e-01
1.495640212844527306e-01
-9.442124765997952918e-02
1.987697320543667205e-03
1.963432898697057075e-03
-6.765549479946368627e-02
-2.208459442217188679e-02
-8.079626009325063807e-02
-7.071001786719664783e-02
8.153849405182821142e-02
3.014898531571931842e-02
-1.203932230476315035e-01
-4.249214965198776228e-03
1.533805574909958072e-02
1.367296494628925108e-02
-2.216565964970487745e-02
-5.192251720267276882e-02
-7.893889212944367462e-02
-5.562181213456610096e-02
-5.343360245530816982e-02
3.423526101179055758e-02
-7.512426766522790900e-02
7.252154077942371546e-02
8.744934397793795514e-03
2.610778262144193302e-03
8.322332727059557345e-02
7.366002009961154784e-02
5.312250315581421023e-02
4.694441371091202797e-02
5.345999920513524323e-02
2.480202584761458801e-02
-2.318965501590734835e-02
2.294601816200206659e-02
-4.229799751293936150e-02
9.853789064763456007e-02
4.180035627943070459e-02
-1.678844318284293188e-02
5.557218036260712368e-02
3.820661158257011858e-02
4.249409815859059997e-02
4.311603940764984801e-03
6.371649679114627096e-02
-8.671968340158997535e-02
6.374969493194550252e-02
-7.441309951946907530e-02
-8.114202810456482007e-02
-3.450658136516628408e-03
-1.539116542152323686e-01
8.553855752179294336e-02
4.433293692753286636e-03
-8.491319719510985464e-02
-7.272859717918145339e-02
8.702776803049086518e-02
3.331699970199846622e-02
-4.309475289212077315e-02
2.962612378920039674e-02
-1.973918070076834466e-02
-4.311567176489458988e-03
-1.106874910732629919e-01
-2.107622387306760849e-03
-1.387435964761611455e-02
4.913317485430283849e-02
5.010478112788194216e-02
-7.732758746172666009e-02
-6.342425756499672426e-03
9.730216981868265377e-03
-1.873864094235093078e-02
7.136063525116552453e-02
5.563431198824465851e-02
-3.095585087067015406e-02
1.228515030948973104e-03
3.155452033332196982e-02
3.088438111904922775e-02
8.207323043934176832e-02
-3.014560300237100268e-03
1.340608204096940814e-01
-3.773073480017236775e-02
-4.039239481964338602e-02
-3.531010137104433066e-02
6.267683984357007819e-03
-3.424573883031522409e-02
4.997007682235773962e-02
-3.805150310412944159e-02
4.617927560868226311e-02
7.060689407434855153e-03
-8.416611035216294001e-02
-7.620315209478943641e-03
3.178609850485499683e-02
-2.637230158384550743e-02
4.382393553288692345e-02
-1.044612771916983776e-02
-3.341438826786462951e-02
-3.119242898367460132e-02
3.075997081067206526e-02
-1.582955734859553543e-02
-5.926004160481213034e-02
-5.931412185410965543e-02
-2.130805939452931272e-02
-1.288124627285478635e-02
-2.458195489432093983e-02
4.154359457916293602e-02
4.793366683674322309e-02
-2.513731604040410697e-02
-8.549602125501032379e-02
-6.341083860443003095e-02
2.714942483989648755e-02
-5.539181482688065872e-02
-2.589046898881267392e-02
-3.979405623547129650e-02
-1.281786466184939820e-02
7.105574911423531703e-02
9.966114955775498552e-02
-3.611417284105525316e-02
5.817321609173715241e-03
-1.747244252898866312e-02
-1.286021710725438957e-02
1.648693935926104359e-02
1.885683808816434465e-02
5.024209569696844180e-02
1.717649011101107098e-02
1.171602829507749077e-01
1.433233222783311840e-02
3.138187529545578835e-02
-7.444140801162344931e-03
-7.282955187977356581e-02
8.045398468811132409e-02
-1.192874639326610697e-01
-6.820912802459717754e-03
5.577802354127253323e-03
-6.038701370676059083e-02
-1.219875793843314127e-01
9.329604024325628686e-02
4.385095727539792612e-03
7.461545009195959255e-02
-8.196113616326554385e-02
-4.466660949219927734e-02
-1.134537086923276122e-01
-2.610631205042092742e-02
6.445362051542585791e-02
-5.153575702414801146e-02
9.060665996003927636e-02
-1.450802870056788936e-02
-4.232575454096085266e-02
-2.060894993114274071e-02
1.519243245374439499e-02
8.980666932461165569e-03
3.997864966288315614e-02
-3.245899503979212536e-02
3.174102550306114046e-02
-2.812099434920006889e-03
-8.289046351999070084e-02
-6.629165047030657898e-02
9.717198751904804199e-02
-4.882295789742147936e-05
8.553355758032151271e-03
-1.061644557839527686e-01
-3.341001331907713506e-02
-1.042101771898614956e-02
-4.775543362899721533e-02
-4.661298376705265423e-02
1.448696277069196937e-02
-1.181528080971278455e-01
5.317621576235648240e-02
-2.002947142031506061e-02
1.227882685409940194e-02
-6.738259358224037154e-02
-1.706259438543410514e-02
-2.997722262046573910e-02
3.766025768399061668e-02
-3.124636217587001968e-02
-4.784429288294153940e-03
8.139242958516673676e-03
3.091257931837703213e-02
4.890777308105803689e-02
-7.445758429285452909e-03
-5.669418928735969494e-04
-5.042588031031875612e-03
1.017800585776479708e-02
4.410977777509509853e-03
-6.074866388510165305e-02
-7.486596186538807540e-02
-1.372638343862732022e-02
1.495298672724898296e-02
1.727420955535696398e-02
