2.047344459344586226e-02
2.314993379081572988e-02
-6.686011818112362615e-02
1.115268224207880132e-01
-2.403485188025994979e-01
5.711419992790970485e-02
7.000153147978643853e-02
1.693024299269920985e-01
-8.763004733352615372e-02
1.401210445316333764e-01
2.836835759815334139e-03
-1.106861377444774697e-01
1.481586754773719650e-01
-3.514675605974975497e-02
-1.761876909100163965e-02
1.114964913396319923e-01
-9.304875479972694874e-02
1.166258219944324298e-01
8.508554408211480014e-02
-2.692534409675140933e-03
7.732701538200214240e-03
5.353942514952813453e-02
-1.690032359791154570e-01
6.214961682910755819e-02
-9.901859419649246263e-02
5.278751694393296612e-02
3.382957080221549173e-02
-2.468496095488935740e-02
-1.659605570351206372e-01
1.624384218128984564e-02
2.170002366307205444e-02
-2.760782860963099591e-02
1.230319433810512023e-02
-1.030477722023089293e-01
1.267429969034203352e-01
1.631157690428908322e-03
-2.982752187246782288e-02
1.525593564470460392e-02
1.606653554794275005e-02
9.210046867773763468e-02
-5.764520496935463673e-02
-1.192961534897114470e-02
3.909222450399987836e-02
-9.691427867740344537e-02
-7.239905917900671395e-02
-7.195820289617167395e-03
-6.659202942552300275e-02
-2.030531821424448324e-01
3.350046801561192694e-02
3.960162480782324079e-02
-5.374132740436950162e-02
-6.369857799334104065e-02
-4.311820050472910115e-02
9.528963055775627189e-02
-5.577731002368475910e-02
1.886927523160937883e-02
8.653837471999298314e-02
-1.685665669337021999e-02
2.589201131217031340e-02
-3.573634723823039538e-02
-1.229632937994556141e-01
4.173067669588290118e-02
1.166731835202282491e-01
-5.103725170163267433e-02
1.083771402078889390e-01
-6.760805027051156177e-04
-1.974352114365844624e-01
9.690505971770171922e-02
-3.748161594511983247e-02
-8.219364087217280457e-02
-3.217811028832135573e-02
-3.490752053680335615e-02
7.822040998821027183e-05
-6.339301522215901041e-02
2.497718790268606964e-02
1.246927636021234187e-01
1.008553839498863430e-01
-3.407609000706362384e-02
4.377798948704530319e-02
7.171752471159258124e-02
9.781819415746961788e-02
1.836462515511324070e-02
-8.581021765103390240e-04
-6.099196883602969049e-02
2.110195244914060686e-02
-4.484858516599325717e-02
1.074997556271169857e-02
-1.229527729255975622e-02
5.793500402318410569e-02
-7.914216521090533529e-02
-1.462119971318084216e-02
3.106191242703210727e-03
-2.337245555094413438e-02
8.237376245504714201e-02
-8.397698177141817155e-04
4.377422449205262828e-02
5.671876989307052253e-03
-7.995670604348162347e-02
4.047900938859517322e-02
1.164836670433067392e-02
4.826751730117294359e-02
7.134369941437496143e-02
-8.931585023165261594e-02
9.677469236772136274e-02
-1.253943897717882394e-02
7.202917481112725007e-02
6.064365401890269708e-02
7.735657235203816096e-02
-1.073833222772964807e-01
3.923782776829642244e-02
6.354509287036821941e-02
-1.643989637848836671e-01
-3.363231321409407715e-03
1.483006896810212631e-02
9.857601375707200284e-04
6.630814176570073992e-02
-3.722425918459181665e-02
-5.324624815626598229e-02
1.048153493842017558e-02
-3.452711529506582479e-03
-6.745924500112777944e-02
6.363759914920717742e-02
-1.062740210423489678e-01
2.019891664080167987e-02
-1.649039657300706979e-02
3.327565910899264040e-02
-2.069719789399243268e-02
3.842082385488380936e-02
1.531336061506032194e-02
-8.463919864770162726e-02
7.434644126195207037e-02
-2.329574817632681580e-02
4.156332794648841950e-02
7.553776308874955887e-03
2.744195770873831750e-02
4.785681616514848163e-02
1.750564330687564077e-02
-2.048931387140568610e-04
-1.551691665274893862e-02
1.996999087049880148e-02
-2.298159980908671615e-02
9.409904765520966941e-02
2.219816416878644602e-02
-1.618413006444324731e-02
-7.278227937027149409e-03
-4.116585707324198901e-02
1.938968902545806436e-02
5.980054144862492066e-02
1.777373206247625723e-02
6.366588939195594321e-02
3.622182047107219693e-02
-9.046484225493423015e-02
-3.184869081989597731e-03
4.862688079519435214e-02
-2.515935032396765178e-02
-3.454931820946193638e-02
2.401961244725684536e-02
1.847103024724295120e-02
3.311580516271443730e-02
2.335648071237704168e-02
-1.367256172250061290e-03
-5.037721641123282801e-02
-6.835288591541954784e-02
-6.300624115711610240e-02
-6.442057736020927183e-02
1.268497186773718741e-02
4.291492596199320692e-02
1.945601627369368189e-02
1.479343943737890243e-02
-3.639796593773930722e-02
-8.380213821890741821e-02
3.280172716921252174e-02
6.776674305010978172e-03
1.020661993021599809e-02
-1.737517039628801857e-02
6.634543984693669350e-02
5.703115891685609645e-02
5.203645322319596506e-02
-1.282944915222283301e-02
-6.312038736044572884e-02
3.743706936885124459e-03
1.211415288391634038e-01
-3.020711781621627720e-02
5.880464749275613606e-02
5.966739433598641784e-02
-1.297304676498121619e-03
1.283539925178603935e-01
4.513067829549189530e-02
1.776947445131630415e-02
5.351500546237931977e-03
-1.748139955407227580e-02
9.376470202511162644e-02
-8.368267879834512257e-02
9.092638841679448036e-04
-1.770603252634611190e-04
-5.424010127372751872e-02
-1.029266238120302851e-01
5.658812104813745053e-02
9.128846129973585202e-03
4.736332032615403476e-02
-7.131973715652431545e-02
-5.837283423527735854e-02
-8.800278183780194108e-02
-1.945657926359912982e-03
4.009483915186495828e-02
7.422750964442612065e-02
1.141022901169990167e-01
3.202332325119219142e-02
2.728959856557639646e-02
-4.573758141356505658e-02
-5.696462054740593361e-02
3.891164549182737215e-02
-7.864968979111452031e-04
-4.174798863547543593e-02
1.143545447815089017e-01
-4.106237249124678780e-03
-3.216934875791781917e-02
-1.767827008663369961e-02
1.864027908756831983e-02
-4.490981031821075081e-02
6.459679320061455232e-02
-4.229662229833471010e-02
-1.271502145394048412e-02
2.465987271722781815e-02
1.020102521803060557e-03
2.191649328171688983e-03
-1.429888799231174333e-03
-5.045188294744289842e-02
1.146353008099820856e-03
3.312706496082340468e-02
-6.048482049182812327e-03
-2.547962120642949940e-02
-1.974750429723949249e-02
-1.646639912828733870e-02
1.255995292185859260e-03
4.273494512659523764e-02
1.246639103694692149e-02
-8.031262122433217160e-03
4.989322102689282452e-03
-3.897628377034664110e-02
4.702162064041606401e-03
5.854173120691181370e-02
1.041999310438086745e-02
-2.675285806446971171e-02
3.209531558535138468e-02
4.453665357150585202e-02
-6.581281620951358324e-02
-3.271710274904983482e-03
2.006193415943231806e-02
-1.111947287503117603e-02
