2.166429631930981772e-02
8.971887819909911410e-02
-3.067906280137329411e-02
2.083469855963190898e-01
-7.358358263617190143e-02
1.468048503122044990e-01
-2.399367374853019191e-03
1.439918625119411821e-01
-6.223506648816722053e-02
2.347211031326449648e-01
-1.151340754114888038e-01
4.020404881389787882e-02
1.454118147032291419e-01
7.532202494609274756e-04
-3.691455552726297801e-02
1.489339246466518663e-01
-1.411111733587037675e-01
6.441401164771157206e-02
-4.201446223921548747e-06
1.601912386693080462e-02
1.301570466261576207e-02
1.408743210975926252e-01
-7.974587455508709566e-02
1.277567569826213063e-02
-2.699613652606254813e-02
1.098187677248367022e-01
8.450245821015638092e-02
9.634633511539121694e-04
-1.958853594637702533e-01
-3.251652944140102919e-02
-3.739252981190796521e-02
-5.766980234773357722e-02
2.161910515382812481e-01
-5.124152130893483426e-02
4.995434164994268234e-02
-3.273620017852330727e-02
-2.065711060094761395e-02
-2.482354477300315054e-02
2.907602319740062308e-02
-8.209933344437139388e-03
-1.461026281051201192e-01
1.297932628677448894e-02
2.747028510357681780e-02
1.069261232368157871e-02
-6.814445183926194638e-02
-4.307442222112207314e-02
-5.940452142482182535e-02
-6.598261988750771245e-02
-8.081990767393883168e-02
2.833038604600238326e-03
-6.790336397382749911e-02
8.995193891117891569e-03
-3.615436702552823206e-02
6.609339460380184161e-02
-4.764337543628891641e-02
1.857069973262767681e-02
1.404785995162582306e-03
3.782804557902178649e-02
5.084159828137651757e-03
-7.067638679781448885e-02
-9.696855905372418760e-02
-5.706452082669381635e-03
1.863574700127982597e-01
-6.053976585776518760e-02
2.574359317984320755e-03
-1.661405548385797015e-02
-8.167409926517141261e-02
6.073371554605321021e-02
4.625215020658077908e-02
8.563708779731086726e-03
1.875993560320105349e-02
-7.025122093481325769e-02
2.140435318301678672e-02
-1.601124700921343624e-01
-7.744853742308652200e-02
7.074261935251516253e-02
-1.513613699791964634e-03
-7.600487951082782190e-02
-1.304832564752507126e-02
6.635897382649282028e-02
6.355889778779570676e-02
-1.793197743229345970e-02
-4.186604529740297481e-02
-1.059254958735348362e-01
-6.173721218968220709e-02
-6.734303451157376552e-02
7.743350785935868008e-02
6.135125982477091650e-02
6.160515697747342284e-02
1.388219316962566348e-02
-2.373683899928087301e-02
3.509167439567113106e-02
1.125526453669325154e-02
5.584261729561965787e-02
2.642241708885128063e-02
2.462788717974605593e-02
-2.179047633842498902e-02
-2.674657745198148751e-02
-1.928125651596114196e-02
7.000357471429755063e-02
5.453695810486211548e-02
4.165696357108895909e-02
-6.745620029482458924e-02
8.139229494527422393e-02
5.411346598873057606e-02
2.091824927071899917e-02
3.212644394646457791e-02
8.807044248104844986e-02
-2.631188147925282370e-02
3.701774714549441181e-02
-2.135598531429261111e-03
-7.974498644450317419e-02
1.714244712319002231e-02
-1.048795407123746526e-01
1.781471267711685208e-02
7.856287709920842244e-02
-1.426414903690933003e-02
-1.676786940537275741e-02
2.141005758561349143e-02
9.075888985096690342e-02
-5.666189930928436369e-02
3.988661759634581916e-02
-5.960916259821625457e-02
-2.708347878618098600e-02
-1.562725873501657203e-01
-1.649149622327723483e-02
-6.466193113302233508e-02
7.146957202355173899e-02
3.899898522581878718e-02
-2.951000185004227713e-02
5.342917678382147484e-02
1.530989924947321820e-02
1.231464383091034759e-02
6.470100799871474073e-02
1.371859978425795934e-01
-4.420871022728274646e-02
3.489625590910969827e-02
-4.671120090416844110e-03
3.572049084718472139e-03
3.281442222610688603e-02
5.425023501865400971e-03
9.898679035567869988e-02
-7.461788988544300338e-02
-4.976151917893424084e-04
-6.753776983614756535e-02
-3.544541567286569467e-02
-6.722484748771385965e-03
3.237064019894275030e-02
1.292440006296907825e-03
3.824887336340157453e-03
3.380480215957339801e-02
-1.177795860504847331e-01
-7.050399087023616340e-02
1.218046398492003413e-01
-3.970612619921410485e-02
6.773352990370279381e-02
1.886391285771826798e-02
3.963528230109691908e-02
-7.471124397105256831e-02
7.594677658377993815e-03
-5.538896357773427648e-02
4.190174051125662041e-04
2.580781040668038255e-03
-7.172005336631610134e-03
3.835817928142229785e-03
-1.020274760464189301e-01
9.334315501777185053e-03
6.180043883163732071e-02
-1.749427554681922542e-02
-9.939057324846713171e-02
-7.931322806832130645e-02
2.865714242468558534e-02
-2.409498667129564980e-02
1.589393443269769557e-02
-1.308282532790036243e-02
7.052776490740567117e-02
1.874794611031815536e-02
7.066241613516746622e-02
4.173559551586511485e-02
6.822021450369007006e-03
1.382296302529818430e-02
8.241918988697953530e-02
-4.380482486019617039e-02
2.523193900920808058e-02
6.672016156935255127e-02
4.242507675188020994e-02
6.168877600475927703e-02
-2.375979324206522331e-02
-1.676523923172038369e-02
7.378320256895725023e-03
-3.746723357525526266e-02
6.757377247289562960e-02
-5.790945557299400498e-02
-9.980757532571618573e-03
1.702337198874619845e-03
-5.969428458187488878e-02
-4.575128999535020557e-02
9.378058363845104273e-02
3.960734097580287209e-03
1.260604316092378274e-01
-3.825830099883086033e-02
-1.424696751292044671e-02
-4.861988718140655696e-02
-3.465185470803524431e-02
3.375530707356964172e-02
-9.536941347308101067e-04
4.300624265475663788e-02
2.809165508942525202e-02
-5.283660207575162360e-02
-2.802197256668704020e-02
-1.477983386327147257e-02
3.452512815932996804e-02
5.824727917587680520e-02
-2.877932594617312392e-02
2.314139501086298623e-02
1.202341187558388438e-02
-7.780702667609512568e-02
-3.273357000487093355e-02
1.134250432251354170e-02
3.128277304984150575e-02
6.551994843138561619e-02
-3.510561090021876995e-02
-5.878608903552021083e-05
-4.801105321803112586e-02
-3.769520473052722503e-02
-9.345655990771835689e-03
5.010207542976756467e-03
-5.357479276148469777e-02
3.330957803474075829e-02
1.053640733521008909e-03
4.424724056338504713e-02
-6.508521830055757906e-02
-9.246085131074832653e-03
-4.226224509212871822e-02
3.065259027435265210e-02
-5.329052905843206095e-02
1.451271752610833014e-02
1.561537513224175609e-03
-4.024507269125503326e-04
-7.510580417700799503e-03
-2.358736315638753495e-02
4.420467957155572655e-03
-2.192335134501893074e-02
-2.721690032236502924e-02
-3.044309865084605590e-02
-5.844843622313431603e-02
-4.143923984563143564e-02
3.441838409876285705e-03
-5.810408842326965362e-02
-1.987489012511181249e-02
