-2.004447528153435187e-01
1.222242365855134016e-01
-1.089052385588771821e-01
6.434558523100325500e-02
5.944011068546090071e-02
8.376304626126430952e-02
1.301127960436591902e-01
8.262803251790211412e-02
-5.481879290862013560e-02
4.068537815450682521e-02
1.772560243171802800e-04
-2.327016666366870171e-02
4.931252776225599627e-02
-6.676894934976461415e-02
-3.361891628440905749e-02
8.727561953934390160e-02
4.661265266294128268e-02
-1.360564493734937597e-01
3.267953651485793615e-02
-7.800166431219276997e-02
7.769439481693302119e-02
4.804914895181803397e-02
-1.186017814071200493e-01
1.214895745472522187e-01
1.942668507743070330e-02
-2.795864812997670562e-02
6.848441168878359464e-02
-1.158982237034220271e-02
-1.801226687864253828e-01
-6.835082083072578640e-02
4.352961134564771462e-02
-3.604434967610960910e-02
-5.693913129526821659e-02
-4.688586683576100034e-03
8.651086536240759628e-02
1.004975721723739245e-02
-5.094234324504573821e-03
-3.255004913025583146e-02
-8.723377813906482703e-02
1.140664261383128042e-01
2.990811367323870443e-02
-8.672291323004148456e-02
9.206826610106584596e-02
-1.423024971318330098e-02
1.509341710821102654e-02
-1.227790823126004120e-02
-5.057113672320698305e-02
-5.835037543980219066e-02
-3.377214769917789849e-02
-5.808729719714228641e-03
-6.310998377934234904e-02
5.074642869185306410e-02
-3.316714840763232419e-02
1.170051795086255869e-01
9.003613485750396050e-02
6.950677281043887712e-02
7.414439926383435686e-02
7.404167213775104950e-02
4.748739395745944780e-02
-3.040677337916306011e-02
-1.465301620363081148e-01
-4.927549128388659938e-02
1.260157759137352229e-01
-6.416889036544924652e-02
3.915685182846975060e-02
6.122859380853772765e-02
-8.673255814628350047e-02
-2.730910686160429451e-02
-7.269517168551811737e-02
-1.229343830003084698e-01
3.087183370414244010e-02
1.705151046745680696e-03
1.145300484939615338e-02
-1.420012250208546600e-03
-1.469064540594381373e-02
-7.384277642862900615e-02
5.967011563351632200e-03
7.656116976712842859e-02
-1.456289761350754441e-01
-1.335350929057133561e-02
2.725818170384636946e-02
-7.317040301308001815e-02
3.472731005894325561e-03
-5.800585903163684581e-02
-6.351889315558174876e-02
3.872654827438437586e-02
6.915124366154626508e-03
-1.165400490388008095e-02
-1.375413456056941430e-01
-6.798845255940699772e-02
-1.027797347173519532e-03
2.212578858344604882e-02
-1.717671901648971933e-02
4.849295538864224764e-02
3.953903601861306211e-02
1.300367590312492827e-01
-2.360258308600313507e-02
-5.355650134328581585e-02
4.797661918167796247e-02
-6.944304621839607339e-02
-2.496802264649313624e-02
9.470087229364522463e-02
-8.921056509960880940e-03
8.978515660067495907e-02
-1.835764256116399068e-02
2.640444879052448665e-02
4.569312388463740021e-02
2.628436081520552428e-02
-1.225898315197204158e-01
1.248006567569301048e-02
7.445114267275364239e-02
-7.344165313022862560e-03
-2.077725393069663074e-03
3.540024463325543158e-02
-5.037171492774449033e-02
2.427450056005706069e-02
2.928431556312684203e-02
-5.963514842808611410e-02
2.371737512549465608e-03
3.754264357378075262e-02
-2.189157494466684173e-02
5.475657443075335196e-02
-9.213209791037672847e-03
1.669988487921051368e-01
3.044921101062799187e-02
2.413252739297436569e-02
6.343650803466346910e-02
-5.816624522063614661e-02
-1.602634355198566049e-02
-2.932037001366068901e-02
-1.053148045024073776e-01
-8.069648898263893921e-02
5.821531153999105757e-02
1.038089700338561128e-01
-2.774158490589696130e-02
1.569571582320883688e-02
-1.118522690209467624e-02
1.885644255677913425e-02
2.202600754086940157e-02
1.194356282567719980e-02
-7.501928084804330987e-02
-2.242849866375503168e-02
-8.879804326383146373e-02
5.772640196757682952e-03
-3.243266173148463827e-02
-4.901918201880745701e-02
-2.997864431528497395e-02
1.430513985737096871e-01
1.700321574140125497e-02
1.626978123793451983e-02
3.594446341626486574e-02
-1.040202112357679343e-01
-1.928471191034800830e-02
5.919102633945761555e-02
2.469593079119976678e-02
-1.770357695026349848e-02
1.309200930693285060e-02
5.681462419468927966e-02
-9.656704083299876007e-02
-9.892436357981923556e-02
5.271314986708262006e-03
6.866836654583614863e-02
-1.740889845475242790e-03
-3.242305188766530632e-03
4.714031726243712167e-02
-1.091562518881288545e-02
-6.715846367625187552e-02
-8.734492264659572680e-02
-4.895029978062800935e-02
-2.076908205620792494e-02
5.065474937891972784e-03
-7.701879473849577995e-02
-1.232416875679909034e-02
-6.482193887609148664e-02
-1.115253238965532578e-01
8.292190434769110274e-02
-2.222911194071522725e-02
7.116001667159108091e-02
5.939900580605850418e-03
-3.594818109307088613e-03
8.658504353641448617e-03
1.039153096194773279e-01
-7.235384686781833052e-02
-6.743304567355680977e-03
5.484674562951067506e-02
6.281597165986253783e-02
1.510332857486556546e-01
9.666885607609190800e-02
3.397192021886738522e-02
3.198625993538074808e-02
1.305413109041869343e-02
1.202307200793423236e-01
1.453748413602036146e-02
5.647361502879376383e-02
-5.584946619445491089e-02
-1.402160387055114560e-02
-1.230803193511560562e-01
4.607379996060469163e-02
-2.107673734811736296e-02
6.106627863629002229e-02
-1.334877802074933562e-01
-1.935127936862937256e-02
8.236162239508584837e-03
-1.037291101273720845e-01
8.978154414113703741e-03
3.790346865850080429e-03
3.793584050465132612e-02
2.056436432491798045e-03
-1.850761224062189708e-02
1.294772135995206873e-02
-8.360283543437849185e-02
-1.321592017632592514e-02
1.578995542299915442e-02
-3.799479724720716128e-02
1.084554347377715555e-01
3.743377877372524448e-02
-1.046203354605584543e-02
-4.806352864512433015e-02
-2.381768225441177611e-02
1.211089335437076121e-02
4.262449733307282357e-02
-1.383073974622702797e-02
-3.953461689335308060e-02
1.501811661667778845e-02
-6.005419373448533937e-02
1.267103501728522250e-02
1.538735908284543166e-02
-3.688187913014488034e-02
8.191199393609372228e-03
2.733193900878087921e-04
7.710110971456867260e-03
-6.156072965149058523e-02
-4.677889594653120153e-02
4.451433975774772567e-02
7.632408018968794838e-02
-8.803178097271912575e-04
4.038628053373576748e-02
-5.085852015479681160e-02
6.041859620632061834e-02
3.222836486926707739e-02
3.496201471164023938e-02
2.329552402527956811e-02
6.350924823933971897e-02
-7.926048370767996287e-02
7.138304220752952900e-02
2.249734582951178063e-02
1.394409381638791502e-02
-1.288606404084846613e-02
5.630053262277767701e-02
-1.868974333169413915e-02
