1.359725698686949369e-01
1.909587355724361168e-01
-1.418526281691804003e-01
3.636865092783123782e-02
-1.356884891768836594e-02
-2.361666719522363678e-02
-9.772684813314290453e-02
-5.594908487791019208e-02
4.949816575236959740e-03
2.354620822193705665e-01
-1.576800571107367377e-02
-9.228026329638149006e-02
1.178730992150740370e-01
4.549031216123306659e-02
-4.231140020369140997e-02
4.937072370157954276e-02
-7.833846523340448620e-02
5.589559331478594073e-02
-5.942234250850013388e-02
-1.079964823547093639e-02
-5.942866488448692031e-02
9.151330225883695657e-02
-6.068394066959603012e-02
-5.803340885351282452e-02
-3.121325057612470144e-02
-1.123476622733087377e-01
-3.570341620953497441e-02
1.781467958248525718e-01
-1.138442539149027016e-01
-1.610199055042119826e-02
1.227947492501001679e-02
-2.007489347879925015e-02
-7.025594687567543462e-02
4.999479193802917887e-02
-1.519095037831012796e-01
-3.157820795401428821e-02
7.015777245304898047e-02
-4.566119390770770337e-02
-8.512404405865075380e-03
9.923722113362942743e-02
-6.021999193285697272e-02
-2.612022152909690420e-02
9.144386267988083294e-02
3.052396951769886790e-02
-9.690422887553482023e-02
-1.953770463371874364e-02
-6.022453836053286852e-02
-8.412095293368920812e-02
-7.415003321801581782e-02
-6.652286800720109972e-02
3.495442776889674114e-02
-2.235016741678965552e-02
1.040181450244999639e-01
6.581085481039576635e-02
4.495422440410532482e-03
3.505473332949627773e-03
5.530335007206759607e-02
5.221572185770610545e-03
-4.317532801901097922e-02
4.194044012051098558e-02
-1.214993725521309673e-02
-4.348349056991804296e-02
4.528288139852015837e-02
-8.502899530505148018e-02
4.531385393706222064e-02
8.691970539579997601e-02
-1.525629462046131646e-01
5.661723215143633393e-03
9.512579423700132097e-02
5.008351831564165912e-03
7.693301525912582539e-02
2.563865538511373235e-02
-1.113584235451721971e-01
-7.723808765997192127e-02
3.994533978804788721e-02
-1.695675447245652842e-04
1.374406397804158776e-02
-8.691810704232016960e-02
-4.072505213446465239e-02
3.407984426371178655e-02
5.110436892371219425e-02
-1.301041973080951757e-02
6.590945546061682814e-02
-1.286521819691047695e-02
9.001784722416198564e-03
-8.686848704651366215e-02
1.137532543234522631e-01
-1.097462176685387591e-01
1.895132202042635813e-02
-9.325429990697674254e-02
4.888116579019732150e-02
5.586046505719637761e-02
3.558751782276575303e-03
-2.876148289499722618e-03
-7.125147246083257668e-02
4.240762108317588236e-02
1.937946763921771093e-02
-7.729509560075176200e-02
9.147455106669316605e-02
-1.355416182515723766e-01
3.057778075151908886e-02
-2.151866841762709384e-02
-5.705127391861986724e-02
-1.492013246848463044e-02
-3.713930593786243101e-02
5.535108756266454016e-02
2.791034190751612645e-02
2.137637943895792300e-02
7.333920625719211536e-03
-3.374262719843842961e-02
7.339976609459375467e-02
6.326418045153389680e-02
-2.158665171896827651e-03
2.296610180997538803e-02
7.964726810060406004e-02
4.144967456427736674e-02
2.601941870297031899e-03
-1.221802711345293738e-02
-5.588721083875849982e-02
1.587892433877913512e-01
1.220122664243183941e-02
-2.113350074795947858e-02
-7.062690695885587289e-02
4.603229606675299929e-02
4.131523527714237032e-02
1.037720341075756836e-01
2.833724436248984818e-02
9.984995881985554711e-02
1.753475460972147432e-02
-8.321212914507013225e-02
1.894780564277078264e-02
-5.352992360777081293e-02
1.454771610768926596e-02
2.159766259849584674e-02
1.326533935135585374e-01
-3.434861628108313181e-03
1.708693148364537340e-02
3.871922507420372836e-04
4.588052352410363494e-02
4.663785892180308257e-02
-1.145561250358431531e-02
-4.698960324425958957e-02
-8.810554160195295526e-02
4.935640955819369652e-02
-9.531940812185545064e-02
-7.378379715734237343e-02
-1.230494202378829699e-02
-1.539065221397401331e-02
2.606236113312784125e-02
3.104528138487994485e-02
5.836622156697515718e-02
-7.404592712803097221e-02
-1.475713593251038770e-02
1.182626357175864534e-01
-3.566718686399264482e-02
3.299122346809738038e-02
3.799772831341820950e-02
7.985920977202666526e-02
-1.018843076099894968e-01
4.313245662678589359e-02
2.229887802957091283e-02
-9.838753642376327907e-03
-6.359180739592840137e-02
-4.684841535354318520e-02
-3.862740854653029521e-02
-2.188319956792206603e-02
-1.876829278750518498e-02
-4.239820855712812114e-02
-1.699365867835699387e-02
-7.802749668416619766e-02
-9.558658178574698516e-02
-1.043985176337281634e-01
6.694415846551238225e-02
-3.250198522741112872e-02
1.006522257098207279e-02
6.216039305734440135e-02
-3.228293976274493327e-02
6.898710284547107663e-02
-7.513188400117902510e-02
1.570478195120569506e-02
2.986736590819356538e-02
4.864254937514503330e-02
-6.650599649824756598e-02
-9.998624509323388379e-03
-5.690955324341019465e-03
3.325924958717814406e-02
-1.871469466748227131e-02
1.021269376682244212e-01
5.024296295499410675e-02
2.441218548160740097e-03
-2.698088159952441792e-02
1.151114995916272532e-01
3.045609277325633715e-03
-3.814488339045923881e-02
-1.480252917133694814e-02
-7.614950238332374166e-02
-4.658855859669255167e-02
2.667946765219876559e-02
-7.558329454284315463e-02
5.324506149870273514e-02
-9.928616626907779685e-02
4.520388721765140200e-02
-6.189915106081127216e-02
-5.283783655101376153e-02
5.651099492347839981e-02
2.989880019329646532e-02
1.342865555802605880e-02
8.362816279638114747e-02
8.635015877249490289e-04
-5.383510256551556766e-02
-4.746658744160064947e-02
-6.594685693204435650e-02
8.735285918882807268e-03
-4.027236291001669299e-02
9.259307883186310151e-02
1.606000713235156488e-02
3.162065311864475925e-02
-3.004279408234409796e-02
3.864658878828799299e-02
-5.479951353626575511e-02
3.000841172304510862e-02
-5.843722398044487107e-03
-1.236678054397377310e-02
4.800235552803242683e-02
-2.564252695243149013e-02
-8.600420404153192797e-03
-2.187122967630661385e-02
-1.113214127823730776e-01
2.611265598929247977e-02
4.776629647854784000e-02
-8.288595847829054175e-02
-2.637599360483247266e-02
-7.396774988338522538e-02
6.763930015336416801e-02
-2.108562118149765949e-02
-8.385726012848702948e-02
2.300279290207854488e-02
-5.057900789438226914e-05
2.920095906401210667e-02
3.529807376705555721e-02
1.074107746017751233e-02
-2.441449421441156675e-02
7.670178678904687394e-03
4.551485576688968360e-02
1.093837466182844276e-01
-4.227929105823037027e-03
-3.883551416960135533e-02
-5.559179959672369380e-03
3.441056135816726591e-02
-1.920631267890512972e-02
