1.267841427992679459e-01
1.314400134672565890e-01
-1.224740922276585237e-01
3.713157102003846605e-02
1.682870177301276290e-02
-1.159131991651563137e-01
-5.002855593863480416e-02
-6.955868237848372715e-02
-2.926309334547668936e-02
4.688725391520803809e-02
-3.010427442146472107e-02
-1.418817119890839196e-01
1.299057406975809847e-01
1.003087295633444676e-01
-1.025976376661052042e-01
4.129596347340382112e-02
-4.315729568994883247e-02
-5.433715500931504683e-02
-8.826765845516741649e-02
8.536792247388086396e-02
1.279418236528655772e-01
6.122986118422978075e-02
7.434301087870553992e-02
-8.651380988242881806e-03
-2.085879410290494146e-02
-1.525223750007797807e-01
3.894765269511602651e-02
6.500057029807596032e-02
-6.858864430750696850e-02
-6.503119696768183688e-02
-5.253508031820416230e-02
-1.231956696270814083e-01
-6.575440730565006164e-02
3.874498687787807094e-02
3.399992147779080237e-02
6.574809327660809111e-02
-5.128805958241499513e-02
-1.304008476645272252e-01
-1.786769339563061554e-01
1.327557264845196094e-01
-1.875872627103163104e-02
6.513225771987658785e-02
3.587391803994299105e-02
-1.376033767127772707e-02
-2.564468296662563221e-02
5.630985363465206006e-02
7.773458794984763887e-02
-3.349352909112013332e-02
4.002201739537820241e-02
-4.676641646285309428e-02
-4.401966867950302120e-03
-4.743918714353201338e-02
1.755262334643628852e-01
1.652958371903021778e-02
-3.474744445632294010e-02
1.173287391588242745e-01
9.656345800328229589e-02
-1.173244572310831735e-02
3.418974151180544617e-03
1.285427450375496543e-02
-4.935629328328109550e-02
-4.939711674691452808e-02
8.355761051499682734e-02
-7.075649723277339931e-02
-6.478734481157814862e-02
8.120269540748122072e-02
-1.429046209814063551e-01
2.635998262452977827e-03
6.373101501036113059e-02
-2.209706954559574610e-02
5.311622500272804998e-02
7.261071709476539515e-02
-5.181092650463196142e-02
-7.458668159719306079e-02
1.953168680334779056e-02
3.830913743636595731e-02
3.424798298658913998e-02
-4.594526609968786757e-02
1.296164928499169214e-02
2.150286135270915860e-02
7.750829895498713429e-02
5.129034569637846291e-02
-9.293466939278755001e-02
-1.032655821061945721e-02
-7.913539520908434433e-02
-9.353664311564530154e-02
1.520884487979988486e-01
1.102919352291643548e-02
3.889565267432784634e-02
3.047556835915116863e-02
1.721824833488375464e-02
8.421103994579430541e-02
-1.495517694866256055e-02
-1.783988989533200759e-02
-2.102422892130921192e-02
1.271251003675343549e-01
-7.231268766647973301e-02
-2.827846769016159612e-02
7.290519034577451485e-02
-1.286194568616572664e-01
-8.215930709486297945e-02
-6.968394690867270314e-02
-2.934412338484864574e-02
6.360411754162682840e-02
-1.659043789548645190e-02
-8.766035046639490680e-02
8.724322538686932194e-02
1.467217055499401082e-02
-6.809194068953862422e-02
-7.220295419623307120e-02
3.446868370287226729e-02
2.546331792552351120e-02
2.439044101371375117e-02
-6.068605636110926266e-02
5.741419182910199176e-02
2.903524398711730681e-02
1.707763418236860889e-03
-1.837092151027566386e-02
7.688854434574682317e-02
1.047773203239445172e-01
1.927458970126526283e-02
-7.285010588551181498e-02
2.379191460556282899e-03
5.366641642993699723e-02
1.780175170841757568e-02
-5.469266387439657151e-02
2.241904873921300723e-02
1.205599979523374887e-01
-8.804514336272278516e-03
-4.795076864602453720e-02
-1.695316797769068351e-03
4.393856606508460272e-02
-3.892707766944477482e-02
3.248346588202100094e-02
8.632076025884673556e-03
-6.650494214861026043e-02
2.229984422540339309e-02
3.228972679549755535e-03
1.850834236074659286e-02
7.039924656657685180e-03
-3.227234507187051737e-02
4.184096578479091881e-03
-2.046097398573757525e-02
2.022310927096678673e-02
4.415574689161445160e-03
-9.056081219814603178e-02
-1.751856387713287763e-02
-5.161247004008864304e-03
3.022859547604972788e-03
1.843540443905486437e-02
1.405114588244066320e-02
-5.645177413800347294e-02
-5.024551904002527714e-03
5.733323436477649054e-02
3.828562312131310319e-02
-5.007347989239319119e-02
5.504864447728007731e-02
5.076377744679207160e-02
-9.266632315850381607e-02
2.345200937547008840e-02
2.048742759017203527e-02
5.537149457145485593e-02
-2.886498292812348515e-02
-5.431734202163162467e-02
2.577285049867298478e-02
1.286425357264313687e-02
8.583512433546344744e-02
-3.720211396519702840e-02
4.695786943541306255e-03
-7.122671095878403691e-02
-8.770476639482806258e-03
-6.486002872060726843e-02
-1.004812404487785173e-02
-7.822388891307711922e-02
-3.180325625907998860e-02
5.991062827721347489e-02
-1.511375342517641768e-03
7.790278062001737558e-02
1.563618489711462653e-02
2.118596241234405389e-02
-2.522977142601706343e-02
1.549092594162607833e-02
-2.997378448793066447e-02
5.831553761860488322e-02
-1.445328421487237017e-02
8.401686540899209327e-03
-1.507492577532062138e-03
7.182131831442616077e-02
-2.973073065733803505e-03
-1.905798947510709343e-02
-5.672821248996744864e-02
7.900200227369191808e-02
-4.354205229875350580e-02
3.675330987789191678e-02
-8.571889539855866158e-02
-3.937776870795783868e-02
-8.020671175739521597e-02
9.561007590546799495e-02
-5.488516918513020731e-02
7.531413757537917808e-02
-3.718832470636973531e-02
-2.382635146510782981e-02
-1.048173091745436547e-01
4.006527212306802699e-02
1.795383271827331179e-02
-6.093564194588325239e-02
2.801712494786118626e-02
5.471269458721936957e-02
4.445820339773413205e-02
-2.294899172845977359e-02
-7.800982881354504017e-02
-5.131055784681741450e-02
-3.111680518214346783e-02
-6.490720250080589393e-02
6.708086142978907096e-02
9.533458102910799753e-04
5.486677141085274240e-02
1.691299768947539250e-02
5.209785195080932074e-02
4.021332521784526381e-02
3.141138729572229282e-02
6.708666743350583106e-02
-2.664066661671162656e-02
5.418489256184316066e-02
-6.352083767581462315e-02
3.532793596542869313e-02
5.029080586901595734e-02
-8.143297602989699180e-02
2.636168813812157438e-02
6.494984034060082012e-02
-1.719414253320225572e-01
-6.090708366510146077e-02
-5.058288414349193518e-02
4.762762825166392405e-02
-1.285394791604589811e-02
-8.340767046901165216e-02
-3.579147278716507743e-03
-1.320216298895824508e-02
-3.202722285245379608e-02
4.053062332096589448e-03
-8.705228043963456064e-02
-7.606213229171329693e-02
4.602970716624341097e-02
1.040059564426504546e-01
1.238326608098558324e-01
7.631701585487881551e-03
3.917963883112359283e-03
-3.334997564922337343e-02
8.426253194125727514e-03
-7.115569627582349344e-02
