-1.549584606172012824e-01
1.597482337708603928e-01
-1.743551348034046988e-01
-5.417673871926261681e-02
6.350491729031958188e-02
-5.072849068717562304e-02
1.086980987316836927e-01
6.675901016962704215e-02
-1.617202461577899736e-02
-2.994263063859941079e-02
-1.284739252711848646e-03
-7.689220228623225295e-02
2.348758726246122364e-02
-4.131559285165137957e-02
8.118705212736228305e-02
1.829348559283621237e-02
-5.846850308543722480e-02
6.160449448719597376e-02
7.150371569441614505e-02
-9.200607311331243654e-02
-1.711152876276147705e-01
1.140960058693743090e-01
-1.063134204815683048e-01
1.172631474385020661e-01
-2.146640422145497037e-02
-6.483689056921058957e-02
4.266729347573604975e-02
-9.506538718000896726e-02
-1.936417166172628157e-01
9.706891080052572340e-02
8.459312106032473855e-02
6.325722586464345432e-02
8.161967510515333313e-02
1.323028683940473405e-02
5.414132140567865653e-02
2.629809388062542049e-03
-2.987045021916370779e-02
-1.383894929308284172e-01
-1.657196453598382413e-01
9.846328288675973428e-02
1.344978227586064029e-02
-8.669173639303122403e-02
-1.237880078915569171e-01
-1.762823749792790957e-03
-2.013456223937057366e-02
2.323887828653384627e-02
-1.191628481091893121e-01
3.119185410512234462e-03
-7.751796286655158845e-03
-3.812347206506541686e-02
5.078232237788709962e-04
8.439233541881122416e-03
-4.609075923557477000e-02
9.594573226835162449e-02
-9.853155722619869050e-02
-6.115549223277989138e-02
1.265768833608315602e-01
-1.127659692183808487e-01
4.860538850003573441e-02
-5.229903026368312724e-02
-8.778153271212386921e-02
3.777376302065069830e-03
2.587466167929729222e-03
1.554971057663326502e-02
-8.018857273726923141e-02
4.008038531923442671e-02
-2.407386032819158750e-02
-1.750767420525517828e-02
-7.938139279441187510e-03
1.965677316010451189e-03
2.977227303201855982e-02
1.472155596891941767e-02
5.641147601622552299e-02
-8.824842415644101878e-02
-7.928193546340224843e-03
3.085038393532261308e-02
-4.575408139921643275e-02
-1.167986849851072699e-02
-2.256978976003209958e-02
1.183453613670128017e-02
8.916238122727669635e-02
-5.601443447302668910e-02
-2.650488635104148415e-03
-1.349656661047715089e-01
5.672383111915873383e-02
8.634370138290081709e-02
-3.570078338943546981e-02
1.778858372300448978e-02
-1.435493589581289808e-01
-1.575699541007412677e-02
1.613204473816522502e-02
9.561361699602309019e-04
-2.269741025606029569e-02
9.300258305130626457e-02
-2.145432491524653859e-02
6.193106246944508550e-03
-2.666933560132473194e-03
7.676891458482229535e-02
7.294978589825416859e-02
-1.490520737716987190e-02
4.122696750718735093e-02
5.627817693331129550e-02
-4.338056337766319631e-02
1.118261466766423164e-02
-1.806650623840334521e-02
5.383500595584966159e-02
-6.944402986487052676e-02
2.843954479648952167e-03
-7.839013472868255894e-02
6.146515575117753732e-02
5.155982924244983945e-02
-1.695764562299044154e-01
-2.187628002750026390e-02
8.323777694985654008e-02
7.721663669537390078e-03
-6.146111837437417263e-02
8.623580823206627999e-02
-1.111982196990138685e-02
4.918890433282721575e-02
6.668105269070035909e-03
-1.057431656262447679e-02
-7.517044161270779179e-02
3.218649306362194457e-02
2.690402864314613354e-02
-5.153688512549414735e-02
-1.807937332545145673e-02
8.021840993657212635e-03
-6.477908715009905727e-02
-4.243256760971298586e-02
-3.128753665294183722e-02
-7.911079007598170731e-02
-1.044061374202991527e-01
-8.929656656363556266e-02
-1.969268283671327113e-02
6.213687021381154515e-03
-4.496718681298083470e-02
9.643218693685418064e-02
8.403228675087572042e-02
6.586668424768092611e-03
-9.400917001920769053e-03
-6.206623253185355321e-02
5.509847512589014645e-02
-5.549554949329063222e-03
5.392133360619795479e-02
-4.363035555224513418e-02
-1.489092884945066725e-02
1.173291240838252904e-02
5.151229979845579898e-02
-3.745654993587279463e-02
-1.538250409341113470e-02
-6.654778643198779042e-03
-3.168464384454398181e-02
-1.004023397752293323e-02
2.662334889480839559e-02
4.173367470811001172e-03
-5.122410330793944477e-02
8.371418741265317098e-02
1.010264591454659855e-01
-1.213846854949024445e-01
-7.057095035603309918e-02
3.777169509594654334e-02
5.681639536782115765e-03
3.363069228796573482e-03
1.934829131296639249e-02
-1.576415108603455503e-02
-7.353100403692992837e-02
-4.517109075365140919e-02
-1.177857087288232928e-02
-1.622073573103255742e-03
-4.648743971255542284e-02
7.527508516757865260e-03
-1.159354084816243378e-02
1.013736079021517432e-02
6.968400760315811293e-02
1.956552187950821864e-03
1.063672849964814454e-01
-1.319316266733480333e-02
9.005165449846908032e-02
6.087254761452808027e-02
6.371584561014395631e-02
1.038602381226024080e-01
-2.961406038004944438e-02
-6.537743952203783904e-02
7.250977747509110283e-02
3.229875183327637900e-02
-1.335797298383623911e-02
5.394982501323306034e-02
4.993545797523085000e-02
-7.644740152962779811e-02
1.100741549133951308e-01
4.062365868079891029e-02
3.870990925180404444e-03
-6.475108810608874721e-02
-7.300102447703503764e-04
-9.421300831147493351e-03
1.158279420454112890e-01
-9.800699365957661613e-02
-4.096348764051596647e-02
-1.716531778201081312e-02
2.791544076869059351e-02
2.463009924940913822e-02
-8.213803489766294263e-02
-4.245780942078441339e-02
-9.713167067408690070e-02
5.013076197506824427e-02
-2.612681719639827274e-02
-8.713315625686538293e-03
-2.410583110060194462e-02
-1.556494100620041399e-02
-2.462954123798103204e-02
-8.287487257637718430e-02
-6.963162017731936750e-03
5.980359466348530301e-02
2.436199117030463102e-02
6.956958243619455751e-02
-5.937930903291419212e-03
-4.576888511416209171e-02
-1.427964374206045980e-02
-1.034907689087923716e-02
6.372037534997213037e-02
7.560792257234354684e-03
-1.249511663013447710e-01
-2.835272478311642863e-02
6.424372442113301940e-02
-4.732504769034543562e-02
2.998438302310246079e-02
5.364912250188678261e-02
6.862982554285934622e-02
4.146412236413275776e-02
2.925686741765776838e-02
-2.307679237876963246e-02
-5.285484247027918275e-02
-5.021049196088420846e-02
-4.126507640530688997e-02
-6.186705527622106404e-03
2.052064049921719507e-02
3.248407727581115179e-02
-2.697581517216199321e-02
-5.897058207392676804e-02
-5.885047832007718471e-02
-6.005220516680772301e-03
-2.043152279172837094e-02
4.982057326944414923e-03
-1.029425390927782430e-01
-5.693794338654349640e-02
-4.100973694064552477e-02
2.375146101955245143e-02
-2.939984964005972964e-02
1.421255107388102665e-02
3.696809299106939423e-02
