-2.776858065857679136e-01
1.333024730108024469e-01
-2.256500786159284233e-01
-5.249970454310648460e-02
3.463528605633744289e-02
5.467089096344415061e-02
1.001306656153662794e-01
9.356312774869052218e-02
2.155584385002258171e-02
2.125042282881002206e-02
-4.961253575646306507e-02
4.431449863901461284e-02
3.432870306905386193e-02
-1.157279474532059774e-02
7.864186368653214299e-02
2.273060915336881371e-01
1.550386680794843194e-02
-1.295135129197694801e-01
7.194291802055212404e-02
-1.709861242378173454e-02
-1.045974744589197591e-01
7.352995240700503643e-02
2.273404223494228035e-03
2.824605716492343752e-02
-5.116266891738786848e-02
1.541333908768817255e-02
1.727054819119941062e-02
-7.736394748606323368e-02
-1.075167909735280231e-01
-4.947274771701023338e-02
1.763804636947880616e-02
-4.462886327786471513e-02
-1.112494837378492502e-01
-5.234650107719734935e-02
3.293807615969614189e-02
-4.268739402865810717e-02
2.761535606601181816e-02
7.687335132644199098e-02
-6.313528562441801661e-02
8.240923937751862272e-02
-5.657802939691611993e-02
6.331729176445118415e-03
-8.783266319735787836e-03
-3.679742322575838692e-02
1.039263510251739187e-01
-3.501993203693762324e-02
-4.542389454809279969e-02
5.746946863994568250e-02
-2.122460957648688029e-01
-1.682689898195662836e-01
1.142848208040940644e-01
-2.379843836708828847e-02
4.926186848066690244e-02
-1.003377772647520427e-01
-1.035077615508627757e-01
5.687647862170256557e-02
1.049930358783689038e-01
-1.335574365356583491e-02
5.472856673387834631e-02
1.553636664684388859e-02
-2.724785788773241915e-02
-1.849332381993454635e-02
6.050146065234968118e-02
-9.602494653115505041e-02
-9.174250297086983166e-04
1.964972653824938187e-02
-9.847380763137307536e-02
3.360356581855219321e-02
-2.291104839976076252e-02
-1.646520359181371240e-01
9.153289133387670917e-02
6.449404649455536820e-03
-1.008286903242108373e-01
-1.524144909469147269e-01
-6.434246273892704759e-02
4.759296830284678870e-02
9.117173115234833078e-03
2.022437157700762364e-02
-5.325484164489627248e-02
6.625393213684555027e-02
7.139999817664200409e-03
-4.217891063376179306e-02
-5.646246658948936986e-02
-4.721659692911597817e-02
-5.110995791107529607e-02
-4.329249666291425797e-02
3.091033973248967850e-02
1.598115317439254696e-02
-1.279898585008266802e-02
1.475193391562721820e-02
7.416195631635991332e-03
4.198384117820293249e-02
2.473684920826143933e-03
1.081343935458208977e-01
-3.676189523285966487e-02
6.336715067222579989e-02
5.576627285748397833e-03
7.541476700747623205e-03
2.435970319048328531e-02
-1.168078716773919556e-02
3.818290931552916737e-04
2.323287779033982731e-02
3.285761881205138263e-02
-9.594705959330374068e-03
-2.694035941202925066e-03
-3.832058468939833484e-02
-4.542333117060382008e-02
1.614446222401023923e-02
-1.252408932544483433e-01
2.680810654649150998e-02
2.928267174464418629e-02
-4.436252656995005178e-02
2.094869897236888157e-02
-6.771565024309375569e-02
5.644352302142247035e-02
3.949395915456865164e-02
-1.626400388495289825e-04
-3.027513161366622921e-02
6.980317510631809177e-03
7.079387442068706127e-02
6.317313754945877435e-02
-5.409198538242550834e-03
-3.303645595370904506e-03
9.366626104026667954e-02
-3.522190286673648058e-02
1.054953925430725803e-01
-4.290080846370183248e-02
7.431251895028945231e-02
-6.564027320697553292e-02
5.802999403038639620e-02
-2.770232746587289897e-03
-1.260855369547995986e-01
5.100629645310322119e-02
-2.273861967704023102e-03
6.669611304350768488e-02
-2.120158504273418273e-02
-3.785826303750521211e-03
-1.927751007349978729e-02
-2.419586597446967899e-02
-1.087339680384664421e-02
-4.895852491394495076e-02
-5.801143778434315196e-02
-6.243944400334323214e-02
8.837889288401576393e-02
-1.982849325772092358e-02
3.314068078917009521e-03
6.383313427779727101e-02
8.712896950253046224e-02
5.359508643714632620e-02
5.954072597817575141e-02
4.206056614998321397e-02
-8.270191398304303776e-02
1.094667108850693252e-02
4.171648334858949619e-02
3.237740992488318675e-02
4.701997818546242019e-02
9.914810006349441401e-03
1.067699636897006810e-01
-3.527869835984413782e-02
-9.770669875794249504e-02
9.137197663858717678e-02
-2.125704251430551861e-02
1.203729948498350952e-02
2.835260593252652769e-02
-1.985310581177068129e-02
2.512815008545018700e-02
1.389802969780086321e-02
-2.004556964644301983e-02
-7.320125685327905085e-02
-3.710037947045665557e-02
6.400003485890720482e-03
-7.709151925904898783e-02
5.113066203379526553e-02
-1.780931312612831982e-02
-1.384183279327523986e-03
-1.839751443571511005e-02
2.236890319989797912e-02
9.919042379735394654e-02
2.507705878941843616e-02
3.493950990038591914e-02
4.514111425971856217e-02
1.989532391235102060e-02
4.751775740806812864e-02
2.217964357469421124e-02
-3.201498214400460163e-03
-5.253938744498642260e-02
4.810831786089001666e-02
1.050716622491744759e-02
4.707103427040111587e-02
-4.587773032655817484e-02
-2.900629987520709011e-02
7.655606416686781823e-02
9.133440640229091578e-03
1.291722470058206430e-02
-1.247419168546785306e-01
7.815151400456235575e-02
-1.094059717495388107e-01
1.779874979820997294e-02
2.504477021708134341e-02
2.189802525239099851e-02
-8.538767531737657956e-02
5.230752239717863933e-02
1.246831847514525034e-02
-5.052517207751544559e-02
-1.777948933030551156e-03
-2.253031085049037041e-02
-1.888223034279513241e-02
2.564955595149994230e-02
1.355701026150346426e-02
1.065529929342577814e-01
-3.974138750550946370e-02
-4.288158320689043623e-02
7.417804778588886483e-02
-2.311889948210083066e-03
3.243758568292472166e-02
-3.913396093911128415e-03
-2.473213092179124550e-02
6.932500846254744525e-03
2.518818499911947700e-02
1.265412741322902677e-02
9.058638194129949028e-02
-6.788089590282980756e-02
-4.166637796316344927e-02
2.646810823189288397e-02
4.322802515151925179e-02
-3.576672410967191192e-03
-7.866330724220640946e-02
1.162018887658092768e-02
1.469274406819139588e-02
1.845941553731664242e-02
-6.110237316653155393e-02
-6.475239028434515154e-02
-4.345510149067072225e-02
2.134841530079924915e-02
3.243212796350024296e-02
4.266352090756262566e-02
2.460839914077430496e-02
2.395551505323415160e-03
4.590871608845199792e-02
1.431820367129976387e-02
4.938246647440139997e-02
-3.025006131540668164e-02
1.003721080804867022e-01
5.883266610780874678e-02
-3.368803723080593393e-02
-2.351108063661610723e-02
-3.179044100355354202e-02
2.980981701886291010e-02
4.466069410599200935e-03
2.094077647643012227e-02
