-2.347158213424331563e-01
5.842774473641691030e-02
-3.077174315005291039e-01
-4.954112539557953276e-02
-3.814750439129464127e-02
4.093509545062343213e-02
6.546663021020512896e-02
1.774866852581501175e-01
2.959056850524347665e-02
6.682124299837474690e-02
-1.670182526963778433e-02
-6.779106540695770122e-02
-3.449980920711322174e-02
-9.708399705037444594e-03
-2.949224823653481126e-02
1.210280219516072786e-01
-2.264306537797682473e-03
-1.434956900491491938e-01
3.643780213804413692e-02
3.982241792043553219e-02
-1.969537350474944576e-02
3.877720342408603332e-02
-6.795926046340792191e-03
1.338138196370462496e-01
-2.815798668678070465e-02
2.692085604764604678e-02
2.036091846884087453e-02
-1.483066104823102804e-01
-1.391079167939520134e-01
-5.793693629826638693e-03
1.749905860438537644e-02
-3.160114531734137255e-02
-9.187153611120357777e-02
-2.035381535803026942e-02
2.268644391050857190e-02
1.455361329643763309e-02
1.705209122691241086e-02
-9.042782057951674612e-02
-7.917873962079650940e-02
6.109947249522107438e-02
-1.015181552710511109e-01
-7.887750164697740485e-02
9.138498953953941989e-03
4.795210995065992549e-02
6.824989332759816285e-02
6.773163054022152650e-03
-1.087192559731187391e-01
5.134567895644515101e-02
-1.488044229180973121e-01
-2.426161654877867155e-02
1.021496713787010263e-02
9.745071579454991917e-03
4.547642805022848907e-03
1.275223135714325870e-03
1.468602849703720854e-02
7.398316095894759414e-02
2.143797142048423365e-01
-5.611226276305816309e-03
-2.283356089859986393e-02
-1.372611740586438672e-02
-5.333564022832994883e-02
-6.929074684428719599e-02
5.331654442345305778e-02
-1.942314265321738384e-02
7.304809423674954449e-02
1.792990687597697808e-01
6.657431904396324870e-04
3.028383212035862249e-02
-2.580979736596846971e-02
-1.031259361436005911e-01
2.427126356439121557e-02
5.119122759347034812e-02
1.583498144894625130e-04
-3.594101387172281975e-02
6.418526205769652104e-02
2.405073675201542527e-02
1.780528527463424646e-02
6.732648892221937409e-02
-3.428635246782334167e-02
-8.004412978160121289e-03
3.929635823002958217e-02
-5.106317337253123839e-02
1.168151173732498264e-02
-2.046654007470834896e-02
-2.624107182420870252e-02
-2.419038721432440961e-02
-6.594465304889655932e-02
-2.804873093119617661e-02
-5.717241031097228254e-02
8.856779667887898500e-02
2.458492372269769494e-02
3.317843236999230838e-02
-2.086920386335795741e-02
8.801646312907716874e-02
-6.042067940352475325e-02
2.906077555194637105e-02
-2.462238850250805453e-02
2.439726944639889622e-02
-1.252430409443455739e-02
-5.799584256140737082e-02
9.916563800830310860e-02
7.683183877124759309e-02
-3.927987240540404407e-02
8.654182428707066221e-02
4.249480643373370475e-02
-4.036053638035715790e-03
-6.139932288460274445e-02
1.864761510359801491e-02
-9.063566090560754018e-02
-1.960567608218760638e-02
1.456781951805884504e-02
-4.470466680122497233e-02
3.520793979834358628e-02
-3.345581710657764829e-02
4.253012376143853329e-02
6.278466075674381253e-02
-6.824041150060911054e-02
-3.732503023487587172e-03
-2.881913763348697022e-03
7.903743727225251425e-02
5.725589664129043105e-02
-9.015697731242210133e-02
-8.741121201256413361e-04
7.623521050088138962e-02
1.635208791595836597e-02
9.286636807738482546e-02
-5.445644503879416842e-02
-1.004198161133832042e-02
-6.713840515549947263e-02
-5.574736109374121840e-02
-5.602775226327431218e-02
-1.850228545641301459e-01
7.033457375619925345e-02
5.916428777088970047e-03
2.937859846356511567e-02
6.831084792967055674e-02
-3.755520406286420865e-02
-8.883910247411943434e-03
-1.745977674971649221e-03
3.174720509824225517e-02
-1.078834015381962691e-01
3.272859071047039964e-02
-7.392068662153895853e-02
1.784410460115732483e-02
-5.845311770898689585e-02
-1.265820929641812420e-01
4.087718031922346618e-02
1.372390057453698464e-01
4.547973182269854017e-04
9.594687160390819036e-02
1.295739562753331874e-02
-6.661099091838081077e-02
4.253871356986065923e-03
1.030288382707058442e-01
-1.434504614040341998e-02
-5.445945147174190842e-02
-1.948726887686104067e-02
8.007412803562927173e-02
-7.307459049195934309e-02
-8.535061608526969823e-02
2.182135108922616390e-02
1.530320623216711688e-02
-2.295385125423436007e-02
1.345481161062393911e-02
4.988580797737977163e-02
-3.505094453056684101e-02
1.599947628023000445e-02
-2.075006982808797959e-02
-1.778784135599238703e-02
3.178324925589048888e-02
-1.124955339818344835e-01
-3.340381572789906384e-02
3.447265219740941466e-02
-8.421097977172618820e-02
-3.235926198604358733e-02
1.491831673940637384e-02
-8.625337191271066628e-02
3.581665987595016726e-02
-3.856658792912039807e-02
-2.009962310418467873e-02
3.464061598978671747e-02
4.130406076007853144e-02
-3.082601422041840802e-02
5.734258763090452696e-03
3.130621754894007819e-02
-2.963629271622895620e-02
1.154660879605546031e-01
6.841280234809628269e-02
-4.672878908045006996e-02
-3.994518610542256709e-02
3.414349734621840993e-02
4.526620900795924607e-02
-9.695713218752455287e-03
1.571406337654244686e-02
-4.021143712878383347e-02
8.225534469580521660e-03
-7.759002151539920455e-02
6.984426088391923471e-02
6.836826749520002328e-03
8.994550283661424672e-02
-4.194747044862063429e-02
2.886443235405134616e-02
-3.306944091620538009e-03
-8.886315393770138904e-02
-3.334170480546214121e-02
6.180667803015982981e-02
-7.085171326093607329e-03
1.234001966605520646e-02
1.058052956168105581e-02
5.474727612933260462e-02
5.122631365710226745e-03
-3.321232907553501451e-02
2.460140954732324345e-02
-3.217534097263594073e-02
2.130777965875700272e-02
3.133958565088757094e-03
6.479649300238032872e-02
-2.061018810170609297e-02
1.399286399509616641e-02
-1.085487482759395174e-03
1.601486525239549374e-01
-1.140997467801163102e-02
4.874316523088852160e-02
2.455661039262937301e-02
-2.467799099317898384e-02
2.798771025367436521e-02
4.107844613809886851e-03
-4.926182447096155714e-02
2.516807260138609337e-02
2.170429843061231698e-02
-3.989546432974832441e-02
3.350791759843032430e-02
-3.857035422973625199e-02
1.342398741347838008e-02
6.765755996144301454e-02
-3.771025010488361813e-03
1.543846267709093369e-02
-1.291533860398959115e-02
5.106036516593169539e-02
4.304927856738207520e-02
3.916463682164871701e-02
-2.163733096264441880e-02
4.165772960299731625e-02
1.430731705879545804e-02
-1.334823191074015073e-03
2.983993725128279706e-02
-4.295842482445572097e-02
3.613312824085618963e-02
5.421986189221393582e-02
2.073877092624041435e-02
