-2.574578145717582589e-01
1.015175052680584722e-01
-2.985330157892759906e-01
5.722902799251016609e-02
-8.012355164529572082e-02
-1.790650625860128664e-03
4.095134903540947197e-02
6.887382713228311359e-02
-1.667238952688834819e-02
9.891420666776556958e-02
-2.359278492639995187e-02
-7.858999805354742463e-02
2.986064460806670331e-02
-6.651852414178487105e-02
-1.139279890327875126e-02
6.337798666689721527e-02
7.579061836776512795e-02
-1.255499982060702402e-01
1.530355351243244955e-01
7.609970273757669934e-02
-5.567876418571550412e-02
7.619639626952245948e-02
2.380837946562541774e-02
7.195090947683135951e-02
7.943795955433086836e-03
1.974077090978935967e-02
-3.508023864257742153e-02
-7.803455633031829153e-02
-1.074931000120517982e-01
-1.214483139175906272e-02
5.893383398421061375e-02
-2.685950454802104800e-02
-2.347832541418704358e-02
4.465599278947620515e-02
7.446250212570429405e-02
2.410923614785426272e-02
-4.150817417513481128e-02
-4.027602335107438591e-02
-3.556359708521444896e-02
1.174945459771139372e-01
-5.322738656012506592e-02
-8.919792652940945754e-02
3.687292798748460082e-02
-9.771070712745565448e-03
4.708527215682453693e-02
-5.232994971675341417e-02
-4.113537983510293788e-02
1.151978197535210788e-02
-1.560511282461858329e-01
9.814757549468049527e-03
-4.961026210229236427e-02
-3.965803663993756889e-02
2.319741905406146054e-02
1.113752215403036178e-02
1.135413605277935112e-02
6.845213994081932041e-02
1.448488039510171244e-01
2.968407697631332554e-02
3.976863714823998530e-02
-1.988795914384686864e-02
-1.190090229834934177e-01
-3.664608408780309357e-02
5.261041920851176196e-02
-8.243429406233704348e-02
1.698282090749887729e-02
1.666133311662783278e-01
-2.690938035327921848e-02
7.593391119221487573e-02
-3.947761000427369577e-02
-7.166723628371335364e-02
1.327839558761574786e-02
6.289051438046883158e-02
-4.136327950000524140e-02
-1.527182594726274496e-03
9.172855935795394544e-02
4.424107705770440740e-02
3.033635785427729603e-02
8.405383791103410163e-02
-9.557041618502656877e-02
-6.701302272778612845e-02
7.299993964363003796e-02
2.647833689761736400e-02
7.995269970801355264e-02
-2.934368370685062899e-02
-5.633381189667190786e-02
-1.349511870345654167e-02
-1.087875045784417530e-02
7.372991027956549148e-03
-4.065788270972617302e-02
-2.224861377184362068e-02
-2.706938339277532163e-02
-7.014358504162215499e-03
-6.728329862430923458e-02
3.116360451331482220e-02
-5.334282902616423183e-02
5.345062629577695956e-02
1.707900475968288090e-02
-5.579078451621140994e-02
-1.430623763860401632e-02
-3.400463231677256642e-02
4.104705961352898141e-02
1.068111484908138009e-01
-6.768219584928279742e-02
4.157410489288849292e-02
-3.782985174019336261e-02
2.698386640989105731e-02
4.835259088444655851e-03
-2.873916710370323993e-02
-5.733642479945293829e-02
1.231936030446539321e-01
-8.155921031708839031e-02
-7.598065610750792676e-02
2.815667594740343949e-02
-3.637089342214870624e-02
1.250786536435318785e-01
1.035717695478415301e-01
5.097107066050051566e-02
4.940886578500171267e-02
3.473838914522397320e-02
8.876775681048205968e-02
8.620738052726902023e-02
6.828070551238084145e-03
-8.192228433594952661e-03
1.117342909324651884e-01
7.197843218396652101e-03
7.860324972735323323e-02
7.415731316550046651e-03
-6.014053722588018347e-02
9.300563481244400422e-04
-3.564889563391510086e-02
-1.735860051470678508e-03
-1.427855838697059676e-01
7.983663834512080837e-02
3.846294681569670942e-02
7.242258169064512419e-02
5.405015531839853227e-02
-7.322205080266660539e-03
-4.561433636437845635e-02
-1.324981711525979010e-02
7.300026729490545485e-02
-9.672778970689700773e-02
-6.481921541037199974e-02
-1.104107254025629564e-01
7.344063060906810825e-02
-2.511836567044640339e-02
-5.638845684827228227e-02
4.759964825353452111e-02
1.085507219234058823e-01
4.944097560999273500e-02
5.342532433617519505e-02
9.837984384325506454e-03
-1.068288416596864104e-01
-3.254749428359134805e-02
1.075254646769236988e-01
-4.895667061922672619e-02
-4.908820440345867259e-02
-4.553260557401014180e-02
4.909490305175611552e-02
-5.185267102556026519e-02
-9.265479310786517431e-02
-3.825769149449557982e-02
1.594511291255077887e-02
-7.216766899836941918e-02
-1.397414486811859174e-02
1.009799387421882882e-02
-4.102776459397654979e-02
-1.515012170129335402e-02
-6.564642566371226007e-02
1.551781924370760485e-02
9.695492485215666256e-03
-3.757857961764454052e-02
-2.408211390338905675e-02
-7.013677717623290064e-02
-2.785108652452965641e-02
-4.531300640808512414e-02
2.402856112270674097e-02
3.618544280026175872e-03
6.890484478635608423e-02
-4.604956647522621895e-04
-4.394597247564401704e-02
2.011331040994035479e-02
1.468376835985055195e-01
3.673826331328753497e-02
5.829342136355624565e-02
3.895573433392634372e-02
2.110409146110904868e-02
7.049322535819110835e-02
9.543921005207003927e-02
-1.447545131950910870e-02
9.594503080992187669e-03
1.223544517226095134e-02
4.927736840646702865e-02
3.722446140031153254e-03
3.851711849323259662e-02
-1.158908750124260506e-01
9.487288302535756834e-03
-7.383803520045363611e-02
6.202984729133859988e-03
3.281919000230793665e-02
1.191303631724901189e-02
-6.628851294644097503e-02
4.041130692212501624e-02
1.535854431815687933e-02
-7.005264360984485295e-02
5.911193065524927848e-04
3.186095564449749340e-02
-3.128651014729407626e-02
-5.985052944143742087e-02
-5.277733933048892219e-03
6.950772313312637840e-02
-4.741397919746396378e-02
-2.829658304200719648e-02
-3.091411626993216533e-02
1.981900675321987895e-02
2.795924785111507382e-02
-3.321641256520713181e-02
9.898199407607997588e-03
-3.002392416031698930e-02
6.740860703430823220e-02
3.712470978979518811e-03
9.143611239179419425e-02
1.124965170161807554e-02
8.413884521415659901e-02
4.376095872212430044e-02
-7.442092681942338861e-02
7.184318501861317041e-02
2.036571110910451177e-02
-2.121866019041376492e-02
6.629146180791975485e-02
4.492670555436654306e-02
2.654885473322690995e-03
1.381705428440399043e-03
-6.744992750070824550e-02
8.824194932482968060e-03
5.019763162202618700e-02
-4.626880158417855798e-02
2.857049950825717860e-02
-2.435373681071110671e-02
5.697371483756450555e-02
1.810102189910815090e-02
-1.833754971426313949e-04
6.736983496671703105e-03
5.514749584547282146e-02
-2.601922464936131177e-02
4.610672341993814032e-03
2.134771838723144299e-02
-2.910420703021687067e-02
3.765208272043012172e-02
1.982858145160155960e-02
2.704699388895504680e-02
