-3.118477049894339825e-01
7.246690317660142711e-02
-2.106119428857858578e-01
-1.445597611206477784e-01
1.207367190495073524e-02
1.072490542379930245e-01
1.780503758417277260e-01
9.937956891783764068e-02
1.620790894472114857e-03
5.493318297340609889e-04
-2.047257012334257470e-02
5.485942909191494909e-02
-1.472736527297553444e-01
1.495079108243871531e-02
6.783271890122435921e-02
7.298339568683943901e-02
1.145317027132521787e-02
1.171269062026073253e-03
3.185977463594237558e-02
-2.510406265121996675e-02
-2.412168248373788501e-02
7.953291981308660552e-02
6.514854418451322682e-03
1.213899164427622787e-02
-8.091450407975410430e-02
5.465643544047264768e-02
1.502160198666354675e-02
-1.059374912962837839e-01
-1.835878746880297008e-01
-9.509147159098570168e-02
7.252070223662830661e-03
-1.828780429273815789e-02
-6.048607861540621772e-02
-2.329194234447081596e-02
4.561320465059148788e-02
-9.036860320798593971e-02
-2.374203841638345552e-02
-7.340772276268849039e-02
-1.149024819588410212e-01
1.061019391235307197e-01
-6.758288884328768342e-02
-8.375828147821273717e-02
-2.841692191395564157e-02
1.012944063091744500e-02
1.267519133520853269e-01
-5.039145125215125504e-02
-1.257372681045738037e-02
9.679208177131490287e-02
-1.385930900529973031e-01
-8.006875701535560996e-02
2.858571242716871283e-02
-3.418167602916366565e-02
3.062379596402407464e-02
-9.317135837454951219e-02
-6.159726787323950570e-02
1.309599760532802193e-02
1.192876257555479796e-01
-3.238387581911279789e-02
4.088595769165891819e-02
-5.138377294039881554e-02
-7.497532472656701086e-02
-4.376727599524639356e-02
-6.675846041908664596e-02
-5.278692707703038639e-02
7.200033360999076593e-02
1.610926537134965697e-01
-2.828219097910514637e-02
-1.906812394791115861e-02
9.252182175789413696e-03
-7.435159299594187865e-02
5.538241768611883858e-02
-5.461559265841088584e-02
1.935405931231016716e-02
-8.178935790711573672e-02
1.635509369800348251e-02
1.661816715363857375e-02
-3.679364013295014640e-02
5.255870277902444272e-03
-1.947963830566175987e-03
-2.724931362852912875e-02
4.270417929274067381e-02
-2.381231097110835665e-02
-1.321579831404697328e-02
6.336696623939375161e-02
-2.145347880219149878e-02
1.421569278526028587e-02
4.021427696557287879e-02
1.241211070158011187e-01
9.105392212140368119e-03
6.787510495185262224e-04
-1.276724551070081842e-02
-5.375082391168135854e-02
-2.322009063121277615e-03
8.878481486914271970e-02
-5.606429116273699276e-02
-2.782803934095966214e-02
4.522480343137144643e-02
-8.552686725540045720e-02
-6.954258869295246170e-02
-9.373777382841485747e-03
-1.237127150851501448e-02
1.890916728556357382e-02
-6.802799620983425270e-03
1.942192723926868675e-02
-3.492273206080804930e-03
-5.097563223951447064e-02
-3.453587411015448388e-02
3.073796194797703482e-02
-9.122188716538351047e-03
4.092400105632101881e-02
-3.283852991679155758e-02
-1.141480389696315637e-03
9.137434774376522462e-02
-7.738698692641085564e-02
7.249522036029803704e-03
8.794186722214389351e-02
8.045059037067644331e-03
-5.852989598247435726e-02
3.130577711054221418e-02
1.131523795144844108e-01
6.606144137653698067e-02
-2.697540140296200706e-02
-3.383325623280548922e-02
-4.507227107305641911e-02
-1.048826851760770694e-02
-1.080811990050264786e-02
-2.186725422784183137e-02
-3.864093260702840260e-03
-3.704960737518608188e-02
-7.266982504811041188e-02
-4.713475978724217946e-02
-1.887921351938716408e-01
-2.503002164999552047e-03
-4.324884542680862247e-03
8.020564134820584723e-02
7.552864034260058090e-02
3.783444916615853748e-02
-4.572453532717812158e-02
6.275504230780053379e-03
4.714685470600739510e-03
-3.851962451970963267e-03
-1.054294329282114417e-01
-7.214044803984061283e-02
7.296839368077456811e-02
-4.376494314741333908e-02
-4.830767978773471694e-02
4.070500047974730945e-02
8.744532953337016967e-02
-1.522725149563886222e-02
7.582921881339783898e-02
4.917941118799674244e-02
-1.063838189216968905e-01
1.800563737483869145e-03
5.914752641876688810e-02
4.254773492805945245e-02
2.539785791831803557e-02
-3.488321720751279276e-02
4.302557394420209597e-02
-4.605562026963837957e-02
-3.213103100397648321e-02
1.187885757691078820e-01
-3.255112306375939051e-03
1.127659163534641511e-02
1.504543292452735536e-03
-1.809249109416159913e-03
-2.902568752848256814e-02
3.970323973026755604e-02
-6.809920190369236903e-02
-1.724092985516381682e-02
-1.902329737954987221e-02
-2.049209426520690047e-03
-4.278816181473059366e-02
1.108838465016900518e-02
-2.441637500000251593e-02
-3.567814407911737429e-02
-1.582568079976703120e-03
-4.399883806015193743e-02
1.097399614842273635e-01
4.672694209605779588e-03
-3.702660190655550788e-03
2.467790518707111899e-02
3.402785163204880003e-02
-4.137940884329968649e-02
4.663387941250230623e-02
-2.410596267833977485e-02
-1.087893080472748103e-02
7.791726118384720290e-02
4.698567286572673946e-02
9.805059934229715113e-02
-9.303034669553310321e-02
-1.164198738593588689e-02
1.373713955878106130e-01
-1.941489280580286497e-02
-2.794866551891184853e-02
-4.038540032661900453e-02
-2.273198708460470036e-02
-1.323765171474768354e-01
3.576453122887367220e-02
5.147679973398765207e-02
2.943860159493300391e-02
-9.297023100137365159e-02
4.368096062542342096e-03
-3.362161309939756121e-02
-2.621184236222032574e-02
7.641996766466026270e-02
2.205302069528619624e-02
-1.678810614578483962e-02
2.726115731752770666e-02
-2.751655032029705350e-02
7.596319605894842619e-02
-1.185025686247755464e-02
-2.280416180756270408e-02
4.405916909411135979e-02
1.391181243753009632e-02
6.062411142718964613e-02
3.093862275158627828e-02
-6.997538580093384114e-03
-8.271955406307075764e-03
6.805441122529774789e-02
3.319172307871583183e-02
1.248073590683520806e-01
4.392791948602711716e-02
8.795231120244264775e-03
-4.583636846329803421e-02
2.194291027756608073e-02
2.527016141693336215e-02
-2.582631234033327255e-02
-3.725988668986084367e-03
-2.453689350805471261e-03
7.427453723751779868e-02
-7.443062270253239521e-02
-6.681742763431290470e-03
-4.249673528543223416e-02
5.733493954245113579e-03
4.415198054790021864e-02
-3.722044361649891331e-02
4.922506322559127429e-02
1.527559528073305951e-02
6.724523603692821906e-03
6.511032137001782072e-02
-2.345086311685174243e-02
3.927815896511858279e-02
5.541615425478145507e-02
-1.445177698596528115e-02
-1.692854358533464956e-02
-1.836363979229572313e-02
-1.060483195133371526e-01
-1.696077277539744660e-02
1.970125884980182540e-02
-2.515039659818107259e-02
