-5.720616550010262924e-02
1.501335716957730160e-01
-2.616984663101918351e-01
1.294567564775256086e-01
-1.278000259765596225e-01
7.644747478738583846e-02
-1.186638393487665089e-01
9.446635554235960353e-02
-6.076378503862348013e-02
3.786455619391329575e-02
1.816768531132469389e-01
-8.748211271642526710e-02
9.105265867247702011e-03
4.439894044448516180e-02
-4.913478850698391881e-02
3.404234603948050764e-03
3.603506716981703245e-02
-8.389642713487824310e-02
3.012150379098427547e-02
-2.562375199978075835e-02
-9.490995939956196892e-02
1.245237404533332259e-01
4.738670704540245103e-03
2.121276437587532246e-02
-8.716385982624724749e-02
4.854212990470422456e-02
1.014839247896701796e-02
9.788778260237854245e-02
-2.272246409440963344e-01
-1.318018908818377466e-01
-4.279051561300196288e-02
-3.931221873094254554e-02
-1.364240313757332512e-01
1.081153694358960166e-01
-1.505731981937350784e-02
3.293757035953682327e-02
-2.839000535139656056e-03
-5.881959410611393296e-02
-1.484284072234132723e-01
3.814136756684580187e-02
-3.320642701398875130e-02
-5.816454869962175284e-02
1.067659861626750195e-01
-1.700308245029252124e-02
-5.382662901401762123e-02
-4.634839175534476163e-02
-6.799866564765104371e-02
-5.104802660347030480e-02
-6.593136903155924489e-02
2.520625758146217976e-02
6.259138160953284236e-02
5.721694286062468937e-02
-1.008664718430942256e-02
5.046742838082243776e-02
9.542114628837138068e-02
1.326415306627478086e-01
4.458157821476067123e-02
-1.093296187213806669e-01
7.123694172975057748e-02
-2.768428069006854259e-02
-1.369052597683295680e-01
-3.572983692360317577e-03
3.814393360506532910e-02
-7.498573111562688472e-03
1.545364442238091442e-03
8.284101561518290510e-03
-9.328196852665480987e-02
7.600091998623099802e-03
9.993272261048265215e-02
-1.889349242926835759e-01
1.135754176349034611e-02
3.843572422610437491e-03
5.681349750155807038e-02
-2.525065004266015961e-02
4.799415244292221799e-02
6.265566086693222236e-02
5.072396805182059071e-02
-1.442434234156935065e-02
-1.354605160997750767e-02
-1.126856438822791857e-02
-3.640043893680128262e-02
4.860233557643010155e-02
5.176244371926699839e-02
-4.154800783162466288e-02
-3.950297159708732880e-02
-1.405457623413414528e-02
1.013148870219582158e-02
-2.503244056756632682e-02
3.062768690526558937e-02
6.301727980302039567e-02
5.671043899156592849e-02
6.887323562382456632e-02
-9.626364078680069505e-03
6.118362096681738416e-02
6.141042666994666471e-02
-2.858216953856209178e-02
3.808892416073401954e-02
-7.995393393890466716e-02
5.491716318184287904e-02
-7.183736259764436638e-02
2.624210305973355764e-02
5.236899100340992874e-02
-3.816247323120148388e-02
5.354686669713266262e-02
4.592752941186303839e-02
2.956255651581374613e-02
4.724297682963066181e-02
8.960926217398775982e-04
-4.816655813579732298e-02
1.928073004943083035e-02
4.277110994896671931e-02
-1.929295080645137064e-02
-1.001547169919502975e-02
2.777681844336057221e-02
3.704117868021954141e-02
9.973414332776826818e-02
4.981937542847850175e-02
-5.307388170231659708e-02
3.841243742926208488e-02
1.656929368927988200e-02
2.820194682538228192e-02
-6.449987253531307141e-02
1.622345588824185454e-03
7.409871585408861483e-02
-8.088020958520183989e-02
-2.647574083962235796e-03
2.148733046536572405e-02
6.707854849308075851e-02
2.378451203045025414e-02
-5.975039239477304004e-02
-7.810163925013227648e-02
-2.306104962992969187e-02
-8.267486464046789815e-03
6.287002128469675044e-02
3.629818231375275123e-02
-1.153916594866913475e-01
-2.782615052813116469e-02
-1.773138824795245788e-02
-1.089460280830377020e-01
-1.628122382365916956e-02
-4.827622419420476291e-02
-4.437125930719191397e-02
2.513254813360599194e-02
4.564176898063990878e-02
-7.444080082423057410e-02
-9.161737953364150477e-02
-2.788597129412410600e-02
3.448315933011912582e-02
1.111649134069486455e-01
3.269835144652053632e-02
1.244746008214290961e-01
-6.314481190253136422e-02
3.764891275703900492e-03
-1.388027808807213229e-02
-1.585288789386304215e-02
6.589400109998724830e-02
2.153419273835000675e-02
3.959538104846839490e-02
-7.624013889924730059e-02
4.990803204896348405e-02
-4.381831014635954760e-04
-7.272931748275524022e-02
4.102248320426359757e-02
4.251084952255022864e-02
-7.098598319187991723e-02
2.636084647834260886e-02
-6.591998223696005077e-02
-9.109903981329513234e-02
-2.343168177526399124e-02
8.223254380237529984e-03
-2.460651029860102049e-02
-3.831335627851022857e-02
-4.087621902575001159e-02
-8.161765689401887652e-03
-5.742126365385527564e-02
1.009630190311042869e-02
1.301321377369075993e-02
-5.592936903301677989e-03
-7.768552407735668762e-03
7.995409431629338370e-02
-4.022595286544173449e-02
4.652785405332358903e-02
-3.006200377976877419e-02
7.345223460015415373e-02
9.977292258036102313e-02
-1.606946151959192173e-02
2.900822810943837898e-02
8.084964165491161092e-02
3.133844741659944089e-02
-5.632967099526446121e-03
-3.723626173585979637e-02
3.835046760626027729e-02
-4.592691997778589746e-02
7.669599558894794195e-03
-3.861778463778049036e-02
-4.177179843984598490e-02
-9.007666603567632269e-02
2.947717159405866677e-02
-2.692656167931716665e-02
2.443503479458049299e-02
-3.800831848516283279e-02
-1.080481713100218955e-02
-1.079052429811937358e-01
-9.981856598519103091e-03
1.667084465181803768e-02
-1.617566342640298568e-02
6.624561248701921201e-02
-5.427526872122582363e-02
-3.781442222219910665e-02
-3.272811748986715480e-02
-8.346526856304060937e-02
6.807923924774449305e-03
9.853756763052066991e-02
6.235716647104463939e-02
-4.689293714100814525e-02
3.633734647207842883e-03
4.906993189098513702e-02
-7.786043165749584327e-02
-5.383532146848630379e-02
-1.629511250552240914e-02
6.650333895069390766e-02
4.713452963937749679e-02
-7.894673186225886763e-03
1.734173534431584368e-02
-1.706672019813702465e-02
4.318738549913102298e-02
1.180146958301792753e-01
1.625476155452020011e-02
8.317232322480279383e-02
5.147642668422192092e-02
-3.622017475187884472e-02
-5.034772269788105603e-02
-2.886764129048552743e-02
-1.256932123718869712e-02
2.640360309017563550e-02
5.255595896318090987e-02
2.788866563425462103e-02
2.095234357207011872e-03
-1.755760330953435103e-02
5.567308596584057308e-03
-2.783551656763246993e-02
1.196694376515251151e-02
8.731378060922367901e-02
1.461355558478241896e-02
-1.519367267526412768e-02
7.570627464767272496e-02
-2.256737595196861915e-02
-2.928231306676262052e-02
4.355179500178293917e-02
-4.744774667954966552e-02
