2.086531085380369591e-02
1.816972435068716085e-01
-2.731959204553750520e-01
1.164195526348412862e-01
-1.535141182573392105e-01
-5.089653335944695906e-02
3.846772140594244965e-02
1.065825018614911662e-01
-9.463442295304014262e-02
2.191316898324916218e-01
1.185255050098725808e-03
2.669260878294011513e-02
8.282436567417403306e-02
2.024740213917690032e-02
-7.736662212241274261e-02
5.600515572180561098e-03
2.139335258565974729e-02
3.450670887316632102e-02
4.825752856633706150e-02
-1.248510083119943812e-02
-3.066038899580904656e-02
1.321062867407117314e-01
-9.052813305673345842e-03
8.473174520494397566e-02
-1.442590228981228961e-01
1.583536277252384911e-02
3.662108831139009035e-02
5.941017730541936492e-02
-1.335890268825819516e-01
1.896707419854373571e-03
1.763781072493186136e-02
5.288323790976617693e-03
-3.208866232770164750e-02
1.242357350881729758e-02
-1.842891348347200733e-04
-2.016957381810969424e-02
4.101168584544143819e-02
-4.700388090299281729e-02
-8.932046006632735069e-02
6.972955543307561566e-02
1.359001570973497885e-01
-1.445427123343206444e-01
7.156278331513646340e-02
-4.468978982818438798e-03
4.072288811225057911e-03
1.012994815890488030e-02
-1.034444457353842772e-01
-1.312009143067585128e-02
-2.623455397358221211e-02
-3.734441665823166889e-02
3.151575217830727277e-02
3.657853001542191174e-02
1.146116059423578776e-01
8.996293415821406125e-02
1.288745242748583729e-02
6.431280840495340149e-03
3.922771886559453525e-02
-3.172746993967195256e-02
6.248163034907450869e-02
2.960733146598459181e-02
-5.308841574950270981e-02
-4.841123299306008404e-02
-6.728710619496863776e-02
4.503637313755222416e-02
-2.000096748041309963e-02
1.286050534742402274e-01
2.014068103002119789e-03
2.618737543447374402e-02
-2.709115355917431425e-02
-1.601911179442808697e-01
-4.133829148376610280e-02
6.082663973407308883e-02
3.407917369807306196e-03
5.691684031892228898e-04
7.574960209716274928e-02
1.313287518792806696e-01
-1.648167622138629537e-02
-3.462813667175445448e-02
5.887152853649479239e-02
1.120571646134844524e-03
2.705500503714017291e-02
2.733869447333790031e-02
1.382145735413934338e-02
-9.423148569213032899e-02
-7.865859828166715806e-02
-4.412270378810064647e-02
-3.292996955923790936e-03
-2.105233309021435281e-02
1.332207414452242222e-01
-3.340803457656250919e-02
1.276870892508835953e-01
4.706410674843403835e-02
-1.079366886185217055e-02
3.163792832613643302e-02
8.621276088986749853e-02
2.516155130963810757e-02
6.490589144693208190e-02
-1.435554770007833603e-01
3.287481947386629300e-02
7.800044139264231992e-03
9.095436675488581882e-03
6.737759137928631126e-02
-2.456928169074749577e-03
7.314082410600579454e-02
1.178650054623540770e-02
-1.605661385248078818e-02
-2.487210283797679569e-02
6.851625355489999059e-04
-4.240895148921655124e-03
-4.286814509089775793e-02
-3.689840051057730053e-02
-5.582473848087014107e-02
4.854866895802157495e-02
-2.416823157140202474e-02
-3.810565052097762695e-02
2.808896339285658211e-02
2.217443397175478462e-02
-9.305742334372354985e-02
2.999341460050944722e-02
-5.700781355709282072e-02
1.215147372477849153e-01
3.705210493730032306e-02
3.555124172902773133e-02
-3.254831144631219024e-03
-4.660930563142844096e-02
-3.619244688089704766e-03
1.039658499348416199e-01
9.813162164099477336e-02
8.221885352740952724e-03
-1.428344913124354396e-02
-7.480895963811054483e-02
-7.910396369085107016e-02
9.396761124235816082e-03
4.402239245287898478e-02
5.884663778999963540e-02
-8.280487605698370890e-02
-4.479751958196930700e-02
-3.410845692924382999e-02
-3.188045855407746487e-02
-2.743353960540767522e-02
-8.485694728666077352e-03
-9.013248406669283064e-03
4.928907918971275892e-02
7.594215561057233305e-03
-7.262169749119505580e-02
-1.044376027890027425e-01
-2.403222723107555428e-02
6.846705772653309541e-02
6.645669883281260515e-02
4.350183421343324641e-02
2.347968519580662800e-02
-5.503288737308895812e-02
1.718544987719049233e-02
5.198990413751650858e-02
-7.266959184262103758e-03
1.604531703263357423e-01
5.195739975091695495e-02
5.726430212522524987e-02
-1.041386535356726879e-02
5.002695154136915096e-02
1.795664003853451526e-02
-7.307890634054137365e-03
1.075140339819569135e-02
5.652672260588056941e-02
-1.365943974345617262e-01
2.002416630688505506e-02
-1.006103820857535275e-01
1.756896259475702838e-03
7.120748011026442614e-02
-1.252453558250941207e-02
-9.131393229673935574e-02
5.795724098549626807e-02
3.495246472543250653e-03
1.556706330115253945e-02
-5.814081430801348177e-02
5.775404789809463618e-02
4.603258866198185924e-03
-6.252015406652583485e-02
2.063270438753720196e-02
5.113880329199980285e-02
-5.885083505313411061e-03
6.349450477834796269e-02
-2.307938342570218376e-02
5.061277884940219157e-02
4.222267760204691245e-02
-8.061377455309251538e-02
6.464240744024218888e-02
1.170347282478921558e-01
3.901528529191234523e-02
-1.240509253625618827e-02
-7.982283447916997503e-04
9.033603506025321417e-02
2.633480023495681985e-02
1.762320164627000085e-02
-6.231312162214848460e-02
5.173051978319052197e-02
-3.629653249924737896e-02
1.578955078420335445e-02
1.752015720947240965e-02
-1.267020338912223801e-03
-8.197817790410931449e-02
-9.873394516925402403e-03
-2.462924724080053571e-02
-4.911800004582841245e-02
-1.934297327600587035e-02
1.838794949675645260e-02
2.433156692748788055e-02
-3.266791717718302984e-02
3.599878711208768373e-02
1.294562844674509994e-02
-6.083366770955406927e-02
8.790240332842098880e-03
5.678340639555413960e-02
-2.037364540244644695e-02
1.792361506115858899e-02
1.883256655669932750e-02
4.914246781231776905e-03
-1.365908183729741820e-01
-4.866140939802904297e-02
-3.316524405323329622e-02
1.078185470492094150e-01
-5.836993932346300380e-03
-2.034579379591069243e-02
4.651153217624159203e-02
1.421961168729126389e-03
5.181277312585687127e-03
8.977812443260298203e-02
-5.043707946237756257e-02
8.269477110778161721e-02
1.774388109561710059e-02
-3.056541371604517762e-02
-3.214062379456800872e-02
-5.449986749193388297e-02
-8.789322791598747076e-02
5.751486897327647702e-02
5.365192272799891582e-02
4.986189172833656313e-02
2.373545795162154692e-02
2.842461429592066727e-02
5.093886389695048700e-02
4.373538425048190820e-02
8.410209066092534311e-03
7.703656757019461399e-02
-2.051671025517742483e-02
2.926276544587518361e-02
-7.667260954366546255e-03
-1.799314646672741172e-02
-4.207037226303538685e-02
-2.303152161119973243e-02
-2.585318869296819935e-02
