1.955778577710886312e-01
2.111525977875506888e-01
-2.093131679744228979e-01
-1.096567391071135225e-02
-8.680560689851148787e-03
-2.089031976030260307e-02
-5.722249786004050473e-03
9.083787967519670048e-02
-3.720805073795988016e-02
1.371269773703971961e-01
1.050978380057096540e-01
-1.391501486710529645e-01
2.933502850104661996e-02
4.328614549593393784e-02
-2.089490548092156567e-03
2.867586590237837171e-02
5.669903090332430173e-02
-5.257500897395210593e-02
-4.264303291943205565e-02
1.421314923989180357e-01
-1.338204296219706324e-01
-1.636908410052812235e-01
-1.749592419574595992e-01
1.022443386102520335e-01
-2.126819008736672081e-02
4.859644471300111901e-02
-3.735017333684002849e-02
6.236329911574464008e-02
-1.056793560166249951e-01
-3.638147459639175241e-02
7.210427295842332385e-02
-7.727154632860966377e-02
4.330997734702945329e-02
5.903337114022291776e-02
-3.293290847000821669e-02
-1.748888233537123360e-01
2.667902775497390036e-02
-7.886220079815869921e-02
6.178834702298825754e-02
7.532160759662641369e-02
5.192668535129231489e-02
-1.339367749125229545e-01
1.616747914677079193e-02
-7.666741237736897363e-02
1.014137673332961703e-01
8.869322151844610813e-02
1.086226591075373088e-01
2.948006928577519281e-02
5.256972844717875890e-03
1.020232512919256457e-02
3.643594739889580159e-02
-2.684241142217832707e-02
6.127637910812718663e-02
-1.370852542608261585e-04
5.329666938620759159e-02
5.629239560146850202e-02
-3.318887505728489173e-02
-3.133624392722373503e-02
-2.384467026906968851e-02
-4.149139171853332385e-03
-9.378496945965042464e-02
-3.708791875386613368e-02
-1.173350419192594439e-02
-4.307885007977216296e-02
-3.819467547719137407e-02
-4.229938179547156757e-02
-6.082145477854139504e-02
7.911740309866553689e-02
-1.184804298647686854e-02
-1.283214905339870038e-01
-1.052653210292249647e-01
-1.083727373338038043e-02
-2.886648597083482301e-02
-4.042986687585877620e-02
4.407537580670369860e-03
7.217833929448112806e-02
1.462150418697971133e-01
5.077525259223990284e-02
-4.219179106246452593e-02
1.041326480363410356e-01
3.334590124817666396e-02
-6.506102297138838253e-02
5.231397030174839147e-02
-9.913615801890336698e-02
-9.011455172817069148e-02
-1.710894148596703648e-02
6.919463322569113783e-02
6.086067658595662594e-02
2.561072855229405698e-02
-1.040381891396519390e-02
-4.591463191829287666e-02
1.974409804740810334e-02
2.222893329734724338e-02
3.489479786784695226e-02
-5.473582137379223028e-02
1.615580640337706611e-02
-4.135340321627179599e-02
-1.552363702380680534e-02
7.515023365864651958e-03
-5.942878532268534159e-02
-1.642601651681870403e-02
2.774659741119163761e-02
-8.604597532991868636e-02
-2.740742778692695572e-02
-7.317239845956458044e-02
-3.140690571312503010e-02
7.694919101328118183e-02
2.752179287993928095e-02
-1.952405293831330747e-05
4.220377646862773224e-02
9.655106224088598477e-02
3.961597094660822965e-02
3.382493535131973067e-02
-1.660840313234565255e-02
3.689684706140933246e-02
-7.284695125684906162e-04
-7.906626536570256214e-02
-1.502344607326261405e-02
-2.180690803917174903e-02
6.325536073736387488e-02
1.646100000669215935e-03
-3.066030175992700418e-02
-9.811705109195422228e-03
5.756882398769538889e-02
1.300913355107528001e-02
5.835610884123285103e-02
2.413673203606684151e-02
-1.202719875338590858e-02
5.614666001058554040e-02
-4.033186446778228712e-02
-2.587082923618934729e-02
-4.113620681240999499e-02
-1.358564895767903208e-02
3.253468032262051696e-02
-6.612855788729839202e-02
-4.760276769130258878e-02
4.465414933330921245e-03
-5.321697512029924942e-02
-5.631987518487456545e-02
-1.397494884598283853e-02
5.769183941732984600e-02
7.214366846737714500e-02
6.276486233267339343e-02
1.493866235227337136e-01
-1.134489216171498255e-01
6.519008321456602750e-02
6.442812404535601389e-02
8.245615511234799522e-02
2.770136553054095355e-02
6.287363423614289459e-02
4.664931994594313791e-02
-2.192082150818372085e-02
1.068090760833527789e-02
7.866296513338782992e-02
5.679470571078357871e-02
5.414624361148597832e-03
3.005985028130456899e-02
7.000137265155147170e-02
-5.850896619519829062e-02
-3.249531955397442357e-02
3.086728451331930204e-02
6.536680715993470336e-02
-3.509559684646518934e-02
-3.058797243925517537e-02
-4.037508141058524652e-02
4.760804821807593928e-02
3.337327661065956925e-03
-4.527009498917450130e-03
-1.339127693598888419e-02
-1.631752253581095907e-02
-2.409969886803794287e-02
-4.467082468101452736e-02
5.602145594156476144e-02
7.940557395119810999e-03
-1.057392483071332850e-01
1.437936076814458992e-03
-1.088274879618509943e-03
-1.461760979848436386e-02
4.637171014695726234e-03
-6.080794079883854175e-02
5.298994720935284314e-02
8.912987244617147364e-02
2.811748493640415375e-02
-4.683062961193078938e-02
2.846280359513517211e-02
1.922153433869260714e-02
1.083397340414703723e-02
3.480020000992697232e-02
6.824542379787346125e-02
6.195697647665831392e-02
-1.476303272659785192e-02
2.573033943177201535e-02
-7.330621812489977740e-02
3.848420120172500736e-02
-1.055534918817575413e-01
-1.158593778682616982e-01
-9.846181390576172476e-02
1.212367258792273680e-02
-8.743649088669614225e-03
2.891783214564411795e-04
-7.399362459374392298e-02
2.068472661921908276e-02
1.057661720456158291e-02
-1.568688172978035048e-02
5.942954960945517201e-02
-7.972337828621535449e-02
-1.489733875624112309e-02
4.077713099182207757e-03
-7.316968871556245313e-02
9.919045711986881897e-02
-7.083677283128032853e-02
-2.429851764911617265e-02
-8.737038008110607767e-02
8.097305663549828753e-03
8.230388834361376804e-02
1.205895139464145845e-02
1.806808664179247043e-02
-5.079908444333542522e-02
5.010445199048564613e-02
6.422892312089286196e-03
6.066748573472893064e-02
2.651067622376560018e-03
-6.309249817477523281e-02
2.584967238878822099e-02
-3.502205161502318365e-02
6.006039885733209516e-02
3.213235281892193231e-03
3.281479142376219488e-02
7.881290430150483806e-03
-4.357876310785459978e-02
5.095465154130298345e-03
7.482367476608399199e-04
-3.944518759385957050e-03
-5.574332503796309429e-02
4.856771447851716134e-02
-2.379016272625792024e-03
5.607363588375932628e-02
5.152998577744426906e-02
-2.633867696024675895e-02
-1.295299321380069882e-02
-9.287043085893673111e-02
3.132568287367703402e-02
1.213025935026633834e-01
-6.120300757822377813e-02
7.233529600475745169e-02
-3.208541866319299801e-02
-3.385898085288475967e-02
-2.665978162449734665e-02
-4.383007449389687837e-02
3.274166307601281828e-02
