1.118795184128446862e-01
1.622381025214205685e-01
-1.422727123731727661e-01
-5.825956275684223556e-02
-5.799791884655984553e-02
-1.447708440632692987e-02
-1.046818079715959721e-01
1.975493971382122904e-01
5.882306070192086511e-02
1.688591297611390096e-01
5.659946371873685045e-02
-1.305659714030408536e-01
-3.833120911058762736e-02
1.383842395592234376e-01
-1.207065731997308961e-01
-1.184297771421290862e-01
-1.101147879848326794e-01
8.625421788225691444e-02
-1.624808355676110316e-01
6.397869228106178863e-02
-1.066824988699039273e-01
3.097363970402196298e-02
-1.129748762310695542e-01
1.383012346073181700e-03
2.319001965350264791e-03
9.389044443323611711e-02
2.397020730944788083e-02
9.476564445825226557e-02
6.080955209328087717e-03
-1.804166123195279359e-01
-3.529428138266056669e-02
-1.204671119293349024e-01
3.954176615453519616e-02
3.745234469668169003e-02
1.921697143526672480e-02
-7.403374267688002386e-02
-4.183959973049534986e-02
-7.729603032152899955e-02
1.061193281024047502e-01
-2.998523623651774828e-02
-7.042320721666947558e-02
-1.372524014408904036e-01
2.052110126693564712e-02
3.612596678961048878e-03
-4.076632639888302158e-05
1.161676713578443584e-02
-1.592209690370499512e-03
3.571584969377581548e-02
-1.122230221535042843e-01
-2.725160212473646659e-03
7.246594043393614348e-02
2.324864987573924471e-02
1.497122070456315124e-02
3.846770759673219520e-02
5.771736407218551468e-02
3.701000060927165953e-03
-3.430823359372835168e-02
-5.133946249175287690e-02
-4.997627710699407977e-02
-1.220214344560056341e-01
-1.118909369103673196e-01
-1.298813196002936501e-02
-9.661498300830882735e-02
-2.556925501122879127e-02
-8.245310148201948075e-02
-1.483001086127456319e-02
-8.517489176542483720e-02
8.865563587986943772e-02
3.028496361704757431e-02
-8.094916430258330964e-02
-6.480425946727608189e-02
-5.224574438681632571e-02
-1.030905143784479339e-01
1.246562936565523763e-02
-3.498640728040254555e-02
7.993151115947669250e-02
3.092273087266027634e-02
-1.997177011104700473e-02
-5.133458754581914085e-02
1.781501550734366016e-02
-2.386711365416467612e-02
-9.292000301484344693e-02
1.185337214591188626e-01
-5.427898945427907240e-02
-1.083880428737942804e-02
-4.369489291249781075e-03
5.406184169480124022e-03
-8.808919333657581896e-02
1.844385081503750398e-02
-9.421732755285991022e-04
4.615245458274315482e-02
-1.717607041244495480e-02
-3.003198991262047771e-02
-4.043924697271156915e-02
-8.223019539714340742e-03
2.167950620471963824e-02
-2.172102503955124567e-02
-6.201965108861722670e-02
-4.982063873245195021e-03
-7.495533648266150539e-02
8.831029994476494172e-02
6.698391650154060517e-02
-7.367361831518459692e-02
-7.604559033064704765e-02
-9.779056476901368256e-02
8.773790276952540823e-03
5.458719073411653910e-02
-4.659247570933911647e-02
-1.943326853303800617e-02
-3.893760003633153083e-02
5.871640081102170311e-02
2.392561300536948793e-02
2.078784914745738718e-02
-1.950017634803456398e-02
-5.263541288393566719e-02
4.820742424148106997e-02
-3.208352420677421796e-02
-1.098661330244542628e-01
1.840347710173395601e-02
1.825029255903767300e-01
2.609646896274692845e-02
4.963349315700925184e-03
1.132404135545473506e-02
3.657874784180482203e-02
-1.061985705121463834e-02
3.688583671787216967e-02
3.553855216347441559e-02
-5.613156706237213897e-03
3.210537966908116186e-02
1.152967246413609884e-02
3.103652323479134945e-02
-3.638731624007138232e-02
2.715649160239172119e-02
6.297150882049741549e-02
-8.896939917855746678e-04
-5.185928222997555556e-03
7.365127208650848467e-02
6.449995160063402844e-02
-5.642540524647194494e-02
-3.294341232107232675e-02
5.566432476116631861e-02
2.954354650426660456e-02
4.340992124080095965e-02
1.542667479758155491e-01
-5.703199247876351158e-02
6.310453922429985762e-02
3.131580201660584626e-03
8.980406190148033929e-02
1.148841537136804751e-02
1.246382988896828879e-02
1.147113385162174815e-01
-2.100502962469317364e-02
1.698643828739846567e-02
1.003002131099067253e-02
2.079007395499761837e-02
3.461434093705736265e-02
3.915867392676270625e-02
4.905726800409020844e-02
5.130700647587190660e-03
3.038566887600083546e-02
5.506136920000659872e-03
4.029240967505651888e-02
-3.521130914851323956e-02
-5.030322566213375757e-02
-4.805489405394367669e-02
5.519093152146693076e-02
-3.185397641703540533e-02
1.931496112031058643e-02
-2.105953740942876143e-02
-3.927066681220682531e-02
-5.251560045434280205e-02
-8.894050939829245550e-02
-4.287989356209959829e-03
-4.731701045902071689e-02
-1.070187719860577896e-01
-5.468707804912118636e-02
5.965376457613245226e-02
-5.374382508758041369e-03
-1.144820524685422232e-02
3.966550471508140108e-02
9.151271409237543564e-02
1.672705190241423681e-02
-8.783376580030286679e-03
4.232221937793509414e-02
7.350230813458703827e-02
7.238182307826076384e-03
7.036215588034498876e-03
8.018484475924117505e-02
2.381888767895443473e-02
3.957193192736005449e-02
-4.255160357888419093e-02
8.336514170248116029e-02
4.850374897518465976e-03
-4.948989491739071156e-02
-3.767970039663821880e-02
-5.100286219801956900e-02
-1.280962714445980921e-01
-2.649032533288316754e-02
-1.000061786192592422e-01
-2.788969655792861504e-02
-5.230872607085954723e-02
-6.236789890417878714e-03
-3.166162871807951928e-03
-2.769829767395311920e-02
7.314074419154205364e-02
-1.025544011967688685e-01
5.660702152082203176e-02
3.791405769679488669e-02
-9.101612396229336044e-02
-3.230093370831561058e-03
-4.818471811746756484e-02
-5.045690097119921030e-02
-4.719922653042040589e-02
-2.916719413463068900e-02
4.716608344162260408e-02
-3.762319682866802073e-02
5.526801455918423783e-02
-1.558085068834355819e-03
-1.788634021966273302e-02
-5.913567887908083992e-02
6.532793990093621606e-02
2.954636023144983567e-02
-9.895283040223512572e-02
5.145197886132411164e-02
-3.454576451640562623e-02
3.224017683181262112e-02
3.391045109263876589e-02
7.571206550616051134e-02
3.829449978617386306e-03
3.719194406120118757e-02
3.933721473186600412e-03
-2.750696422549351455e-02
-6.174331690501773731e-03
-4.247190312053131939e-02
1.276516043963740049e-02
3.202623541261334639e-02
5.918213809536206765e-02
3.020081354361424733e-02
-1.520989674876849045e-02
2.350051117639622919e-02
2.333947437179325832e-02
3.138987502059226165e-02
-1.498689251061858033e-02
-2.897160737763829555e-02
1.121306926405848253e-01
-1.211188496675899041e-02
-2.737403197496489360e-02
1.134818706081779788e-02
3.132450494021909310e-02
2.440325955360166804e-02
