8.444645867928080030e-02
2.884763017113175509e-01
-2.771179344361388575e-01
2.009704170755180833e-02
-1.017975026036682662e-01
-1.179732232971094676e-02
-6.933833243937000124e-02
4.190289589105596763e-02
2.657733452922877992e-02
1.615454127415568708e-01
-9.943758426987057281e-03
-4.093392043869892305e-02
3.827791816745344800e-02
-9.195550783371049530e-02
-6.071464867010071403e-02
9.521651595633566501e-02
5.387735636094152791e-02
1.392725609538771614e-01
-3.624484952787983966e-02
5.633119292169490311e-02
3.225875508696308264e-02
9.103704138984393401e-02
6.505644583319826479e-02
6.038407077563503339e-02
-1.000866477223661538e-01
-1.974195494888919544e-03
-7.553599526360146865e-02
-3.495417902337186883e-02
-1.450999324462868070e-02
-1.552617095395758843e-03
-1.068887976918567184e-02
5.297869800705422988e-02
-3.108625232054743406e-02
-1.241976967439478857e-01
8.379363460741108549e-02
2.146321637173523311e-02
1.339061895261239588e-01
9.195398413448133135e-02
1.283182657466223897e-01
7.923294346143304467e-02
-1.093265219437399016e-01
7.281453876376657586e-02
-5.433897238911617605e-02
-1.361685911092545276e-01
-4.199820814071068831e-02
-7.211201616171974971e-02
-6.647731157396928603e-02
7.493076247829404124e-02
-6.797209293692149656e-02
9.114671531521192915e-03
-7.698928013690808751e-03
7.113376883745752000e-02
-1.791560366601570309e-01
-2.303055175330216524e-03
-9.182083875715756072e-02
9.333533095269143029e-03
-3.576041043040012468e-02
-8.467199858433109572e-02
3.410272292645643438e-02
2.328079503734458572e-02
3.253567931708232358e-02
4.498738183702469945e-02
-7.439409615829943589e-02
-3.065890331546293132e-02
1.875038336115482374e-02
-1.028093361492373875e-01
1.237042775467557879e-02
2.593984470704841123e-03
3.703127284492883919e-02
-3.571110092981345102e-02
4.947804765672579597e-02
-7.500581277011397763e-02
1.370110346873250687e-02
7.966353437977111845e-03
-7.616713093580484983e-02
1.870671478962934384e-02
8.033927877834351472e-02
-1.128944419940797368e-02
-2.817439825533087083e-02
-1.111374871063119940e-01
-2.735036874454056105e-02
-5.192527071444189707e-02
-9.355642943658433464e-03
-4.982334383736264707e-03
1.142488485131527426e-01
7.087159531264197732e-02
-3.571337026909094520e-02
9.149350277594543723e-02
-3.695683851662706458e-03
2.301787587248073710e-02
5.433381774704300858e-03
-1.036439667163668524e-04
3.714230837386332806e-02
5.116685752790368219e-02
3.161322531991388185e-02
-6.117619986001029270e-02
-7.174668495717588523e-02
7.796995889611049724e-02
9.017158022767311765e-02
3.823648651607293447e-02
1.207676552642820283e-01
8.867897094660079360e-02
-3.815287757326357027e-02
1.033555661133300080e-01
8.019070189393279202e-02
-2.844412543802720197e-02
9.791579776951618574e-02
-9.365368683419118823e-02
5.953345757616551603e-02
8.874348502034666228e-03
-5.105906391222275742e-02
-2.076769630231610833e-02
-1.710099515514024518e-02
-1.035502754233389236e-02
-2.024208490651615774e-02
6.103031376360001925e-02
-7.112109295663609403e-04
-4.066678678660544388e-02
7.450513168723391089e-02
-7.519079634036221482e-02
4.032729363069246370e-02
-4.244345250695485267e-03
7.170055253157771313e-02
1.481489518612615595e-02
-6.882863883764502033e-02
-5.063605907089802766e-02
-3.272957814877784644e-02
4.139663871737977834e-03
6.291114215678635102e-02
-7.906906474646552274e-02
1.254085513441531748e-02
3.356219872969009449e-02
4.634379834231489720e-02
3.176643814027720752e-02
-2.180352000596160258e-02
2.753211040153523068e-02
-5.073701224961393169e-02
-1.714061133509877169e-02
9.880596231067914625e-02
1.958042986294373788e-01
-2.446950737002804785e-02
3.810275759436350385e-02
-9.327940794906748601e-02
-3.812668291417479344e-02
-1.576253884927477159e-02
-8.533422420463612768e-02
1.793727909802901588e-02
6.858367987220589934e-02
3.556962383542802003e-03
-2.698079063363453128e-02
-1.757039177512344230e-02
-3.080874454604255394e-02
4.511213065902175412e-02
1.065616886445723815e-03
1.777596149453178689e-02
-1.204581498059644797e-02
8.030711899886817939e-02
2.022075311730772013e-02
3.296053204896158160e-04
-5.464072967475769316e-02
3.587643850574509519e-02
3.695178113195150826e-02
3.050355083235225737e-02
1.310741189460775530e-02
7.136008680168866303e-02
-3.884408589805545681e-02
-2.406608368475483123e-02
5.685223321980733407e-02
5.944881122111502630e-02
1.699025139839857937e-02
-4.720679565041302136e-03
3.868338425807640868e-02
6.476885570847480678e-02
-2.202144141486601925e-02
-4.244899617861843527e-02
5.988536725983963777e-02
-1.006212067987459317e-02
-4.781835016656489634e-02
-4.391129357076997003e-02
2.578873913029990431e-02
-2.113237912420926415e-02
-2.147002438956771217e-02
3.724643862756772672e-02
6.112371328443513135e-02
-2.482508041567869569e-02
4.226125698210467935e-02
1.527259822500375286e-01
-3.792905588223767499e-02
-2.332822422824419595e-02
-4.436888962651019952e-02
-3.263112124326718322e-02
1.904867179961503010e-02
-4.128693237287925366e-02
-4.100028240299932736e-02
-7.837312322832341860e-02
-1.242142305015410571e-02
9.395810248870062678e-03
5.463852517374527540e-02
-1.789600954231117258e-02
5.111372256967780525e-02
1.642123078413343373e-02
2.374571781703786744e-02
-1.574321704628354329e-02
9.578945928563762507e-03
2.100727369175431694e-03
1.132562395131772289e-03
5.119804473340294065e-02
5.698508682493828859e-02
-7.937620360810794529e-02
-1.185162437670810379e-02
2.389491066496677446e-02
6.260218782372192758e-02
3.859497728365177995e-03
-9.063990701628263369e-02
2.495887417565318539e-02
-7.818447629609867611e-02
3.045456552309094150e-02
-1.210559586099212680e-02
-1.501122545276185188e-02
-6.827764326106969262e-02
-2.862090696774391776e-02
-5.205614675248818740e-02
4.037802957311070425e-04
-7.830086098190153221e-02
-5.507611862471103320e-02
6.757346728326354968e-02
5.121574557976738646e-04
-1.318936746165779578e-02
7.587046345397141511e-02
-4.582755607581773943e-02
-5.666293790493186905e-02
-4.670614698666548936e-02
6.562929190510261544e-03
1.384060299603326501e-02
1.530319216037761762e-02
-3.346283408846843083e-02
6.492372190459744230e-02
4.702962509110587136e-02
-2.824500712599344390e-02
2.755366912467141494e-02
1.955379430365247750e-02
-7.175945809539492626e-02
3.590078527427933985e-02
3.452601953997398027e-02
1.654646589311851990e-02
4.384353758377053378e-02
3.899596953398482002e-02
-7.654247965230222273e-02
-2.964233657654359935e-02
-3.483153744498963811e-02
