1.061968983237402547e-01
2.076795460255546621e-01
-1.246892124661938828e-01
-5.347125314320275158e-02
-1.228482190666707885e-01
-1.333151030653693669e-01
2.309922581571138486e-02
-1.623745550760696127e-02
1.632679191432920562e-01
-8.469567989864090762e-03
1.643110360191873606e-02
-1.820891741863444602e-01
1.325135229776560914e-03
2.405901249968387390e-01
-2.005486715305104528e-01
-9.228927447003165002e-03
-6.734464318279971551e-02
8.985329544895358234e-02
-9.646953556064474800e-02
-7.616972111996257733e-02
-3.081803305809567919e-02
-2.076343625437121129e-02
-4.410107498247076846e-02
1.643895515777990257e-01
1.288415196991880562e-01
7.359390840097970732e-02
-5.612393897063770037e-02
-3.588177131006830417e-02
-1.465814950538124328e-01
-3.176730484055597520e-02
1.463648526572657385e-02
7.898864866747691213e-03
4.865410784951139378e-02
-6.717260457980395172e-02
4.809970040837100586e-02
1.282431525625985468e-02
1.670226890278437779e-02
3.176724043074579621e-03
4.865600793891176196e-02
1.313640655051505346e-01
5.511057942704644663e-02
-1.073627802978421725e-01
1.194361093722865891e-01
3.934147985417690147e-02
-3.486377426014396208e-02
6.982023423713961882e-04
7.078309648954828059e-02
-1.200339612303946424e-01
-5.997654735685565425e-02
1.509830360473053299e-03
7.969728539909777532e-02
3.451019660715062137e-02
7.106917266147103063e-02
3.464990148543507613e-03
-1.181135183300122127e-01
-1.122266871137255449e-02
1.493747230870642005e-02
-6.698030909150598511e-02
-8.066523602651080871e-03
-7.823318600385384403e-02
1.380553752506086806e-01
-2.638187179163004048e-02
2.738234937318491727e-02
8.970257649312802020e-03
-8.759701979828292406e-02
-2.091924358520113811e-02
-7.979154915629893541e-02
-4.117129815163344392e-02
6.030107618545697823e-02
4.046327331320931364e-02
-9.771592979747398267e-02
2.181141607093521444e-03
-1.300908123774754677e-01
7.243205204001416844e-04
-3.136416383862769552e-02
1.454264661327261676e-01
1.099248093174461371e-01
-3.681622883618677206e-02
1.830739357742149770e-02
-2.489542219225300557e-02
3.125924025784144328e-02
-1.337511252753954827e-01
-2.208000497939358476e-03
-4.741669878120253340e-02
-3.360143859529471366e-02
3.375122360887262973e-02
1.007030957691833484e-01
-1.506819201847051093e-02
1.623475029557932409e-02
-1.018747424212965158e-02
-2.711434015301818559e-02
-5.228054118727574334e-02
-6.608182444437410430e-02
-2.439418504941774646e-02
2.083631595459198987e-02
-4.269491221148542098e-02
-1.041355267586799131e-02
-1.032111815727599913e-01
-7.062590434779945914e-02
-5.578243815705345721e-02
-3.134110512658259268e-02
6.668418498919488624e-02
-3.270720499563482125e-02
-1.483737946368380439e-02
-1.993464302185608827e-02
-7.819048229970326780e-02
-7.086228835116688274e-02
-7.910104378624426003e-02
1.402956128585440554e-01
2.625021813961831373e-04
5.926942425577406970e-02
-3.111399613588134230e-02
-6.139501240158573570e-02
-1.655779769854645936e-02
-6.470042724540368828e-02
5.522970537097780103e-02
1.081347318728717935e-02
-2.233613058958176453e-02
-1.023857698552794182e-01
3.681857979425840616e-02
1.572848918754988015e-02
6.205076867904728288e-02
3.790639707841989697e-02
6.839355694161134910e-03
4.301641377900818769e-02
-3.461280143477032251e-02
6.534755260830085732e-02
5.819394145026241666e-02
1.197098832704645982e-01
-5.750507853036739003e-02
1.040753035861598751e-02
3.433625791475449635e-02
-5.805120931089940983e-02
-5.628869926508290114e-03
3.369818213018786757e-02
3.806764703821019502e-02
8.832024535190996506e-02
3.000286250043401881e-02
4.481164400839707934e-02
4.620763002937369052e-02
2.332176170988972327e-02
6.501149442367698539e-02
-1.634218585896267395e-02
4.305016451954347956e-02
-7.150503384697169673e-02
-4.843962318160579400e-02
6.491681200270965624e-02
-2.039523757446658897e-02
1.052312020396835857e-01
6.912460828717548840e-04
5.218630963497968012e-02
4.138517092634232120e-02
-1.156458818872297713e-02
5.720917986239191372e-02
5.503496230989292880e-03
4.273687520281890112e-02
-6.341235986138678282e-02
9.332582154528837326e-02
-2.706123426452324010e-02
1.302636883080035904e-02
-6.341174796819004644e-02
4.308352880121768536e-02
3.103464324973728705e-02
1.165856210177831399e-02
-3.302213676251903457e-02
1.382182998654636966e-02
1.591035028659837022e-02
-9.291565987405027427e-03
4.394996956778410985e-02
-1.137344241553677054e-01
-6.404953390861085893e-02
-9.943039012489480674e-03
-3.978593974933684343e-04
-7.982436595458658815e-03
1.702077541413369102e-02
-2.238469558645888799e-02
1.886038400273788371e-02
-2.078382195929377035e-02
-8.979049588402626550e-04
9.425538392583301603e-03
2.707054148209452060e-02
4.385889409618696187e-03
3.125125344137889144e-02
2.002381840405287675e-02
-2.495355204594213241e-02
8.185275969683382391e-02
-4.357162634277584809e-03
9.838959200216608469e-02
2.540967011674499787e-03
1.177411330124457671e-03
-2.186886962161743719e-02
-2.136309158716435605e-02
8.070053260249047955e-02
-2.620323118309064031e-02
-5.734276580870908968e-02
-6.199975610938324860e-02
-9.472779767861190525e-02
4.022093140240005915e-02
-1.822852376485380524e-02
-4.231148061147278761e-02
3.468500483198419526e-02
-3.869664103954117279e-02
6.808841546587476867e-02
-3.155977643215001488e-02
5.306382888889737970e-02
-7.380913378170239278e-03
5.215893546565238820e-02
-5.235744650063289124e-02
1.990430600126043281e-02
8.823210052667609590e-03
-2.469053458606449564e-02
-4.422422653953848176e-02
-3.491987520481235757e-02
-4.956334893494366775e-03
2.102622827991321511e-02
-1.920091866916939435e-02
4.650897132630953806e-02
9.140009704047102890e-03
2.890577020360634436e-02
-9.447663162380772264e-03
-1.055451354545100008e-02
7.766084043057780786e-03
-3.166350843144790511e-02
-2.354658415232951940e-02
7.935481843836080310e-03
-1.391351735134025054e-02
7.313927175581102190e-03
1.144855391568034945e-02
7.726955083372299277e-03
1.219516023040341686e-02
-1.865279118452174006e-02
2.917345737472216635e-02
-1.279243240021983412e-02
-2.873537405077022933e-02
8.232758881749452362e-02
3.406924704664558712e-02
-7.948595681189109252e-02
-7.753746343917444772e-02
-1.747489678082091852e-02
5.071502854590047293e-02
3.435171626919814730e-02
7.985547589290442616e-02
5.527810934332946270e-03
-5.233306738747905279e-02
3.441406496545418997e-02
-1.307438634429093811e-02
4.566987252416530862e-02
-8.462676140174629769e-02
-5.502629919042347634e-02
6.891682223952880215e-02
