5.879131596727813630e-02
1.886149351489894987e-01
-1.998152157697009046e-01
-1.863926567304724849e-02
-2.092044986047858768e-01
-1.201097269198108004e-02
1.671267367164366024e-01
-1.041462472401827322e-01
1.770693066187447595e-01
1.265736119922878933e-01
-1.370761535356512448e-03
-1.317042995735763777e-01
-5.924016064433656331e-02
1.300124502405450300e-01
-2.091372615743395114e-01
-1.136080821571024135e-01
-8.549706883325783324e-02
5.415528684955494415e-02
-8.205845883874131330e-02
1.619717890232896459e-02
-1.128694530525090473e-01
5.189400964907196767e-02
-8.323836763927594529e-02
1.104424310286706151e-01
3.056871917195560368e-02
-1.235133162689832850e-02
2.170252869497971138e-02
-5.402407355638508268e-02
-9.540321596010110233e-03
-4.092292839160381612e-02
-5.117276043644171379e-02
3.620120629812258184e-02
7.899219591050375688e-02
-8.211953301819138740e-02
6.649885784927275778e-02
-6.892265171306552474e-02
-6.879046018957878442e-03
3.076159358276567626e-02
2.970908297716508620e-02
8.607236608261067956e-02
1.363203075774809155e-02
-1.539209861231044252e-01
7.656161964984735391e-02
-4.363301766146799460e-02
-1.386876249443128907e-02
-7.528724640838002635e-02
9.184099026120910725e-02
-1.933946989079385337e-01
2.368566240869854692e-02
7.278783534109300665e-03
1.256462496518925553e-01
4.143705363847488554e-02
5.146166445669145273e-02
2.754990041408639234e-03
2.716770582928422148e-02
-5.315661151905958642e-02
4.401041891771749481e-02
-8.116380199860673272e-02
-4.207384896708180055e-02
-1.265061141004236722e-01
7.278503108085129791e-02
1.739952178479722486e-02
2.248005875850737911e-02
-1.437868135093981099e-02
-7.475261093253186828e-02
-2.702615590243273927e-02
-9.009553390681310225e-02
2.133279024287905445e-02
5.774473995893324163e-02
4.935504546930605252e-02
-8.840795617949875895e-02
2.181078618338029226e-02
-1.088587087533309100e-01
4.545500423432066728e-02
-5.385405712731260175e-02
1.379517022769295442e-01
7.591344424188749274e-02
-2.579932465436543185e-02
-3.580583821171984954e-02
-9.185572893131666028e-02
2.878354666669458162e-02
-1.850074826017807442e-02
4.052077790833744086e-02
-8.722358012718371689e-02
2.693244143807633009e-02
-2.739439440138085810e-02
-3.466779766874736324e-02
-1.126778503411109134e-01
-6.399713163690245836e-03
-6.042694966476655494e-02
1.712124786732416304e-02
-1.446955894737728468e-02
-1.328899799329805870e-02
-4.939244647508781588e-02
6.519363774514670695e-02
-1.368544213304934230e-03
-2.478998661341616158e-02
-5.303012633908794904e-02
1.950610816450539658e-02
3.524694262401323851e-03
4.152574652053801774e-02
9.481324525599517383e-02
-1.118610280265221885e-01
-1.811076044051814979e-02
-4.403673331324137186e-02
1.859400621705327439e-02
1.284126197726541581e-02
-2.316654818721142206e-02
9.601001222565726245e-02
-1.056250706178764494e-02
5.504821548279636989e-02
-8.165735180114624958e-02
-3.893539264145905870e-02
-3.144358315201210494e-03
-3.923792667079055441e-02
5.321719658335123671e-02
4.388725972082321847e-02
-9.897499570842123451e-02
-6.641358877331868249e-02
-2.146951423350063060e-02
5.952048884547506136e-02
1.845884739493868984e-02
-1.658746019108395253e-02
-4.420622801947818293e-04
6.794980166293559942e-02
-4.779424639105839950e-02
2.048479498885932490e-02
5.348947068821414269e-02
2.793405145952230703e-02
-1.782948661674001525e-02
-5.797481972946170840e-03
3.274968366342333875e-02
2.114865468956637906e-02
3.565708198820074365e-02
1.450435133898072410e-02
3.919641709767792553e-02
6.637781815139835728e-02
2.624800629303771990e-02
-3.230690401432950720e-02
3.029347776846484999e-02
-3.821521948217735699e-03
1.026386964988501849e-01
-1.150734385641005164e-01
-1.547488624402737836e-02
-8.791662369901082075e-02
-2.798221299878967533e-02
1.884081372600025783e-02
6.370327124971389421e-02
-2.688209518443461770e-03
4.373860132033579456e-02
2.402833648869906122e-02
7.502195034644415506e-02
-5.237252731240887166e-02
5.208261245416503232e-02
6.475062984231229335e-02
8.600372692204344416e-03
-1.372861469770065949e-02
1.248895558941142819e-01
-2.026172586893511610e-02
-2.615817214227157336e-02
-2.617842150983083673e-03
3.186689601780016284e-02
3.199915275664135667e-02
5.610320427186636649e-02
-4.888471233295364760e-02
-4.141184790397680476e-02
3.355457156814620895e-02
5.103306914719229342e-02
6.030004058499092989e-02
-5.893560493901685987e-02
-5.083315147810073265e-02
7.230201355805679353e-02
-3.181198468934637313e-02
5.114761991729808305e-02
-1.588179744816920272e-02
-3.486122641007032008e-02
-2.148806800184398583e-02
1.391444585022924736e-02
4.761415418972213265e-02
5.213498038379495159e-02
-5.200422359810629586e-02
2.533518697668655714e-02
2.192311963143451017e-03
2.176960268703995519e-02
4.818697325560557243e-02
3.559695343139029911e-02
7.467193953906708925e-02
1.101229736148572058e-01
-1.356577195761857983e-03
-2.111314492906390169e-03
-2.984971988905415693e-02
-3.280006252474227529e-03
-2.375531240725988619e-02
4.028913296930197729e-02
-7.800799838869812430e-02
4.646603787448585349e-02
-2.886790272768623850e-02
2.888476089681367778e-02
6.145793920339593513e-02
1.887498657173634908e-02
1.323239106562835651e-02
-6.502146920937711128e-02
-4.386123879439440820e-02
-3.616312053111900293e-02
-3.791842440403817710e-02
-2.460757926699662715e-02
2.240121339496744038e-02
-4.161424375653777208e-02
3.804967030488526358e-02
-5.473091017568008226e-02
-3.358636405344456871e-02
9.411032155796765844e-03
2.000686426371254059e-02
-5.042692503518071689e-02
5.213400215347807620e-02
-5.048454280084452295e-02
2.607922895569994917e-02
-5.458622991181460472e-03
2.293542497101162814e-02
-6.134159501104254064e-02
1.338499499506050176e-02
-7.126381772275976190e-02
-2.157953253647158093e-02
4.375236176012646527e-02
-1.086389982241612803e-03
-3.395509166755112523e-02
-1.153284632077092482e-02
-1.966715748233987746e-02
2.962309653231197729e-02
-2.148258991206949530e-03
2.988741436393098361e-02
3.371157753400427781e-02
5.720397423976600684e-03
-4.232408028213784090e-02
7.867309718113987826e-02
-4.115741019855820998e-02
-4.308912160528677315e-02
2.352878687354939199e-02
-1.866750392152764434e-02
5.495189240426162636e-02
-2.043399222773640070e-02
7.817661268764974913e-02
1.803807792797450932e-02
-1.137557297195957440e-01
6.582625929106829255e-02
-4.133319818650023347e-02
8.710097526080234909e-03
-6.829156272797369531e-02
2.211726574165651799e-02
5.993255206261908358e-02
