1.001732785426045352e-01
3.630090063968269276e-01
-1.473625399598804675e-01
-9.369962715025341579e-04
-8.735615722112015369e-02
-1.414489791230322258e-01
1.328911961921838691e-01
7.324892079319821059e-02
8.902175600175461778e-02
1.631585803051276706e-01
-2.129116538162830960e-02
-1.614846755075997065e-01
8.464474365193881689e-02
1.092619678528669452e-01
-2.108682120648243674e-01
-1.147178897822760668e-01
1.672010896399720586e-02
1.220362986437404929e-01
-3.932133035643384927e-02
-4.372746224407469441e-03
4.255424543765177342e-02
2.557050931489883439e-02
-1.158183885419660636e-01
1.507590544866815353e-02
7.694134929150439617e-02
2.364697154271973648e-02
5.468633043978018970e-02
-5.556001353192727144e-02
-9.732008094185995439e-02
-7.313560991682237222e-02
-2.574881396548794193e-02
4.710639516313231551e-02
1.067437903732039034e-01
-1.239894407407228505e-02
8.014443381399587174e-02
-2.561365535596036094e-02
-2.829274979326039732e-02
-1.906534676896345232e-02
-2.842415938348974783e-02
4.657261238098082956e-02
9.266089025158855824e-03
-8.278400195300508746e-02
1.046409460573473685e-02
-1.824612141403636131e-02
-7.371228018698033901e-02
-1.249536820404013177e-01
7.377339566536787741e-02
-1.273083893510087716e-01
-3.412263639766797974e-02
1.097056772144652630e-02
8.329674498030184560e-02
2.438559298273487719e-02
3.491639427667260487e-02
1.131870941007184772e-02
-6.402251966198957422e-02
3.507692340472700569e-03
1.206751137662959508e-02
8.402790070085240648e-02
-6.624203604393757994e-02
-1.243853824254006063e-01
-1.651549654005672260e-02
6.694138973871695264e-02
1.318458985097470913e-02
-1.986573007000375091e-02
-3.847582954728726023e-02
3.205640965823296218e-02
-7.695207924328897886e-02
-6.136165321507060233e-02
5.377560962249715304e-02
-1.708269730457346799e-02
-1.081458589524782743e-01
8.068296750853391763e-02
-7.819332782232203682e-02
-1.886076666415484673e-02
-9.369784959799994095e-02
1.411933994281149574e-01
-2.328538509523179686e-02
-6.458228702617362094e-02
5.545927479785327241e-02
1.273680827875935291e-02
5.334915867732344802e-02
-2.346029623697337002e-02
-9.934597340470711913e-02
-7.061193818473950057e-02
-4.146670664984616200e-02
-7.092950597460511396e-03
1.939425857411940235e-02
7.631904440713004056e-02
3.111682785617992178e-02
-5.197339787140044243e-02
4.470831557754015306e-02
-5.040281733849698298e-02
-1.706892935439203313e-02
4.257321676806608696e-02
1.763050658996143452e-02
1.653850776195620390e-02
-1.666484324848018991e-02
-1.799670820948202354e-01
3.541566022597487234e-02
-3.120913129683290654e-02
-1.154643001330745919e-02
5.539344072621106563e-02
2.577861220508249548e-02
9.533271288421529127e-03
5.806167593519898779e-02
-3.047341857868708301e-02
6.784412773042530764e-02
5.111707015307362378e-02
2.700476774952698805e-02
6.004797746149155568e-03
1.992196535947720476e-02
4.162636316133976055e-02
-3.129610208072547417e-02
-5.351822005619451088e-03
-8.545834547791857083e-02
2.861577951641395071e-02
-4.019769593652706974e-02
-5.027987536082053482e-02
-5.735844394459387041e-02
4.634919022228543156e-03
6.204096904808355933e-02
1.496954318564680878e-02
-7.829710455479287068e-02
4.812826147495513629e-02
3.884985886054950072e-02
-9.778899922632568187e-02
3.411914593142480190e-02
-4.861443817584546953e-03
6.953845821930225435e-02
-2.840968041240692771e-02
-4.370765061623146236e-02
6.752222917688759096e-02
-3.322975574118341296e-02
6.972102899529970810e-02
4.648266823695518767e-03
2.208220845355490791e-02
8.296831796212411625e-02
3.511890595704081353e-02
-2.568669659401209143e-02
6.735481607374249613e-02
-1.946080366666299091e-02
3.579285681416147918e-02
-7.694215726980142660e-03
3.556578259356349414e-02
-1.159380339681906208e-01
-3.321078441076909249e-02
7.784676977115889858e-03
1.121637411088291097e-01
5.062388020056505372e-02
3.071733106699522237e-02
-1.524651814586951322e-02
1.181044500164576613e-02
-6.707719473088216700e-02
3.570326818058652037e-03
2.710631446189801924e-02
-2.508698278282276220e-02
1.207788581796349035e-02
8.057534479936920291e-02
-2.203667079673416254e-02
-1.697077615086853980e-02
-3.602526369151987790e-02
3.048195082950374418e-02
-2.465729992446093546e-02
-3.647815168657247975e-02
-5.933269043469471815e-02
-1.799858918295751606e-02
1.887291865774221380e-02
3.494131232735309123e-02
-1.320285016048764262e-02
-8.084495099752296576e-02
5.023543655448375195e-02
3.293885123511986618e-02
-2.923905397474474421e-02
2.235223480042313783e-03
4.861805791861617543e-02
3.770007342474051421e-02
-1.021258712143449134e-02
8.795082924773600652e-02
2.415441423238796903e-02
2.036047134084262994e-02
-1.135470322724804748e-01
2.574215622432039427e-02
1.162900539526417164e-02
5.712522908893843260e-02
3.831103429382453490e-02
8.801019949300194212e-02
7.877403798396516443e-02
9.400025971501321798e-02
2.394156042981774798e-02
4.576311508475000567e-02
-2.401094960596689143e-02
-2.400794392670193601e-03
1.395840682560858109e-02
3.219295799043143946e-02
-7.746045918778177164e-02
1.320818281724805629e-02
-5.512761586648740747e-02
5.143848391963311284e-02
-3.239172065150140722e-02
4.658078912134679811e-02
-2.374751636200245208e-02
-1.807644597165955491e-02
6.573582148128084141e-03
3.055505670581923350e-02
2.781672129978078958e-02
-1.529638656636235321e-02
4.396365045986320996e-02
-3.018202928564531901e-02
2.746538001709921545e-02
3.643264634888360859e-02
-8.169148601888975847e-02
1.646553116216823917e-02
6.003941289154301336e-02
9.387253450581835648e-03
7.798739031397443344e-02
1.471852048832478048e-02
-7.025597526619890669e-03
-6.816331147688499577e-03
8.277685942485930870e-02
-5.903865097283868789e-03
-1.140050913286340742e-02
-3.325415668575379402e-02
-3.809469002501113949e-02
2.819427339841808905e-02
1.536839359219388090e-03
4.874788387138333928e-02
3.591204977253969338e-03
-4.976574261085287693e-02
7.317846508569697539e-02
-8.750598871652184516e-03
1.985810275487976187e-02
3.859085333765279596e-02
-2.666134465415633675e-02
-1.279158920729814991e-02
1.193155771645773439e-01
2.213220615057527596e-02
-4.249868884994782020e-02
-2.378077274870830232e-02
2.335862024807481424e-02
4.160868459620069293e-02
5.595233547383431788e-02
-8.768535989846304793e-03
3.410356810985801235e-02
1.381074071204293867e-02
-4.647581658099635138e-02
-3.860559086179066873e-02
1.359555993197726978e-02
-6.967145144699378456e-02
3.795167786643640490e-02
3.472693952558444930e-02
