6.377688245075677220e-02
8.128828027409094881e-02
-1.288354310611270273e-02
-4.797065897946630603e-02
-1.704533070739339962e-01
-1.238633398693810353e-02
1.088412532781179026e-01
-8.094113033982114347e-02
1.740760501950597006e-01
-1.784061877455584300e-03
-1.311491022914084981e-01
-6.638007474122471774e-02
-8.108401793150665782e-02
1.345277871307912765e-01
-1.843070642912808810e-01
-7.293129313097766742e-02
4.021137930872074190e-02
1.448618288474569638e-01
-8.225481254059203995e-02
-7.222479515075708179e-02
-9.305648055440290944e-02
1.196289302819429912e-01
1.333938750011192179e-02
7.222162556268249545e-02
7.827268935747438983e-02
7.961566623590431158e-02
8.538988732280805571e-02
3.884986514246067165e-03
-1.222839245270036374e-01
-6.083957075477007537e-02
-6.547606980310405334e-02
8.435471266406548152e-02
4.963209941928900526e-02
-6.096718669482351083e-02
1.136498065316318279e-01
9.647086327967618891e-02
3.873342280077116812e-02
9.786913186118498253e-02
-3.912168133188709783e-03
4.096529304589546783e-02
4.885705509495039817e-02
-1.070285370438264355e-01
5.302317446659968875e-02
-5.782266718046604609e-02
3.157502019046790759e-02
-3.964459933211109122e-02
1.125307818610979810e-01
-3.702501482857054743e-02
-5.510601004013623849e-02
1.710681111122797776e-02
4.651296862556936890e-02
9.154327438513902571e-02
1.151965975280698218e-01
-3.430758930325294997e-02
-9.619158735266010452e-02
2.793271526819501600e-03
-7.773174632607876555e-03
-9.943798190998043296e-02
-5.809310668012271188e-04
-1.375420013576380551e-01
3.943306934818407300e-02
-7.849372810562516012e-02
7.296170837007721899e-02
3.212787318917408041e-02
-1.776284540737625983e-01
1.134225886875376774e-02
-9.466909653146055037e-02
1.909379065753923077e-02
3.922339629464419164e-02
-4.382522197040469858e-02
-1.656632911082502324e-01
1.512373752193792512e-02
1.623591075966407393e-02
-1.964840453850906499e-02
2.883640004590410505e-02
1.251395633019977693e-01
3.792933992710278979e-02
5.371942731364991175e-02
8.699814911826829478e-02
-2.417624114315479814e-02
1.381408934235285949e-02
-7.045606895701589378e-02
2.972817485630263948e-02
-8.606769893015160655e-02
1.066784096177290052e-02
2.619731777329869366e-02
8.970254411483481391e-03
-4.429236802693248265e-02
-1.676132601109835141e-02
-4.396445973339827701e-02
-3.661693836797818430e-02
-1.170925874854117019e-02
-1.036531498566828774e-01
-2.022177981959714585e-02
-2.227339975300521302e-02
2.029708154839937953e-02
-1.531637804158206793e-02
-4.166490757726722116e-02
-2.826641846517870954e-02
-5.864922531502693263e-03
-8.181391963781331489e-02
5.717789612759694579e-02
-4.643094352812408149e-02
5.147673564661441048e-02
2.040382302961818266e-03
-7.673345414674952181e-02
-3.302278557160603922e-02
-5.890083938248302786e-02
1.605133828239160010e-01
4.678789037098806530e-02
3.064860402353705021e-02
-9.415117303365711648e-03
-1.132763073954894534e-01
-8.145521191268568877e-04
-2.473178348931819384e-02
5.639241457384101645e-03
1.054743823579222251e-01
1.940108062056806592e-03
-6.699398233041807538e-02
1.010540876355242451e-01
9.533682308583953102e-02
5.284535737401142678e-03
1.566810626973738629e-02
1.165531171919093403e-02
7.327674621506614916e-02
-5.230787207506080311e-02
3.110781010185780307e-02
-2.452511994364710637e-02
4.021554139407120670e-02
-4.918406693933219387e-02
-2.945114005216755912e-02
-1.502736923805411684e-02
-6.214905885414934161e-02
1.372172306361372704e-02
1.297933510125567555e-02
4.925021208036339804e-02
8.617152695162509646e-02
7.202655182391039246e-02
2.001405974456785947e-02
7.216575757086281066e-03
1.103995700493725779e-01
2.633521086256366758e-02
-1.169493797333146096e-01
5.978041608120059081e-02
-2.856160636465004260e-02
-4.963261167594752027e-02
2.130549079673435889e-02
8.014380285083697042e-02
1.280201105570123732e-01
1.209207455266033890e-02
5.649217655808751182e-02
4.330233598622185154e-02
-1.132101942704994008e-01
2.797516853876973880e-02
1.905844494810144882e-02
-2.261904493334062835e-02
-1.666402926202097817e-02
5.514414114515470838e-02
-3.046467186708772326e-02
4.442280137860777495e-02
-1.275778409644638851e-02
1.416244628137430517e-01
5.208452817194671181e-02
6.824795461443039848e-03
-1.016606315352514001e-01
8.861438290797674089e-02
-1.765630242561262372e-02
-9.362835108155657948e-03
4.780942619619758110e-02
-5.536735698410417961e-02
-3.090002599474620665e-02
4.245656822696652205e-02
-6.637757749001444406e-03
-5.461776541248570919e-03
4.990532431452635032e-02
-7.909819096267707572e-03
-4.403710413078444630e-03
-1.270354892272573463e-02
2.707603003890500168e-02
8.905293863975094482e-03
-8.149263866479870833e-02
-2.138409017777580245e-02
5.755264388934444586e-02
3.820086797215879043e-02
3.348865098648753230e-02
4.854243345849651448e-02
8.740353623140344197e-02
5.099585470843009255e-02
-2.132809412179149239e-02
3.135673482185667715e-02
-3.188381490743114055e-02
-5.340080367205135570e-02
3.333407753977955107e-02
4.593046877275143436e-02
-3.555733546983250865e-02
-3.355313129337856443e-02
-6.526537223624712114e-02
5.433810529297572467e-02
2.873337242545955655e-02
-1.891418066664615413e-02
-9.046772749849695807e-04
-2.304220094931813331e-02
2.869783461977482714e-02
-1.936022815205120859e-02
3.066589268576205493e-02
5.556066984061262815e-02
5.998006811385820508e-02
-7.556022631853619165e-02
-1.634575779687515509e-02
3.419594936773705934e-02
-4.891458792091026020e-02
1.053711946572718876e-02
4.205566335959342456e-02
-1.832057124754659511e-02
1.268181003077985258e-01
-1.711545544234047839e-02
2.505575380979003890e-03
3.196545581238253563e-03
5.893977088853044610e-02
-2.383972053454924689e-02
4.637369884653463198e-02
-2.507547569114300726e-02
3.444301715734880004e-02
8.393453413991561890e-03
3.418704890829529774e-02
2.123057326042601667e-02
4.901342143996318540e-02
-3.525475186485380746e-02
5.369980148042041712e-02
8.053026848364808546e-03
3.514240757643245089e-02
-3.800342504634103558e-02
2.286854594208033442e-02
-1.181612829392461074e-02
1.037204155591546079e-01
-6.657223502025150057e-03
-6.195798712052191792e-02
-4.652743987617252025e-02
-7.297896501626106001e-03
7.512234292362626742e-02
4.001576129724895847e-02
6.199835934842141266e-02
7.626317051818830295e-02
-1.302531013635771853e-02
-9.618259084509486745e-03
-4.721575274501570163e-02
7.796418278488157286e-03
-4.962963418411988487e-02
-3.820464586501536725e-02
-5.477240289127600741e-03
