1.153978577745448236e-01
2.730930713973808155e-01
-7.975164399321987840e-02
-3.393022759812236444e-02
-1.548276793912136406e-01
-1.335013050318229200e-01
1.211694812969528606e-01
2.554249732419165003e-02
1.454183180038690903e-01
7.398798106731957480e-02
-3.675120826136756003e-02
-4.780252228439296758e-02
4.606542459925192651e-02
1.027349050673399405e-01
-2.274161557500912478e-01
-6.372705875035196421e-02
3.780592361386745509e-02
9.827012491002409811e-02
5.276210127824221274e-02
-1.050104575002626731e-02
-3.843815418851000837e-02
5.928510958382023771e-02
-7.222286208247138961e-02
2.038988660198478020e-01
2.176083187439566483e-02
1.165896864412935829e-01
4.185493773677846641e-02
-1.326904705139333174e-01
-4.424849805233154604e-02
-4.672144143625953094e-02
4.218804093704720676e-02
8.048430545340373721e-02
5.922078796403791590e-02
-7.538522496635334524e-02
1.115396113863446476e-01
-2.428367227723399538e-02
-5.304623088879550051e-03
5.415724357979793957e-02
-6.189946500411123292e-02
2.972079153438791921e-02
-6.553736208097792580e-03
-9.885226741144011176e-02
3.895224951097810140e-02
-2.641864057583052927e-02
6.493713310429637640e-03
-2.586802203658504495e-02
1.222743165650653080e-01
-2.368662753915553310e-01
1.049993126651518720e-02
-2.688818840024146534e-02
5.871876090587551528e-02
-4.305972625464176556e-02
5.987409819823289597e-02
5.706712818484127592e-02
-1.406964105793541142e-01
-4.081665305547049066e-02
2.452987760602453812e-02
-1.419931599080745226e-02
8.975763616762449590e-03
-1.024364145406867349e-01
6.378520294724428219e-02
5.318780213708867305e-02
9.807158763312172345e-02
-7.411697457313055556e-03
-3.709125310179102464e-02
-2.139056860962892243e-02
-9.534868151885154963e-02
-3.076101860124377460e-03
4.229691005488669248e-02
1.882671521358285360e-02
-6.445720466203938570e-02
2.854854593504815158e-02
-9.767811126893850837e-02
3.218026558902485623e-02
-5.315796582137775894e-02
8.012652440396109133e-02
6.229806799244543697e-02
-1.244355866745233165e-02
4.205009972076155685e-03
4.505098986508106196e-02
3.039390773269409068e-02
-5.432938351868072530e-02
-2.738486593755068768e-02
-5.062815193599867064e-02
2.838589502720256352e-03
2.944178854798560046e-03
-3.119302425252433800e-02
-5.997198169289173764e-02
1.609970143151469996e-02
-7.733350135565099370e-02
4.028236966025883908e-02
-3.095255055321934762e-02
-1.067396901160540951e-01
3.655442231569689532e-02
6.365484021883398985e-03
2.931066160231055387e-02
6.230790728972896743e-03
-2.504801691151855789e-02
-3.606745670612708510e-02
-3.428641652826346781e-02
-4.898674062088034104e-02
3.078544171132943999e-02
-1.228663302061508977e-01
2.735547541524420857e-03
4.604348519527667188e-02
-2.467756259243562844e-02
1.112022094639617507e-02
3.012509430982164213e-02
8.575227795596178371e-02
-3.831626153478390889e-03
2.043255858350472368e-02
-6.919901357782362594e-02
-5.291351182381891227e-02
-1.607486437041063740e-02
-6.757868192225773007e-02
3.600112901602482013e-02
3.214265973112242266e-03
-7.821333832406944520e-02
-1.094735500111188725e-01
1.859076313309424369e-02
-1.635775212790872152e-02
7.607948450898399662e-02
-2.463597643627933598e-02
-1.262057049139783498e-02
-1.513898480257788032e-02
-1.343092100501976915e-01
8.011608010134297839e-03
7.622669185960462279e-02
1.020463453118087976e-01
-2.954486235156746424e-02
-4.133141706804523770e-04
5.679143680658616661e-02
-2.150469172116349290e-02
3.734879432000855204e-02
4.803907937021616864e-02
2.954352497135416880e-02
8.279052210407419204e-03
3.862048369092266342e-02
-2.516089816999792471e-03
4.412842041460920267e-02
-1.641650133013564106e-02
1.773977536641973760e-02
-4.868589375766085164e-02
3.384183313450071784e-02
-8.011385113432081817e-02
-3.074012999600753832e-02
1.833596036007537067e-02
8.499270967958184875e-02
4.835610216553932333e-02
1.243327357676436706e-02
1.160438442599527088e-02
2.480697004926501331e-02
-2.569715579314349463e-02
4.982304904759462388e-02
4.346727695345063008e-02
4.238313923625823543e-02
5.194015376762784603e-02
4.264545681238038344e-02
-1.864801574317771424e-02
-3.539742921926590513e-02
2.530469838531325052e-02
7.131993938418056470e-03
2.576631745560250403e-02
-1.365490671683798445e-02
-4.719452376551989264e-02
7.189724184291989423e-03
5.108381648010015819e-02
4.634102045034894923e-02
6.877560537077140324e-02
-9.563593168323587801e-02
-2.612279296721788796e-02
1.118116727325922308e-02
2.014769659807272642e-02
2.833723986134742412e-02
-2.424380560992336897e-02
2.996588237966738705e-02
1.755693638583058838e-03
4.539925004110048623e-02
1.032024786638169600e-01
6.970202774995299701e-03
-8.132949790582062743e-02
6.471773906454379721e-02
1.903104780474282678e-02
6.031680289121982980e-02
1.676794574475814689e-02
1.084435443501789303e-01
8.713137169495796530e-02
1.489000918620265144e-02
2.559971809188908709e-02
-2.923981229339191190e-02
-6.632568403194370743e-02
-2.964481560131830909e-02
9.304854676391298429e-03
5.146153086319811554e-02
-7.870348817224234739e-02
-5.208366740146889995e-02
-4.763570002397733705e-02
1.220629149642064731e-01
8.226923040236311380e-02
-1.787020177960210732e-02
-5.116889933557459275e-02
-5.553913944876483211e-02
-9.190062874750080241e-03
-2.796436552092615088e-02
-5.678917599717797637e-02
1.936249520093796112e-02
5.544444019270908242e-02
-7.688350475626300196e-02
2.013505517081847981e-02
-1.664321911867530299e-02
-3.551441814554325699e-02
2.461667995034464221e-02
3.789915812016578234e-02
-6.475604545493893194e-02
1.339399657417839340e-01
-2.121183729683775651e-02
2.487740540716525464e-02
-5.066314671824657251e-02
6.495502852524571991e-02
-3.810794864537007942e-02
-4.918776160389310564e-02
-5.679564000154223996e-02
-2.297972656927062610e-02
6.485042628713437451e-02
-4.651007167778674345e-02
-2.298915191553576112e-02
-9.727594193336883827e-03
-2.271782294416687525e-02
9.078452127473342348e-02
-1.033667535333501102e-03
-3.540459375612284992e-02
2.545241521411036739e-02
1.081240060063593227e-03
8.757866169153333269e-03
5.229341319825411144e-02
6.122650801773522194e-02
-7.008359506176069231e-02
-1.404325645687025045e-02
1.039682562054729080e-02
3.738280198828949907e-02
2.795143751219762371e-02
6.280557194100513940e-02
4.041069447596316866e-02
-7.711824682608242609e-02
-5.429827350752858967e-03
-5.047435321146966081e-02
-1.880534897255614971e-02
-6.325044191624216994e-02
-8.669599075075813677e-03
3.743034267063356096e-02
