-2.947392879177869740e-01
4.000259399646340780e-02
-2.468518737792663453e-01
-1.029432088852017257e-01
1.399678978726160566e-02
2.360446976873658009e-01
1.181877025567370093e-01
9.776784741761800068e-02
-1.300795360809695218e-02
-5.589140781288252230e-02
1.750318693750269328e-01
-4.579360963753466296e-02
-2.650752862564000750e-02
-8.161044743261647305e-02
-1.055145465194475170e-02
7.992967762924882424e-02
-9.228153007738812419e-02
-5.022397047533057324e-02
-4.063086818906565430e-03
-2.747458565824383372e-02
-2.655954687617373411e-02
6.973958900940564754e-02
4.863045709221304469e-02
6.151514702330601603e-02
2.304495894898369104e-02
5.578897940289340163e-02
8.968383373285843119e-02
4.223336590712079789e-04
-1.192556847837567512e-02
7.983605876168879678e-02
-5.145461461077331655e-02
-5.091485534448248612e-02
3.447373215966124949e-02
7.261219901132595633e-02
8.059151198348572798e-02
9.369245520611206579e-02
-7.037188342970369936e-02
-8.149581850553308526e-02
1.498006756465551951e-03
9.229149325037340479e-02
6.348467405073857095e-02
-3.706775786151215307e-02
6.575267676570942244e-02
-1.322619953422736819e-02
3.125531265889709698e-02
-4.664663203758404736e-02
-3.937778069552973215e-02
-5.143867353399685094e-02
-7.224275756533105053e-02
6.510349738908891015e-02
8.015474046321129087e-02
3.563131302654519439e-02
-1.282068091447519185e-03
9.226807105423255259e-03
9.454219150700138297e-02
5.577583500625316049e-02
6.507818743385609950e-02
-4.450923428497476075e-02
-1.003319486420113475e-02
-7.373083610731301363e-02
1.606255756988190370e-02
-4.385558022013630319e-02
6.399150240842539639e-02
-8.170574430825823520e-02
3.674834203145391220e-02
-5.302994957300539297e-03
-1.408385393575236344e-01
-1.286679117822115206e-02
3.436455675884348554e-02
-5.134669771601685362e-02
4.041339134997270349e-02
8.819806245198884287e-02
-2.332197011647646478e-02
2.461599401550633448e-02
6.532286198727382809e-02
7.109982431066055875e-02
2.383463654394764319e-02
2.499393037741502125e-03
-1.243015250025316931e-01
-4.244150882625911253e-02
3.837471640617205748e-02
-1.009495954500959358e-01
9.271260336188502649e-02
-6.037424136173429046e-02
-3.882375836054418466e-02
-7.794756554120325920e-02
-1.887276664626276468e-02
-3.736413603894826740e-02
4.651008412993301588e-02
-4.073906475183573794e-02
-2.743151678414601849e-02
-2.912938129484632724e-02
-2.991898897280687378e-02
1.080637554221154789e-01
-1.431400323171257497e-02
3.931768703110266605e-02
-4.030914509789502997e-02
-2.853515668290258073e-02
-1.768784823104725332e-02
-2.334112737540958507e-02
-1.515674783226133790e-02
5.893265762701702104e-02
-2.256885911429361291e-02
5.349612119321188464e-02
-6.478530510659026576e-02
1.931632011586755654e-02
-2.520480005968614781e-02
-2.103110454139200600e-02
-7.895014041153709805e-02
6.101761762707214043e-02
1.049404230459828891e-01
7.895646790034530071e-02
-1.852136378714648503e-03
1.758765716516710528e-02
2.824332311068782856e-03
-6.836173462329252215e-02
8.591576170982155591e-03
2.203972723252043200e-02
-3.972040897071861532e-02
7.310958857355301377e-02
1.692816503054428087e-02
6.424407758322792095e-02
3.389111377028282412e-02
1.403482114126405333e-01
-3.251521706026505587e-02
4.401156505473408087e-02
2.677387745011344106e-02
4.615252857451704327e-02
3.236356707987842612e-02
-5.162503730657433398e-02
-6.073616672986310860e-02
-1.133033706158288884e-01
1.106014979362249379e-01
6.447092330077723588e-02
1.299867911759520489e-01
-5.012835897317349104e-02
-5.723608658087971784e-02
6.470224370654448220e-02
8.475940439049721442e-02
4.470629535907329893e-02
-4.851995326833057585e-03
4.657538661111379485e-02
-5.500077006500096038e-02
-4.280388865491005675e-03
1.111718109330039755e-01
-1.664157523358494525e-02
-1.325112494594144451e-02
1.017576961754572545e-01
3.472917393160341367e-03
4.734335497652032709e-02
2.094566596323042817e-02
-3.014565989784765560e-02
-5.392348887652829298e-02
-3.458937488329402038e-02
-9.084351210984453057e-03
1.113959998044238564e-01
-3.179954661340587962e-02
7.150572747393146855e-02
-6.141659900700589120e-02
-7.933814482193619899e-02
4.751968565910912046e-02
2.295165470793898710e-02
-7.590294765211314486e-03
2.290914516986841329e-02
3.068587362466061730e-03
-8.038850796409773014e-02
-5.970184953998314975e-02
-7.908906549730393420e-02
-7.627728328834644522e-02
2.767678563209267570e-02
5.799580473988438269e-03
-2.008614128186433576e-02
-4.006768672663397167e-03
-6.360049156687987149e-02
-3.762933123286551357e-02
3.666234411726509296e-02
-5.863537052853663029e-02
3.911492772122657918e-02
-2.702323644275932135e-02
4.502875257877968218e-02
-3.426282751888841448e-04
7.222657177904266701e-02
2.510618212638262431e-02
1.085846021389851035e-02
4.798236142914532459e-02
-1.765114180425934182e-02
7.852410115128539980e-02
1.372682625371210718e-01
1.243942349490474372e-02
-6.564647283753639352e-03
-2.510929343303417230e-03
4.411210570563125349e-02
-4.161250291687954191e-03
1.923965612163337432e-02
-1.638351157401506802e-02
-7.227425517536523181e-02
-1.649009654985665596e-01
-1.058155392191083982e-02
2.103711740368488514e-02
4.669344147136406109e-02
-6.603007247672093571e-02
-3.628951169660500631e-02
1.048636192177418956e-02
-2.064928778579431558e-03
2.378121995334580435e-02
2.951172242796955975e-02
4.927942671782333667e-02
-2.736719314101291461e-02
-3.200461318439434821e-02
-2.828247663259493214e-03
-7.770205198374469102e-02
2.426382206935259397e-02
1.741174598459874906e-02
-9.852959316972144388e-02
9.079450029045724180e-02
-5.962574488177621590e-02
1.376697259706757305e-02
-5.845505457675372052e-02
1.032310571882223520e-02
7.267767628501524760e-03
9.524947191345189967e-02
-1.064426947396561636e-02
1.838740280862145512e-02
-2.043369870579330935e-02
-3.215734687833376321e-02
-3.566466343716963544e-04
-1.722052298028457773e-02
-3.884330016299603061e-02
4.964851857880121094e-02
3.378368629455019700e-02
-1.390236687416241367e-02
-1.905699795023638177e-02
-8.546067193465485545e-02
3.042924326366055685e-02
4.539641114118775356e-02
-5.609308340920583086e-02
7.236214084864601992e-02
-3.835066495700054784e-02
2.935024910860445022e-02
4.528671136284444926e-02
-1.602350892347990594e-02
-1.140975578575125111e-02
2.779872088603195165e-02
-2.567873246727065198e-02
7.039806734747909578e-02
4.173513734085286531e-02
-2.275644643443069590e-02
4.648557822023936803e-02
5.265987887397983319e-02
7.534675789002201474e-03
