-2.857868324045568786e-01
3.898709501345517386e-02
-2.240878467097596194e-01
-9.747113371129982606e-02
-1.536290373605137850e-02
1.618356445442035441e-01
8.800828230777726913e-02
9.578655369875659076e-02
-4.142778939573162067e-02
-4.629828762409493592e-02
1.403537773143772038e-01
-1.765109266555467404e-02
8.858775749297229107e-02
-4.458889084964236249e-02
7.089701113292944806e-03
6.110843024281700916e-04
-9.677004121430139716e-02
1.369243967982355231e-02
-1.025134519670721778e-01
3.494989356113026302e-02
-2.780179337050020169e-02
4.744042786371152620e-02
-3.974172948454241655e-02
-1.725155797726193874e-02
-2.339772883845128021e-02
3.027671515222959270e-02
3.505974757600417713e-02
-2.508450972590390085e-02
-1.943596427095170553e-02
2.690186320927401981e-02
-1.785528073257938719e-02
-2.898628147906299937e-03
-2.105857827095983757e-03
6.778072404570820164e-02
9.132279992132022461e-02
5.969622747337048618e-02
-4.829971773135223467e-02
-6.682911127023044573e-02
9.839125120790182324e-03
1.144269016899634311e-01
-1.013491511938851772e-02
-4.256742519148579151e-02
-2.435905582042564854e-02
1.469501409328943971e-02
-5.018518449855608604e-02
-5.275151848126346382e-02
-6.448703885156620297e-02
5.965680145559708325e-02
-6.247752622093476205e-03
6.502659471943916802e-02
9.944782294888603047e-02
1.001185585505825343e-02
1.433061751130870927e-02
2.283692314386695857e-02
8.335498766529937653e-02
4.629145732265200347e-02
7.889571152992003178e-02
-7.776594172513899561e-02
-9.710298046352547688e-03
-6.894718774768546221e-02
-4.302922946126664511e-02
3.893214903295864893e-02
9.197437273285737069e-02
-1.111018350553030637e-01
-1.673347961281510324e-02
3.257401115032346889e-02
-1.181997704764466417e-01
-3.064930809594185179e-02
-7.260838110557664080e-03
-2.775492991337782239e-02
9.460016828423742363e-02
3.896649027076897615e-02
-1.487066667873032481e-02
7.865737195568062862e-03
3.736190067734637688e-02
6.348822110389391871e-02
-8.017825241030812622e-03
2.935583873324506404e-02
-6.863527064845797998e-02
3.283120994576921303e-02
5.747907367887374747e-02
-7.483612186730993765e-02
-3.488925566276462886e-02
-4.611208601753662845e-02
1.297677587308017702e-02
-4.749544973644630186e-02
1.012956471659154888e-02
-2.878748176095438302e-02
1.839889683519898081e-02
-2.700890921133250466e-03
2.443115344676777267e-02
-5.668315383017585862e-02
-2.729027968466241072e-02
8.998459208417219912e-02
-5.926652562037144391e-03
6.312875751739976948e-02
8.321162722723593475e-02
-9.351631328360057727e-02
6.598981900736990494e-03
-2.409191514176852594e-02
-4.626660261462353652e-02
9.200176983086737204e-02
-9.404547191483261792e-02
7.982967936000352760e-02
-8.735583673550020856e-02
-1.955082717355044464e-02
-1.975163803597281692e-02
-3.059512103782787915e-02
-8.667925743145808715e-02
6.500876004344927073e-02
-9.559006869391476879e-04
4.382051988343099030e-02
2.841819012960621407e-02
-7.111102724480817140e-04
1.070084354005504217e-02
-7.451073389579221384e-02
1.814678281971632279e-02
2.261398969399329092e-02
-2.089605504273704673e-02
8.802672412167319993e-02
9.073998547764199063e-02
4.381054005410047608e-02
6.717999903380181270e-02
8.971100056526340460e-02
-6.072946235109134838e-02
1.208075416212411705e-02
3.114955178439878999e-02
-3.291590568366163649e-02
-6.224263974353596782e-03
-7.549334865059706412e-02
-6.733906916518402064e-02
-1.089781046060980391e-01
1.139547001835416740e-01
9.327634202623870385e-02
1.218405488222472771e-01
-4.474462172254135145e-02
-5.216293622747785602e-02
5.434521753849649861e-02
1.365439490078638740e-01
-3.863685233390896923e-02
-8.858324190479613391e-02
-5.089959608336825508e-02
-8.915823944793410671e-02
8.006669082007346339e-02
8.803389593818827796e-02
-3.563785670091061501e-03
-1.065273924483719492e-01
1.756085299965772506e-01
4.176084248331309035e-02
1.027463273001572204e-02
-2.168347496075039710e-02
1.132684446191220551e-01
-8.808421249215125926e-02
-5.658172385374822533e-02
4.862077984528943853e-02
9.065931202837707037e-02
-2.355262489672945575e-02
2.580438555187042002e-02
-1.034913234569861118e-01
-9.702253469097532612e-02
4.637797447426254133e-02
2.549831215498855191e-02
-2.357057341107673260e-02
-2.376349148072059991e-02
2.885032053422941292e-02
-7.879204273246388779e-02
-4.345858979919353660e-02
-4.578753286063970418e-02
-2.411756671829867055e-02
-2.720611519243777005e-02
1.559354024810791044e-02
-2.907253300783965363e-02
5.927734026432275594e-02
-2.338072897708218939e-02
-6.287816134668219870e-02
-4.451914588268614248e-02
-1.455480318311357796e-02
1.118199274136705834e-01
2.469457540575040536e-02
2.970012387208826113e-02
1.074797262001131459e-02
8.334569086611315347e-02
5.475761596117342811e-02
4.342174411752081076e-03
3.496932197412350868e-02
1.648493253253042329e-02
-1.019832308445045577e-02
1.048507431747263685e-01
6.827254369571884862e-02
-4.495886551113483648e-02
-3.172067882338577404e-03
-6.747806579954780670e-03
-1.738990952760055553e-02
3.554610298486048092e-02
2.138624300962521652e-02
-1.372560458794092747e-02
-1.205393005051293709e-01
-1.831150692284850418e-02
-3.614068072546821470e-02
2.569642884295287102e-02
-1.227568337608173771e-02
-9.400934720942331901e-02
-5.315074960060318064e-03
-5.148085473616226954e-02
7.640750860649604681e-02
1.654553248477693209e-02
5.003746025679299547e-02
-5.394040833964504345e-03
-6.384434543190488712e-03
2.186311188869966005e-02
-6.775810815870825232e-02
7.097278953282692981e-02
-4.761107156142758978e-02
-1.118974133889288035e-02
6.651028797732176645e-02
-2.007452156362813864e-02
4.529214627543107219e-02
-3.597204817206590965e-02
3.959089366101087304e-02
6.729766994921598799e-02
9.373416195351116920e-02
-4.230681124531859155e-02
-4.478074642795067117e-02
2.907887000973393733e-03
1.065489078979172137e-03
-7.332666319453981507e-02
7.277450921511655069e-02
-3.118358945325609699e-02
9.331823454175538698e-03
5.795548720451865893e-03
-5.035791523282416061e-03
1.665982619558875957e-02
-1.088631658112610562e-01
4.559563933621227361e-02
5.582519207670461059e-02
-9.297808552989708653e-02
8.522269564875159520e-02
-8.676402906158876827e-02
5.513051247383870396e-02
9.342888542513098915e-02
-3.627713496985046637e-02
6.246523167833747947e-02
2.443957748521406043e-02
-7.701070011614571942e-02
5.393130127105446280e-03
-8.163045038931495898e-03
3.605397384326203269e-02
4.562755202239845292e-02
3.316521168632886873e-02
8.633501023873401759e-04
