-1.864458036548658770e-01
1.373073908228572004e-01
-2.892930129571044118e-01
2.221069640867682007e-02
7.799465915862824339e-02
1.973489729152822780e-01
2.020370055071930848e-01
1.180155612901434281e-01
3.264830100471908386e-02
3.188316631977758386e-02
2.597356375077177273e-02
-1.608302179155473265e-03
-4.954140464590727627e-02
-4.701003630616917839e-02
6.698773491611344222e-02
2.456877327060701111e-02
7.134904260293205465e-03
3.547427485239363579e-03
-5.240149702334058468e-02
-1.917647958151766363e-02
1.529383087762316989e-02
-3.292314841876203824e-02
-7.395277954290063738e-02
-3.961781036098644196e-03
9.625070477082398046e-02
2.294224566588704342e-02
2.649477093926419155e-02
-5.114091064160931899e-02
-6.244084108597814514e-02
6.054006580699613192e-03
-7.779324654887073698e-02
-1.078901212500677637e-01
-7.089077477255906201e-02
1.421893059583873298e-01
3.340047464661746041e-02
-6.609209019106934702e-02
-3.418849939986391305e-04
-1.978961355087376431e-02
3.844698503313221521e-03
8.556923931608606537e-02
-4.537917724747593529e-02
-3.129978610733024497e-02
-4.868874127182880318e-02
-8.335916490453516847e-03
-1.662778542588645020e-02
1.020463901003325173e-02
-4.292857386490114141e-02
-1.087424847542557867e-02
-1.129552235697909163e-01
2.962521268238358860e-02
4.412275572533436163e-02
-4.046627555659849940e-02
-4.709856456160767257e-03
6.990493584824060413e-02
7.324148816273468032e-02
1.122179767846619852e-02
7.145419697785260205e-02
3.932713648050265715e-02
3.932776953916028440e-02
-9.042056772278948829e-02
-9.289785952561502302e-02
-2.052809313444124012e-02
3.443099418461413597e-02
-1.177918250329851868e-01
-2.870801064410325246e-02
-6.708752495188245735e-02
-2.170844766103667903e-02
1.049919453965463129e-01
1.906132954358186193e-02
-5.843158065055700789e-02
-8.464467380605114610e-02
-5.132619691503553794e-02
1.235797137453418376e-02
-6.969775907281096361e-02
-2.340257926661652374e-02
-2.565436891181777437e-02
7.991365986317473802e-02
7.441341301352058513e-02
-3.972989506226423662e-02
-2.921652334056628816e-02
5.847945987640010279e-02
-9.023691407432242462e-02
-2.410900609078172815e-02
-1.113300287201396399e-01
5.424179854108025951e-03
3.340330675113845765e-02
-7.424581906363136863e-02
-3.653584758349105732e-02
-3.434249924805236193e-02
-8.011737147542576098e-02
3.923087824566569293e-02
2.233297668623017602e-03
-4.633679508321463664e-02
1.034862320388041379e-01
-1.146545862390154109e-02
1.439820281201743823e-01
-4.051242220085228725e-03
1.069807158289393378e-01
-2.740887432200979704e-02
-1.115505330462562977e-01
-1.309062015467608690e-02
9.348900303633754516e-02
-6.553489861572199017e-03
1.658333804434525618e-02
8.512299960020809630e-02
-4.629817850509902050e-02
5.721987306097036513e-02
-2.943296276372340745e-02
-1.750224600911353123e-01
-4.418482879265913169e-03
3.207395020786219658e-02
8.167692813794347195e-02
5.641982019322888675e-02
1.124488432814377825e-01
8.622512140427075755e-02
-2.701078038298867362e-02
-1.586451659804112915e-02
-7.529679639193262441e-02
-6.511521404458790740e-02
2.044296340442793361e-02
9.110800278722569479e-02
-1.811170823825536055e-02
8.275702616449585880e-02
8.626850258175698671e-02
-5.534561960785552154e-02
-1.708282132521784374e-02
7.858323711584352597e-03
7.077309249999272356e-02
-1.626847465936454018e-02
5.302256088535545892e-02
-1.015831577573286237e-01
-1.173599790718491964e-01
2.903590170988052527e-02
6.014630332194829260e-02
-4.526832534463668539e-02
9.075069115330683389e-02
-1.002496363544626706e-01
1.614929303734591315e-02
6.356455352215376053e-02
-1.519740604840262056e-02
-6.520973969783555590e-02
-1.267193514984352870e-02
1.664437822649178153e-02
6.907639534090563582e-02
1.552916210387912839e-02
2.997939234189099869e-02
-1.046192737604606689e-02
9.439091171020452808e-02
4.683301311416891016e-02
-4.456366442093752031e-03
5.034882098540333084e-03
-4.890754633523286543e-02
-3.431411156508902289e-03
3.948010344351286088e-02
7.530635890955056366e-02
-2.882352718968294800e-02
2.886517578557986838e-02
1.606496296037382768e-02
-1.117197596211046695e-01
-6.628460666074327545e-02
5.066764931671343536e-02
3.151755828555605904e-02
6.941838029153442335e-02
1.295404607901090750e-02
7.102431683044295452e-02
-1.449937558117023705e-02
4.371186733765370508e-02
1.256354884388138221e-02
-3.689589136530075503e-02
1.376276185469894539e-02
1.043433934612394802e-02
6.893342404091068465e-02
-3.804432640800079618e-02
-5.663862525663294900e-02
8.536029664019038204e-03
7.034811022746055575e-02
-3.197386030220272096e-02
7.700672114507657595e-02
-4.594989628677061122e-02
8.587550643087366042e-02
7.304194141007336327e-02
-1.597723435797655453e-02
4.548243244642357491e-02
-1.797693338193292675e-02
1.284216129099341984e-02
-2.181723379351943257e-02
9.144552300837434367e-02
1.153613462519477856e-01
4.100260951512068458e-02
-1.392958947042365059e-02
-1.602534681595667657e-02
6.502228769742270098e-02
-2.619603389061475954e-02
-3.517807003837473598e-04
-3.448753631840380252e-02
-1.474740129945557691e-02
-6.356022206818048859e-02
-9.751768837688500014e-04
4.204932202720208095e-02
3.639687454870221134e-02
-3.227323040950978023e-02
-3.993650541678967630e-02
-1.108262473041704901e-02
-1.175110468588864976e-01
1.380327760878746930e-02
-5.455522921436212896e-02
1.147504113284550376e-01
5.180432279593218808e-02
8.068582483110364745e-02
-3.109717401801090353e-02
-4.204878892517460026e-02
4.428125362187967928e-02
-3.018427011482712613e-02
-6.212771028258672924e-03
2.529392530348746962e-02
7.433141525791872595e-03
-1.089987069162136335e-02
-3.677117880974702102e-02
-8.375675906040552787e-02
-8.186414690621930668e-03
1.350227487652124782e-02
-3.158629512822433454e-05
-7.810001344680909952e-02
3.187993438873597957e-02
3.121762175734479547e-02
4.762210407147032115e-02
5.281804962006322185e-02
3.107521687825404513e-02
-3.508677631616869026e-03
4.857425761142735061e-03
-4.995542500799937669e-02
-2.211023999537344714e-02
-1.687554459315804972e-02
2.682592725495978533e-02
-1.185052488212610770e-03
-6.536130726802362456e-03
3.412086208012731631e-02
1.406363131145829844e-02
4.239210663087209646e-02
9.287680199552954263e-02
2.649640356422335030e-02
4.240313517906559720e-02
-1.021596742811721470e-02
-1.111338138551500737e-01
5.938803232561060130e-02
1.436086901065543667e-02
2.058140333718929543e-02
-5.517166175251325688e-02
4.731187201035334106e-02
1.298303350175516319e-02
