-1.795652001273069509e-01
7.692801524048110962e-02
-3.881066991450685122e-01
-6.474610515649990850e-02
-3.473449043777896567e-02
1.209444664283667176e-01
2.159268758203920779e-01
1.289632410847154631e-01
1.011160007619224185e-02
1.974630228181989411e-02
2.733371023420321996e-02
3.700325772039145950e-02
-8.165017618455328724e-03
3.178507867488300498e-02
-2.904209392790288793e-02
-9.805318994752006828e-03
9.784922890530542428e-02
-4.250473783154481294e-02
-2.921871482690844776e-02
-3.425891490093821434e-02
1.410257480073090486e-01
-4.996863266637183859e-02
1.126739480219987183e-01
-4.119930853612269184e-02
1.286754369366596429e-01
6.844327877085142238e-03
-4.301508717144755800e-02
-1.242075929325558437e-01
-2.072615157118360210e-02
3.566048143195825471e-02
-3.086241138438795134e-02
-1.051221716026604358e-01
-8.959039706995619579e-02
1.395126408397458391e-02
1.052887856518639753e-01
-8.552808065407903337e-02
-8.389642805511124402e-02
-9.333485304962224616e-02
1.800232279382448734e-03
8.385507832217933832e-02
1.239577075974998034e-02
-1.826360164215509174e-01
-1.588909054813473706e-02
3.164748449010530013e-02
1.240438379832957232e-02
2.065099298142061487e-02
4.696486226580136314e-02
-2.577821690997861639e-02
-4.091875935417335630e-02
-4.669760789858898309e-02
4.457229595563821922e-02
2.502770317482751194e-02
1.248029290182771367e-02
1.389143741765825300e-02
-4.605581143878691164e-03
-3.490417801942170134e-02
6.514609323858615297e-02
4.141542075309692650e-02
1.548418838802071429e-01
-9.098088458869543760e-02
-9.637493401947432037e-02
-6.613766483771793547e-02
1.100186304270341087e-01
1.583805561414446117e-02
4.554374663891809505e-02
3.270492260418391556e-02
-3.052843277224571300e-02
6.507104186507105259e-02
1.417327319458213915e-03
-5.681832135585090926e-02
-1.401423576022869065e-02
4.621760075683591096e-02
-2.367642106406259508e-02
-1.811722287280119470e-02
7.529157364910807337e-02
4.282903124262867067e-02
8.759853361686517625e-02
4.424646577833477035e-02
-1.087272821988334026e-01
-1.352158067510086104e-01
6.521699891718328590e-02
-6.405348819520331749e-02
3.148773228076599123e-02
-7.711953919794181656e-02
2.019367994546853937e-02
8.059767001787708496e-02
-1.116281964789388875e-02
-5.237370753878749230e-03
7.344941981680504217e-02
-6.374760024000530878e-02
9.143505261470973033e-02
-5.823629197279640412e-04
-7.225914077160468241e-02
1.220397518779465229e-01
-1.797498265061541270e-02
3.572177338699559362e-02
6.974223935265151664e-02
6.467952386656722341e-02
-1.873482419933196474e-02
-4.723837091413999462e-02
6.503015673587995982e-02
7.145598385874511738e-02
1.589831114545230822e-02
-4.085625228166005901e-02
1.160233478669809269e-02
-2.914137617343859322e-04
7.902877466266765294e-02
8.594811817451860486e-03
-9.012651404809915445e-02
5.209601745678158445e-03
-1.098308947769984466e-02
-2.762487382469255154e-02
-1.539586006914328738e-02
3.881853601322621944e-02
6.951654915086678821e-02
-5.113500248829524683e-03
-3.840178645772160393e-02
-9.905530447769324287e-03
-8.334444307228225379e-02
3.579378696682081196e-03
-2.621222828139171263e-03
-4.986695592463350618e-02
5.224168859889948002e-02
8.027259035430878154e-02
-1.959852255349371283e-02
-5.384514332467516678e-02
3.115750623729950791e-02
-4.414411000035987909e-02
4.404668616978740792e-02
1.074125608285951411e-01
-6.921655808930210485e-02
-6.625814016158433628e-02
-5.927975623590148874e-02
2.811499503249551696e-02
-2.575441490294953870e-03
1.427305578260794350e-02
-8.756233026383146434e-02
-4.506877866081532291e-02
2.817303476134720361e-02
-3.364338642186643497e-02
-1.038634885913134465e-01
-6.326730718825789024e-02
-4.036341492891083044e-02
8.223811434917094321e-02
2.043162853826073488e-02
-2.867988170381924676e-02
-5.877387423966035085e-02
1.608815538169624387e-02
1.959216105611957803e-02
-6.242129951499613165e-04
8.128635571675146831e-03
-3.311302338235965186e-03
-3.339782547547484604e-02
8.349265166559995122e-02
1.042513612373894075e-02
-5.395682691621551258e-02
8.189505809470828956e-02
3.098442347447394676e-02
-5.609246735771192260e-02
-1.035311539616386861e-01
2.648012594609136516e-02
9.264555979200990096e-03
4.807161985390418640e-02
4.660479436667529229e-02
1.488308049428862037e-02
1.597925941260074784e-02
8.002249058675700577e-02
2.699597905338521966e-02
4.736292045542578322e-02
-6.121554559135194279e-02
1.423124144593523877e-02
8.354254295961285187e-03
-3.382107948335077996e-02
-2.613381746544306619e-02
7.679506709311148885e-03
2.727445538787557494e-02
-1.164361304213140311e-02
6.876485603698902216e-02
4.805049825307207423e-02
8.711430930269553619e-02
3.906481173460366746e-02
1.036005586127655004e-02
3.681269870916166476e-03
1.161381407297097518e-01
-4.487593236963078464e-02
4.721653453832203029e-02
4.402592195644822182e-02
4.847600380215345839e-02
8.066700319150533691e-03
4.568695180733478578e-02
3.531967671870106518e-02
4.771333889224276675e-02
-6.501135815375189142e-02
2.405564493280965693e-02
-9.179308340512611075e-02
2.266340621535506764e-02
-5.169074003979998860e-02
-1.312666392153927740e-02
2.468954312901799550e-02
2.291322007291250740e-02
5.782100770601278188e-03
-4.400723059056803332e-02
-7.437673314470816255e-02
-8.203161585575650949e-02
1.671822953173024125e-03
-2.362070435391494874e-02
8.678758565665976865e-02
2.788337219832816988e-03
2.770882414678159725e-02
-5.031872945444518241e-02
-3.292057021741733036e-02
-1.957150405902827531e-02
-1.981370556298632513e-02
-1.976595859393099827e-02
-2.459862375081683580e-02
4.042052545028090339e-03
-1.046487761295265481e-02
-6.158072413162688635e-03
-3.983433848437859665e-02
-5.426485919637109856e-02
1.961649914438804918e-02
-3.906241723840104402e-02
-6.162143056707151262e-02
2.715008454033624591e-02
1.667141177015653026e-03
8.072196938791782739e-02
2.878423885175454555e-02
-4.198456033558650713e-02
-1.055583272990310954e-02
-2.159567534148009935e-02
-1.516877605613614101e-02
-4.780486582918190737e-03
-3.291399428754743922e-02
3.050974140636552104e-02
3.502533237952466100e-02
-8.154295993667454515e-03
4.347022014369276988e-02
-2.529309912707665767e-02
1.176208699603739812e-02
4.118447695516614521e-02
-5.726702135322339626e-02
-4.273639640446145332e-02
3.588324105630096017e-02
-9.542192453082957992e-02
4.643396314505518485e-02
-8.856705372270302565e-03
-5.048369952118125087e-02
-1.543309984590650157e-02
-3.428350316045173513e-02
8.827649769095168020e-02
