1.274495944093843869e-01
7.777054268545581517e-02
-2.930084113743258167e-01
-5.343448649120155838e-03
-1.392021157240580786e-01
-4.771289043305995681e-02
3.676742778891226721e-02
-5.837903965008954532e-02
5.718318695081727604e-02
2.959327684404285397e-01
-2.400107249050273308e-03
-1.188487932145754628e-01
1.141673590762964374e-01
1.285186176477781106e-01
-1.699694357310031767e-02
-1.114734756727307763e-01
-6.688321956408253485e-03
3.898667077516734802e-02
3.552943756458452201e-02
1.120311404830159618e-01
5.465756503428821633e-03
-6.820445865830679355e-02
-8.634424630897716280e-02
7.899483981754712447e-02
4.281416263437308987e-03
3.960189788185632109e-02
1.295754229279936498e-01
2.816127121610922240e-02
-2.777145100714851350e-02
-7.049979932108899061e-02
3.596870683262859414e-02
-6.636480614699971636e-02
8.529693319574521704e-02
2.415964940176553929e-02
-8.427658938127402521e-02
-2.459272952039126547e-03
1.395630746144876401e-02
-1.095574368717112668e-01
-5.456998696661202741e-02
2.804383771781914989e-02
4.350715496043766617e-03
-1.061100806456924395e-01
4.285328575504864651e-02
1.169002052598791530e-02
1.169099219037846304e-01
6.907796249771783019e-03
5.453269172944344434e-02
-1.208484336349402027e-01
6.386121503694941470e-02
-1.371162761656803154e-02
9.128556058656332739e-02
1.522261384606873706e-02
8.416739739283117527e-02
7.087291203343333568e-02
1.590156033044814315e-02
7.664713189569673235e-02
3.313305021881159107e-02
-9.730224759262005862e-02
-5.949180382012381196e-02
-9.990720606697808814e-02
-1.637965127872978155e-01
1.289340923620998364e-02
2.442469251027658359e-03
-6.466250144376919917e-02
-7.838990658113425408e-03
3.585396705740142437e-02
-1.312438316160159102e-01
2.909490280246015970e-02
-3.015241358157312590e-02
-4.172108829720341111e-02
2.356661344221385249e-02
4.885073188208462203e-02
-7.179294673194293319e-02
-9.156795255432476077e-02
-5.716099580367999672e-02
9.178017944992379606e-02
1.762467725115278785e-02
3.951242779440975600e-02
7.577923997933340428e-03
7.812438245064769367e-03
3.282801815006905488e-02
-6.000078920648645869e-02
2.475031231957133815e-02
-1.791444488920551636e-02
6.195620767323514050e-02
1.243922828692481776e-04
3.902085540356090704e-02
-3.858678117285244125e-02
8.777778800041929896e-02
5.767357282079318276e-02
4.496724906492844537e-02
1.379651196118130904e-02
3.077078336516882173e-02
4.665159561440624519e-02
-8.511042494177058562e-03
-3.528347499443573038e-02
5.872050111644473019e-02
-4.058812120419734437e-02
2.339116869367617244e-02
-1.194862435365334069e-01
4.559273797376182241e-02
6.392336307618648461e-02
-1.240633279742564959e-01
-6.306489919054333870e-02
3.340380145476546520e-02
-2.962518142827245612e-03
8.179185433266408789e-02
9.960361706416211158e-04
-9.036937406385787963e-02
-1.491982654654529228e-02
-8.611553639368367541e-02
8.580085181729906613e-03
-1.098750396480807070e-03
1.463753078317896368e-02
4.475938343524077379e-02
8.381262765181996324e-03
-1.254537380285604062e-02
-1.200504181775539636e-01
6.323617508195986114e-02
5.802603365632190424e-02
-5.887186269807474781e-02
4.830525296184592227e-02
-6.298270856899297609e-02
8.386268600540565388e-02
2.578271375156220360e-02
3.947186160780764147e-02
2.062061038721276288e-02
1.104411704451350174e-01
2.028511359335401568e-02
-7.117739894393695921e-02
-5.792081811621002316e-03
-5.556255977902991444e-02
2.114088375593425884e-02
-3.239362323804357863e-03
-4.082051895463649493e-02
5.845674073320173553e-02
1.990978817992229005e-02
-2.234905061777981913e-02
-3.470935923258779143e-02
9.689706674857445070e-04
3.583867055857992145e-02
7.336781267979257393e-02
-6.614097058772480664e-02
5.524409116310453893e-02
-8.491888199111886915e-02
-3.800006263524589867e-02
-4.434525558245050458e-02
8.453884256232706285e-02
-5.462248249820701035e-02
7.823809604566041298e-02
-3.769015621048477094e-02
3.065777526905353115e-03
-2.333197092255561572e-02
1.180062030541244450e-01
1.026337348286156421e-02
-1.523938547894850351e-02
1.163938494603160116e-02
-7.245890562298332518e-03
-6.567617508684651939e-02
3.541723117176175106e-02
7.111749567391896813e-04
5.659544223299629515e-03
-8.293376843441481461e-02
-2.637289564739248027e-02
-4.441240625023296779e-02
-5.167426674211854365e-02
-2.648115766001598800e-02
-3.022822264491494340e-02
6.540580866847306440e-02
-2.528700457172388533e-03
-6.737578606701412343e-02
5.873470729878840085e-03
-2.354522399836909974e-02
-9.089070568092552475e-04
-5.493745568777694266e-02
-3.835605096526175685e-03
7.698436036866734833e-03
-5.601019882944801957e-03
2.598455057249003317e-02
-1.234719274894215688e-03
1.248057693594044337e-01
5.343971359666885995e-02
-5.688055999195233692e-02
1.119306068901324697e-02
2.537788565696530094e-02
6.816934405409388886e-02
3.838058308601323410e-02
8.550787736607619316e-02
4.686529764406354576e-02
6.745970836767636869e-02
1.270019874270979926e-02
6.084418107023000649e-02
6.999318697647224745e-03
1.862626120857872880e-02
-3.185426933095981961e-02
-4.406180536634292377e-02
-4.027747721240709095e-02
7.027612410247260910e-02
-5.840729167411837230e-03
9.872453336983504080e-02
-4.046655091691780948e-02
-2.360406902004094469e-03
-4.615441130050966512e-02
-5.778363064879196015e-02
-3.650347499687905950e-02
-3.785431297666359829e-02
2.546722747188505474e-03
2.679199406059645100e-02
4.613449699072316897e-03
3.193649202064189480e-02
-6.909470206246590140e-02
-1.093571393211050999e-02
-1.466815584895368035e-02
-7.334414639859704321e-02
6.003154254478798623e-04
5.753677017095554236e-02
-5.417195731593579117e-02
3.341329362174903783e-02
4.343086487512032301e-02
7.346177230567731142e-02
4.713524717672488290e-02
-4.315434137546022425e-02
1.818917257349034547e-02
6.810985766978802647e-02
-5.864934193219959596e-02
-4.201877676378635434e-02
-3.320821791951938246e-02
5.587490338180033100e-02
4.860887403279359927e-03
-1.853970932111698514e-02
-2.631042692683839557e-02
1.235004681266357006e-02
-9.891941140618369654e-02
-4.609421941730636879e-02
1.335940408521389955e-01
-1.728411369248524301e-02
7.185089384592713985e-03
6.080172286385752273e-02
-1.509328307091749310e-02
1.353595839110844311e-04
-7.212507637197304415e-03
-3.600863165659667908e-02
5.997641742639349405e-02
-7.798732325575644109e-02
5.080352076203380196e-02
-3.172253344593098379e-02
-6.961208929933428158e-02
4.266453273185494277e-02
-6.059273484956029547e-04
1.910612873135662110e-02
