9.702753766973010174e-02
1.341486277639361568e-01
-1.616388019526123487e-01
-1.731703967427492344e-02
-7.726675404842942019e-02
-1.281846137372187611e-01
-2.414886392243191168e-02
8.306404928222997641e-02
-1.908951340236826263e-02
2.509536827904794154e-01
-1.050940446402796463e-01
-2.160875449463405262e-01
1.730020827104547243e-01
1.366607391128610571e-01
-5.668497559803725022e-02
-6.303546078091872007e-02
-1.390690947904275887e-01
1.106627648603974445e-01
-3.633450685740377550e-02
4.178850006595371397e-02
1.121394030737015574e-01
-3.399946707939762586e-02
-1.041807538186243220e-01
-1.593679949764857315e-02
-1.563692705055674120e-02
4.424363857996265609e-02
1.205903301783581814e-02
-9.121562483428541368e-02
-6.006792486762866506e-02
-5.308526910851994046e-02
2.770409904480912108e-02
-1.931151212310642726e-02
4.330368447156666967e-02
7.735787802838925420e-02
-1.139055935120013158e-01
2.462997509636775939e-02
4.493584224623846379e-02
-4.417159236072323858e-02
-1.207238093915898036e-02
1.102364778316035632e-01
-4.530040327788913829e-02
-1.346657783254445739e-01
1.348319111120594160e-01
1.371205912803968169e-02
-3.332191357067162268e-02
4.705311557124306626e-02
-4.098196005897802169e-02
-6.172062541877586239e-02
-2.664831102405262192e-02
6.477508560019480666e-02
-8.262688858094355791e-05
4.722670366025551181e-02
2.664505543348599098e-02
7.464320383440897939e-03
5.283009591990786569e-02
6.929335696808537615e-02
-1.118848810032028194e-03
-1.002607623291624367e-01
-1.123637783755533637e-02
-6.298444567673970595e-02
-1.121052193727520019e-01
3.503249852209341930e-02
-6.906637719378027826e-03
-9.444790537245342787e-02
-6.610076207892452704e-02
4.233537416933537932e-03
-8.619442983566261152e-02
4.933163829701259911e-02
-8.924875979345889623e-03
-1.532331601127374932e-02
-4.225134737681079250e-02
-1.396384650246246424e-02
-2.104514665573992485e-02
-8.468097089304996161e-02
-7.910619527447824983e-02
5.432571422621541163e-02
-8.723973485479459902e-03
-2.945521609878539587e-02
3.545507417764134916e-02
2.412063795221926904e-02
-9.714421803563794491e-03
-1.248112359038932168e-01
3.835479613942861105e-02
-1.816749759799438438e-02
4.023564847748489770e-02
5.468132238380786492e-02
5.361967430003144325e-02
-1.165211675291335375e-01
6.370598221402080930e-02
2.303587517541980448e-02
1.273473083993884557e-02
-6.863628112402343773e-02
-1.107936070452701129e-02
1.576210450784347114e-02
-5.405888602337482335e-02
-6.901129260139299282e-02
-2.786339509123408539e-02
-2.879234530351487339e-02
-3.234575729517477627e-02
-5.441537319042026588e-02
5.886498415326070835e-03
1.549413684830456585e-02
-5.045563094013989086e-02
-4.244114830684503348e-02
5.198045189383006248e-02
3.182089098402348520e-02
7.753605650010066130e-02
9.210873099442767886e-02
-8.624271024376566064e-02
-1.039748051593796241e-01
-3.333828919122175383e-02
-3.500508644952243786e-02
-5.180764514655360892e-02
4.842248207537688809e-02
4.486425180967838766e-02
5.585489767126486371e-02
-2.712330168772321415e-03
-3.148227700918881239e-02
1.203015592950985348e-02
8.420308275377508256e-02
-1.639254962107040969e-02
8.632901594968689363e-02
-2.864148123665746781e-02
3.724021215303886106e-02
2.350406165480615345e-02
5.058237108089860823e-02
-3.174851920572740668e-03
6.126324750007071385e-02
-2.573326218349131916e-02
-4.741184909577948053e-02
1.640537664790291464e-02
-4.090271898458636840e-02
5.692361038657086508e-02
5.313117293550935483e-02
-5.706001963131245025e-02
3.145860886576944820e-02
1.340089629286279616e-01
4.197826844008228225e-02
-3.220547389765890389e-02
2.354081727230334861e-02
2.532035563192626751e-02
3.292453618610937521e-02
-2.911969493498902176e-02
3.073189593948740667e-02
-1.645497231459488174e-01
-4.250443698746021737e-02
1.809812096301960382e-02
5.365050474269737746e-03
-6.014117565537773109e-03
1.660188409450440074e-03
-3.802529781818049287e-05
-1.472851961475135467e-02
6.736044773686875042e-02
1.394358045118522238e-01
4.340548678858503762e-03
7.091587819467995955e-03
6.472885621414874169e-02
1.270233771380092783e-03
-6.064715954124259151e-02
-1.066606348209396191e-02
2.261118338600356936e-02
5.642863039682119441e-02
-1.118630034345950985e-01
-1.476960516770216107e-02
-5.234530592863172876e-02
-6.830359232402002934e-02
5.106885397926938519e-02
-2.263306095461128931e-02
4.663454429209207969e-02
-7.587798422451852431e-02
-5.227260859127899617e-02
7.792028129877373935e-03
-6.933594009269683500e-03
-1.202793561674341677e-01
-1.938118176123220134e-03
6.215749311691128043e-02
-2.799902299423968552e-02
-3.362959943512335969e-03
-4.379114404710743313e-02
-1.485890601694468682e-02
1.078183879382428184e-01
5.382002334350154821e-02
-7.212484175159618316e-02
-2.130875182391955489e-02
2.732872945247725484e-03
-1.991555439683803316e-02
2.428895198451378259e-02
8.771732999091848282e-02
8.628828851169842440e-02
-3.024876629940025097e-02
-3.293518196726223906e-03
1.838957445290614612e-01
5.705419212419819697e-02
-1.864502762230694707e-02
-4.046881387386658258e-02
-6.045947474507665925e-02
-3.341528390812243537e-02
3.416524175105017935e-02
-8.646750877239114605e-03
6.662038688926355534e-02
4.133750310475914347e-02
2.330954011845030524e-02
-2.334580739736251062e-02
-1.792817913544177966e-01
4.222344696565481781e-02
1.942897383075025547e-02
4.505402018380695595e-02
4.903384942788340667e-02
3.282286409271367028e-02
2.150470582012471710e-02
-4.172651362156516719e-02
-2.356829445668566850e-02
-3.355071647569403404e-02
-6.123427274402774845e-02
3.162057449645904947e-03
2.750840549584928837e-02
7.405166302845320138e-04
2.139300650778381066e-02
3.999112107002569111e-02
4.982160467728966903e-03
9.266582765218854545e-02
-9.000894019076586400e-03
-4.573583851617523885e-03
-5.097343261976160222e-03
4.597903113150213217e-02
7.679287028555149700e-04
-2.646270980584932569e-02
-1.749684594126962520e-03
3.599231173294581421e-02
4.182226054012961464e-02
1.042153607463475531e-02
-1.295080438584574924e-02
-1.375001931404653058e-02
-3.128446732636067790e-02
5.796364134898489978e-02
-1.958589329606158502e-02
-1.577060159922236485e-02
2.709631284192589099e-02
-3.733895421492459954e-02
-4.980929854494782483e-02
-3.042131259943137850e-02
6.895340820111839786e-04
9.060406214634490751e-03
-1.153552428795081158e-01
6.597171046886350643e-02
-5.502654520749278994e-02
-1.172191661466179605e-02
7.385990874407898782e-03
2.076083593155655938e-02
-2.172058403059762277e-02
