9.940307067088002824e-02
2.577508941331768666e-01
-1.366903306340726820e-01
-5.166644363230575576e-02
-3.702399506178589983e-02
-2.394535925277057331e-01
-2.868868664636423788e-02
-2.718265743313056163e-02
8.151558295751195823e-03
1.231604273871353822e-01
-5.718418004088508810e-02
-2.379967036901744493e-01
1.663616744261378622e-01
9.795986535289867569e-02
-2.757163027238061781e-02
-1.336514464945536274e-01
1.992218195993844879e-02
1.227679359285724914e-01
9.190176525360918558e-02
3.056116352051193967e-03
8.680154159648403867e-02
-8.027633726499787403e-02
-1.381202433902055660e-01
1.800967703189854108e-02
-7.058290194215912283e-04
-2.346335652478260744e-02
8.569591321684981444e-02
1.258700349210453186e-02
-5.281468640139547893e-02
-5.840547175280289167e-03
6.471790487370500389e-02
-8.236618662113873168e-02
-1.568621541232066360e-02
2.902103076624613226e-02
-1.119322424968427904e-01
-8.147167540027482058e-02
4.832414624281033966e-02
-1.318107875625681644e-02
-7.311345084881569478e-02
9.953301899610034198e-02
2.232395541447899229e-02
-6.685292488119529142e-02
8.100613499888385458e-03
2.224104230810722629e-02
-4.525106834125110222e-02
-2.452534801020376728e-02
6.754257426651168184e-02
-1.414424214949122072e-01
5.857238061764268033e-03
-7.676815351542025552e-03
1.076605484300484777e-01
-8.767515161715629113e-02
2.457542066965570302e-02
-5.045459505256086503e-04
-1.797497201747959988e-02
3.752520283501471765e-02
4.512063883732134184e-02
-5.346737524709239270e-02
-1.176968235833689563e-01
-9.247145077192632512e-02
-1.657011664264123885e-01
-2.600843101373064362e-02
1.366959544102393752e-02
-3.820068752207174401e-02
-1.368857192637779399e-02
-5.622461947323768167e-02
-5.862236305608659742e-02
1.016605205862555067e-01
4.637783851043170147e-02
-8.100078188574123816e-02
-6.067428951518907126e-02
6.820620992784856562e-02
-1.039015202045017253e-02
-5.705552488344641654e-02
-7.831568439234383450e-02
9.413172783520742937e-02
3.229289562214608666e-02
4.738232914007382141e-02
5.014582868944193056e-02
5.214281055465930931e-02
8.088659216325534695e-02
1.812176159753059110e-02
4.911051254872579597e-02
-3.603204515225877369e-02
-4.315655756636246898e-02
1.574609208797760757e-02
9.826333875021367459e-02
-9.678819519539269209e-03
2.095536287013140958e-02
6.016805943918039634e-02
1.775269752738394685e-02
1.332459030634969288e-02
-4.781238261164300757e-02
5.799785323856172098e-02
-9.327895886738814257e-02
2.694549647671135723e-02
-4.149026576921325399e-02
-6.996133934422961442e-02
-2.271055243385114789e-02
-3.164210141761761297e-02
-2.934639779484102609e-02
2.136253027933247145e-02
-1.715908840510644018e-01
-3.501230717226101741e-02
3.756953142362261678e-03
7.213710917367628823e-03
2.407725033703028358e-02
3.672467183083988340e-02
-6.354506184309474670e-02
-9.319772988649946410e-02
-9.623574188960766279e-04
3.760712351029824496e-04
-3.465999413593703199e-02
-6.275111697250548848e-03
3.972430983186961417e-02
4.474559010697593681e-02
2.821424443884847089e-02
-1.024450824720105346e-01
-3.826883445679731682e-02
6.446597774563961325e-02
-8.855961823246047415e-02
1.235703916475851261e-01
-5.677602020059579341e-02
6.552318751763563931e-02
1.921566124612202747e-02
-2.596608728729921448e-02
6.169444852655759509e-02
1.248485526682257957e-01
2.655619282709855214e-02
-3.511197131245544223e-02
-2.735705464163613529e-02
5.208518940420291642e-03
1.341213475779989492e-02
-3.773177886971462724e-02
3.461298899075782726e-02
-5.619478639325189984e-02
1.462347208516599252e-02
-7.980622566586713373e-02
-1.241865109113639981e-02
-1.016047940769675660e-02
6.468148566013365297e-02
3.411388637438284716e-02
-2.980168307498689065e-02
2.841179837274623518e-02
-1.513604770540551425e-01
-1.933324929324339164e-02
3.057659131288361851e-02
-1.347742469393812745e-02
-3.628042358734198669e-02
3.431616187436706961e-03
-5.448870713156520051e-02
1.276515990927766693e-02
3.676076023404848542e-02
6.897444181115168493e-02
-4.474477811790374127e-02
-1.880121600894056264e-02
4.201712638238951948e-03
-1.404320063524099960e-03
-4.916837428853691738e-02
-2.543243002485199786e-02
-5.168704409580399117e-02
-5.288063795825919886e-03
-1.466516321297273162e-01
-7.196776434161991642e-02
-6.221532447953509459e-02
-4.574941911589256588e-02
-2.471252652817905460e-02
-5.775711351549099593e-02
6.003005137057683405e-02
-2.257489011145614663e-02
-6.679993507581733110e-03
4.251436443126538345e-02
-3.740463749462864806e-02
-2.787432175429277459e-02
-5.669882109139872534e-02
3.014058325478501110e-02
-8.623744978066423886e-03
3.221530555524759060e-02
1.917879092751057293e-02
6.506303030305660151e-02
8.264418762052232192e-02
5.969223384287496853e-02
-5.261839556161001380e-02
-1.724243757968364071e-02
7.714242033036279589e-02
4.519771765184105107e-04
2.415186311066407163e-03
3.591875763985309666e-02
7.229289078086008347e-02
1.392982290182730350e-02
3.242633249300989982e-03
7.061288539049159763e-02
2.760741793889581394e-02
1.797815982642969254e-02
-4.255869301987328518e-02
-4.623074819368730437e-03
-5.191410029932479187e-02
2.602524219489198501e-02
4.276499839154912497e-02
4.097477300304770004e-02
2.138451413162037809e-02
-8.303009294549964364e-03
-4.669316093346687069e-02
-5.046650422561970578e-02
-8.127739949633517799e-03
-4.118023631198201862e-02
4.801387619622437403e-02
-2.825902413249648318e-02
-4.123695525235820253e-02
-1.085448947506752887e-03
-1.249955527639621811e-01
-3.653340329383428231e-02
-2.543973792650174384e-02
-6.054801017762830723e-02
2.880714682989647668e-02
8.020948349805394686e-03
-4.729493505697032057e-02
3.734127227332820383e-03
-5.465161619838270618e-02
2.769604504244227265e-03
4.003076052244933930e-02
-2.029094529339169062e-02
-4.400631916724771081e-02
1.016716779175808327e-01
-8.049097304308104606e-03
-1.245170205374161211e-02
-8.061728245431115311e-03
8.841929449131770077e-03
-5.996749813834858882e-03
2.394005425749890989e-02
1.808880085593340264e-02
5.268088864649957820e-02
-8.949268389741890650e-02
5.635204161023338321e-03
3.705172298491785088e-02
3.647033880922725436e-03
-1.189675263340132100e-02
-3.852764845514168590e-02
-4.470490043235823829e-02
-9.072380969921105265e-02
6.305696618969839316e-03
-5.936812990839237560e-03
5.825600561618059572e-03
-7.509010291355890099e-02
3.297502659012736814e-02
-3.564680144800693590e-02
-4.211206895649748094e-02
3.417240973491946637e-02
2.080685909092800864e-02
-7.011405343714068560e-03
