1.500695548970894522e-01
2.476427337205093226e-01
-2.057846928327365654e-01
4.692128634211897853e-02
-6.061825333678973887e-02
-1.701791779068109189e-01
-8.767216799365659674e-02
1.630055828508143864e-03
6.718265378227394891e-03
2.331932454364857021e-01
-4.223462282067793477e-03
-1.757763080108529774e-01
1.564282666185348447e-01
1.457943973390175285e-01
-3.301782740283756845e-02
-1.030168616694161488e-01
-5.624198637313360116e-02
-3.731049516937577637e-02
2.033850874387523738e-02
5.757427227124628510e-02
5.701294960681609070e-02
-6.264760617597490977e-02
-9.413243892420644632e-02
-4.728617338349805355e-02
1.110102236410406493e-02
6.923754903564388608e-02
4.031222683284003266e-02
-1.144072362123226966e-01
-7.152396458664327106e-02
-1.921306820742482366e-02
6.205357636985908004e-02
4.586293078782930493e-02
1.816100990241843391e-02
1.204666679486975783e-01
-6.351736553999469403e-02
-6.737979623942830232e-02
2.864975328901427781e-02
-7.142635722275231247e-02
-5.129196289059505948e-02
-2.447528746182920517e-02
5.325149979767521830e-02
-9.334133091858200226e-02
6.242244738527450224e-03
3.579709909672282309e-02
8.424289808420913628e-02
9.296098991340058515e-02
2.998281027887593833e-02
-7.569547456212394332e-02
-1.749542920776238440e-03
-3.229097704296095966e-02
2.957223605137016334e-02
-4.641789194533046947e-02
5.948272434995691832e-02
1.104358245457007920e-01
-8.912888882275996072e-03
5.836123565871999264e-02
2.484512234193085589e-02
-5.621329533430718950e-02
-3.381976282177051769e-03
-1.308387515794382228e-01
-1.217787769460454417e-01
-1.150096195123857627e-02
3.413266542773958634e-02
-9.635154459128496274e-02
1.899227893663527067e-02
-6.081905847975171975e-02
-1.042702070497276146e-01
4.008510818394431935e-02
2.416906765101790866e-02
-8.551728784350301916e-04
8.755361263725183751e-03
5.280179266390900954e-03
-5.311874350156019914e-02
-6.580840764148793154e-02
-8.045188975802425313e-02
9.434111562877252333e-02
2.549193980402853985e-02
3.015309304010769381e-02
-4.551173062499452859e-02
7.033188887155235325e-02
1.026319583713866390e-01
-3.454825175161369694e-02
8.773645776822729114e-02
-3.860653975528668264e-02
-2.340552617541928702e-03
-2.746664151550518018e-02
1.040321003434090258e-01
-1.050837409737180594e-03
6.769552618181028103e-02
-1.491153288577341286e-02
6.813559466871429993e-02
-2.286168159063250646e-02
-5.627273365662393417e-02
5.146205287888958035e-02
-1.131798830497162192e-02
-1.203866993085643934e-03
-3.238559642632464486e-02
-5.400559539934891157e-02
-3.036199464643389578e-02
-6.990296908618556793e-02
3.503943719571012833e-02
7.477562636324371070e-02
-8.590453654560234464e-02
-5.306068671862702868e-02
3.452370533093802873e-02
3.020430638376871493e-03
-1.161553333360696100e-03
9.212849998391452189e-02
-8.647234923225305403e-02
-3.649815001183167457e-02
-3.452409087681251182e-02
-3.225161923494040961e-02
-6.444710941632009193e-02
-2.196143197370537328e-02
2.379293552163297062e-02
4.960105507156371829e-02
-4.015058672496136377e-02
-7.278836228202337222e-02
1.343845848582722428e-02
1.085357902185831169e-01
-5.262447369046786838e-02
2.706994693948093847e-02
3.825797415592756961e-02
-1.441167265950102361e-02
-1.488476957631944091e-02
3.620253271256877042e-02
3.129816428733406958e-02
7.724167416293116484e-02
-5.165154867619993484e-02
-3.905900996782005197e-02
3.666239255436313377e-02
-1.091383984204062976e-02
2.480807780915723210e-02
5.191976008955138944e-02
-7.468569778801963099e-02
-3.033153652234942942e-03
9.777475505813083834e-02
-5.932387944966827087e-02
-2.232072859990437766e-02
1.752016840137529978e-03
2.811072802765858178e-02
3.064469615890148824e-02
2.906485768054527588e-02
5.237306565147947096e-02
-7.637805140408029936e-02
-3.799464632365295164e-02
-3.436572790886698037e-02
3.610376871105435564e-02
-2.206019597521979153e-02
2.067300191881558252e-02
-1.415531678179004528e-03
-9.945387159916745101e-02
-1.562986910758843231e-02
1.064975376954618719e-01
8.111596039800522684e-03
-1.824390226543314009e-02
-2.614794610946816200e-02
1.255722913204144857e-02
-6.901961923009011790e-02
5.054416453820466393e-02
-3.053063883769908601e-02
4.451821103526441142e-02
-3.354676421381085072e-02
-4.820245528303927079e-02
-4.537794620654753835e-02
-7.118561595295805344e-02
2.413726011637273156e-02
-6.653879217188066978e-05
3.413179794952199420e-02
-8.313731316029479568e-02
-1.608417066302561191e-02
-2.141675203952387099e-02
-8.619501323320541419e-02
-5.876294233111256649e-02
-1.766208141200938803e-02
3.657805439431911082e-02
4.361808993362877203e-04
2.816894545470612077e-02
-4.326107445385381223e-02
3.407329136306859463e-02
1.236372687051871255e-01
9.198401666745052718e-02
-8.786963173903968027e-02
4.558662291111363098e-03
5.514661841489316985e-02
4.662056056001912668e-02
6.211221147160397166e-02
7.692510887115446006e-02
1.079358165802356100e-02
-3.602932622845549104e-02
3.209120002233094987e-02
9.025484342037635999e-02
3.384832534530543557e-02
4.089591115799046800e-02
-5.009497146560443898e-02
-1.320536387587696245e-02
-1.193099981964137052e-01
1.550225342313323908e-02
1.137749088493411609e-02
8.637644469597442753e-02
-6.106275560125037048e-03
-2.666220004838806487e-02
-1.022286131290274791e-01
8.248753984649271568e-04
-2.139014937418426410e-02
-5.843792715892003053e-02
7.468785041915217138e-02
6.519673911161430468e-02
1.608924701703969007e-02
-4.645959515742080492e-02
-3.255147753882267625e-02
-3.971797212496407624e-03
-5.508705157728493312e-02
-5.529498931892491871e-03
-7.620410595704091294e-03
1.307929037491971369e-02
3.238553216867889450e-03
-9.791355157294614683e-03
6.591581429635543291e-03
9.667501757997955247e-02
6.449376046713302391e-02
1.563555590923711505e-02
2.005545381435603659e-03
4.578858469169906631e-02
-5.892181936022408695e-02
1.867683815365916294e-02
1.685384874379314973e-02
4.542948083843730694e-02
8.457048356223158259e-02
3.486394956517279570e-02
-2.324828771627434135e-02
-1.376642950972416235e-02
-5.649628600618064600e-02
-2.778956831421091483e-02
7.799072553941364949e-02
-5.433289171796549383e-02
7.113462751105714688e-02
1.054416560605334757e-02
-4.281255608653394135e-02
-2.161791059953745847e-02
2.053079974877562719e-02
-4.809729764577294620e-02
1.913766186013974441e-02
-5.707756066961553604e-02
1.210580310625148787e-01
-5.499458482505379525e-02
-4.650206946126012042e-02
3.447271688903712217e-02
8.022020881628044373e-03
-1.063168451956189586e-02
