-1.872369313613685970e-01
9.291259459718272107e-02
-3.303604665141049446e-01
4.243236814310031441e-02
8.835386236727001130e-02
9.717516211429577666e-02
8.903191245584171631e-02
8.922002860175085037e-02
-7.129502378791925665e-02
-1.659866332391664312e-02
6.749664912678608741e-02
-1.749193947358473056e-01
-7.349702442687897075e-02
-9.294491317148463605e-02
-2.817557484351600194e-02
-9.227646265943823325e-03
-2.625100196613801631e-02
1.691779591240281100e-01
2.718336972465643098e-02
-8.856597745449243386e-02
-2.139752718291086653e-02
-1.632891522355517031e-02
-6.614790862497874069e-02
6.747904990315634066e-02
4.163219010873426412e-02
2.832539934528524594e-02
1.828321123417451718e-02
-4.511957404443422276e-02
-1.295789237693693308e-01
-1.720617430202082965e-02
-6.079408258085966521e-02
-2.885707366883940445e-02
-5.276517454501830628e-02
2.494549511268173009e-02
1.358631621027146241e-01
1.048771512384693259e-02
1.059537970767645693e-01
2.296787568650456994e-05
4.368436624592473422e-02
1.616422915516525088e-02
-5.565030949270943772e-02
-2.113564362450273126e-01
1.448320108963332617e-02
5.953689359591415875e-02
-4.584850188859013187e-02
2.682708321961856449e-02
-5.205313484474952818e-02
-7.003282169078829666e-02
-1.024166375590814804e-01
-5.903778672457181409e-02
-8.884134308482057041e-02
9.219717726813651468e-03
2.733241203870879696e-02
1.503318216116114603e-01
5.025588079528697794e-02
-2.394994791903186371e-02
9.724171917820464972e-02
-1.727838444988350625e-02
-3.289248676217370465e-02
-3.066655828987495738e-02
5.660290746990528921e-02
-3.460729111547990178e-02
-6.350354527813746597e-02
-2.992803086919372871e-02
-4.905852917068262431e-02
-5.935855479646599819e-02
-4.400012120563347173e-02
6.936561556829148878e-02
4.621005038372335422e-02
-1.166182510706387787e-01
7.701374040196184989e-02
3.978555157114702090e-02
-8.875007599985576534e-02
-1.315380195682513409e-01
-7.851031438225911790e-03
4.758517194398177719e-02
3.202710271540974013e-02
4.369065930164688083e-02
-9.788741513848733811e-02
2.132524592707392419e-02
-3.920481274535233401e-02
-1.419411517567140679e-01
1.495105600628768121e-02
-9.530623122677751857e-02
-4.832750364128599735e-02
-8.401275609258498922e-02
-9.196980952043498636e-02
-1.758308211959456677e-02
7.785615657303932013e-02
-5.535535361547221783e-02
1.324691784912073074e-02
-1.731240961556769486e-02
-9.290829256473988329e-02
1.942975621116894286e-02
-6.524576175552150581e-02
1.425714883945562164e-04
1.479319630342687542e-02
2.894510534097529536e-02
-2.015914625715755151e-02
-1.192945774519106467e-01
8.723835602104076936e-02
2.228239481462251578e-02
-1.182361352550263672e-01
2.992266221713697424e-02
8.930486041504495653e-03
7.801209636059505681e-02
-1.531466663267449721e-02
1.092950896793440374e-02
-8.628732241927868085e-02
-7.564139205269965194e-02
-2.733799401468833129e-02
-9.795336778461498362e-03
-2.514082871797840985e-02
-2.377082693186682860e-02
2.654051808334421600e-02
5.836378979053300636e-02
-8.440694314790430156e-03
-3.540487370878540180e-02
1.307668535873840292e-02
-5.259074668415453929e-03
-2.853491899144711911e-03
-6.530435472631308802e-02
-1.335389979639734458e-02
3.458187001468136790e-02
-7.883950874910330975e-02
2.845990007860110457e-02
8.846151984030209761e-03
2.041805039144412373e-02
-1.555198949677266684e-02
3.024449690864508544e-02
-2.312680200897929920e-03
2.396676495494473591e-02
2.160182039296450890e-02
-1.930442840653283018e-02
8.152856345776803015e-02
6.438898177364320470e-03
-4.396627380988494399e-02
-2.452300708360629147e-02
3.740553211862332472e-02
3.272271647362407637e-02
3.110252128007297279e-02
8.313279491109738795e-02
-7.046942465275467249e-02
6.945094513740543429e-02
-4.150259582564244654e-02
4.672576096705578774e-03
-5.526134887349835878e-02
4.925972918385589094e-02
-3.148319782028257546e-02
6.332876187740238590e-03
-1.408396536814143958e-02
-1.979820217980554978e-02
-3.996246821110993608e-02
1.292725906162502658e-01
-1.328684497666863390e-02
-7.145938987042500801e-02
2.532439395353479339e-02
5.103845960602328147e-02
-1.113668560634435839e-01
-1.882473401216391493e-02
-3.932174980902557876e-02
-2.036532382852912840e-02
-8.711021945142131961e-02
8.811149083699924833e-02
3.932761621690215870e-02
-1.352573221620055888e-01
1.423730971463663120e-02
1.745985200019917107e-03
-4.391770706346424802e-02
9.524059856653404113e-03
-4.898980331355876766e-02
2.146685745781595073e-02
-4.157875246607665304e-02
-2.832173728461076859e-02
2.103604979575189951e-02
1.426966384292566864e-02
-5.271621670473917304e-02
9.045218757975627411e-02
-4.108849853752988279e-02
-1.463167453989159920e-02
4.721807702685614644e-02
2.175847126026286826e-02
5.241109238718254237e-02
2.274118346455851133e-02
4.467280264214843616e-02
-5.769064615218535280e-02
6.914542972599037329e-02
6.281927324181785233e-02
3.335241313969788957e-02
5.529124977667536356e-02
-1.036310550975086259e-01
4.506634972569939501e-02
1.816659415638545438e-02
-2.538568902734831059e-02
-2.475183254478019804e-02
2.759398272203017824e-02
-1.066387801928267987e-01
4.878718114090026692e-04
3.462428592132842792e-02
2.022541888916938244e-02
-5.598419698585489074e-02
2.212503286758154067e-02
3.111830725035905423e-02
-9.678150836878342614e-03
8.999279451203905100e-02
-4.083730961845069888e-04
-5.150147918042784906e-02
-6.389069264400487613e-02
-5.291539014064598062e-02
-2.946746451990118684e-02
-8.799796695609056474e-02
8.430970299310153182e-02
-1.255411285588972723e-03
-7.725340982921066746e-02
6.863537222661174331e-02
-3.244066669371534206e-02
-1.335045105964565576e-02
2.970116087731201546e-02
-6.915915356502286282e-02
2.215607149834674175e-02
4.004445570543358791e-03
-2.795841109012099993e-02
-6.563397574100283960e-02
-1.235429944821456443e-03
-4.681471704285707774e-02
1.261448352603784621e-02
-4.544130207398093535e-02
-3.870865685494185443e-02
-1.979208689401904669e-02
1.820918783296816487e-02
-5.637689077371471624e-03
-8.364679890304753396e-02
-6.743937165351834850e-02
1.079223502362233744e-02
6.206229330181572967e-02
2.042654779436838680e-02
6.908921887233654760e-03
-3.334391573677362303e-02
5.442380359865781753e-02
8.303633694401150664e-03
9.734468352493547832e-03
-1.592239093470146707e-02
-2.668636053855480764e-02
-2.712484786183911190e-03
-9.389665785298933684e-03
3.212124967333212459e-03
-4.595911034255408673e-02
-1.763715973402053133e-02
3.065870085871904432e-02
6.925514933027604458e-02
