-1.892236375165740059e-01
1.615259683647249367e-01
-1.785937061482790189e-01
6.173485359999341358e-03
4.533940612000218057e-02
8.329870300859018584e-02
1.215415950901530401e-01
5.325185865504773741e-02
-6.799821510216429166e-02
-9.467613571783635440e-02
7.205412916529692346e-02
-1.760984734863278722e-01
-1.095231576342149543e-01
-2.435653927923452783e-02
-2.878267740431151439e-02
-3.897897559093275316e-02
-2.735642613030968631e-02
6.166865112697195866e-02
6.194226008192772574e-03
-3.966998136155228810e-02
-5.467570066183518457e-03
-5.982179068102051051e-02
-1.031563023925738259e-01
-5.141540345010916363e-02
-5.248260407533480998e-02
1.526787550674128108e-02
4.561018680474974996e-02
-1.107114152077345696e-02
-7.641919760402657302e-02
-4.020714319961245925e-02
-3.818339365644229932e-02
-2.950800650350704490e-02
-9.548100555202283790e-02
5.044691294684115063e-02
1.926978706735545388e-01
6.842179221198670808e-03
1.481801294244072531e-01
-1.183016544405428028e-01
3.663908828893543829e-02
5.246336485453585025e-02
-6.575798067886066446e-03
-1.586000704589728416e-01
-6.777823853041578528e-02
1.669737405394510973e-02
-4.757000347444825111e-02
1.025063589153473453e-01
-5.284731126452738015e-02
-7.438210979888689074e-03
-9.037657141380511794e-02
-3.605370618967133206e-02
-1.192719955403667882e-02
5.077848398260684237e-02
-3.841758141306408914e-02
4.626533290248267122e-02
4.379628792764443711e-04
-2.290542716093350167e-02
1.364272700327103238e-01
-3.102535601174568128e-02
-8.221886245971804508e-02
-6.904156747365909619e-02
-4.940638884555452991e-03
2.680624028252535235e-02
-3.209109012649299930e-02
1.347712654504378167e-02
-5.035794464448951901e-02
6.847755452707915413e-02
-5.772806763788462803e-02
5.952464772457926462e-02
-6.106165545661066535e-02
-9.855938563060445690e-02
-4.586336936375744189e-03
-1.639663465514035710e-03
-3.462309030115068992e-02
-1.848665650516428394e-01
-2.210024307450164302e-02
-4.130035692737027420e-02
-4.454930614134736122e-02
4.722163740201414106e-02
-1.764707925632412813e-02
1.181120555858452756e-02
9.218910853118057747e-02
-7.699200961347647809e-02
-4.003084768996830259e-03
-9.353714591300515968e-02
-1.081020042299711131e-01
-8.632900249363248402e-02
5.419238070847916255e-02
-9.100329514179149315e-02
8.671507883550920448e-02
-2.281579543717502170e-02
8.743091053351177699e-02
1.255982424085248274e-02
-7.598710076666342905e-02
-1.444509329456953976e-02
-2.707063117161737087e-02
4.775139685385039467e-02
3.655912855095065639e-02
-4.029366731783354943e-02
3.201881211006134557e-05
-1.092917981478013639e-01
9.609009623735317862e-02
2.239064706612583361e-02
-6.665524067318154278e-02
2.553582320530346089e-02
3.259934075798051611e-02
5.528548968548852027e-02
-6.093518638631334472e-02
-3.731731446824386456e-02
-7.623172868121422252e-02
-7.648058154261926089e-02
-1.563132568695243391e-02
5.059150389662060709e-02
2.058076363437782649e-02
-6.438536178806608667e-02
-4.595317567209667581e-02
4.097224266630348360e-02
4.954242515087709658e-02
-4.442454799994141612e-02
6.035563541204639129e-03
6.158093983360175827e-02
3.874684793236384678e-02
-4.787241888522823091e-02
5.950715434958783918e-03
5.597007074353635425e-02
-5.149110332432357134e-02
-4.350309058272820023e-02
3.597636522039784901e-02
1.106555132249775475e-01
-5.630251470220581228e-02
-8.667670514465973877e-03
4.616564510687282130e-02
-8.686497715654355189e-02
3.139303113881105473e-02
9.058052112104053588e-02
4.156108154026649099e-02
-2.756697513469754876e-02
-3.708399963452583409e-02
5.432373814703755953e-04
9.077385608576618234e-03
-2.758087206732547092e-03
-2.863277908327717045e-02
7.144461947697278159e-02
-8.889165972067036847e-02
6.202113739551183558e-02
2.157799075963775376e-02
1.560356673861274315e-02
-4.330605442489060541e-03
7.283839801895458654e-02
-1.865282610912478642e-02
5.590547444865781980e-04
-8.065849531078192469e-02
-3.534415953657584625e-02
-7.782732699854626179e-02
6.738668023270343033e-02
-3.391913035463929582e-02
-6.586133475066631958e-03
9.318850050524184192e-02
5.762604040889270085e-02
-1.273442628006334620e-01
-6.501386627877613067e-02
-4.903138116609753565e-03
3.836363477761146890e-02
3.940894249641072045e-02
2.068355205214184034e-01
-1.142198669425426028e-02
-5.780324375835677736e-02
3.908774178474174084e-03
-1.710649556048119552e-02
5.537417865251093724e-02
-1.500781431525192652e-02
5.607454215665881592e-02
2.029720335831915190e-02
-6.263756063323377976e-02
-8.542186101204100879e-02
-3.769061121880947635e-02
2.768370238538886419e-02
-9.599906783694867052e-02
4.408941543872835905e-02
-2.160941598417325665e-02
-9.782986650147085933e-03
6.687067804583049502e-02
2.270200120744035252e-02
2.512114990909943696e-02
-4.983761276001391627e-03
3.820294712948660298e-02
2.071924412383093980e-02
6.087408178304987150e-02
9.874193126823957445e-02
1.081464883811469185e-01
8.023016950036303274e-02
-3.014401813118945672e-02
6.884973393632794203e-02
2.555691302265839654e-02
-8.633539228928804876e-02
-6.779311313669592054e-02
-1.747350726613970326e-02
-4.940946153417577480e-02
-1.682977899998802304e-02
2.055209684621821936e-02
8.407804857707064372e-02
-4.016283363301740433e-02
-3.297944630719548686e-02
-2.503822223324186566e-02
-7.870901404826399425e-03
5.402739827966777236e-02
2.617619944750468677e-02
-4.015173005368153497e-02
-6.301969136358548385e-02
-7.114950170166826904e-02
-4.097636286240925046e-02
-4.116557763102911965e-02
8.454823976995405610e-02
5.249339340242532848e-02
-6.178373728260419008e-03
6.122227327090323107e-02
-1.458186285513127407e-02
-4.887474388024613814e-02
4.747422637344727442e-02
-5.796923877773652728e-02
-3.974033894759565477e-02
7.964667291457107334e-02
-5.565602799967823283e-02
-2.373400558118623702e-02
6.267219821405513314e-02
-1.347269209669266221e-03
5.405229404088312400e-02
1.856909534419574903e-02
-3.702195227452629439e-02
-5.204513003288446793e-02
7.599261763941521364e-02
-9.525718811949778972e-03
-1.374860556811436686e-02
-4.768603238681655421e-02
2.446663231585723824e-02
6.021596774744415910e-03
8.288647389651671721e-03
2.046578222949404016e-02
2.286743755616169743e-02
2.191567225572979560e-02
4.657343977059518608e-02
6.180964563438790665e-02
6.272474817286172221e-04
6.216848678166719128e-02
-4.277182560778707704e-02
3.179991796271349619e-02
-6.404562019392116834e-02
-3.757706140748785784e-02
3.596044310663319699e-02
2.929686391154462735e-02
3.587657267403955574e-02
