2.689106850909191437e-01
1.166005052959481064e-01
-1.452926651897264998e-01
1.150591985864883246e-02
4.296623006399885591e-02
-2.611534734602100408e-02
-8.204893699861061374e-02
9.307320507280508748e-02
5.468347193067961409e-02
-1.094282615423913460e-02
1.274546798028959420e-03
-1.003764138734064698e-01
1.089177008512403344e-01
1.536378545837572829e-01
-2.781484807275545063e-02
3.647457057148696148e-03
5.864227721297770451e-02
3.130306115233785075e-02
-6.900251540005891693e-02
-1.304708657340307443e-02
-4.974781859171055649e-03
-7.952924229071877890e-03
-8.476049445046254793e-02
7.741367729908145423e-02
-8.689646367043418751e-02
2.610281781987403363e-02
8.855533093388193167e-02
-8.791835502361676491e-02
-1.932995096231825971e-01
-1.277698428837716615e-01
7.052583278985517790e-02
-1.006785924453421598e-02
-6.825480367770148105e-02
-4.314636825136889536e-03
-6.812285866771798648e-02
-7.938410277973693974e-02
2.617008527589214512e-02
-3.951714550461845471e-02
-1.108800766363265272e-01
5.208797008973094222e-02
2.497750537796434526e-03
-1.484391161943781623e-01
1.162272444122679910e-01
-1.216803881803129178e-01
-6.065025627339772074e-03
-1.955386549411466252e-02
2.146524820770324971e-02
-1.106025021338917502e-01
6.586134919554187395e-02
-2.384652315047976895e-02
1.428190987373143071e-03
5.701942358753341739e-02
1.274783389081343699e-01
6.019387353329563699e-03
-9.963311198427396431e-02
9.326790270955262474e-02
-2.737459972246832421e-02
2.600688644789398568e-02
-6.192525805421972285e-02
1.318225146161428919e-02
-3.904217846735424241e-02
5.055915790774173635e-02
-3.460319134501008316e-03
-9.343579136018680120e-02
-9.696134802747541359e-02
-6.953568523615670516e-02
-5.605720497759272836e-02
-8.142326566081882488e-02
5.585547260689115862e-02
-9.889883975364960333e-02
5.784038753957133905e-02
2.439320247566340027e-02
1.401742487626582712e-01
-4.219678416360434642e-02
-3.335146368398622663e-02
5.435791424291661067e-02
1.302832728285900112e-02
6.348199917996670549e-03
-8.185280441613117242e-03
1.221283362394054578e-01
8.499400561932458908e-02
-4.514881752091957218e-02
-1.690173579476989332e-02
-5.332534829343563848e-02
-5.264430904959772201e-02
4.631206852803407270e-02
9.539774716115634323e-02
-3.481745324185862162e-02
1.866871396958078022e-02
6.420332190032744524e-02
3.203257356297342651e-02
-5.623300332909064031e-02
-3.944777812801704420e-02
3.840268265238910850e-02
7.232525473767793811e-02
9.985472360316402160e-04
-5.212349374626496640e-02
3.209042637504311291e-02
1.249173107634280744e-01
-2.538688489567707957e-02
-6.325727267887810978e-02
5.292664337202129810e-02
-1.043261194998436475e-01
1.917381486721523448e-02
2.617879994631280849e-02
7.498179427024762034e-02
-3.826867272049869900e-02
-9.751961191454354069e-03
-1.259252376447317584e-04
5.046805635310326610e-02
6.208219211914439706e-02
6.866288824438786242e-02
2.082046759260350322e-02
9.806769118678270239e-03
-9.068668032857034322e-02
-3.510811724926259786e-02
5.722616076895849224e-02
-6.649853509786539385e-02
-8.668342672725924680e-02
9.707932856558001890e-04
3.725738596626176208e-02
1.672698740356362915e-02
-3.144375583141840319e-02
1.704505537457956174e-02
-2.337075114365862183e-02
1.496514353457888968e-01
-1.547655469356613508e-02
1.239930657173685807e-01
-4.605615820628357338e-03
1.434154761829691850e-02
-1.182188790908147123e-02
-4.637741105685082993e-02
8.406752065797626003e-03
7.638261629268518205e-02
-2.301372964582262814e-02
1.158151699964733716e-02
-7.044624579974842482e-02
-1.706906446658186180e-02
4.420465822799519301e-02
-2.944963624684811786e-03
4.925293730758146388e-02
5.427538736399323965e-02
-2.369158401010921719e-02
9.049166770373530400e-02
-5.325013613787741087e-03
-5.885856903305676513e-02
-6.450623544446729141e-02
1.344155665497443787e-02
5.632438487314021802e-02
-9.253195054246161899e-03
6.177770363456708963e-02
-1.269202500144481736e-02
8.870383031779706384e-02
1.189534313108501912e-01
-3.350328794215822609e-02
-1.047118399123179652e-02
6.457882269929640651e-02
5.980654318170745831e-02
-3.862579921436386232e-02
-2.892035126382942051e-02
-1.900148138467975525e-03
1.733519440183771063e-02
2.877951659004331780e-02
-5.661840875347746126e-03
-7.166363975923546736e-02
-4.076050848198552526e-03
-5.295299737534161361e-02
7.460597848319115710e-03
2.296739139828465545e-02
-2.276243914935537332e-03
-8.152791170321953274e-02
-5.001650343034275137e-02
3.593377102393654349e-02
3.312215235629076271e-02
2.187984252819782927e-02
-3.060564252795025357e-03
-3.209203631415696867e-02
-3.123631867646556250e-04
4.204181002455740883e-03
4.884936757014916170e-02
-3.446816645150441866e-02
8.946011671586959202e-02
1.287216318881486635e-03
1.205319416133106324e-03
-9.581192149753425813e-02
1.227881662853521350e-01
3.327891142783349909e-02
4.075896854022444810e-02
-6.795587998266990407e-03
-2.087209064027609196e-02
2.959491575253552290e-02
9.857811188322815332e-02
3.023546152779229765e-02
3.449504543497055459e-03
-5.266852813365835440e-02
-1.207028401501142045e-01
-8.954243360273463070e-02
7.070324108046695255e-02
-6.535453336276439429e-02
4.630566377025503028e-02
-2.775668027259826573e-02
-5.344987358402484429e-02
-1.608091183743751498e-02
-7.014557217089742447e-02
4.864270038607686891e-02
-2.001021323554036044e-02
-7.002395177044843863e-03
1.943091514396292794e-03
-3.987567194553914146e-02
-1.492543053648120142e-02
-1.124814760731448482e-01
-2.753114880195272826e-02
-6.823222953143109892e-02
2.084335672696138383e-02
4.558644097047758609e-02
1.528210204755331425e-02
-9.161414525285756227e-02
-3.027875489048450011e-02
-4.989166315166605054e-02
7.129443872201636501e-02
-5.576164115549440276e-02
3.934908186060232654e-02
-5.949376001082614523e-02
6.326857725135148769e-02
-3.619629609552441063e-02
-1.250560105179544801e-01
-2.937221917467743026e-02
-5.062698534258206276e-03
-2.023469474589425360e-02
2.103857934385474499e-02
-6.753124104205190936e-02
2.596047820300323439e-02
-6.032133871270144859e-02
1.229454503370406779e-02
2.013221862142961296e-02
-7.119038765711425965e-02
-3.283260830653121458e-03
-6.449738077934107083e-02
-5.339583562768146496e-02
-2.407870436963906180e-02
6.054057042159710633e-02
4.063661316757131298e-02
5.200757813006725433e-02
-7.890245099528256367e-02
3.768492979701996981e-02
1.378800855254119773e-02
4.937949252140117623e-02
3.594367564935440490e-02
2.798459165323820708e-03
-1.055927565970088758e-02
