1.753543807565456081e-01
1.139454206560544663e-01
-9.726900714861279329e-02
-2.905455346595624960e-02
1.261045333162952309e-01
2.302140812468942213e-03
-1.345459877046395747e-01
1.887900257181367725e-01
-1.012355713416605296e-01
3.425332764300532962e-02
-3.920864768554189334e-02
-8.000868605143002243e-02
1.101302674464747916e-01
4.908487779260917172e-02
5.486826758363814310e-02
-2.184343279738042501e-02
9.710619697489995816e-02
-3.045360936183157813e-02
-4.362473646780585385e-02
9.838920769803544131e-02
-2.862195065604743530e-02
9.207511833881146246e-02
-8.993837198852695780e-02
1.172966055819463227e-02
-3.945967767940960352e-02
8.468164602753183723e-02
1.414600568038254513e-02
-2.670026666829944731e-02
-1.974159204206893670e-01
-8.896274998866796069e-02
9.818841202391082046e-02
-1.319521763069956000e-01
-2.330139630992418900e-02
7.477585590849450403e-02
-8.764890480993259292e-02
-7.405090989038382032e-02
-4.953918154543731495e-02
-8.876563604058511359e-02
-1.361934185034870959e-01
-6.867905918815926658e-03
-2.488864504847343451e-02
-1.277613808375188398e-01
6.997283187972454244e-02
-6.845443849839891182e-02
4.683683003198480660e-02
2.853174836802389175e-02
1.676750082576371897e-02
-9.873907787564008276e-02
2.317862490691569369e-02
1.207670571908645990e-01
4.551555059874202308e-02
-1.212109175861703775e-02
1.178661402796396945e-01
3.522562192894196625e-03
-6.814230601272247556e-02
7.221185233130417158e-02
2.615579602865970854e-02
6.481699937275887946e-02
-3.607765829791786255e-02
-3.093747312662975535e-02
-8.230183495606617494e-02
6.375184770790319477e-02
-8.811701503541739811e-02
-6.628802593250857078e-02
2.722717830681686477e-02
-2.517790835123652135e-02
-1.327302595442284849e-01
-1.196267133518479943e-02
3.292273769102228159e-02
-1.413049640943155882e-01
2.922561212205113113e-02
6.355257428589200508e-02
4.936645903238125188e-02
-1.526071904195446839e-02
-2.201997864132602956e-02
5.793528698128629084e-02
8.001852758834940293e-02
1.640644386518597467e-02
-1.168339117418883480e-02
9.366275649069204234e-02
1.469575110060137310e-03
4.503483754180651749e-02
-1.481399114848152470e-03
5.871602530941469333e-02
-5.463196449393754178e-02
1.650553185740649687e-02
1.253787730703099235e-01
-3.477581413003023175e-02
8.510592955263471607e-03
-2.288946780778842310e-02
8.475035977990769132e-02
-1.019803420384577247e-01
-3.442410308940468955e-02
9.958856535735629775e-03
-2.720515875299008013e-02
2.105929595290576689e-02
-6.003178215359480929e-02
-3.980947705459037672e-02
-2.250674530550330135e-02
-1.235283163209855289e-01
-1.227796514908749276e-01
8.801792704319688632e-02
1.337408225402724610e-02
-1.698143034951813540e-02
2.509354726318311149e-02
8.181574091491576085e-04
-1.070897281553579057e-02
2.286805007456462618e-02
-2.187812598508178524e-02
9.497614145367216237e-03
5.109842792534188827e-02
7.565869133185834650e-02
-2.384388448169528010e-02
1.901607960456719315e-02
-8.564901954500879488e-02
-1.892474447776156671e-02
2.139050969181794867e-02
-6.256831439031959596e-02
-1.577747053264506177e-02
5.378024673586910553e-02
5.596159861319820183e-02
-1.926895046145579021e-02
-6.804077533687809265e-02
-8.651772988480849538e-03
-4.259618965609630187e-02
6.317664881629938937e-03
5.794788981273698951e-03
1.349208511378739705e-01
-2.064853569076402842e-02
1.932622962237497827e-02
-5.697375466377946340e-02
-5.896047067786153173e-02
9.438356056700573926e-02
4.384064845942892835e-02
3.241026974697645141e-02
3.447320457036569946e-02
-4.739974470304537599e-03
5.535085690480646969e-03
9.747447578271350999e-02
-2.953608075076637890e-02
-2.894403088227905487e-04
4.932617245319333849e-02
6.123177703473059452e-02
6.266980966495204475e-02
-6.509610252769514396e-03
2.522138103949904397e-02
-5.601098330385473334e-02
-5.653637269025872658e-02
1.198313323568621358e-02
1.635181979516229719e-02
1.996472588092779860e-02
-1.409722281032899788e-02
3.216915209245198304e-02
2.674451818322465257e-02
3.443362601541659351e-02
5.643909015984715366e-02
1.631107300021917075e-02
6.374767036489425998e-02
-2.306165930266539099e-02
-4.635239984779558620e-02
9.863577713919868817e-02
-8.946948293637948732e-03
5.419624637737798650e-02
-9.097176876627231790e-02
2.027632734842513273e-02
-4.508985102516153975e-02
-5.654458577142884926e-03
-8.040829493181060605e-02
7.167081560922262257e-03
-1.099026730549114844e-01
-5.861615849053149196e-02
8.199345499885539457e-03
9.145021614564366463e-02
-7.164815883358092129e-03
4.159093684184336781e-02
4.096217591657409091e-02
-7.154443328259623390e-03
1.454285326623180018e-02
6.591712743501144944e-02
2.991972368456195103e-02
7.566584237667027014e-03
1.224985658680700085e-01
-5.115333520506109254e-03
3.123314404875401559e-02
-2.541969862878784917e-02
1.565535051193626681e-01
1.127396199761604989e-01
4.038102962136434076e-02
7.507014618335311473e-02
-1.389759537619840619e-02
4.850571396526807272e-02
1.330670666746272268e-01
1.980641166113137827e-02
1.286246393906797722e-02
-4.343703924209910139e-02
-4.825956933864810477e-02
-1.188570556030568715e-01
2.722477102440493471e-02
-6.686106535018401797e-02
1.467532460131189612e-02
-4.297130089781429213e-02
1.597862021888907594e-02
-6.659378620003578164e-02
1.865820875306406154e-03
9.079801961806999167e-02
7.378603802264749496e-03
5.300949154950783393e-02
2.071972752797570164e-02
-4.215070080504126210e-02
1.141894412099580224e-02
-1.324829112764025485e-01
2.431751729624274591e-02
-5.717950650757570863e-02
-1.903420502508055764e-02
2.439122261950217238e-02
2.258951333901940747e-03
-2.319193576260519460e-02
-2.013415608127342576e-02
-2.236581308076950395e-02
8.581816653565889352e-02
-4.736611355170221305e-03
-1.896386281695544920e-02
-1.197449888009400887e-01
4.286442463896692617e-02
-1.010481927268612468e-01
-2.453884567329266131e-02
1.817363696402708034e-02
-8.887120245459069175e-04
2.128448306205715443e-02
4.576360689080676003e-02
-2.737434114485213024e-02
5.902766217812397548e-02
-4.917638992547450350e-02
-3.041530525051232281e-02
4.008797838892365351e-02
-1.556513406342794996e-02
-4.596429636129555074e-02
4.559322085773874315e-03
-4.382326646436630196e-02
-4.529772694167417957e-02
1.771264238214224906e-02
7.745402839419189556e-02
5.496756798313030129e-02
-6.969868489445990578e-02
3.106845761080837248e-03
-1.601550828173073024e-02
6.885181710242727028e-04
-5.665220545572694985e-03
-3.009010971762996270e-02
3.434324672133334810e-02
