2.506689051989615113e-01
2.144237711183339667e-01
-8.584771566920125496e-02
3.942779694274417546e-02
1.209316065911539562e-01
-1.194114822536019166e-01
-3.952349001579662929e-02
7.863594355550806991e-02
-8.083807396814161883e-02
6.786134083685578522e-02
-7.434650798691780360e-02
-9.819890678329539629e-03
5.377732052020894188e-02
1.058079852177668673e-01
-1.048991261082817678e-01
-5.087356952491255135e-02
4.843973068337577292e-02
5.621656139006318831e-02
-9.908831215985149793e-03
-3.874874912126508031e-02
-5.235449700223241548e-02
-5.544770484780604108e-02
-4.343693798250436444e-02
5.724670889724785272e-02
-1.526272360256212754e-02
7.846224262115679415e-02
7.721771819258749225e-02
-3.809346379339680760e-02
-1.744273142303839341e-01
-7.735794584432865995e-02
-4.915164084378618320e-02
-3.879993977055927468e-02
-8.837631509080712267e-02
7.905427920080794479e-02
-1.230686875794645418e-01
-6.664356931043016741e-02
-7.942399659125053135e-02
-9.847167705839753038e-02
-9.164402774399355023e-02
9.075127825466948461e-02
2.160332218527071316e-02
-2.073910055025181276e-01
9.325431450655870258e-02
-1.307634910585455008e-02
6.583387600648733795e-02
-9.041747792155202523e-02
-7.460586965601764733e-04
-1.163639987191440739e-01
6.639096017672718730e-02
9.815871312021891282e-03
-1.477220013837690638e-02
4.628123451137803809e-03
1.966893623210822506e-01
5.940263267480869191e-02
-4.620197260779124182e-02
7.064717970215103615e-02
1.592656214193308162e-02
1.052907088514379585e-01
-6.055477598816304263e-02
3.870440747215912053e-02
-1.014233389000810809e-01
-4.777672817219681678e-02
2.483550364029753991e-03
-8.114666483577750999e-02
-7.862674724539617244e-02
-5.684573691439699823e-03
-9.024892177607454768e-02
-1.497666369470037895e-01
7.393222386285602798e-02
-7.123429657744162480e-02
7.458615868364494583e-02
4.044350688615176020e-02
-1.381761671777601225e-03
-6.554988366065424288e-02
4.664146619733457871e-02
1.287309457491641884e-01
6.899968968504228972e-02
-1.383546270418196424e-02
5.535567743682616275e-03
8.059659044037820186e-02
1.359037460871384551e-01
3.565512326159546441e-02
-4.603441326515805843e-02
-3.372013601123335230e-02
-4.476545108943826012e-02
-1.149950347096900284e-02
4.943363958393068303e-02
-8.847644554426321861e-02
-3.584175047799211672e-02
-4.245360805407118188e-02
5.811241609005406150e-02
-2.124862114735349625e-02
-4.552543287088812313e-02
-9.098880672598618239e-04
3.397628218728706434e-02
-3.542087459318580406e-02
-8.122271124631819106e-03
8.530317192184127054e-03
8.603958413926307558e-02
-1.549449634132627623e-02
-1.015039513107472424e-01
4.798679633289966440e-02
-6.090812651900089081e-02
1.179211333816569326e-02
3.763699240056996714e-02
6.275008955553883216e-02
1.209687776907670577e-02
1.500609510255149215e-02
1.287489846651529088e-02
5.304303052819755310e-02
4.315747948186629546e-02
3.565888538845941869e-02
4.240396084143912420e-02
1.536828823926616495e-02
-3.757969231448815561e-02
2.416504118525158659e-02
2.622620438274334345e-03
-4.120435685072407206e-02
2.602304953208964267e-02
1.334212568358139062e-01
-5.702033818680117419e-04
-5.147779282320848887e-02
-1.697687079051688960e-02
-2.467505053729627564e-03
2.554763888522117860e-02
7.189270093356464608e-02
4.510857635238945534e-02
6.675781577835872282e-02
5.301351230203418981e-03
4.537861345840239757e-02
-4.336806212145652428e-02
-2.104540198683886934e-02
6.304337467627520175e-02
4.292242694019510196e-02
-1.060443882665174087e-02
2.515737449421389955e-03
-8.596749278516913409e-03
-2.212162750937439123e-03
6.263137355227617505e-03
-1.892410906938471124e-02
1.059243860660363246e-01
4.117409906116011736e-02
2.632234762482226018e-03
3.794606559216278513e-02
-5.455694896417058459e-02
-4.902983796719925791e-03
-3.246319977950602731e-02
-6.363653667849249358e-03
-1.681850775799560715e-02
-5.168152646261049005e-02
5.428041656220448236e-02
-1.061759662419645422e-01
2.729323359516697134e-02
8.625142082114130304e-02
4.705488213827389680e-03
3.331745981706805970e-02
3.945409967586141508e-04
6.158431255166894186e-02
-6.987700480774497458e-02
4.415161346693442963e-03
2.281839269753758656e-02
-2.402909013926174051e-02
-4.976586432545553919e-03
1.132528805773035802e-03
-7.865864493641364086e-02
5.196709440003618313e-02
3.146488565347793556e-03
-1.732443343387173040e-02
-5.714960100725510229e-03
2.487119561310944041e-02
-5.488692286056316011e-02
-2.807501641946951246e-02
3.424291087067112688e-02
1.121991635060908682e-02
4.902678324880543892e-02
-9.434964005778817206e-03
-1.551472179258635460e-02
8.588067447292395407e-03
2.268658963757723065e-02
7.921270654319014989e-03
9.235645238329132090e-02
1.342663848731249776e-01
1.172269084330001578e-02
4.398556540603292681e-02
-4.147809177374005285e-02
8.456794943684650678e-02
2.205079019756842409e-02
1.213820650119845496e-01
3.328417946404074040e-02
5.142357961045095072e-02
3.584695957672683064e-02
1.245953072129697276e-01
-3.560534742924156143e-02
3.646851438254133937e-03
2.646267174135482486e-02
-7.679706739229440193e-02
-4.904961324943287598e-02
3.822285523357257103e-02
-6.270703410365131847e-02
1.011224973706863345e-01
-4.442271168565259387e-02
-4.760392757589846507e-02
1.614920288044625202e-02
5.127055429638621709e-02
1.097451635231549427e-01
-1.180475022583693349e-02
8.406466046526819835e-02
1.843824807011636147e-02
2.142257932114845220e-03
5.839689075984406605e-03
-5.041635856868510734e-02
-6.598423246132377462e-02
-4.026228169807258284e-02
-3.143851861049977436e-03
3.352923218908535757e-02
-6.143874718147119413e-02
-3.534505326715835227e-02
1.038781106013480712e-02
-4.284168590980709512e-02
3.433940781698511385e-02
-8.589707348745916071e-03
-8.856850511017356348e-03
-1.037366289073188980e-02
1.002993633058107126e-01
-9.548480556785901574e-02
-7.216183770152467813e-02
5.610553041518075330e-03
1.537909229590112004e-02
-4.758363781477745885e-02
-2.058204943889334684e-02
-3.408901737348394440e-02
-5.419327670065469081e-03
-6.568239412908473407e-02
1.546169831225587682e-02
4.305236501418871486e-02
-5.199182154156082453e-02
6.954227198164415757e-02
-6.282333848712938658e-03
-1.963338252549730323e-02
4.209617384706475923e-02
-3.242850460953842356e-02
5.673689247478592296e-02
6.466388670672702788e-02
1.234466366321051826e-02
1.550462514442154521e-02
-2.664646932387089960e-03
-2.285389174076672344e-02
-2.833534273648318294e-02
1.896938321147404946e-02
1.484400209809670808e-03
