2.317580545341931531e-01
1.765618644396542980e-01
-1.803209962281564216e-01
-7.734830843080300888e-02
4.417845437838312239e-02
-2.027620009603301743e-01
-1.678851293533272782e-01
8.419110580841343561e-02
1.993147078292177576e-02
1.329322161888144838e-01
-3.708922903757274486e-02
-1.757057060741041288e-01
1.158030344750148044e-01
6.030449872641797243e-02
-4.196960805863460958e-02
-2.612201430490153917e-04
2.700174262735410141e-02
4.146114719525108294e-02
-1.660745665398007109e-02
1.380797322248649983e-01
-5.065746166256249877e-02
-1.062972871114320206e-01
-1.171397923893756493e-01
8.020710037592001032e-03
-4.729963683682291559e-02
5.941657781204899569e-02
3.529453124331290159e-02
-5.246477344755078737e-02
-8.934697698780727504e-02
-5.051444891716453528e-02
-3.741491707653541582e-02
-4.357678652680774256e-03
-6.786652114754718190e-02
9.951791730060299823e-02
-1.695907814759242127e-01
-7.103230771753188399e-02
-2.150480604401164286e-02
-4.774853885738555154e-02
-1.059296282940404288e-01
1.029152421230823955e-01
4.059513821322997124e-02
-1.497913024516557001e-01
6.816558326278150670e-02
-6.134235707697139467e-02
1.009733702668956373e-01
-1.755301830433235802e-02
3.547288266892172776e-02
-6.853623302642829207e-02
1.462494694106507287e-02
-5.340389806139731604e-02
7.689804097825429785e-02
-8.864881860921640377e-02
1.326210927577032295e-01
3.338269889081962871e-02
-2.171651302242299381e-02
2.834987914159885561e-02
2.630472210875162836e-02
3.303175036011469622e-03
-1.702996032281205857e-02
3.315064047375879119e-02
-1.214858648701748478e-01
-3.486055144374086701e-02
6.327187502471279257e-02
-8.697460393258441003e-02
-4.985569300445735763e-02
-4.704075743432144241e-03
-8.685802204920246850e-02
-5.065089458491521535e-02
4.049975303591749065e-02
-9.690184714615231176e-02
5.138387147915082082e-02
3.684033029268372200e-02
6.971281276470918387e-02
-2.712238829640884960e-02
6.751541006541533600e-03
5.600628138570193371e-02
3.188452740953427733e-02
-9.776395489392752242e-03
4.554125303133541025e-02
1.008271064929594091e-01
1.351979880182679061e-01
4.792968616753728178e-02
-6.115070894464109952e-02
-2.326900919058262976e-02
5.936670703427212106e-03
-4.547402176116423916e-02
9.959376379640054455e-02
-2.424662598232213417e-02
-6.301894500443633307e-02
-3.820885075586335361e-02
1.721965783801940320e-02
-2.063262010776783714e-02
-5.977087490214833682e-02
-1.245150432209819399e-02
2.148347929680067062e-02
3.186778461256225409e-02
-6.540581764693984002e-02
-2.372558363849555652e-02
5.555494109373559919e-02
-1.046241777845030030e-01
-3.820842812215338724e-02
1.809554994679682394e-02
-6.182029078238068104e-02
-6.902681323285139725e-02
2.060976537714388421e-02
5.094465752363219746e-02
4.362707993829459396e-02
7.645173978052227648e-02
-4.809282277958706192e-02
1.550155427612091158e-02
2.628531346837822968e-02
7.438392307876338927e-02
5.343449023994232411e-02
-1.378273548794400373e-02
2.476747326443642233e-02
4.542343575710895004e-02
2.987012510665897416e-02
-4.615881841246286671e-02
2.413628607373366573e-03
8.206073931757848494e-02
-3.306035941125136726e-03
-3.186719942742536477e-02
5.243632694784103321e-02
3.860206265756564031e-02
-2.075229046826110747e-03
7.372045317467572356e-02
2.861080669207942753e-02
1.498936123197546766e-01
-8.202829405276666763e-02
6.798118492409152558e-02
-2.261922611664103980e-02
1.022055100828953532e-02
2.867872067824363269e-02
3.432023050068241932e-02
-3.192210929943654213e-02
4.408245150564837206e-02
9.297616516563524461e-03
6.105204022850497028e-03
1.931322268580128523e-02
-4.568146989219046966e-02
-1.015930163062875834e-02
3.897927949885968829e-02
-9.957614322172318733e-02
3.906754492367339043e-02
-8.241919772420677748e-02
-1.766777961173286032e-02
-8.982829176289633399e-02
2.760714916174847322e-02
-1.750955205277585081e-02
-1.818137710020682708e-03
1.971404199428309148e-02
1.233423972272323400e-02
3.677891836359603595e-02
8.983645184452736243e-02
1.895284617233540872e-02
6.744287961872680315e-02
5.797445406276321989e-02
4.303874130372607743e-02
-2.056291805590758706e-02
3.383589226905276554e-02
2.902134657589062333e-02
-3.403976426868691313e-02
-6.876374000353556448e-02
-3.749203147346288900e-02
-5.533900777822451517e-02
-3.524114935471470237e-05
8.563625301423979930e-02
3.013345841825785468e-03
-1.292030263731497146e-02
-4.097788180303906652e-02
-8.633171303914391470e-02
-7.503659956810403153e-02
5.703207842037841951e-02
-1.210803315703125674e-02
-7.348624907877963344e-04
1.584453778690711077e-03
-1.485677778612823699e-02
8.207400351401455962e-02
-5.275999934910997197e-02
1.752408415034185929e-02
8.345452027250037375e-02
1.095779000093879685e-01
-1.741114341892278580e-02
4.143231057211674284e-02
-6.186977143673296625e-02
5.422562803472736476e-02
2.489123992088789622e-02
7.314069725544820877e-02
2.089221473654772482e-02
5.479673621804312042e-03
7.862537746120144833e-02
1.272181434094017960e-01
1.427438853378473413e-02
2.361742191902771893e-03
1.496601234501370066e-02
-1.274829071735575012e-02
-8.046133080761178058e-02
6.231896604986404686e-02
-5.974834527437820897e-02
2.707401299175957524e-02
-3.836424991999207862e-02
5.971164116218128162e-03
9.434484818024177835e-03
2.976189836662037139e-02
7.023070161085365193e-02
-2.683607021304448489e-02
4.893275851273135024e-02
4.991544690899053782e-02
-2.421798442090008358e-02
7.260554544776559593e-02
-1.288576045909598233e-01
1.790409687617881829e-02
-6.780176065906509675e-02
3.345568448150351704e-02
-1.567805261546292850e-02
-5.858711039079790572e-03
-1.514803743287075621e-02
-4.220485248366294059e-03
-5.997620986462470077e-02
2.151689987017396319e-02
-2.024951890481953634e-02
1.190510395567320398e-02
-9.992657158786200089e-02
3.471451524180232256e-02
-6.140975089856948177e-02
-2.030787486708126449e-02
2.175806116714192398e-02
-1.690850189662274766e-02
3.580169169528112094e-02
1.621395215970934667e-02
-3.239097263522408565e-02
3.001778682286664404e-02
-1.496718271528747410e-02
-3.722879569272015410e-02
7.666282906351134727e-03
-4.312739685196436551e-02
5.312287915455031484e-02
2.349723139396833055e-02
1.330841042421218937e-02
2.550396126949334638e-02
1.288236313427350288e-02
3.689237925958124137e-02
6.334547831081895064e-02
-2.149979946006272749e-02
4.476253416556651848e-02
-2.483476955517835427e-02
-8.953397614932785339e-03
4.195647390334004967e-03
-1.116351183581121460e-02
-2.777828330400236578e-02
