2.169605340487871514e-01
1.756017800522944455e-02
-2.198686459755589961e-01
-5.755778761425336953e-02
2.077010740391310728e-02
-1.689934618685456358e-01
-1.323149970894472727e-01
7.574526390674218845e-02
-6.278886154954854693e-02
9.633061520613778184e-02
-5.065129247296749904e-02
-1.346981217363874828e-01
1.385486247463004195e-01
1.871964731146162908e-01
-3.948975785374918973e-02
7.110238411292265498e-03
7.350355441301344682e-03
8.151739359910918636e-03
-5.936288645297146949e-02
7.933917342072595302e-02
2.414888134859713778e-02
-6.493786346170013490e-02
-1.295187682122091455e-01
-3.710930082510081884e-02
-3.922864509859620707e-02
2.790655124195449630e-02
1.688326201774207821e-02
4.980929798883292764e-02
-1.188885603892336357e-01
4.018726157770054902e-02
-1.500758113739667464e-02
-2.224890944992380035e-02
-3.201866914693420746e-02
-4.920293265922824621e-02
-2.020326048552099907e-01
-1.358525100143673503e-01
4.494255794471214982e-02
-1.397541371442495572e-01
-1.011396091601766550e-01
1.121188356069569847e-01
7.107661805859806503e-02
-9.970264164573071353e-02
2.094165095194991388e-02
-2.308751448964051906e-02
1.094439049026354853e-02
-3.030116233942186169e-02
-3.411199629614811157e-02
-1.177705458712564601e-01
-9.632568795823405472e-02
4.169349301650015355e-02
1.411289962281128130e-01
-2.506647927349656135e-02
1.004104078541694645e-01
7.008438958901669347e-02
-1.920317980303827207e-02
4.685953983296396730e-02
3.832601721987562160e-02
1.992462932412685309e-02
-6.611447143086369993e-02
5.328307052845062536e-02
-8.428343131403277788e-02
4.613062098065826705e-02
-5.612825804727995284e-03
-1.477994228424442391e-01
1.446746689266314133e-02
-3.832670766225703546e-02
-3.113019533703261302e-02
3.523955147248666007e-03
1.593721786672839258e-01
-6.421299311244908770e-02
8.486854984853665906e-03
7.197413038694724929e-02
4.925728930489230162e-02
-9.390666030746032400e-02
-7.504600269309268101e-02
8.480320889225920200e-02
5.020495285712785194e-02
-5.252656536463296694e-02
-6.780206952976295526e-03
1.423358581270801615e-01
3.852775193022699857e-02
2.187509766787724963e-02
8.165108835114665703e-04
-9.111391502587386573e-03
-8.576355147731706818e-02
-9.181129321484678141e-02
1.159808878348863315e-01
-2.745324443481149054e-02
-2.272402795957057312e-02
-4.491481471447714841e-02
6.737622349915345366e-02
-5.812856377747060987e-02
1.948164776896044864e-02
-3.635059879916048564e-02
-4.772080393628891359e-02
3.749469320890836538e-02
-8.241264629784648965e-02
-3.216645520030143868e-02
7.902960416389553586e-03
-4.269319081729864435e-02
2.263166559918412465e-02
5.142634542984950846e-02
-5.376032313273085977e-02
1.635767844676284943e-02
3.285426134716838698e-02
3.463632451734294931e-02
4.454115985115365134e-02
1.683147883913601456e-02
1.678973845880506535e-02
-1.977725125943953846e-02
-5.008939790947480701e-03
1.414521860301038575e-02
4.501721987313871132e-02
1.415419435396877111e-02
-6.772109946866984587e-02
3.221993310111642694e-02
1.939606429740970209e-02
-9.297810945569209840e-03
-6.400209434867167035e-02
7.024510574516314165e-02
-4.755098649420563817e-02
-2.333381411733772073e-02
5.224370367446543040e-02
5.761302300476649901e-02
-2.998858024310890533e-02
-1.234332090624247133e-02
3.231879189663709739e-02
1.559985516567158614e-01
-4.583238125563195847e-02
-2.756886214995375381e-02
-1.239196571038755912e-02
-6.375190313664286235e-02
8.851439945984954094e-02
-5.156697598944572775e-02
-5.613327944641750659e-03
4.484953652568889754e-02
-4.063322458860487568e-02
-3.088737930498709414e-02
2.901078829604801165e-02
-1.046785343536041496e-01
1.103797681668977669e-03
-2.941206085462808040e-02
-1.299905286611826617e-02
9.001077640284167389e-03
8.118911963049136454e-03
-1.895913980495297566e-02
-5.917285787935953195e-02
3.872311574042260063e-02
4.417142795590636023e-02
-4.044225450265464400e-02
1.047103260868938041e-01
-1.502374376587068891e-02
2.420486994898090466e-02
-1.850799847618804159e-02
2.430699265394098071e-02
4.818760575361410309e-02
9.193164987542511157e-02
4.626371944154814876e-03
-2.742386924985678112e-02
5.562957034543126490e-03
6.058682110900651119e-02
-7.356581976231915676e-02
4.035513322761801608e-02
-7.157878935609841842e-02
-1.683242035147430524e-02
-8.171963044937431697e-02
-1.235207697098858644e-02
2.787388076381576429e-02
-3.474494365743724389e-02
-2.476237078822823151e-02
-4.718615046311747802e-02
-4.117610060286406443e-02
1.701253166178957540e-02
-5.805804450333253673e-03
4.833959722875905141e-02
-2.122077797650889427e-02
9.133664546136914530e-02
4.542727988020950347e-02
-1.991957654124468582e-02
3.822775471550254878e-02
4.494764211133893406e-02
1.003399513475205923e-01
1.570709342100305023e-02
6.745954734109231576e-02
-1.049290394030790406e-02
1.296299922031060314e-01
3.891289324407765787e-02
1.006696375846458623e-02
1.922960491599966931e-02
6.042704646519835715e-02
6.972222117622034476e-02
4.753887236878628214e-02
-1.814852906542813865e-02
2.284962570549873423e-02
3.223173338908968955e-02
1.200908402614879640e-02
-1.618779823719035740e-02
6.951430386818084617e-02
-2.728697335586911452e-02
-1.028985111268292292e-02
4.459410422831026725e-03
-2.760460823506424161e-02
-8.060014089540047666e-02
1.159547765593710485e-02
8.150898275555377992e-02
3.073410109631315255e-03
4.018453119191949668e-02
-1.449069086367434610e-02
-7.896959844420171903e-02
2.632970637778299025e-03
-1.385135377198267459e-01
-2.362075569430452035e-02
-5.993215619644744890e-02
2.156876093674163150e-02
5.916008469530336517e-02
-9.384310822462560431e-02
4.942070446307519210e-02
1.523900487014886009e-03
-1.520711898562536815e-02
-2.209349714661639624e-02
-5.528139908273087266e-02
-1.199618530711419641e-02
-6.896998420166960964e-02
2.944253447064413415e-02
-3.279312581266861926e-02
-2.288621915171368607e-02
6.932835518136817865e-02
1.306433105490651531e-02
4.437724255305700721e-03
1.985897453040328872e-02
7.398874710467994061e-03
3.424738577039450338e-02
1.985508294607167892e-02
-4.546374779144601169e-02
-4.803310357890037963e-02
4.955618808855540881e-03
3.183130819161408831e-02
2.492164329212263191e-02
-2.640204590910842988e-02
-2.872522760384403628e-03
3.718094991404484462e-02
3.934686766454106865e-02
5.361096789213313715e-03
-4.103233166880687621e-02
1.942311708526329311e-02
5.110233965049860300e-02
-3.773926673065202547e-02
1.140190271918426097e-02
1.345505867529771249e-02
6.534676227022036266e-02
