-1.998091381869178396e-01
1.393260029988942494e-01
-8.564785128712569529e-02
-2.473921911195315487e-02
-1.542105581448199869e-01
5.107276755729391049e-02
-2.282318498198540602e-01
3.772945451668379552e-02
-9.798083255850065232e-02
3.461778184445313267e-02
5.262451294214204323e-02
-1.014929237352283631e-01
2.551722290457222875e-02
-2.053627091843777952e-02
-3.492720998169563437e-03
2.450949792753987777e-01
1.296584191856997017e-03
-5.790282951620084190e-02
-1.193073610956787711e-01
-3.261793458824471109e-02
1.237139054685383044e-01
8.846881905954140715e-03
1.216045729398115421e-01
-1.428857014317639652e-02
-6.278411451285821447e-03
3.976686241382917236e-02
2.789572099900015922e-03
-4.721345927022298217e-02
5.808941494934560107e-02
-1.332572004739313587e-01
2.346817006707558467e-02
2.002115355701673816e-02
-9.101947960543718685e-02
-4.764245735054947056e-02
7.670000850943323178e-02
-2.102832673132002186e-02
9.022339951652119661e-02
-7.523658961659589542e-03
9.330443762344869940e-02
9.550373302469313073e-04
2.432003931466793223e-02
-1.210671931924248435e-01
1.139953274721061532e-01
1.459038720829388021e-02
7.051631685074322142e-02
9.119080483897128164e-02
-7.311995045862912379e-02
-7.771836995976028062e-02
-1.273630339988769400e-01
-1.141954606136334344e-01
-1.489049178218323707e-02
3.664247925114972465e-02
5.618052000503111210e-02
1.168756235517363603e-03
-1.557236773386336606e-02
-3.911402270230597555e-02
6.204911327774547541e-02
-8.412883351241512431e-02
-3.483724710917795314e-02
6.494033124587507595e-03
5.989818623985550261e-02
-3.253227197147766370e-02
-6.559663399521516169e-02
-3.939502348516154412e-02
-4.334201132311264748e-02
6.993776120316018419e-02
1.534226980137990137e-01
8.441512399039757808e-02
-9.334884822929814807e-02
-1.362096875726673262e-01
6.375174816747204709e-02
2.380507417468939041e-02
-2.376005468306992274e-02
-9.061544584168075567e-02
2.871246514873556505e-02
1.092002378672645921e-02
1.608775148280878337e-02
-1.163566625988921854e-01
1.115611924404443650e-02
-7.729515629424882350e-02
7.144589514473198566e-02
-1.551190157136618231e-01
-2.810799380056684324e-02
3.252017036679889089e-02
-1.315354998485316063e-01
6.551881078273687209e-02
4.040995995303234972e-02
-1.002162805523389016e-01
1.597739093699606164e-02
5.377545926888686878e-02
2.540351348702449968e-02
4.117806935188889766e-02
2.226908370914003690e-02
-1.532721510071662074e-02
-1.076658457268614769e-02
6.209656831244494968e-02
2.594195878450870733e-03
-3.609847787101425065e-02
-5.469354484396685145e-03
-1.192542738676067859e-01
-2.740579628631292439e-02
3.460335886277622619e-03
-2.429534138562225790e-02
2.635691443676455373e-02
4.286864069229731622e-02
-9.700029813663489653e-02
-4.293082315155868911e-02
4.025309575653578109e-02
-3.492074057038936901e-03
4.899555375293471182e-02
-4.043092845673676439e-02
1.482161157945184951e-02
-5.735665898050973897e-03
-8.121154762225736568e-02
3.573794138445227087e-02
5.872634752012751563e-02
-3.297359998864668462e-02
-4.750435444684106973e-02
8.742701550706930003e-02
7.882326930014878219e-02
4.788422305660058192e-02
6.159077451437705575e-02
-4.808306231586661345e-02
7.362456454051763931e-03
-9.390757703399553458e-02
4.354709166152118810e-02
4.683092678521969974e-04
-2.031433205527232843e-03
-1.626136003798038521e-02
-5.952589064686037573e-02
-1.897619140961274986e-02
-2.264689732942579831e-02
4.349472748530108096e-02
1.983414951490511044e-02
8.335375998256419616e-02
-3.729246481062603591e-02
5.963031455641559092e-02
6.000302875837759849e-03
5.915998835445026444e-02
-4.683929896455722025e-03
1.919436279207631466e-03
2.721125728279752756e-02
-7.202814216229565247e-02
5.496598317068178419e-02
-3.456674960585490175e-02
-1.084148132793236186e-01
-2.175571689430774724e-02
5.022401884927282095e-02
3.821930311864978752e-02
3.014342281895970518e-02
1.200867348812803548e-02
-6.613028431726060419e-02
-9.516770419037370865e-02
4.885296031667254318e-02
-2.347406864797247066e-03
-7.219101910577099303e-03
6.080755713735234297e-02
6.434206292148823836e-02
-4.696084778639371404e-02
9.363217038915185378e-03
6.158575120677454474e-03
4.318332046930608084e-03
-2.538212637435320260e-02
-2.327979603198145411e-02
-5.407472662484247988e-02
1.945226397103246019e-02
-4.750945386516482356e-03
-5.047857115649395654e-02
-1.941226778701550526e-02
2.775902614363488785e-02
-5.601402780229639694e-02
-4.880531500516994275e-02
3.443058752553838225e-02
-7.942579982492561919e-02
-8.185696653845865589e-02
-6.016510653927979735e-02
-1.060979648691083230e-02
-5.520641693911101933e-02
2.366796071035724008e-02
4.387151361084996870e-02
-7.684127000807351726e-02
2.954515449457287279e-02
-2.654536458257993059e-02
3.695685458527348671e-02
2.907033776005378892e-02
4.952003273306952030e-02
5.524690784281609951e-02
1.013921911956538052e-01
4.652884333257784055e-02
-2.347163310489246493e-02
-9.157740924756145595e-02
6.883632490058858022e-02
3.073008425835589783e-03
-3.984476173702870133e-02
-9.124990481402202314e-03
-3.585910965268251926e-02
-1.993145707202343200e-02
9.026533652393005369e-02
-5.065320720640243551e-03
-2.267167136919272588e-02
-6.114172125900114302e-02
2.668403831669771426e-03
-3.753088164494215034e-02
-4.605630991969626720e-02
7.344121381302601281e-02
-1.494445428354959811e-02
9.696916885164359734e-02
3.220579503267512883e-02
-2.404527961095487623e-02
3.154100593791565876e-02
-4.337515754221708819e-02
5.793696517468154006e-02
6.018276422660982783e-02
-1.064177060090802096e-01
1.070737043155352806e-02
-6.828006969433183214e-03
-2.252062964287179433e-02
-7.929256800737721766e-02
-3.826809009097113714e-03
-1.263548333298367826e-02
8.674609093940480187e-02
3.891095929801056258e-02
-1.185633407400979028e-01
1.048737239177995745e-02
-1.154866028889210521e-03
-2.935438297175936573e-02
-1.095488249705902847e-02
-8.100703811425818968e-02
3.848565258766470376e-02
2.411336065111313598e-02
-5.211993691561415259e-02
7.677859282912401391e-03
-4.282065288254909355e-03
-4.831051920632269472e-03
7.574984226534631215e-02
1.082694037463752083e-02
3.810254927225205368e-03
-9.385243481644979513e-02
4.982668282898638362e-02
3.846784267889216680e-02
5.608146190132403536e-02
-1.000273737421960261e-02
3.151406274259310747e-02
-6.333249225946557467e-03
7.970459339686492006e-02
-3.559435850881385865e-02
-1.041917718553981957e-02
3.688458745544646172e-02
3.131731652816145683e-02
4.941286883754929943e-02
