-1.630115268263787331e-01
1.034644502345775374e-01
-1.017183543746024987e-01
7.819664390004694987e-02
2.013833404278669512e-02
1.169729842936884923e-01
-8.464029468364019093e-02
-3.803096100542662644e-02
-2.721709046717353531e-02
-1.237439702462401064e-01
7.147126147788054537e-03
-4.158248711592468089e-02
-3.122913397577363817e-02
-2.238322296287194660e-02
4.504913801308492449e-02
1.997585456900553835e-01
-5.234111406393735649e-02
-2.148769341728111459e-02
-3.612180228797440273e-02
-3.808268295018488181e-02
8.134467481151276547e-02
-2.106193003570508079e-02
-5.400927128500913194e-02
1.222089596821354096e-01
1.268763494000074155e-01
9.375879528573205501e-02
-3.512464303387301950e-02
4.841803656898265029e-02
-5.120881611097999331e-02
-6.096704673682182274e-02
2.723530342158634460e-02
3.567800381286848760e-02
-1.171598449373027345e-01
7.488263321262378369e-02
6.163484320789934870e-03
-1.122508134238717203e-01
5.060465826381754101e-02
-1.780372142169474314e-01
9.819813177950145744e-02
-3.906877925736754187e-02
-1.405381995402105871e-02
-6.251119935030950703e-02
1.845774790321523806e-01
1.289636535778099502e-01
-3.482092779016876527e-02
-3.066243363055784488e-02
2.315805611330132296e-02
-5.829372652191646548e-02
-9.277568704138275391e-02
3.045558142370141316e-02
-1.286962219542249659e-02
-7.997315397100430989e-02
3.617797075480609463e-03
-2.321546960631358167e-03
8.215074033298599282e-03
-1.007491904234755070e-01
1.342102650470565180e-03
-7.394363446724298849e-02
-1.464951162315567684e-02
-2.306322069051899154e-02
-1.003782081938442428e-01
-8.251368325070845833e-02
1.136652343093447065e-01
-2.282595427268023155e-03
-5.151811618640848682e-03
9.988781016740869156e-02
2.790751084256072254e-02
6.422229218852242016e-02
-3.022343739929125167e-02
-7.405625597831907991e-02
-1.600819090791602561e-02
-2.265759116089149580e-02
-8.457039535664573338e-02
-1.340074324961544883e-01
-3.576832156922420819e-02
-7.413035282215088562e-02
5.800420457667063850e-02
1.405972493533458670e-02
-7.965563672278411222e-02
7.128002545654604782e-02
1.154843598478539311e-02
-1.152232600717015276e-02
2.903959536245856801e-02
1.643502145478968959e-02
-1.183489872284469585e-01
-4.708020257970258610e-02
5.244921790858683708e-02
-1.202983425054430892e-02
2.228571962684555360e-02
8.146313015954921577e-02
1.000278578266337592e-01
-9.128489269277635654e-02
9.845667035893955997e-04
-4.039907194521104999e-02
2.499706649852296084e-02
1.587366760771500018e-01
5.858026040432894564e-03
2.777699652666110880e-02
-9.365044243584647043e-02
-3.973593542926649042e-02
3.179999626565016557e-02
-8.958354663094841158e-03
-1.260215499966092778e-01
7.934836426142111848e-03
-4.603416715496995437e-02
-2.418445569655763849e-02
-2.414706933896415553e-02
3.588948040268129941e-02
-6.189430666392872066e-02
4.572095414011683595e-02
1.770747378350188668e-03
6.593868528104687710e-02
-6.888132244489635070e-02
-5.549615269419091307e-02
4.849145754145929577e-02
1.491652349505692421e-01
5.032449180101422614e-02
-6.412717218832739152e-02
3.220121484538081280e-02
-7.734252036800400021e-02
3.974774539189354639e-02
2.881630881001870023e-03
-4.204328909143942999e-02
1.075727520530234647e-02
-9.344433724469838887e-02
1.010582770658444707e-01
-3.216500236961471193e-02
-9.662648187351162432e-02
-4.437771317999546911e-02
-9.411199142706955234e-02
5.911181543907626651e-02
-6.928691640234725668e-02
-3.203260272835596612e-02
5.046322328970555965e-02
7.671812195236325793e-02
4.372354085255096556e-03
8.976958911450115541e-02
1.582414046625219700e-02
-1.173380259698296284e-02
6.443764614558326886e-02
-3.740432154266086495e-02
6.264495073427858718e-02
-1.404696163837498291e-01
9.804723460641719124e-02
-2.794891685610859447e-02
-3.261872548198854055e-02
4.055658554314058722e-02
-8.420894647033992306e-03
-4.094748819166086143e-03
3.510621664640068557e-02
-1.369891634820736420e-02
-5.985612766199355228e-02
-5.777561776991923560e-03
8.624047347525322024e-03
-1.454098091238715390e-02
-4.543989837289883621e-02
1.150159809987260362e-01
6.697831771399374856e-02
-1.138122896873575290e-01
-1.395058949756407263e-02
-4.763221161598772679e-02
1.281174626411459884e-02
-1.382900379798792864e-02
3.866033952578962901e-02
5.038507121774277175e-02
1.706646316139476607e-03
4.939623585296288623e-03
-6.379841413230552538e-02
2.277878556652517678e-02
-4.678096943024835641e-02
5.029550047709539264e-03
-2.455433518871467935e-02
-5.903248948528610346e-02
-4.971243693064934105e-02
-1.350307373000476929e-01
2.779101196423659423e-02
-8.426248259610413793e-02
5.916833962767384381e-02
6.756789096875531753e-02
-4.898000581471229770e-02
-1.934187300899210815e-02
-2.516688806955178631e-02
-1.998028686220834280e-02
-6.645202736138138520e-03
2.961063551321803378e-02
1.919424847615389812e-02
4.266242282494522170e-02
-1.039632432946877537e-03
4.234262895742341333e-03
1.362670482973469752e-02
-3.080753253885834195e-02
1.324252532258947401e-02
-7.196820478480820543e-03
3.607096964763083224e-02
-2.070834260042512392e-02
-4.782700485498099507e-02
-5.237739768405662993e-02
4.739747082268667977e-02
7.021079697267834652e-02
-1.818958349279255551e-02
-4.236404340772910448e-02
-3.620312028365346713e-02
-9.656227409477115275e-02
-9.835237273718494544e-02
1.016307756758440262e-02
2.255766891685714870e-02
-2.414134221853356591e-02
4.905445838030997319e-02
-4.157355849960121981e-03
4.917181099087221396e-02
-9.331090601031857834e-02
-2.122200483034892334e-03
8.471478282141446658e-02
-6.789049503822754128e-02
2.170642673111777832e-02
5.539690632151173313e-03
-3.192414316194061574e-02
-4.973474068536972575e-02
1.718132571959586977e-02
4.413881044203368104e-02
9.561448902177326070e-02
-2.339763472261827126e-02
-4.159347891849023149e-02
2.497878239975697898e-02
2.234135451102843561e-02
-2.760155455173145950e-02
-1.833681673168830253e-02
-1.526640430953646148e-02
-2.285971226826178510e-02
4.947449464145542430e-02
-8.488837504316157356e-03
5.158015406237711348e-02
-8.738589756137139786e-02
3.064603485715099856e-02
6.827616857678944773e-02
-5.348383466463487584e-02
-1.345958674412652510e-02
-1.229160989805187371e-01
-8.260414329577052406e-02
8.976813065526106916e-02
3.490544728174072020e-02
-5.087923989489660619e-03
1.269393121525673115e-02
-1.845164371771281777e-03
5.560226449695148537e-02
3.344392883446584142e-02
-6.387322241966908454e-02
3.367678430240775289e-02
-4.862716539514068403e-04
6.052303482865638296e-02
