-1.980198106816819514e-01
1.123171454308298928e-01
-6.590878732400359818e-02
2.088985546744695845e-02
-7.919443927416093543e-02
8.031070145235141844e-02
-5.937991958581925050e-02
-8.439041347564618656e-02
-1.978582478287487234e-01
-7.185736443501906934e-02
-9.552378681003725891e-02
-3.760789665746237104e-02
-4.627872213066636098e-02
-1.957910361262642576e-02
4.650860278591197570e-03
1.381505242139564327e-01
-1.213862354787269282e-01
-7.453554370779122418e-02
-1.090932451245315432e-01
1.242227992017110177e-01
-4.918896051448184981e-02
9.278382510234592373e-02
1.852712373666401402e-02
-7.469746368462570896e-02
-3.253127326378057321e-02
6.543363397336775245e-02
6.270485024378606720e-02
9.032099154203780678e-02
2.214832438312199295e-02
-3.894564707921869401e-02
-1.157182863293271108e-01
3.632853599356321295e-02
-3.391012864657273057e-02
-1.248704076842687277e-01
1.563624146829719896e-01
4.833179172666061951e-02
5.089129872704172691e-02
-9.632006597269245074e-02
4.288858064832817840e-02
-1.115071527103660559e-01
1.665593734358506925e-02
-1.029950688112752921e-01
8.855794226626252652e-02
5.858885443212255573e-02
8.834416789896407107e-02
5.794063883893270372e-02
3.718649045396722752e-02
7.671632081087859101e-02
-1.076301085010403363e-01
-4.438560833004961265e-02
-2.021824825872410580e-02
5.048024911668332060e-02
-3.911210252959927691e-02
-3.290086078920186063e-02
-9.395126313558796460e-02
3.342536866299281127e-03
-4.443303438413787748e-02
-9.951650345098336792e-02
-5.236543476669194147e-02
-7.298541170195137033e-03
-5.438529183986837157e-02
5.534688365642008445e-02
-3.174013668530362847e-02
3.809658500395623343e-02
-3.446752763167038047e-02
9.883203978181490101e-02
1.900063431735402736e-02
8.090370569040537807e-02
-1.071820251421205517e-01
-1.697454186086147232e-01
1.114620836740261439e-01
-3.326787702253403319e-03
-8.526868828603229380e-03
-6.307593768959267322e-02
-2.914313167528948326e-02
3.498464304070509484e-02
9.231777841119237493e-02
-1.622174610442456144e-02
3.087307556541730655e-02
5.740020323914524214e-02
-2.714084509805539738e-02
-1.250001150852089460e-01
8.989137148881351513e-02
8.955846058805236667e-03
-1.090727819249889471e-02
-1.696545662881323788e-02
-6.778754474378941020e-02
-2.866779976270301608e-02
-3.041874253822533705e-03
3.786781143280454343e-02
3.457541476224316318e-02
5.495572584736226757e-02
-5.128927760261374480e-02
5.101461361014924395e-02
-8.735650603761983823e-02
1.080297658589483289e-01
2.113777087970656124e-02
-2.501531506249404097e-02
-2.932805043136557308e-02
-9.070139992166749432e-02
2.434731480517398142e-02
-5.219037263029082524e-02
-7.298869724184302299e-02
2.254141066124665596e-02
-5.896115609919348050e-03
-7.284613338045721085e-04
-8.279096265904135193e-03
-1.423238741241634152e-02
3.229621431196658121e-02
7.882124479733683409e-02
-5.383599956732948444e-02
3.219643389395256822e-02
1.963381499430054411e-02
-2.333115445650865705e-02
2.649677214212023055e-02
7.951527938705926779e-02
-8.074000009406456096e-03
-5.586985589743558023e-02
6.899476637963261605e-02
6.641693892311650860e-02
3.521288092600488584e-02
1.786823013882626876e-02
-4.570610966737473357e-02
5.490340719582663398e-02
-5.115249914842845413e-02
5.198066947546679806e-02
7.742121196719953247e-02
7.513097638837380743e-02
2.831121154728784284e-02
-7.136035510162569429e-02
-1.092071676490357357e-01
-1.045773419682291677e-01
8.725822553999115772e-02
9.543125600721895363e-02
3.285939870426475562e-02
7.294327108160185424e-03
4.498639786915120675e-02
5.304971987390977306e-02
3.653873912184901068e-02
-7.871889308723369061e-02
-6.730610601249126246e-02
3.710713752310568908e-02
-7.576251429537449178e-02
8.194707888034726342e-03
1.753585492391700543e-02
2.795980162844104167e-02
-5.078694712309149081e-03
7.937535824254282613e-02
4.354840276830921481e-02
3.843942394917261585e-02
7.442115692221537571e-02
-9.099820559601054515e-02
-3.887947202031390853e-02
3.111341995097004556e-02
2.664858551254886774e-03
-1.231481062456280147e-02
1.759545890303847865e-02
1.060743696499506089e-02
-9.114641201503638490e-02
-1.657608443926174985e-02
1.035595745620081359e-01
-1.505145107997236942e-02
1.527697482362252480e-02
6.446000708134333457e-02
1.120854791560779544e-02
-5.635104464200283575e-02
-1.396504445992781222e-02
-4.303107308493373667e-02
1.804072098313826492e-02
-5.901972441900128763e-02
1.104216389000746597e-02
1.336304069956190978e-02
-7.958009737513924153e-02
-2.254712464366693397e-02
-9.086185569050678201e-02
-5.358908410199343664e-02
-5.405980911625356267e-02
-1.515133863515677123e-02
9.013407289211461393e-02
2.802136978901948860e-03
-1.565884741124740423e-02
-4.472084053616901152e-03
4.972378926901941006e-03
8.335864681249549601e-02
9.813371970527727528e-02
5.014126710960062350e-03
3.874769330074635809e-02
1.114597623686679195e-01
7.456836339431767435e-02
-5.417494586202206697e-02
-1.220716276700386932e-01
1.015860364588260512e-01
-2.249837723114397545e-02
-1.810446759951443371e-02
-7.644240677860675293e-02
-4.488390330948755641e-02
-3.325619907096259709e-02
-5.259060138644083143e-02
5.782846622154471511e-02
9.526280066299127464e-03
4.678458813681116157e-02
-1.062382895206321828e-02
-5.803856221266013443e-02
-1.273745604799534359e-01
5.071616516586035378e-02
2.988873495635487737e-02
-6.665271212273302104e-02
-2.675936534672191183e-02
-7.327939609747442795e-02
3.287907623122457434e-02
-5.728799490936712507e-02
4.868841565446591774e-02
2.473661556994521948e-02
-1.563174170714123207e-02
1.767452613477901030e-02
-1.664565217522857507e-02
-1.393093912735680721e-02
-1.015115761254118676e-01
2.869951236513552939e-02
4.965979266591235425e-02
8.758238690517128333e-02
-5.185306910554406817e-02
-4.198105739042829604e-02
-1.297806113399600607e-02
4.118834946678577580e-02
5.307575420631214678e-04
1.985619604761955023e-02
4.667930801071763086e-02
-5.781714539387454443e-02
-4.348590608558747933e-03
-1.987073099040111493e-02
-1.595236754569881064e-03
-2.078103981473088113e-02
-6.699108701918358132e-03
7.050111499517711100e-02
-2.935201344514059424e-02
4.413480021418975108e-02
-6.644318752985964305e-02
-3.803419545840486943e-02
-6.285416374690582647e-03
1.343689392234394091e-02
5.010376909996758048e-03
2.654916221843611063e-02
-7.821188428460484898e-02
8.338221698997912157e-02
-3.675844174590851138e-02
1.633998982813409176e-02
6.759484068666569978e-02
1.228284803539939941e-02
6.501433480089008343e-02
