-1.993655207494824388e-01
1.356665615730545393e-01
-1.057138675854031873e-01
-2.965615119161989915e-02
-1.797231650531636860e-01
1.536139512926175399e-01
1.994644030072054153e-01
8.128433516240643475e-02
6.445348660391793383e-02
-1.332380368915295210e-02
3.223551204055129238e-02
9.781385797654039427e-02
-4.509370610816537672e-02
5.768395109254906283e-02
8.619836399678371119e-02
4.896754765940846549e-02
-6.341835954147338750e-02
-7.991346592310860641e-02
-7.017898767806665661e-02
1.139789755829283546e-01
-6.712098540636826649e-02
4.260612241256395843e-02
-1.353275614458942233e-01
1.209151171275514580e-01
1.207758570814487925e-01
7.922794465584515056e-02
5.256283445940040933e-02
-5.205903056936846823e-02
-7.735496981976054676e-02
-3.731184918650118452e-03
-6.818266129791052121e-02
-4.592084423664722498e-02
-1.046030798259347389e-02
-8.553748531109790776e-02
-2.933025218377934354e-02
-1.037512644568294035e-01
-1.885563001526242496e-02
2.159854690141593814e-02
-2.200343387467908890e-02
6.169767655271957141e-02
3.275806647437156521e-02
-1.301565357867655315e-01
-1.281337992136949606e-02
-6.690027660258982337e-03
5.657340594640134640e-02
4.162631118724730017e-02
1.252397688877684989e-01
5.643532430785654086e-02
-9.798157309926085190e-02
5.920874115433120109e-03
-1.925691244776034719e-02
-1.087777965539366981e-01
-9.495327362982974861e-02
4.834403142511604912e-02
-5.086083269634329024e-02
5.215767021377071266e-02
5.982993523255370621e-02
1.873567505768121422e-02
-6.375566137538855351e-03
1.772266046646949963e-02
5.083726454518604221e-02
-4.280683294690455776e-02
1.606649529150863953e-01
-8.180993959225882350e-02
-5.905520158135090653e-02
-3.528322057564129560e-02
9.435197384390761610e-03
7.813757107436436478e-02
-1.237899810011397310e-02
-1.476179363658478016e-01
-6.288558068913636945e-02
2.936477259341554319e-02
-5.316205470257336779e-02
-4.273806939999871130e-02
1.209261040450762374e-02
6.369604781657905133e-03
7.987350404327875700e-03
4.739000652988909629e-02
2.982185608968282442e-02
-4.343419633528293466e-02
-1.964114262971508248e-02
4.724232433565229289e-02
1.138286246421634645e-02
-3.439858309014493659e-02
1.329205600318230859e-02
-7.444887814588892205e-02
-5.354576499884081131e-02
-2.721864981722762686e-02
2.459312311926468639e-02
-1.997747401034730022e-04
1.030872317979740216e-01
6.369473077283790974e-02
3.453728859151448949e-02
7.348903053096428328e-02
5.352680650077755453e-02
-6.047216735158863349e-02
4.872160707027345036e-03
9.410842472893415911e-02
-2.570772337377328839e-02
-8.615562939328830216e-02
4.707505978052749229e-02
8.429613692602747066e-02
-1.290657809557807165e-02
-3.112358053257079094e-02
6.727355452606560704e-02
-4.250075891327274175e-02
7.437834698764628216e-02
-6.397664745153354426e-02
-5.283736876133649646e-02
3.746871602788014871e-02
6.119851697482744934e-02
9.323512075142074973e-02
-3.209836619624362175e-02
-6.359165477057078519e-02
8.102848208616704462e-02
-4.493302677174627197e-02
-3.530443191168282369e-02
-6.535042805068021210e-02
-8.706466684704157466e-02
3.819617474058517592e-02
1.130172563795294773e-02
3.926516369079534330e-02
7.190438429705192647e-02
9.056100207121890733e-02
-5.094151895501103366e-02
4.318239836740442317e-02
1.960222052125980968e-02
3.536713012557025654e-03
-9.029374616890490030e-04
-5.075269647338651741e-02
-8.326738712801370901e-02
-4.355796378790428858e-02
-8.299721986585087419e-02
4.292463904364496319e-02
1.475543023577232347e-02
1.803923619098461370e-02
-6.882343773702102874e-02
-6.026272273770153648e-02
-1.800672600600594295e-02
-4.722201413480207888e-02
-5.232219670427577102e-02
4.147183582002988977e-02
-1.330474121395223974e-02
9.808166842358750914e-02
-7.921047649675213437e-03
2.825284108543504175e-02
-8.948092222634650150e-02
1.154797469259575826e-01
5.930162739712739953e-03
1.970748004341356385e-02
-2.102057265333032166e-02
-3.304455814711537709e-02
4.176023374029377150e-02
6.212183395545835263e-02
6.733829762365639571e-02
9.284153262709477286e-03
2.430628485606268346e-02
1.085335195990010243e-01
-5.835619794526366449e-02
-3.041761042827383424e-02
-6.358444568904033679e-03
5.515075609264921686e-02
9.594528483927484974e-02
-4.590819368492311120e-02
7.207657043668308505e-02
-9.789170219345095722e-03
2.340421387051912303e-03
-1.231121193830023719e-01
1.196107932562270361e-02
-6.129199242140257603e-02
4.000069796117631214e-03
4.758156707613334785e-02
2.339804456036325558e-02
8.016994286217274390e-02
4.178744109126206197e-02
1.745748410690467142e-02
1.895347250161081437e-02
1.274876852815282346e-01
2.152690665370707995e-02
1.357516495305413629e-01
2.611784386295517776e-02
1.174997107753626008e-02
-1.105744868301726525e-02
3.737978091630736292e-03
9.677613148565938905e-02
-3.614661206605032477e-03
4.987987772251459284e-02
3.181568701853994957e-02
-3.793654382835146693e-02
-5.927805924597014803e-03
-7.813077790138374390e-02
6.029623803500896995e-02
-5.729923568395286354e-02
3.618120179377815743e-02
2.281837201903248041e-02
-6.542518761251282268e-03
-9.205026661103606067e-02
-8.025021321229065807e-02
2.488938864292958644e-02
8.035630455154409157e-02
3.740646838158835988e-03
-4.375035615124821947e-02
-8.965601972582651694e-03
8.226220548115720579e-03
-9.200035758505602582e-03
-9.764492978721625929e-03
4.817021631033136658e-02
9.464868993516817319e-02
-5.568395085353607110e-02
-3.291285377300135623e-02
-7.388733228552173127e-02
1.005288050127175897e-01
-5.303048896464263029e-02
7.377881481306093614e-02
-2.031481050330828306e-02
-3.377177424649966753e-04
5.616747920176361208e-02
1.272337037937630935e-02
-1.485538692391569909e-02
9.227451063748809412e-03
1.194088349962369316e-01
4.604835486621708905e-03
-7.215659817348026028e-02
-1.403483401413954884e-03
-1.830590288951967903e-02
1.557369564852438722e-02
-5.834379000686029659e-02
8.284433881474115302e-02
3.808939022041536032e-02
7.887889340539719352e-02
-6.860778915393224431e-02
-1.146670269605366485e-02
-3.226757165793431412e-04
-8.566780332337912973e-02
-1.411628277181532342e-03
-2.676506688458811511e-02
4.731999525733374991e-03
-2.010103350869374070e-02
4.201182375389735796e-02
7.658373673218550615e-02
-2.643615253976126442e-02
1.735541321696630959e-02
-2.003448814072034470e-02
-4.247122940623454523e-02
6.076860617048263774e-02
-2.410848568157091844e-03
3.357459893483265984e-02
8.564943402909482029e-03
-3.890963119877913906e-03
-7.539486214248576970e-03
