-2.154730840509964662e-01
1.538110862056175920e-01
-1.706213971712431388e-01
2.556240488629277566e-02
1.604700206044290187e-02
1.398037747225662208e-01
1.023612872370654736e-01
-1.981344023618773341e-04
-4.796722287392327609e-03
7.204199387273249600e-02
-9.005323137262900846e-02
4.340880136251597937e-02
-3.752049228284982940e-02
-6.083121534476302467e-02
-7.110043051827837080e-02
1.696025680511532852e-01
-8.164563708516203722e-03
-5.286984840584547235e-02
-1.141220901177310565e-01
-1.207070843936170479e-01
-2.783895512782819451e-03
-1.891551670440974001e-04
-9.715166793139794199e-02
1.316502964897509620e-01
5.316383522143500878e-02
6.546620054167830161e-02
3.826314525164301039e-02
-5.910225065126950561e-02
-1.262238083277869294e-01
-6.078240230009311629e-02
1.410560270093326463e-02
-7.460584269285121251e-02
2.834607868956157475e-02
3.823498814336256241e-02
2.776719514845729306e-02
8.166115675114339265e-03
-2.644769097577167813e-02
2.556573052900306536e-02
6.621724152041853773e-02
2.842851767719107095e-02
2.175709364242323378e-04
-2.247579459338519825e-01
2.952243241936209489e-02
6.045822603901129105e-02
-3.851574629128228650e-03
-1.620615253992305910e-02
-5.712197822363515413e-03
3.516978020887497752e-02
-5.594532888114928104e-02
-1.392101844503653152e-01
7.738918393184897847e-03
-4.983231720902461803e-02
7.551832514938312813e-02
9.094734889108301024e-02
2.535821042388103699e-02
1.421846023388620150e-01
3.733189138959078224e-02
8.008306538193997459e-02
-7.827676101963940147e-02
9.961260658542603688e-03
4.765213670291623682e-02
-5.949619150609605778e-02
4.075748813911667795e-02
7.979288457967442794e-03
-1.006077127875158218e-02
1.880820929962441837e-02
7.291996354824875626e-02
8.684830949272362433e-02
-8.090509035675204352e-02
-1.345464509197988601e-01
1.308663685997645265e-01
-5.134311974072318374e-03
-8.817793839988279439e-03
-1.309237544123098562e-01
-7.797963331926793806e-02
-1.209615330125398264e-01
7.683498404997217424e-02
-1.282098082512001143e-02
-1.124222802253310727e-01
-2.080041708943013504e-02
5.079224550155667095e-02
-6.979038595152424473e-02
-2.514370646906740822e-02
-1.800706197071582498e-02
-6.271833282492361716e-02
-2.862679988589562907e-02
5.958794229331435682e-02
-1.281839421412311886e-02
6.764763740169946193e-03
-6.243229060025309862e-02
-1.151149053215093018e-02
-2.027625884670293879e-02
7.889333517812696650e-02
-8.584407624897339231e-03
-2.713099969797903160e-02
6.215223453246110363e-02
4.468130311822951506e-02
4.938590510254683985e-02
-5.164120818232208199e-02
-5.796447437690833981e-02
1.194921901599628605e-01
9.186385907045296548e-03
-9.084987060808588644e-02
9.724733558669726094e-03
-4.027626763893787931e-02
-3.069379768509717527e-02
8.471357943698919202e-02
3.522975263241718419e-02
-2.659760355883436511e-02
2.290536416711464254e-02
-5.333806194786847032e-02
2.856132167608860933e-02
8.385460287650725250e-03
-5.076778355184320690e-02
3.190736166166725785e-02
5.307504056107029133e-02
-2.155071903645697576e-02
-7.161900907156942830e-02
-2.476436149058045683e-02
2.612170408699202723e-02
6.050637395513913490e-03
1.040892911893315925e-02
-9.379420990584731070e-04
6.520846323163090319e-02
-4.416708485204751122e-02
-1.411007384279931894e-02
1.885983066480523274e-02
-1.236850865859237536e-02
5.458636041496823556e-03
-7.092010678020937986e-02
-4.221992104517337946e-02
-1.536640188946514773e-01
-7.895711361499317682e-02
5.631964844398512637e-02
8.776430234989418544e-02
-1.539994284377769682e-02
-4.392937530143319752e-02
-2.291892539905548629e-02
-5.676070257054077750e-02
4.044402783787911376e-02
-7.722253228047783191e-02
-2.741911121144705726e-02
-7.732625538145317112e-02
4.605619771783427824e-02
-6.309974709220807221e-02
6.556796520861314648e-02
-7.112810725594510917e-04
5.614423926681022178e-03
5.577287583082796846e-02
2.680068947367600721e-02
6.021109383405115478e-02
-1.297896363449300150e-01
-5.725707322084422346e-02
7.116535445430034745e-02
-2.737964691795162671e-03
8.905923371810934089e-03
-3.296894376637713505e-03
-1.252869378247128788e-02
-5.062108575673380378e-02
-1.612230939203810817e-02
3.818576863125029090e-03
3.517325365792794284e-02
-5.780669110609796928e-03
4.818767603402975691e-02
7.153697655138228917e-02
-6.197608632357280711e-02
3.844110408822913431e-03
1.307709226539792435e-02
2.735518496823817133e-02
-5.437536686079324187e-03
-7.737384902379597362e-02
-3.588446082731605591e-02
2.577772177599114631e-02
-8.054917268357980609e-02
-5.530987246238441846e-02
-4.418216109900082594e-02
3.338232115526604260e-02
5.769565159115998959e-02
1.028412144317458338e-01
-3.751938373527973630e-02
-2.576537994637740497e-02
4.200138936752172841e-02
-7.164912461389037063e-03
-1.180030412574668321e-02
1.243113051082711390e-01
-6.632377294190479333e-02
4.504346560937996791e-02
9.103278095715178209e-02
9.948807974171856514e-03
-1.284987696511385308e-02
1.209979672760103271e-02
1.330486183946704426e-01
3.934298143967380340e-02
-3.482561313994574775e-02
5.391391545894782394e-02
1.908390508030736663e-02
-4.504294828718059113e-02
1.406432777974001187e-02
6.544140602769381310e-02
4.900386265830598137e-02
-8.318622259491051385e-02
3.045922901926479895e-02
-3.571034495563959327e-02
-7.482518730538757767e-02
5.828879844433284413e-02
7.231155569019424856e-02
1.144010006863672990e-02
-4.149293554870422799e-04
5.031176403309126077e-02
8.270466953046069769e-03
-1.389711076910812027e-01
1.022450375485480433e-03
7.715590857151503890e-02
-4.405792986797869848e-02
1.363790648110963823e-02
4.275246729784763777e-02
-3.049595889542065785e-02
1.563794800707736868e-02
7.496131694699541270e-02
3.885607039530184631e-02
-8.872740847879385245e-03
-3.818355153611009602e-03
3.695321153964589017e-02
2.499009872743773383e-02
2.255546960240658455e-02
3.065555279392885232e-02
2.786001753166002411e-03
-1.004747240306899381e-01
-3.112790491354688188e-02
9.368889788668816054e-03
-1.453416719153249013e-03
3.716390948113552917e-02
-1.245007928395862606e-01
-3.580826665766476818e-02
5.413957879263376488e-02
1.887143346270557520e-02
4.625000878467278032e-02
-4.234777353159115132e-02
1.913659804147260779e-02
1.128594544353913876e-01
1.789240120038219917e-02
-5.161415962161173404e-02
1.656787161204547817e-02
-5.580816459514269939e-02
9.516215760734612200e-03
-4.626874323860740573e-02
-2.415905756572221327e-02
4.191359239997010516e-02
-3.043365852198124527e-02
-3.959310672307320145e-02
