-2.566349988582433128e-01
1.747308530486640643e-01
-1.047723021461997861e-01
3.878398534164657907e-02
-9.587737774555717130e-03
1.400796233839739224e-01
2.007758593126509339e-01
-3.479535583035025387e-02
6.244159137015153904e-02
1.085720076558621405e-01
3.950561704609755614e-02
1.071220487306435987e-02
1.655932334380305550e-04
-9.318533151767058320e-02
3.566749860004159167e-02
1.689759877486173012e-01
-7.400933827399858167e-02
-2.867876008435434054e-02
-6.194809040205433159e-02
1.371117494942205792e-02
2.384766895817216209e-02
2.394423625020209584e-02
-1.539097990563835228e-01
1.938469662881645295e-01
8.016003283505010457e-02
-1.254503343878827226e-01
7.899159621186449542e-02
-1.429154851607842558e-01
-1.073746836761972356e-01
-1.069147983415657949e-01
-1.755916410509937575e-02
4.260888531992288591e-02
5.106684099848153580e-02
-7.184302812884679756e-02
-1.544883399842955293e-02
-6.883515370604745276e-02
-3.320941580055776412e-03
-3.754955991847483410e-02
-9.108111020681538411e-03
-1.066084957265673455e-02
-7.378824818366845617e-02
-1.822420834278399293e-01
5.960842160505609721e-02
9.639955899230943578e-03
-1.456395594254842121e-02
3.697512603407662746e-02
-1.054957975510687797e-02
-1.223464103676140044e-02
1.004034087236862355e-02
-1.100656945149627031e-01
8.837971096386799952e-02
-5.420248243882726941e-02
2.657795555759883549e-02
-6.879884606086679281e-03
-4.762406863184046046e-02
9.191076750957002939e-02
3.484360496339451892e-03
8.248989994836838924e-02
-9.186403694723674351e-02
-1.374575694606751559e-02
7.943446665193885925e-02
1.984658026445167839e-02
5.246226942998766934e-02
-2.004658292968164793e-02
-4.311463839262003744e-02
4.052865052370699384e-02
6.955985706489109521e-02
3.076172140525585200e-02
-5.805875470747356298e-03
-8.367065770209533571e-02
7.610800299657044521e-02
-2.067188893289761790e-03
-3.725340411686337699e-02
-7.476803690898571608e-02
-8.564452352260135126e-02
-3.467846039857564594e-02
4.715503735997242374e-02
-1.705423934369913047e-02
-5.239559037058745539e-02
-2.627148037774687181e-02
3.958040665361323152e-02
-1.011051954699823952e-01
1.176229651970577689e-02
-5.892692848553392898e-02
5.914522302523704186e-03
-2.518704832525492723e-02
-8.327393110385229377e-03
-7.215599174719113107e-02
2.594750712174795707e-02
-6.615097643548138728e-02
-3.062066689398839844e-02
-9.091648333655706279e-03
1.017525552614782502e-01
5.734419816201691972e-02
4.303090992569200829e-02
-2.891914292530804731e-02
1.159413897254443632e-01
-1.298861139476207172e-03
4.991724845730034776e-02
-1.145351587341078420e-01
9.421899499025687685e-02
-3.156908332893568897e-02
-1.854944477351067739e-02
5.111709188382663333e-02
4.358194401595286670e-03
-7.431408780531534308e-02
3.031163775430434013e-02
-2.715487437588772965e-02
-5.263687054877946164e-02
-1.230366697816949982e-02
-4.934409155281819365e-02
-2.101263549265870376e-02
2.420339414721880619e-02
-9.816603637185482290e-02
3.613963603927299040e-02
5.697397752527456893e-02
-4.669004410567677288e-02
-8.824362632038192100e-02
-2.516803167839699526e-02
1.648284260072288218e-02
-5.361935128581164778e-03
6.899912482986239604e-02
-1.298654061651982952e-02
1.219132725852782075e-02
-7.301636559387236769e-02
-6.889054702402745700e-02
-8.453123862660082144e-03
3.425433050159357173e-02
-1.519191944450860648e-03
-1.137597903342706662e-01
-5.358162860883212281e-02
-7.567883420586558885e-02
-6.385507008533589102e-02
-5.141742375489327275e-04
6.699740704199821928e-02
-4.324913543945371752e-02
-2.130772139217832969e-02
-4.656835137097428690e-03
-4.673567025294751709e-02
3.874684938516902155e-02
-1.409743721494764179e-01
-4.658450344126378873e-02
-5.636748109109231131e-02
1.371912673787226977e-01
-1.786691626486738849e-02
-5.106042158593059044e-02
-4.773178361340780530e-03
5.404938290078410701e-03
4.910308747839181587e-02
5.879974818848950936e-03
-2.194990423806858493e-03
-4.499659617214115531e-02
2.513234526668900481e-04
7.061070799688799748e-02
6.257909104543647738e-02
-2.119186134952483203e-02
-3.687003403828279652e-02
-1.039406430911442997e-02
-1.291230666783248771e-01
4.112772666918788900e-02
-6.188620864558196794e-02
8.130634664401441281e-03
5.887201834914378845e-02
9.468243516087083977e-02
-2.920918993110488068e-02
-4.284036381443494940e-02
3.053724904379671173e-02
-1.053722411159482668e-02
-2.534208058965751673e-02
-1.636018350284068959e-02
-6.866379680650185058e-02
-9.618005649863167403e-03
1.167304597746510533e-02
-1.369688657955057953e-02
1.569808667285419942e-02
4.112852046751408475e-02
5.339829570845221196e-02
2.948111762728208504e-02
5.300015407841029286e-02
-2.151938944150626545e-02
-4.271801533328909578e-02
-1.508820796754293571e-02
-6.674998355502088920e-02
4.728780875827091196e-02
8.396947100245100160e-02
7.776151942300147009e-03
1.410462281544822352e-02
4.629925373839480912e-02
4.412069148864308267e-03
-2.511491621648346065e-02
-3.626405529866109229e-02
1.013252846841621174e-01
3.985488830962253572e-03
-2.915365856124206567e-02
7.507178556415206039e-02
-7.212140975054565431e-03
-1.095866199686197917e-01
1.931352743192763302e-02
3.758959496449152532e-02
5.613866009532445661e-02
-1.642920944424878724e-02
2.662996660444983538e-02
-5.971040743348656615e-02
-8.978880653177293003e-02
-1.398879728576543288e-03
7.668109087511118527e-02
5.207962412379187750e-02
1.944778288796638471e-02
2.457930942412731370e-02
8.763098657741433262e-02
-1.363155352600781411e-01
-2.665533363791731253e-02
9.858122740942452944e-02
1.149043784946997618e-02
-1.252130577142923792e-04
4.046224756807240142e-02
1.882164857345351369e-02
-3.554870495487825154e-03
7.255572097388542085e-02
-3.284495882992299626e-03
-1.077926357514233033e-02
-4.512022163320306839e-02
-4.364803635485112188e-02
3.127969206958223364e-02
3.337114358127694219e-02
2.100887357885196371e-02
2.712219059263099377e-02
-3.980235956821096682e-02
4.427572375304567043e-02
2.742297113231678685e-02
-5.172234585106354893e-02
6.399664229116390490e-02
-3.599078159662642135e-02
3.276675243830762252e-02
8.404105090369119735e-02
-4.726209659509639227e-02
-1.864777222704651349e-02
-1.945023330888637561e-02
1.333439684824594580e-02
7.182311414475055222e-02
7.700820481144417251e-02
3.431755826392339503e-02
-2.247570934674478216e-02
-6.744352170131875934e-03
-2.874757894793821423e-03
-6.406532310286497389e-02
-5.402073713509974312e-02
4.427593083086989872e-02
-1.001290306065890463e-03
3.415576145726280464e-03
