-2.335817771031338252e-01
8.114979664788675440e-02
-1.834226430043911504e-01
1.683722132193486362e-02
-7.473273902773849842e-02
1.933151703283312317e-01
5.846539454205231662e-02
-7.318344094257765720e-03
-1.265809206455606739e-01
9.341967606704709715e-02
-6.244687673242601406e-02
-9.266186612612697937e-02
8.017809821728338893e-02
-1.091817467705113870e-01
3.970203517895738027e-02
2.662134042330173145e-01
-2.498966337101546711e-02
-1.005568361282858925e-01
-7.826079105097208388e-02
-1.117422975470050844e-01
2.671608261521542585e-02
-5.487532493005186501e-02
-1.116112446780516132e-01
4.893802221423552284e-02
1.326633451906408800e-01
-7.450897876160834932e-02
2.865598741944773084e-02
-4.102706933592444039e-02
-1.511853496928499130e-01
-9.583178084465703017e-03
-6.063429769787642004e-02
-6.184842546843473399e-02
2.402437823735551273e-02
-1.511798765650919363e-02
-3.655411370387199547e-03
-3.552630731938154814e-03
9.114664917393762444e-02
5.787164412398813212e-02
-1.590205517967928014e-02
-1.199958077835184362e-03
-4.021137183515913205e-02
-1.813574942336724227e-01
-3.102084869549026624e-02
7.860492655030702769e-02
1.729407639110758232e-02
6.247518254040135971e-02
2.988831417923812003e-02
8.291738187141976801e-02
7.566740150793047071e-02
-5.378593746391635566e-02
5.839155768352586456e-02
-7.544256676273125573e-02
9.928639893901505808e-02
2.682628387473511358e-02
-3.050177457272522721e-02
1.728676657569093722e-01
5.235271669568407338e-02
2.979899810662313756e-02
-7.555589072704536890e-02
-1.098208267743012133e-02
3.993405550293088052e-02
2.580277540652087948e-02
1.155400773940417399e-03
-2.559929593281908000e-02
-5.163019667668814622e-02
1.016960861387196293e-03
4.563846488053011768e-02
6.498409116663873830e-02
6.630338357608055178e-02
-8.944685686416763148e-02
1.218795710563927576e-01
-1.068388115829717148e-02
-4.557849551748863193e-02
-8.408873194404144213e-02
-1.195505705192798605e-02
-3.936226475084046716e-02
6.940339000018037885e-02
-1.389180557389494905e-02
-7.820297064606870907e-02
5.447531651912619621e-02
-2.265404807213370307e-03
-9.230225141270349820e-02
3.130444401477828348e-02
-7.943099948958287637e-02
-3.690258069695404736e-02
-7.628969277626636292e-02
4.901585479180000510e-02
-8.906424158317224372e-04
4.926919680980001992e-02
-1.267772816954299830e-01
-8.743036184879442174e-02
2.101462805505608863e-02
4.663165289251453016e-02
2.748121244479346387e-02
6.776034361624470870e-02
2.022172965703722403e-02
7.638958575221731218e-02
8.195884580941231734e-02
-1.827071070993440544e-02
-1.037058320824403301e-01
1.032873224850444221e-01
9.742939691045431755e-03
-1.099201825107176539e-01
8.104479989635779424e-02
2.172932452333047569e-03
-3.354523653581617526e-02
2.725127392401624840e-02
-5.023357535174546862e-02
1.500046650833158739e-02
3.590694152959336694e-02
-4.184743410514595724e-02
-1.188437647566688120e-02
8.558259362473338155e-03
-5.785213561339064975e-02
6.552777757557926019e-02
4.536087992853461009e-02
-4.557758892577411236e-02
-8.067336591317474104e-02
-4.527186605315779849e-02
4.759314377196189466e-02
-1.498626323813755101e-02
-2.620050054942480648e-04
-3.158531955892276977e-02
8.553625671488047921e-03
-5.135358547134896701e-02
-1.063798075556608887e-02
-6.922197092486506026e-03
7.329941752709349945e-02
-1.404229979850410426e-02
-9.483630956465087525e-02
-4.752276539293896068e-02
-1.559587901120570719e-01
1.653781101384922680e-02
1.225994048777160478e-02
1.830022530686244153e-02
-4.065073304198883741e-02
-1.067914001940497709e-01
-2.441605943549602156e-02
4.145531639988364603e-02
-2.130322641750937926e-02
-7.831122441227574005e-02
-3.129453866086046119e-03
-3.655864666244455774e-02
5.402981063512034277e-02
-3.065811127727235269e-02
4.826677499331594179e-02
-1.106008314234914469e-03
1.382485209690462180e-02
-1.345079907099075260e-02
-6.685543077527713804e-03
2.702382013608621569e-02
-3.945295749976267252e-02
-5.294539263467919893e-02
3.721918267014452664e-02
3.460403492595459651e-02
1.191570425602394082e-02
-1.172327177025083572e-02
-8.266833776969596814e-02
-2.704339580162551382e-02
-2.713059649357329930e-03
-5.548116323764288454e-02
-2.830815839831292598e-03
3.395370646941062859e-02
7.745083529773201525e-02
6.825718945326872400e-02
-6.500383471953256886e-02
1.792788473196487223e-02
5.507548023413377791e-02
3.810099421112747575e-02
-2.327039612811889271e-02
-3.079238758343299381e-02
-4.697253137717140314e-02
-1.990821681117027619e-02
-9.656175506219449520e-03
-1.380154933209454780e-02
-8.671516171845640789e-03
1.709412255185110974e-02
1.453682879003547271e-02
4.283333580594336082e-02
-5.083572013753661495e-02
1.103265034861740032e-02
-3.087495458439549340e-02
2.920507980120442063e-02
9.495161459974856000e-02
6.429914433758873726e-02
4.188117946340838040e-03
4.085092192354166513e-02
-2.125621795823833763e-03
-2.532610962951250405e-02
-1.316891284497194448e-01
-1.239958918927750939e-02
9.525864699373029487e-02
-5.131980653561562904e-03
-6.657727500627619310e-02
4.122876920366812942e-02
-4.544844997266238480e-03
-8.609609388732768209e-02
-4.783617750639318489e-02
3.572172820006545499e-03
7.534730747776557935e-02
-1.943447227413088590e-02
9.128707015727441062e-04
-3.945685248638797910e-02
-5.925023434705328079e-02
4.742203298021530067e-02
3.564040356552655719e-02
3.845906436088919467e-02
-3.494477910072784493e-02
-2.206352109127668326e-02
4.980952547164975430e-02
-1.334748455075427387e-01
-4.158871969180068413e-03
1.165307135182371417e-01
3.488138483565374898e-02
5.249434646797354262e-03
1.727846286713541346e-02
3.839953150496950521e-03
5.108745043693304656e-03
2.097044010334130418e-02
1.220154926586278915e-02
-5.796911952203373519e-02
-3.576336426399124181e-04
-6.541123017405797713e-02
-4.823571583272614691e-03
2.856499247328735461e-02
4.155379912205647841e-02
3.088979582653677766e-02
-7.978833093498462203e-02
-2.206976650086554803e-02
2.320401346813399587e-02
-4.283017952367802056e-02
-3.155060045400401303e-02
-4.526746740446886685e-02
-4.002367377278403388e-02
6.043887681719251059e-02
-1.371904948607386918e-02
3.471756035509417082e-02
4.312455321112746397e-03
2.282730782201840801e-03
7.953733933994816541e-02
7.278890565940997724e-03
1.248836802235796586e-02
4.074357474904914678e-03
-5.734944729642867112e-02
-1.762276625382490011e-02
-6.112748359057147696e-02
1.179002378241571745e-02
1.616140756497180461e-02
-3.097501544770099938e-02
-4.373801360461457635e-03
