-2.270631539234173601e-01
1.565784682424499474e-01
-1.767755875714657199e-01
-8.752739256233341147e-02
1.491993056953844210e-02
6.229896589992064276e-02
2.143271576168272186e-01
-8.649770436606004156e-03
-2.488952193447741337e-03
1.656020593045662292e-02
-9.826774317784521540e-02
2.161492529201698709e-02
1.773834182178809366e-02
-1.172214890174289870e-01
-4.311558371502290793e-02
2.108619936807603623e-01
-5.497081731689094919e-02
1.356335606481079599e-02
-7.930109683294690737e-02
-5.651424700400914380e-02
7.649227826413626530e-03
9.900645330980188674e-02
-6.410808719079598428e-02
2.022184345985650611e-01
5.318823210817256314e-02
1.902618713865768946e-02
1.593020185140249234e-01
-2.320279005299635128e-02
3.707700786695335366e-04
-1.697945765174838084e-01
-1.407691378777366394e-02
-8.001584363309425033e-03
2.650914178546178238e-02
1.418099991612339732e-02
1.029903204695268581e-01
-3.036856133551435813e-02
1.128093324319768137e-01
1.334759786994346720e-01
5.838147569916447843e-02
8.034875752807726923e-02
6.372478414257587431e-02
-9.082066002160232854e-02
6.217154125056029157e-02
1.445242507779810961e-02
3.031776789293691085e-02
-2.994008814190517870e-02
-9.675757547736420217e-02
-4.522090207806298001e-02
-8.432200290422416089e-02
-1.235434716930779164e-02
6.746993682361739075e-02
-1.808702300104442565e-02
5.232283239838343009e-02
8.826959428404758390e-02
1.094991950811427528e-02
1.176169942530121415e-01
8.105155941589634039e-02
4.347999542497616582e-02
-3.938226568558048785e-02
-1.207785001409061344e-02
-5.804418812859050460e-03
-7.653722788806695265e-02
5.835721833874398662e-02
-3.532066471178077482e-02
-2.931094042118103857e-02
1.169389642756830938e-01
-3.155423171000674293e-02
1.371357528225113365e-01
4.014938633209025332e-02
-4.371904068584717140e-02
7.075442017812798301e-02
-4.444146898346099800e-02
-2.026518695249875102e-02
-8.397449783941246526e-02
-5.790268685947098058e-03
-8.029601614595090198e-02
-1.747125358212795604e-02
-2.518524121014900988e-02
-9.007981818221476311e-02
-7.238208906234279427e-02
1.945102172820379824e-02
-5.027426155729674412e-02
-4.795330996154908293e-02
-1.216469136439596310e-01
-8.341091849897644406e-02
-6.083047675507120139e-03
7.951974385891885655e-02
-4.658071089751335964e-02
-2.724347824182749012e-02
-1.129109560707081128e-01
-3.457085499975290355e-02
4.638668876772583660e-03
-3.548741568788343903e-03
-4.964323940417648268e-02
-3.833545032270720219e-03
7.802001417413394202e-02
1.776083501054163960e-02
2.107523577623750081e-03
-1.800531980071905236e-02
-1.588486631491965451e-01
5.174495591672986783e-02
1.841203487710258574e-02
-1.114528314344019611e-01
-1.211603697996468595e-02
-4.458620456730325032e-02
-2.042859335314950106e-02
2.187297215188403754e-02
-3.072117514744491726e-02
-3.849161626880819725e-02
3.274302613849267019e-02
-4.463571163470688580e-02
4.292755241818772827e-02
-2.024952992895462031e-02
-4.941154485858441359e-02
7.634162535449447173e-02
1.713231210061621481e-03
-1.347900660698500433e-03
-5.509831547340409558e-02
-2.999712969246972130e-02
-1.219691690017881969e-01
-8.625090410056976409e-02
1.807298313486165736e-02
7.991388921217541796e-02
1.700099157215802237e-02
-8.650795861387415575e-02
8.203471758445404077e-03
-2.532111918208013873e-02
1.448862735054686976e-02
-3.202662542740756374e-02
-6.666172567869836640e-02
-3.420927331518203857e-02
-1.488270287200826880e-01
-6.570664724250621647e-02
-3.734677911769031244e-02
1.032491024009217911e-01
-1.947322088834618423e-02
-5.782671721706317963e-02
-7.463284132717661057e-02
2.091862878721977015e-02
3.264379148222703447e-02
-5.185995785726883051e-02
1.344754554559115904e-02
-7.030569576392532716e-02
6.883750064768703880e-02
-1.619623526342010497e-02
-3.436635810069290503e-02
3.437286348371475925e-02
-1.190216791892404098e-02
3.237743831409478634e-02
6.633469235593851196e-03
-4.835884892348798342e-02
-3.728051241945069816e-02
7.081495331845002149e-03
4.873799881757550495e-02
-1.869988888742571756e-02
2.693827654344606998e-02
6.270674683001963012e-02
5.633139796144561590e-02
-6.471904189120475381e-02
-4.551669486088737171e-02
-4.617800196095684512e-02
2.595225159592958949e-02
-1.639610121185437405e-02
4.844628568173093425e-02
2.787126608022502325e-02
-7.848435885830432057e-02
1.672578079211465771e-02
2.449456800254017769e-02
1.298746427628255304e-02
5.057622894095543595e-03
-6.470853036835587380e-02
-3.362584704349288372e-04
4.646883301096794983e-02
3.076322123884043386e-02
8.864668597785698573e-03
1.099317846753081196e-02
1.979124958488935257e-02
8.778521890074209022e-02
5.239656007263115978e-02
4.009936471461708618e-02
-1.240888947667749716e-02
1.050501746585666939e-02
-6.408721115940381463e-02
-1.668865967995603050e-02
2.495281159302905130e-02
-1.064854018167789643e-02
1.452776990940720346e-02
6.949612473667970969e-02
-2.911320618017766357e-02
-1.378053294772696100e-02
-4.863420671783692806e-02
4.238551067351898488e-02
5.197841463398888279e-02
2.016304876369793761e-02
6.134436526022161995e-02
-5.529483684638644703e-02
2.094233484399433964e-02
6.581650368234991111e-02
1.762929396062508022e-02
-1.497046673708112702e-02
-4.988272570796421779e-02
2.182372235951516443e-02
-7.543087173143429858e-02
-1.879372076796133675e-02
-1.448943592922755444e-02
2.929609197631758907e-02
-1.049252124988247874e-02
1.245718367606010735e-02
-1.141261028134690249e-02
2.791959703318402583e-02
-1.622091161461149400e-01
1.595366165921521459e-02
-2.723377529765929478e-02
-5.739236345123084615e-02
-3.844890861303758289e-02
-1.389641697409938967e-02
-9.144014155173467440e-02
2.663516979891913938e-02
3.482765223802253285e-02
5.727511954253181742e-02
-2.635668795057664882e-02
-1.165169229579429873e-02
-6.367189574614393055e-02
5.246021726694674071e-03
-2.995328267583086818e-02
-4.128294013525497103e-02
-1.995649366435983674e-02
-4.030632410329553633e-02
-9.018776343608593885e-03
2.960636566824147858e-02
-5.451452166595099208e-02
1.693869426016903976e-02
-7.545483506324361656e-02
-3.169885703311980246e-02
4.522233546754237873e-03
-2.089036528697225947e-02
-4.445161297054592980e-02
-7.643597178509961565e-02
2.696642978296439133e-02
6.312081262168209306e-02
7.490037060975349159e-02
2.761505689917771039e-02
-3.785724954023602512e-02
-4.610559741545932483e-02
5.854532314273196841e-02
2.745547287047200857e-02
2.332014422242456857e-04
1.189764722902749740e-02
-1.996167591863148155e-02
-4.842665927193617187e-02
