5.369561486815729867e-02
1.297890347960608814e-01
-2.227922467525289274e-01
1.677999577194017322e-01
-1.220188223422692675e-01
-1.523565697708223199e-01
7.682597776725981487e-02
4.270517905471855891e-02
1.384390557925468945e-02
1.212971820084334101e-01
-9.438041120097463710e-02
-1.888696923094829727e-01
-8.825545326698124027e-02
-2.666410853684492155e-02
-2.086703177407684129e-01
-2.136541251055119606e-01
5.372026401881971336e-02
-3.551406906765858934e-02
1.663180250135523341e-01
-3.151910967962631704e-02
2.656991962275940741e-02
7.644257667277494506e-02
-7.198487779610369952e-02
8.345398858760554039e-02
4.061406988401158880e-02
1.828173595209075727e-02
-9.873608904003489117e-02
5.277281440931447937e-02
-6.301001015244230008e-02
-3.323390396284765097e-02
-1.052101698136030140e-02
1.533434851456247491e-03
-5.834281044778891895e-02
6.132166200060566730e-02
-1.016830018034101113e-02
1.067416720631503800e-02
5.509373368069516406e-03
-1.524344841425172639e-02
-4.685820493571937750e-02
2.185060069610018085e-01
1.096438298349514812e-01
-1.376461465251589411e-01
4.240345581985643930e-02
4.158908449969088428e-02
2.069453857738495772e-02
-2.729715433054204221e-02
1.279871378057532982e-01
-8.190234659184982002e-02
-6.459121756687424831e-02
-4.446160904222247467e-02
-2.284050651806686025e-02
7.508989095774412648e-02
-1.350976888079798502e-02
1.947933884025794538e-02
7.260520910355817981e-02
4.890974662523923933e-02
2.924569172884815098e-03
-9.600247449786628029e-02
-4.291529017804033945e-03
7.316966448213830902e-03
4.654010544257673743e-03
-5.352635962729521829e-02
7.673175494787765061e-02
3.607889740450184041e-02
-7.497803738410550867e-02
-7.809691781207457606e-02
-5.190541520519292157e-02
2.293940826838631111e-02
-9.305071327707054030e-03
-7.908729152713497856e-02
-4.104192082240074729e-02
-1.496054261902871919e-02
-5.025463412204122376e-02
1.471136581291020151e-01
3.442035200841796205e-02
1.184879586547418484e-01
4.031522859936446934e-02
4.292810638017293540e-02
-9.299232835624431093e-02
-4.941585098828979450e-02
1.272672605473430633e-02
-2.410778479084374482e-02
-3.451660914559894888e-03
-1.191422630694366769e-01
-1.272640056388649465e-01
-4.784851084018649364e-03
2.932052071854819586e-02
-2.506496522048668602e-02
6.310687758496293098e-02
-3.686648354031622082e-02
1.628288309356041783e-02
-2.202091378221765830e-02
-2.705052720273138159e-02
1.597854915085647476e-02
3.521241364338975610e-02
-3.909823188151516707e-03
-1.066660632516274474e-03
-8.934537293299739391e-02
-7.551116426858375981e-03
3.943864105985157333e-03
2.832828221217220319e-02
-4.379835362921282588e-02
-1.370222212562598740e-01
6.174635974640664549e-02
8.273841730186949628e-03
9.007416728442579554e-03
1.640287393839433630e-02
-3.767692184607071820e-03
5.132946593104943667e-02
8.632627579306060292e-04
1.132906157317151719e-01
-5.974493008533112576e-02
-3.838018550912388610e-02
6.182630843590039560e-03
3.438305618210620723e-02
-9.548070588776478825e-04
1.196060197169750670e-02
-6.003719374242872525e-02
-5.154937568510223334e-02
7.468048450073097415e-03
2.444466781832885585e-02
-1.266803598623825883e-02
3.592612013781021352e-02
5.217455544997722655e-02
-1.293283635305174026e-02
4.972662693735668132e-02
-1.823806593000935200e-02
6.767544678167002059e-02
7.353838458317500659e-02
7.096365026109446861e-02
-4.531666671836448446e-02
-5.365730188294613734e-02
7.046368275673704253e-03
1.705958562915109791e-02
3.557608185522604521e-02
-2.842362390634371391e-02
-9.568868097739781364e-02
3.440634912090272807e-02
7.846909625336927208e-02
3.238260977463345690e-03
5.760194581075417375e-02
7.313528451133818886e-02
-1.329040161149155561e-02
-3.829254031729124874e-02
-1.137244679076108433e-01
-2.336963257754076304e-02
-8.634916186829734441e-02
4.638220847609141051e-02
-2.590883414873517560e-02
-5.509224184764269228e-02
7.498956518496550927e-02
8.381287615261459253e-03
-1.082718181008318625e-01
7.245799230551668024e-02
3.639296216734348721e-02
-4.055371845597983971e-02
5.165214263923943727e-02
2.230185307023513711e-02
-6.552161281216600797e-02
-5.241151956824347674e-02
1.150749158730629551e-02
-1.018430348035842190e-02
-3.126885468507442645e-02
-3.837292977564141921e-02
-6.393145439941924635e-02
-3.089576080077025694e-02
-1.742437271577673696e-02
7.457897204256969115e-02
1.314708392256446617e-02
-3.277421595090691808e-02
-6.551306867741095441e-02
-7.266413650913075388e-03
-1.916225650601471051e-03
1.889915140403358252e-03
8.927501944245476093e-03
-1.191272769283186969e-02
-3.454644580664834996e-03
7.783754229272463188e-02
1.616784242203696959e-02
1.343256991086231034e-01
2.178225439911905467e-02
7.215314978336302698e-02
2.792633492042139245e-02
9.741184986889098174e-02
3.448205964831560499e-02
4.949576577248689796e-02
3.607703261318624677e-02
1.044354337852178571e-01
3.289498661756371650e-02
5.659645033338918385e-02
8.434044256844273196e-03
3.069012517660588482e-02
-1.218230870647258463e-02
4.498371670529043020e-02
-6.586846399686535625e-02
-7.165074109764700550e-02
-6.357232949733365723e-02
5.607030794002021423e-02
2.975023644825294106e-02
6.905912193783625419e-02
3.575313531431695627e-03
-2.942064305954694356e-02
-2.471730030866780593e-03
1.855250365111411545e-02
6.316451658926292012e-02
4.419351986163421939e-03
4.026420112791065375e-02
-2.019992810989775650e-02
2.723605698598404942e-02
2.628670867986657861e-02
-3.469749390321097415e-02
-2.546542067918502322e-02
-4.299093289485991787e-02
2.292303201010578370e-02
5.264692404286396704e-02
-4.071629435340245323e-02
6.835273898749155176e-03
-3.446805676080036407e-02
-1.065070474103527697e-02
-4.383310655827606095e-02
3.853811638090585533e-03
-7.094174743946048828e-03
-3.366460294615516297e-02
2.954866945968621234e-02
-6.305008621307911509e-02
-4.084282892048925195e-02
-2.706673393452866880e-02
-2.816211235330499593e-02
2.854948036749757265e-02
6.153201046100398308e-03
-4.432317371601255523e-02
9.074006731057389016e-03
-9.062546740790686055e-04
-2.907819956341171214e-02
7.017226673205562149e-02
-2.181063313241263582e-02
-7.457076696078110412e-02
3.006979386915141148e-02
3.797345757054583493e-02
-2.114653008698681724e-02
-5.419890509158615394e-02
-5.928035971067321941e-02
4.665606155710965916e-03
-2.695881337530110083e-02
1.441229397224587892e-02
-9.498568855671782329e-03
-2.144147226251952656e-02
4.309176724708824874e-02
-7.862577262917530563e-02
-6.000118631738955710e-02
