8.257619990862263837e-02
2.179559125969347810e-01
-3.000308290310266246e-01
8.429874970261097555e-02
-3.009545037050407323e-01
-1.129769289452025316e-01
2.040753902483819632e-02
7.536923102917468531e-02
5.412692516451687863e-02
1.178829731860409069e-01
8.672779135176021236e-04
-1.948571896698159944e-01
-7.401845752692996251e-03
4.851663230100793089e-02
-1.600843373199217490e-01
-1.860274158551401824e-01
2.775039724148247247e-02
4.512906688718484188e-02
1.447589520838252555e-02
-4.109721982627793230e-02
-9.005693793636311562e-03
5.130323257118736546e-02
9.275172364855778506e-02
1.490376495031406623e-01
6.683970282514216377e-02
6.164949473897857191e-02
3.155656247593196378e-02
-1.510096720259135154e-02
-6.557158138197800856e-03
-1.232758620669300170e-01
-6.090132931121548104e-02
-3.512908398832451790e-02
-7.965339435300880511e-02
4.067953625554195096e-02
2.817338874261812384e-02
-4.173360276740986988e-03
-5.130923558771080528e-02
-3.579500808971652209e-02
4.350746255526167366e-02
1.359007113328988478e-02
8.448714963697546987e-02
-1.055780847007712631e-01
-7.629666548722190134e-02
4.864269564800010465e-02
7.551121816736588999e-02
-2.692570915045746152e-02
1.142380679323052178e-01
-8.741121898554160552e-02
-1.989567128433186727e-02
-5.982606267257268955e-03
3.621199657432874058e-02
-3.361212171285200834e-02
6.883662206907537051e-02
1.459494450448942382e-01
4.652536853053627908e-02
3.220024382136343899e-02
-1.068789699762238282e-03
-5.413561374106395929e-02
-4.084234438262231842e-02
-3.921268337062822767e-02
5.351550213419292018e-02
2.982014255429211048e-03
6.053618793247147328e-02
-1.895660993112348661e-02
-2.374919715966889583e-03
-6.806166423072346205e-02
-5.727610763271190342e-02
2.740108486946605387e-02
-4.021926286231336696e-03
-1.118140182653175607e-01
-7.348605315094872137e-02
8.424131031292882155e-02
-9.602324127453568114e-02
3.831479007284109561e-02
3.667527147581904016e-03
8.153796240348232249e-02
1.253986234940887567e-01
2.806318599717734508e-02
-5.563254489824248639e-02
3.917119936696888960e-02
1.020102076274784046e-02
-8.034867004571802362e-02
6.820374615338607900e-03
-5.484238994963914343e-02
-2.722766088158634287e-02
1.415334365213111525e-02
-1.876148029928797686e-02
-4.491561225754094749e-02
-1.154885594637847452e-03
-4.316876604404460555e-02
5.527261666542672078e-03
3.338277488683290273e-02
-7.955826233852424101e-02
-6.019114086166908045e-02
-3.954938940794542473e-02
9.733069827334026383e-03
-6.372524306831164886e-02
-7.857209310301876970e-02
-2.405601449366414138e-02
1.522519804980268857e-02
3.656971316947797007e-02
5.812616636725438657e-02
-1.186242825370377590e-01
9.695819530064909552e-04
-8.989476170575889935e-02
-3.771139212776426081e-02
1.057941617007911728e-01
-2.509027105100471167e-02
-1.459522885790369255e-02
-3.901392033405484683e-02
6.015768194325687296e-02
-6.116037527161369280e-02
2.339751517586691545e-02
-4.795386529934762138e-02
1.762820556413450396e-02
-4.892553251072540715e-02
-3.265362954300196630e-02
-3.781458082231975697e-03
-6.194793944466481239e-02
-4.245510216387936991e-02
-4.542242482623806005e-02
-5.641198920157505792e-02
-1.363604160192988940e-02
6.306696491428107065e-02
4.489245325169000447e-03
5.225768060359003986e-02
2.237545422051606323e-02
2.568829787603426479e-02
8.731757192777599152e-02
-4.727669344068012591e-02
-1.051167686783570226e-01
1.326685608573851573e-02
-3.621348153104770456e-02
-2.552081371503037502e-02
-5.042499125380853903e-02
-4.354840944691627108e-02
1.029210863978504385e-02
-6.589002561113442569e-02
3.726062877650175575e-02
-1.326935207681931295e-02
4.981726481787006333e-02
4.548002219003925012e-02
-2.078452846251003724e-02
5.592283813938636952e-05
-7.314211189897958099e-02
-1.210012243217283186e-02
-3.211506417637825794e-02
1.923732994065368088e-02
1.111979823907176951e-02
-5.121445111628811220e-02
-8.534899324079817107e-03
3.596249225072041880e-03
-4.732016791823932811e-02
1.138358658252349304e-01
1.531271571174963771e-02
-6.538368696479443520e-02
3.797192304488142180e-03
2.637908710376282023e-02
-6.423594180033709300e-02
1.935562096098919667e-03
-2.861912851689522169e-02
7.572742154668104207e-03
-2.806849392757701511e-02
2.953522043319550816e-02
-5.341891675781320487e-02
-5.508557530848595674e-02
2.298087423431657839e-02
3.844843617754708370e-02
2.843240310819252631e-02
-7.945504204914492774e-02
-3.251641322320572569e-02
-6.544106316482896368e-02
-5.570799333749494164e-04
-6.921541241170423714e-03
-8.738995566911911261e-02
1.381638485622345772e-02
3.497926133382906443e-03
3.428515464960071174e-02
4.062538272753579011e-02
6.674100059556734021e-02
4.114859300978902790e-02
4.850162475969933829e-02
5.604536286611210005e-02
3.904295597713399596e-02
4.122966532767923659e-02
7.501467391640621873e-02
-2.551812815500673071e-02
3.264996454344028937e-02
-2.620875940861624662e-02
9.520572520851498799e-02
-1.518301896001959111e-02
5.079610405425216690e-02
1.203775424997670374e-02
2.582191238591644705e-02
-4.303786868900986995e-02
-6.524015168023667875e-04
-8.880224429331719238e-02
5.885606998685670443e-02
-1.016089533651223548e-04
3.490984750592384528e-02
-5.249385191155156449e-03
-2.897131601787812649e-02
1.015283865644130666e-02
4.350512453829991771e-02
3.018803268270737680e-02
-1.998366286863593327e-02
-5.365139147138924675e-02
1.188685737147178283e-02
5.822698545002431836e-02
-2.354699028730049184e-03
-9.321547247240519196e-02
5.061816200656797660e-02
-3.499230999606158660e-02
-1.656788327715269168e-02
1.331541732993074025e-02
-6.130754396090932340e-02
-1.843058770955137080e-02
7.916304268751542597e-03
1.718072807454798859e-02
-1.362558371524958409e-03
4.189953878204718402e-02
-3.988656936761972825e-03
-5.802597918096059904e-02
-1.008212944075997930e-02
-6.953606827852719385e-02
-9.147775716298923304e-03
-2.215451161762977544e-02
1.137208290717516002e-02
1.291078242142728108e-02
-3.401321800108901561e-02
-1.924627127579122202e-02
-8.181132081906535014e-02
-8.107851047567274372e-02
-7.465322913204770761e-02
8.651768577343992017e-02
-9.082380749982028878e-02
1.701093749140614522e-02
-6.087690651241223043e-03
-5.879389137360341994e-02
6.115209742777611042e-03
-4.364376262516750371e-02
-2.122890965936341176e-02
-1.731503767055393717e-02
-5.807375055455764323e-02
7.447288587775413582e-02
-6.667683150841417772e-02
-1.817994597228596992e-02
-7.484118673887889608e-03
-5.311190985487511396e-02
1.488943985719971830e-02
