8.533520694918356186e-02
1.619482741068173082e-01
-2.631321270399794021e-01
1.273263121788911489e-01
-1.702606108214381464e-01
-1.539606069320352821e-01
9.867685306792825517e-02
-7.512381783664811262e-03
1.484679269147994940e-03
1.023563650185701085e-01
-1.030484340829297824e-01
-1.797068426834386723e-01
6.418670449229131603e-02
4.360936058542506932e-02
-8.092239753796079405e-02
-2.462547297441148864e-01
2.224302987201321954e-02
2.563472648656436176e-02
1.165059636589867165e-01
-2.604361555312581164e-02
-1.830726858618796082e-02
7.969608941377799571e-02
-7.464092657354387539e-02
7.983622678905727410e-02
2.045914278040775972e-03
4.303304440546799198e-02
-4.787155414536931747e-02
-4.288902248612669332e-02
-1.092256099357656884e-01
-1.106034479215945304e-01
5.684494885830849997e-02
4.037807279037600172e-02
3.699130530316405824e-04
4.681626388959744985e-03
-6.624561077484203420e-02
5.011665739707750478e-02
4.141508283879721114e-02
-3.181650503446534217e-02
-6.128547236960395911e-02
2.079439199025070462e-01
1.588143937023653585e-01
-1.160364561191213617e-01
-6.920338096740678846e-02
2.237925006000307873e-02
-1.197745300197401719e-03
-1.859195017244713241e-02
1.230821703237056641e-01
-7.427568150203214814e-02
-1.193550645474972596e-02
4.033331892559428519e-03
3.877134049393491863e-03
1.391352281977375257e-03
-1.460660382418319490e-02
7.040625125430786946e-02
6.218880840177344604e-02
6.692383911077905492e-03
7.826030969929302639e-02
-7.514999770503245913e-02
3.477192491465645047e-02
-7.024933526013886487e-02
-1.162866011707787590e-02
-1.179676620960367350e-01
6.749773969190764333e-02
-6.240226246581985492e-02
-1.063769007659840643e-01
-6.309795492842225351e-02
-9.325487828126663437e-02
3.919243812754841932e-03
2.087371176853887803e-02
-1.469110408266163514e-01
-6.435060613712645372e-02
3.173554983048382933e-02
-9.453266477507801802e-02
7.113661082442170047e-02
3.128664016711539542e-02
1.256770457571323441e-01
1.881754751709076648e-02
-1.505541555786939385e-02
-2.686808554786814657e-02
4.287110135427756041e-02
4.400852197021776907e-02
-5.216661943531736290e-02
2.680381103309411803e-02
-1.265248556594741891e-01
-6.223917690167000277e-02
5.093649205352736124e-03
-4.614639221987786727e-02
3.622944501859774735e-02
4.694970940325729480e-02
-6.478348797583564911e-02
-3.762229888903606718e-03
1.752621408390344845e-02
-2.009539929735696881e-02
-9.427233503646811896e-03
6.922665558855148338e-02
-3.379706757122749594e-02
-2.565219061322972574e-02
-3.492534808349238157e-02
2.804660398711993768e-02
2.858675147110463152e-02
5.725644938306290177e-02
3.180364360286505251e-03
-1.707177465781143655e-01
6.753684627834710685e-02
8.587943483659474242e-03
-1.928238707543621089e-02
-1.652080267961695756e-02
-3.079212791505253621e-02
-3.799077564006158453e-02
-6.950921536502886744e-02
2.565832753998316743e-02
-9.448255742100074989e-03
5.828693078600172967e-02
-1.768694933567964075e-02
8.798400899429470456e-02
3.403157651695458419e-02
3.201034051883720061e-02
-8.328005463778520578e-02
4.473264668389592691e-02
3.570934047624396007e-02
1.174917891268260732e-02
2.023207649053058999e-02
-3.714933116706506389e-02
2.275226421963884652e-02
-5.429417442511529079e-02
8.597563442777761411e-02
-4.291337433377596933e-02
1.486187386254424550e-02
9.012866903525647289e-02
6.145502129278136716e-02
-2.215140033266802325e-02
-4.095889373571592190e-02
-1.904366715337299162e-02
1.120015247084187732e-02
2.658614599271157466e-02
-6.672690251980306630e-02
-2.548515521856304158e-02
-1.387849663676078531e-02
3.195060341267342424e-02
4.926310228671116481e-02
7.475661417149165322e-02
4.241670762870392714e-02
2.801715979599440909e-02
1.394877750537860256e-03
-1.215638032438685900e-01
-2.324194527404474866e-02
-1.391241295004174913e-02
1.528254713420138834e-02
2.807741919379677306e-03
-3.195187649854248912e-02
2.935109264095425025e-02
-4.670726815326911585e-02
-1.466238457118464733e-01
4.461163823988002070e-02
1.198006446016697040e-03
-3.531393306260362241e-02
4.054572840636351538e-02
4.196006152043887244e-02
-8.610108235072154448e-02
1.290432480110748070e-02
1.203839790755203282e-02
6.488820744937302343e-04
-5.064146256417860481e-02
-3.337880989839883683e-02
-2.053751916942372913e-02
-1.006281999161567492e-01
-3.031419842251492289e-02
4.425057150147700818e-02
1.853211513660112109e-02
-4.624441983179580079e-02
1.531554943711481865e-03
-1.902297134719384622e-02
-5.530980315958170662e-02
5.503386995826892170e-03
-1.925676214191787000e-02
-3.827477171854510446e-02
2.289152022777801027e-02
-1.778572774182804808e-02
3.960765998022777040e-03
9.131332440126170569e-02
2.628236811841644198e-03
5.942284981348099765e-02
1.718215446698203447e-02
1.622681777354539195e-02
3.451172574895620439e-03
2.514628587480011862e-02
4.328557241272644462e-02
1.281768314691081601e-01
-3.018698776529074937e-02
3.254288213083492143e-02
-2.940328916158587574e-02
3.543791204031401104e-02
1.586611011064390994e-02
2.638591243576698595e-02
-7.158529198519823777e-02
-3.918362445614720357e-03
-1.079818050416900960e-01
3.830069044111015369e-02
4.991084184824548693e-03
3.716640357500148456e-02
1.752856439627710483e-02
-4.010217223229062961e-02
-9.841280200139341724e-03
-2.054110992443903758e-02
1.242603623306833514e-02
-6.804284894645895414e-03
6.072129947024410695e-02
-1.017897438771543650e-02
2.816023506174075708e-02
3.795809976942227104e-02
-3.418333488119249669e-02
-1.301178630574745254e-02
-5.072894641364249918e-02
2.057163134206916461e-02
5.183737984364094470e-02
-3.245405990904714350e-02
-1.146629270393108822e-02
-6.944285168370048500e-02
-3.590219666379345503e-02
-3.975047410015482979e-02
3.272271367064707309e-02
6.611128389404206940e-02
-6.124581084829849864e-02
4.500335696882280800e-02
-3.680762186251729934e-02
5.319027840372710092e-02
1.867806300635972347e-02
-1.319383758502361455e-02
5.462710270148925240e-02
-6.121225361051906358e-03
-4.101063325116378194e-02
-6.989078205024656237e-03
-1.878487164645145299e-02
1.515625048734475051e-03
6.152288656257070415e-02
2.370730712402878068e-02
3.206733559389837035e-02
2.501264450177580201e-02
3.781887640451052357e-02
-5.071517097167467861e-03
1.171415272966963919e-02
-5.481806558184885991e-02
-3.506176413084670374e-02
-6.889516361418364029e-03
5.503400053117857293e-02
-3.579816269803173107e-02
-3.763114520366469401e-02
-3.351362642760997990e-02
-3.913998046109749135e-02
-3.511291606820115402e-02
