-3.505019692884703275e-01
1.142030359290932690e-01
-4.306007184205914995e-02
-7.722565811885642728e-02
1.037517468190694153e-01
1.969637939106761160e-01
8.906549477099588719e-02
1.504500462248228032e-01
-1.077694940159977565e-03
-1.494778197798505865e-03
2.507417295692814657e-02
1.831021632250116535e-02
5.294184559541194324e-02
-2.171344440018693062e-02
5.483374570454709745e-02
1.123587889975842247e-01
-1.566925762004877862e-02
2.767448309963852285e-02
2.726142840461728140e-02
3.498389259510357400e-03
-7.595560838706015561e-02
-1.616832757095266158e-03
1.017788036439486316e-01
6.938796252017292998e-02
-6.052091473273692179e-02
3.078700138845510623e-02
3.196820498252955778e-02
-2.570477003328295370e-03
-1.764303917171424207e-01
-1.406472831094685572e-01
-1.891932773156376757e-02
-8.078269744313740230e-02
7.765479077098989824e-02
2.250409518052588764e-02
2.734290699088585963e-02
6.569830726973366342e-02
-9.523594613983263346e-03
1.142899222255417957e-01
-8.243589614385900266e-02
7.718116246328170227e-02
-2.905243298153566828e-02
-4.192623107875552424e-02
1.132786078351748077e-01
-7.144463446969086251e-02
5.087983852242786847e-02
1.625862544295097675e-02
-6.106023401645676446e-02
-6.629282874931743952e-02
-2.264219140357797908e-02
-2.118040386721294077e-02
3.478765441427764810e-02
1.072362357228822810e-01
-3.084583292001027988e-02
6.088729617076867745e-02
-9.631850438981888474e-02
1.012280156594444203e-01
-4.997500884124216058e-02
5.658279516087462262e-03
-6.252256595317549903e-03
-2.243002043906746311e-03
8.020487090773337213e-02
-1.192394287744849152e-01
4.972607270617927788e-02
-8.166448084268367047e-02
-7.169190111033577062e-02
3.110866941077065906e-02
-6.063930366298551748e-03
8.623530250560168531e-02
-1.338938152551892753e-02
-6.279904874613496946e-02
1.182315985463815167e-01
8.680271284757182237e-02
-2.517281830101633991e-02
-9.089888998878807580e-02
-5.606670362557878567e-02
6.632277076877025890e-02
-8.306859823491472006e-02
2.356211912123928887e-02
-1.095414445805370646e-01
8.456932854324687721e-03
5.715546803959706962e-02
-5.226003859245359484e-02
-2.978886148664734376e-02
-5.843920036694934955e-02
-1.025801609645767831e-01
6.726647063520926027e-03
-9.575534037060751125e-02
-3.557326041800577127e-02
-2.972335197742027174e-02
-6.610032878425350922e-02
7.970917623902236404e-02
2.295765326186148536e-02
-1.279054113646256423e-02
2.935555509846892938e-02
-3.085432556552781050e-02
5.581450108839377394e-02
1.888869613832961161e-02
-9.650258429607913579e-03
1.343191733982038519e-02
1.425385299381792641e-02
-2.349356097003156216e-02
2.702428761055096496e-02
-7.155253461979176055e-02
2.560841117068024531e-02
3.894640130281106644e-03
3.469104149817655441e-02
-1.164450580523633712e-02
-1.072286504112875682e-01
-3.075999913091220436e-02
-1.131626868531962656e-04
6.117923993377287484e-02
-3.771888738531625762e-02
-1.167141370005127105e-01
-3.597197923704657102e-02
-2.611753438144889458e-02
1.403424189114034840e-02
1.894839871045068264e-03
-3.954542315865199054e-02
1.008662434777405498e-01
5.144750291789638996e-02
-1.560338517725257980e-02
7.363649917370790332e-02
5.291774680642204187e-02
1.289452160401689633e-02
-3.110424162122732775e-02
5.511520068740358852e-02
-9.395776669608797704e-02
3.133274459634847325e-02
-3.463681922294926940e-02
-7.275507870773074981e-02
2.322745807714906435e-02
-6.291700215610061819e-02
-1.261194152709611761e-04
6.143899148919568926e-02
2.863095822771073024e-02
-9.853610108388687408e-03
5.151188733305917845e-03
-1.559315045060325443e-02
-7.461994026596609209e-02
2.035389525024442273e-02
-8.477427712973180374e-02
1.766147256769010424e-02
-3.604140842882019163e-02
2.092486234119197985e-02
-3.029479088200769110e-02
7.039858733675860049e-03
-3.844831127254382669e-02
7.490937978734334146e-02
-1.100022250398982465e-01
8.712528820381017225e-02
3.858234263962170840e-02
-6.533976519679500494e-02
9.516967447011040471e-02
7.976394291460332797e-02
7.875618527321376350e-02
8.484650090998770156e-02
3.553566050024441203e-02
6.655149150403287528e-02
-8.448055499223888765e-02
-4.990757578409872608e-02
6.666715843251302953e-02
-3.042591878053257579e-02
-5.059043529440754305e-02
2.928256915771787570e-03
-8.449819356369837626e-04
-4.188126360954092658e-02
3.586124820510651345e-02
-2.307967152780133341e-03
-6.227722286044694647e-03
-6.593479478337556376e-02
-7.816830547794496875e-02
3.364633721945003986e-02
-2.102296328492648386e-02
5.142296860862353818e-03
-8.918791226386175996e-02
-1.124077850294161055e-03
1.722391985675292281e-02
-2.017805393600332828e-02
9.463674281720716244e-03
-1.117185741816476181e-02
2.500173141653078482e-02
9.442010776979639641e-02
-3.625974926400583886e-02
2.859999999426435929e-02
1.887054945987335502e-02
5.872831324811438047e-02
5.589775804915106394e-02
1.375558149676611996e-01
-4.690596999400675760e-02
3.719825918040635393e-02
-9.165306594542996232e-03
6.594063801383846790e-02
-5.112470980151655187e-02
-1.893529680860527031e-02
2.686434278663754529e-03
-5.675090599009335879e-02
-6.249218841343972403e-02
8.361909587256362297e-02
-1.999437325666912971e-02
-5.758793968056650364e-02
-2.113572674485364802e-02
9.085243449194006435e-03
-1.822539874739663446e-02
2.615190419044503400e-03
8.791891503941595687e-02
5.153910735074355293e-02
-2.665242587562541982e-02
1.864759936835982609e-02
3.343376702801349049e-02
4.452360145955598994e-03
-8.978076424902757535e-02
3.285623083946476869e-02
-4.484011582518995787e-02
-1.142068104382121668e-01
6.049667077031936277e-03
6.536611417391348378e-02
-3.051059118220945596e-02
-5.138917949333799556e-02
-7.715205519103786151e-03
4.426156342264768277e-03
4.366907437105101153e-02
-7.864044575801977868e-03
1.287837106019083279e-02
4.113343899035872865e-03
4.701125702240994270e-02
-9.961147324920444773e-03
3.349150975886129242e-03
-1.079393469263482674e-01
-3.637799302082678210e-02
-6.057430226075521951e-02
5.386474936834007715e-02
-9.677554663341809971e-02
-6.229311935077462559e-02
6.254143849876999707e-03
2.691014500306112764e-02
-1.886771857803418162e-02
4.728291279890005361e-02
-1.283046382906632109e-02
1.766227102154218145e-02
7.061351659639446277e-02
-8.792635517758302932e-02
7.609893085350766251e-02
6.515053163385320367e-02
-7.602122677635797521e-02
4.935283182369105959e-02
3.538420832184852038e-02
-2.277081506047590187e-02
-4.372841400960295923e-03
3.348014993814767137e-02
-1.447052433458559080e-03
