-2.350530055967236520e-01
1.139572887331007922e-01
-2.482106032911632620e-01
-1.564984453986071611e-01
-7.876061662966815646e-02
1.535498436218856178e-01
1.743912999762192995e-01
1.109443609068789943e-01
-1.700290680539980406e-02
-3.140779064069199739e-02
-1.952999111098142546e-02
7.373389037086168496e-02
-1.369807610989235980e-01
-5.062100075519099240e-02
8.178114896316954208e-02
5.534611829532405658e-02
-5.528513529008680094e-02
-2.042614739396791945e-02
-6.569122387232168014e-02
1.136201188402890389e-01
6.039991953898587312e-02
4.548803181497117210e-02
1.198038690448469112e-01
7.133307027552128476e-02
1.155782243596570509e-02
-1.600682656202455367e-02
6.254777037284207919e-02
-4.897082267552097315e-03
-9.870477786176090618e-02
-6.923499773810873337e-02
-1.101822937619141851e-01
-4.573769476894248842e-02
6.444944824399055638e-02
-7.127480578979461003e-03
6.054888706081542477e-02
5.326108730421225124e-02
7.902350481369092849e-02
-5.361071095532245895e-02
-4.607956696577254069e-02
1.610144573569267101e-01
7.971140046011718563e-03
-7.111338450966660230e-02
-1.623250041815253730e-02
-8.702344647181468884e-02
1.037555666919109942e-01
1.723284212454436696e-03
-1.067448727877908995e-02
1.940945783376249109e-02
-4.398737230838286466e-02
-6.668829600795080081e-02
-7.292208166620334393e-03
7.072720779216418174e-02
-1.164554979530700899e-04
9.452994010201870578e-02
-1.228699916852756674e-01
1.101897880589433332e-01
-1.648124495337027762e-02
-1.675048859516776924e-03
1.915391699976830980e-02
2.167651942183249081e-02
-5.292252141489505596e-02
-3.079358891505245069e-02
6.187633279047985435e-02
-4.793745463075065744e-02
-3.653469801713823267e-02
1.200448253890343681e-01
6.641952994390516729e-02
1.011153331958891850e-02
2.143883264840777333e-02
-8.541558912830932160e-02
3.579746491527002750e-02
-1.602453367559344283e-02
-6.006495385118269109e-02
-5.996109905852863714e-02
-5.923158067419044548e-02
6.869595940326160555e-02
-9.133637767534416238e-03
2.562674869120085824e-02
-1.324270204982072874e-01
-3.656812845976829558e-03
4.870565681298934246e-02
-1.910502038532807534e-02
-3.243157039367501430e-03
-9.971841827170448147e-02
-2.867997673232943953e-02
1.706175907912876877e-02
-7.775039273748787609e-03
-1.774836893930002366e-02
-1.221656747115355268e-01
-8.580209647656301952e-02
6.331262951081777224e-02
1.483881832798041728e-02
-9.759962620721131243e-03
-9.160271911388035565e-03
-3.278240635753994128e-03
1.729779269879705775e-02
-8.370942424142148452e-02
5.417642017077334629e-03
2.244145203330846078e-02
-3.362768224157848540e-02
-2.383373812697514929e-02
-1.925516348316221038e-02
8.562491513062370566e-03
1.065086554843718836e-01
1.650501363071275179e-02
1.070832182566072363e-02
-4.811364408443612184e-02
-1.313202891634015351e-02
-6.861958369971446481e-02
5.413865479162641853e-02
2.248803423248969119e-02
-7.174176662086131917e-02
-2.610333455080501852e-02
-1.269019602237120466e-02
1.644362652122392451e-02
-1.698005654681090590e-02
-1.995734972539406349e-02
-5.165036449419572323e-02
8.280514913665341925e-02
7.600286226993911709e-02
-4.073201866796790499e-02
3.449889427121793917e-02
7.535331979066206554e-02
1.049124436906618274e-01
2.217911490053784199e-02
4.357687586228582710e-02
-4.379002248661506558e-02
7.099241039144595089e-02
-3.903294397385765474e-02
-4.685247145202953156e-02
-5.774355860965129164e-03
-1.369355381594976606e-01
-1.135573357342947905e-02
1.013956345994797004e-01
6.574908425379678845e-02
-3.042140889935448372e-02
-8.520828364725280268e-02
-6.925208032692520277e-02
-9.978623431246831654e-02
-9.075520228808309220e-03
-6.315135517769032703e-02
-6.507977740294285107e-02
-3.002689293956961950e-02
1.050822042130722805e-01
-6.883034243528442231e-02
1.913283010518626939e-02
-2.132829176722771114e-02
3.794024607760651535e-02
-3.607034549533166823e-02
7.834376472579640538e-02
7.055223065123343573e-02
-5.527628173330235983e-02
1.328367822093014586e-02
4.670137319869167858e-02
8.901630495681790711e-02
2.748331383317382387e-02
-5.204414571897773845e-02
1.150925645227676014e-02
-7.773668992968457703e-02
-5.919271319253923552e-02
2.878287636947977207e-02
2.460186683571355393e-03
-1.840952023162223091e-03
1.347384968172000985e-01
2.797973753785516077e-02
-3.257168435872012657e-02
-3.070152661919428247e-02
-2.333408158828123753e-03
2.480439653925150048e-02
-8.795802939545069310e-02
2.042724949647220858e-02
1.227951589252345398e-02
-2.826532903346625630e-02
2.484506412165971533e-03
-3.847292895467892271e-02
1.723563411755522912e-02
6.105328264027777563e-02
8.200634524154567020e-03
1.986796921229632557e-02
6.522396914725382688e-02
-3.352959511869688103e-02
2.833336549473094990e-02
2.886090522678334477e-02
5.653594815895308934e-02
2.351585502798842625e-02
1.951518620067382859e-02
3.345432151765402509e-03
8.834806347171811347e-02
-3.029466711136139315e-02
-9.621501809432450938e-03
-1.843670542672799870e-03
6.833836387737038387e-02
-8.654965260522140547e-02
-5.516192023010743628e-02
-1.098627207724208778e-02
-6.934888166355181183e-02
-4.571877534261888087e-02
-3.093013941533369858e-03
-4.732358353586239158e-02
3.148376223998756995e-02
2.624003199808683587e-02
-3.323334996554433429e-02
-9.747923987699294579e-02
-1.483760601522570235e-03
-1.358447873110041164e-02
-9.906321833290541654e-03
-1.208345185701066495e-03
5.310087833683894976e-02
5.489517468731966443e-02
4.015003507220370194e-02
-7.938176160108471879e-02
9.407179609098629495e-04
-5.930758901023615998e-02
1.638837444900896612e-02
4.701804398492367976e-02
3.895539269430594448e-02
-4.345424859030874026e-02
-4.577233752432726538e-02
4.514035521161854220e-02
9.189338028101116940e-02
2.070314249004557086e-02
-3.021854856506525459e-03
-3.235104343736172616e-02
8.471208036307231737e-02
3.386239333824163367e-02
9.397811737812183583e-03
7.693920855758197563e-02
-3.214851373382378308e-02
-1.790784317167045878e-02
-7.349333813092581540e-03
-2.373403458708725489e-02
-3.698193121337819272e-02
-8.311877077262355695e-02
-2.888430653662438577e-02
2.244046014105460091e-02
-2.205696520631261759e-02
4.912030451185252916e-02
-4.047886572273301509e-02
3.935090054634466511e-02
8.472677506312950579e-02
-3.731719079518252321e-03
-5.513355945899709593e-02
6.054719717030885434e-02
-7.825996819872038657e-02
7.091081806937851728e-02
6.169720439678295226e-02
8.124027379081526223e-02
-2.070306901654528700e-02
1.083507096100383982e-01
-7.493929661655131594e-03
