1.446619438771554467e-01
9.928071500748202050e-02
-2.111982716774487012e-01
-7.504196836214896416e-02
-9.366470362482053058e-02
7.915681175638067391e-02
-1.315649958766582639e-01
4.428243845273306667e-02
-5.121337470031480515e-02
5.648187651321397856e-02
-8.165866059983901970e-02
-1.352744909051893651e-01
1.538695354316951813e-02
-6.757603242125606938e-03
7.329481127774070681e-02
-6.920523797253973208e-02
6.964916998651368707e-02
2.910226685724904769e-02
-1.092825355576104995e-01
2.491201663711429051e-02
1.076627925360364724e-01
-2.593591369875598504e-02
-5.751035813382350537e-02
7.795375013027576461e-02
-1.574348552498056053e-02
7.618840151588311682e-02
-3.008585647644548833e-02
-1.140099127064174850e-01
-1.409902989674628182e-01
-1.318305335320756055e-01
8.529307889071274795e-02
-4.029445897425945611e-02
6.854623512826642229e-02
-6.961927866204336039e-04
1.439696387965397339e-01
2.706598914609287601e-02
8.079801051392419831e-02
-4.199199279239980431e-02
-1.423590648929013991e-01
1.373127858222913944e-01
-2.623302979634381180e-02
8.221471258793048784e-03
3.316884401466733273e-02
-5.355553418580531744e-02
4.606883936190604711e-02
9.070241835510398087e-02
-3.154308605172749524e-02
-1.163412893092156258e-01
7.756002820611758442e-02
1.797473535992106727e-02
2.284485733675074154e-02
3.481411386057429308e-02
2.442994109252789869e-02
-2.354552465292378965e-02
-1.325448444957369465e-01
1.859519123239276872e-02
1.716577709328044599e-01
5.795484029487361216e-02
-1.033384164587385634e-01
-4.810603398485578663e-02
-8.854727219902963631e-03
-8.820310018819589593e-02
3.315615395544434241e-02
-1.846330264000592761e-02
-5.550305483534408862e-02
1.546243372201604920e-03
-8.688590138202760549e-02
8.773114734981048157e-02
1.075645362682376982e-01
-1.047236867964613377e-01
3.956606424544890921e-02
7.247065428120988417e-02
5.872456940733821601e-02
-3.095589573912644471e-02
8.848987352075227131e-02
7.444084099028568102e-02
-1.019404193853210537e-02
2.628155276845944160e-02
5.012815457791926915e-02
8.812365895040115416e-02
9.115966392832054732e-02
-4.502939147624544086e-02
-5.202022040218304277e-02
2.074872362371044110e-02
-2.408048766976319741e-02
-6.701209499173990669e-02
6.030297804525819316e-02
-2.798370782203937757e-02
2.478654642728242430e-02
-8.842796363645054336e-02
7.912336281415130457e-02
-3.843998653353197792e-02
9.387038527835371571e-02
-2.875464725807148902e-02
-2.218783502195154078e-02
6.331169572820101454e-02
1.572727452447027566e-02
9.290223645376098280e-03
8.724962195230023809e-02
-4.917933425393494068e-02
-3.982426660651770117e-02
-1.635796313255820020e-02
-1.144399810140726836e-01
9.177780918307247571e-02
-2.993254882456088811e-02
7.900027657498270850e-02
-2.156110747281183085e-02
-1.811883721739824052e-02
1.798214400721309669e-02
2.043748708450166332e-02
2.163137959267089766e-02
5.357368903931796975e-03
-3.404992289534285177e-02
5.980685541199432832e-03
-5.473765354654513277e-02
-2.180309883337034141e-02
1.872920706014069570e-02
-1.501513847558328119e-01
1.545216430992808580e-02
-2.296522951701037221e-02
-7.464953011450178866e-02
8.757065110946432585e-02
2.512055905544343173e-02
8.986828535825916453e-02
6.157011346749764746e-02
-1.039831154790322038e-01
2.116393796030984625e-02
7.506302065692928294e-02
-1.241498568491290777e-04
-9.518967464341133999e-02
7.500265118444076479e-03
1.404818897161651606e-02
4.295056905786770463e-02
9.619923120460163735e-02
7.356408993327580303e-02
-1.880366029777842674e-02
-6.594921084063569416e-02
-2.248898553143107229e-02
6.467804100650453858e-02
2.631610200484109027e-02
1.375796805071632066e-02
-5.357295550988311165e-03
2.139690690881964827e-02
-1.723555774841815935e-02
-4.674416323610487180e-03
-3.653559741476265083e-02
-1.372290534373027567e-02
5.749517407452202356e-02
2.781642643442079968e-02
-7.618689778054164863e-02
-4.479598241007472920e-02
-7.642140714086465003e-02
3.611407472502349558e-02
3.736723641152896874e-02
3.295700071388134311e-02
2.073445647620252019e-02
6.778956283974223174e-02
5.240055541415512136e-02
-2.797255817462958663e-02
-1.835551048955405551e-02
-7.243236404471048787e-03
-2.521738494084423479e-02
-1.228518031612104849e-01
4.652234393500485898e-02
-3.277559888464181420e-02
9.917369306293674636e-02
9.829294427050691986e-05
1.131586517972687882e-02
1.970040003188808925e-02
-4.186487214133951390e-02
-1.381970555560085301e-01
-6.189796444840588163e-02
-2.632413415215274777e-02
1.748228037383147901e-02
-6.671043101165598233e-02
-8.210871758459400982e-03
-2.744665424631063250e-02
1.961835476459961383e-02
3.510840586983793310e-02
-6.269076306159665490e-02
5.501753170241388546e-02
2.742142083375163561e-02
4.293575176328364579e-02
1.616750221479822114e-02
3.001536429775596843e-02
2.917587653603670103e-02
4.327200165622095696e-03
5.426291329630728716e-02
3.011057641840008195e-02
-2.279332689395221264e-03
-5.231957376454717673e-02
4.982924133321605525e-02
-1.169939104474057232e-02
-5.573994816633036364e-02
7.650345240815311504e-04
-1.518960845166342777e-01
-3.536015317188000856e-02
5.375784160393819178e-02
-1.664429634745366593e-02
5.803593197389678160e-02
1.367368551865153631e-02
-4.912431954632084929e-02
6.557936529958204377e-03
2.772979660816448158e-02
7.125545274295813636e-02
7.908400895997135319e-03
-3.962672712971137406e-03
-7.480166411929061072e-03
-1.025961580236092602e-01
1.042558050464393801e-02
-1.174258125786480506e-01
4.370867172878985935e-02
3.919049717480338479e-02
2.567004595509296203e-02
6.799476769914278296e-02
5.294336719594747165e-02
-8.653454078273230266e-02
4.456675446168269217e-02
-2.887391914417883430e-03
-2.554358548052404129e-02
1.730113527989415520e-02
-6.079381926659109710e-03
-8.277971363512719172e-02
1.835459357776048420e-02
-1.189535343326195843e-02
-1.251316859976818636e-02
-3.980277419407646580e-03
-1.072107916982791148e-01
-3.631627211374114511e-02
-1.165141821970108391e-02
6.923270864987502229e-03
-2.503701005281350200e-02
-1.365446704745834627e-02
-1.002187524487739984e-01
-7.693990242189156260e-03
3.539096140814389918e-02
-8.517828153415801795e-02
2.784917852368705600e-03
-1.026926171442926333e-01
6.066244414480865405e-02
-5.602697823418893632e-04
1.430910539159427168e-02
-6.072230014669277587e-03
-7.454910993487021131e-02
4.082861510872052256e-03
-5.839517801461679286e-02
-4.473234873160109731e-02
-1.929593190150930351e-02
4.405321050434103658e-02
5.255591694845730862e-03
