1.837782086867016662e-01
8.662660612434197605e-02
-8.620119335476118805e-02
-3.437595268438276008e-02
1.096882388296473304e-01
-1.243689310272583504e-01
-6.345795563145165130e-02
4.149829359891189090e-02
-1.622559580612228380e-01
1.031474725922625346e-01
-9.809723170724017616e-02
-2.178882155229838746e-01
4.217858760478514907e-02
9.290724621204476952e-02
8.902184311233371505e-02
-1.260264314305422073e-01
1.928296000066478206e-03
-2.456537811333455237e-02
-7.571995242707531271e-02
1.418897797493632318e-01
-1.314723758839594567e-02
3.572288955169077712e-02
-8.019946770237551537e-02
-1.091835057260660269e-01
-2.264476986303080516e-02
-1.414402260085648915e-03
2.466434891051366013e-02
2.028448698961448499e-02
-1.367577038458384908e-01
-1.424671513109830590e-01
3.758562413438815142e-02
-6.277820048654306206e-02
7.939940286608659914e-02
4.007343743611149756e-02
1.407009446890916116e-01
3.468680361287308084e-02
-1.018231678854709726e-03
4.237997790931730992e-03
-1.436498792803216629e-01
1.129627172916712885e-01
-9.214112961653052325e-02
-1.597913157809806306e-02
7.276239606041039198e-02
3.945008307217249405e-02
-3.067325937576171474e-02
1.480868963875409811e-02
9.312702963750457003e-03
-3.614585948489834610e-02
1.148649683451116871e-01
1.161424999201692183e-03
-3.407257396126929516e-02
-4.160829308383472841e-02
9.826072212392335248e-02
5.129884535601709344e-02
-1.944989912752188854e-02
8.563714962100103800e-02
6.273717520509894396e-02
3.135139793777625555e-02
-7.396466672073463700e-02
5.795341902914179222e-02
-8.042018515350743413e-02
-2.745561278347908793e-02
1.636930284058892363e-02
-7.061137086161051180e-02
5.400874122331621174e-02
-2.461092982688195888e-02
-1.258549658715818198e-01
-1.260564639483069058e-02
1.478753395728085729e-01
-6.820485371742486536e-02
-3.673181689788872217e-02
1.983220301992845783e-02
8.410735926634578530e-02
-5.008137881648893480e-02
-1.180471938099828325e-02
1.328766475579091708e-02
-6.535269855545086659e-02
1.514321452562592679e-02
-5.224271422174629753e-02
1.365044032683757347e-01
3.183428921025597408e-02
-6.681114371838282884e-02
-1.697422815953594788e-02
1.864879249336792374e-02
-1.913624612201523731e-02
-3.813519047023063418e-03
-6.886574872856972285e-02
9.789702689683030257e-03
1.674237424846735170e-02
-2.234383397629054885e-02
-1.012192843643889943e-02
-7.796527829469374407e-03
6.043832248165587062e-02
7.336089097184558816e-02
-8.911520975548017920e-02
1.150654964721003481e-01
-8.141398846863009617e-03
6.456075255769641585e-02
-1.637397296894946286e-02
-5.561354102425459384e-02
-2.972608549611581788e-02
4.625431639722030891e-02
-9.512386875227803185e-02
9.278266155701130058e-02
2.468705291915873970e-02
2.459099197118888927e-02
-3.591652025833157961e-03
-5.316053814084942264e-02
9.061536275707816890e-02
-9.315882243442054345e-02
4.964274599124140347e-02
7.329529363041217827e-02
-6.518536426388633898e-02
4.981205610634308750e-02
5.048674595818369859e-02
1.641115437551221232e-02
6.205799484521935111e-02
-6.075395131069966786e-02
6.948791759838643389e-02
8.799473818959398230e-02
-9.666274789520419575e-02
2.971063814846172657e-03
6.479303755753676453e-02
2.761109213382071867e-02
-5.034721689239653013e-03
-6.481232878007221754e-02
-5.198761744106793897e-02
1.587294363639870365e-01
-1.418386238817831609e-02
-7.516614705164402499e-02
-2.956381649761925107e-02
-6.550013091538664511e-02
4.262630921830357078e-02
8.513388940405652860e-02
-2.010741727662144433e-03
1.615972184939366840e-02
-4.903246798671191675e-02
9.074889250412526698e-02
1.413098216551129244e-02
3.106497537301798270e-02
-1.619808875007871032e-02
-2.181923486514478899e-02
2.623063811450975641e-02
4.384851773432088540e-02
-6.660282006943848976e-02
4.769997259325725603e-02
-5.663554472986204874e-02
3.587208219077783755e-02
4.378762644531232484e-02
-3.733512563394171535e-02
9.704167492556545552e-03
1.336123723950155898e-02
4.141387204777906977e-02
1.002298278610480597e-01
5.266270245761598551e-02
-4.357589001025836517e-05
2.310420272151489027e-02
1.709069397603492357e-02
-6.633917336145390975e-02
-2.205425009387283058e-02
-1.145474714647236629e-03
7.600885375227109733e-03
-8.314714495135468175e-02
2.670753006824939588e-02
-5.442585553404095250e-02
5.233615271302138883e-02
1.514386115878353818e-02
-9.333071908215268692e-03
2.481408041056539990e-02
-1.431933203469825386e-04
-5.449777551079324628e-02
-4.612725298174934208e-02
-7.589813578606201261e-02
-2.482158854000656931e-02
-5.474716036524601703e-02
2.706964463651271094e-02
3.822686868235444790e-02
1.720511212086812394e-03
1.035618925981638891e-02
-7.956932369028157925e-02
6.391307760221830170e-02
-2.726650850894157818e-02
8.772943897465105764e-03
5.129618697525801380e-02
6.323364577388854157e-02
7.303074882081980919e-03
-5.720612664332695024e-02
4.026146398871965210e-02
-6.363552828134505165e-03
1.156072313619228636e-03
-3.058826303959990590e-03
1.793767564031510664e-02
-5.264560260300354955e-02
2.050240236373009062e-02
-1.747447075507828004e-02
-1.108639256823808206e-01
-1.173778925677889939e-01
5.195341773184307399e-02
2.950497288027646020e-02
2.418005659952578851e-02
3.453944310106592946e-02
1.070361088577616651e-02
-4.929388740270915226e-02
-3.162395381371016717e-04
6.396344314038350520e-02
8.293788727673823179e-04
-6.362151789626343775e-05
2.559661430347014502e-03
-2.925102566965608400e-02
-1.375740782073249860e-02
-8.026413101813681394e-02
-2.393192908732392696e-02
-2.167011407418635224e-03
3.658815656470568167e-02
5.562040252053815359e-02
9.205534295095385566e-02
-7.988495251932538344e-02
3.374774857176166681e-02
-2.148690134619598430e-02
-4.501033789823001043e-03
-3.093281074041473455e-02
-2.062475972677620811e-02
-1.153395970827996754e-02
2.670196183828105890e-02
8.354500396360827787e-04
-4.393441217209049891e-03
-1.610389585345307212e-02
-1.338557220066639852e-01
-5.739160258736896586e-02
1.434160495457159450e-02
2.430740740751125006e-02
-4.068684083423611264e-02
-1.058063922123031603e-01
-1.686032013641597660e-01
5.555861312992179529e-02
4.128964663338873659e-02
-7.768366955455324740e-02
1.520870409486640290e-02
-5.561005639001635054e-02
5.129643844370819494e-02
-1.542119493527092065e-02
1.694897354232472592e-02
7.186878496065343680e-02
-2.994392902210279636e-02
5.615894016863690746e-02
-2.229914444028662304e-03
-7.233486377103520715e-02
2.796785401650157474e-02
2.518226614569741770e-02
-1.121506178938379110e-02
