1.657509302758880809e-01
1.356859962399433739e-01
-1.581053782142143871e-01
2.082891776950642621e-02
-1.169502412418242515e-01
5.474536728201816888e-02
-3.322548519361039066e-02
8.830129342983727980e-02
-2.487421410694084373e-02
1.267672777793237560e-01
-1.329640752770482881e-01
-1.072749501575335634e-01
7.061083057124820095e-02
-4.436224424151907070e-03
2.504471691207660333e-02
1.573883066605001775e-03
7.020006241856870111e-02
2.753582699929431332e-02
-8.606706564071635313e-02
7.862048723695785890e-02
1.125472865311718390e-01
-3.384951614918498691e-02
-7.156444298358911882e-02
4.387089820361471382e-02
8.447251882310036208e-02
1.014869869432431793e-01
7.579685907671232514e-02
-1.624149700151862885e-01
-1.800683312341785081e-01
-4.444307281349793581e-02
-1.290839815105215144e-02
-1.066987287471923666e-02
-1.027464730078975728e-02
1.857198492294881431e-02
1.025361468212640237e-01
-4.874116883617775342e-02
6.568078905404504952e-02
2.453664648643891222e-02
-1.504956385459739476e-01
2.040825465252129878e-01
-2.565940083296511243e-02
-5.072814786103543166e-02
7.186437177859267278e-02
9.556895311600318828e-04
3.951317454586851519e-02
1.036611573485765186e-01
2.463530963034755300e-02
-7.397307712873001095e-02
1.174361079835333083e-01
4.819810970215576695e-02
-2.376198860408402364e-02
2.021194185543818619e-02
8.653062126131649823e-03
-8.546735130028295171e-03
-7.331667176949176190e-02
1.759613301428585713e-02
9.802059794565744222e-02
5.049407805755563167e-02
-6.917751114886876163e-02
1.432818048871382617e-03
-9.247977605845000143e-03
-2.396522393681778385e-02
5.570496036406243079e-02
-4.071629190325895542e-02
-5.074605405775206579e-02
-1.185543499684869190e-01
-1.593750708109972491e-01
2.639341164877325244e-02
6.029872350692726257e-02
-9.086764535565826362e-02
1.210605728857334570e-02
-3.689245940681583347e-02
4.668063115520815209e-02
-6.260772757353683104e-02
-1.648598463024816482e-02
-1.137197484797834030e-02
3.618340982923066995e-02
5.939890130952311248e-02
-2.472992597379822938e-02
3.054009287201723665e-03
3.554902909195387095e-02
-6.516326415654098703e-02
-5.788786899339348757e-02
3.215200870044836179e-03
-2.580336665456682901e-02
-1.074678715209585328e-01
-9.210994147146470135e-02
-6.367948507181406259e-02
1.151624507492423621e-01
-1.191005247807375989e-01
4.757998779149766669e-03
-6.070669829291897718e-02
1.031328887330424694e-02
2.295875243176938654e-02
-4.511595187371550408e-02
7.208100094647047762e-02
6.969070274676740506e-02
1.833322369592925785e-02
-1.011019679014421666e-03
-5.785975626454837456e-02
-1.242711539570254091e-02
-6.817591012932729122e-02
-1.011091661925222485e-01
6.333360897603562689e-02
2.886550535507789901e-03
5.441277758420347277e-02
-2.591972112083149385e-02
-5.143354457449039741e-02
6.692215404762220932e-02
2.134633522983019234e-03
6.035247790947059245e-03
4.938124374401044875e-02
-2.977148728415256532e-02
1.356247570471724902e-02
-9.298687954946497887e-04
9.005993263416448708e-03
-4.534199970106624761e-02
-9.244185073380417617e-02
1.872902226815366736e-02
-5.879410160922218798e-02
-6.821784644203764125e-02
6.375698309120364504e-02
1.400873393928912802e-02
1.078404994746316320e-01
1.955750617783875295e-02
-8.489048526685996632e-02
4.401439846410179491e-02
6.708771474246418010e-02
2.239560254503134007e-02
-1.717684151196922568e-02
4.554695402868481208e-02
-5.268328966813094066e-02
9.466934579295965130e-03
6.906423654843935056e-02
2.055334140203747204e-02
-3.218603047420995952e-03
-1.256050581752341244e-01
1.513467558883088704e-02
-7.753991988989605497e-03
3.196796881059482676e-02
4.198147213846923492e-02
-1.078171497941131547e-02
-6.034001519655581014e-02
3.864236038714530946e-02
-9.978994505562119310e-02
-3.674623740442781866e-02
-5.671537123238849613e-03
-1.302557630236578397e-02
2.933504164538140030e-02
-4.664052127456289748e-02
-2.994643082607405249e-02
-1.074743893765633951e-01
6.569106721096039381e-02
6.205646740141862461e-02
5.852722765335752197e-02
-1.360573707598462974e-02
5.872734730786258878e-02
7.637078849387378410e-02
-2.491872891197838627e-02
-4.411234536014176782e-02
4.859466033464228396e-02
-5.787852195870740735e-02
-3.817046047887522053e-02
2.826743838474242432e-02
-6.920261563666547933e-02
6.005283561361448447e-02
1.448862001129483899e-02
5.134308246867797659e-02
2.273381478861506710e-02
1.640207619243403163e-05
-1.116020542188943115e-01
-6.274105711428887289e-02
-1.816551425748129042e-02
6.802900769146404125e-02
-5.177483668390938515e-02
-7.259970765295785389e-02
-2.887281108333828936e-02
-6.695592513462977902e-02
5.813780368716423008e-02
-1.010183459627755215e-01
8.390414032692106519e-03
1.840792834863104119e-02
1.159515768385442971e-02
6.590805450277253952e-02
7.562639208396999824e-02
3.729166015641640491e-02
-4.966212034570751874e-03
-2.494934850836382292e-02
1.031819517120460307e-02
3.979007597189449484e-03
1.800217393103218169e-02
1.530131065547585614e-02
3.452114177563238295e-02
2.067979496325032113e-02
-1.039490531793865139e-03
-4.617957995868338106e-02
-6.043892902721847982e-02
7.125366303337526963e-02
2.645461502915069933e-04
5.354676228620032508e-02
-2.364763963185161164e-03
-3.599210002351018595e-02
-6.422487201140920920e-03
7.869880894139641772e-03
6.239829669673911672e-02
3.413426048937285434e-02
-2.464698447060679337e-02
1.097760877149125784e-02
-5.870947692353938735e-02
5.630299152200447799e-02
-5.888352515562504663e-02
2.635040096425990755e-02
8.188643426849763485e-02
5.371669209304115455e-02
3.535442454603752310e-02
5.912815961516765945e-02
-3.011141852262109141e-03
9.877416232828015175e-02
-1.207604650287627188e-02
1.955156132052883119e-02
3.112981555468276318e-02
-6.278897409670257390e-02
-1.089698791139429856e-01
-3.915522967350305861e-02
-1.403706154249483723e-02
-5.680787464462660336e-02
-1.337628707125771994e-03
-1.095347121831724002e-01
-9.716869273066700008e-02
-3.936680929390676958e-02
-5.173161112503543713e-02
-6.820205317653356414e-02
-8.144694457628465223e-02
-1.154740185721117446e-01
6.940739090231687336e-02
1.807594746150470097e-02
-5.442051306118506071e-02
-3.109454034715099929e-02
-6.562585284251842670e-03
1.103766615527883854e-01
-5.768767771410155537e-03
1.090486305671027334e-01
-8.423182372683539823e-03
-1.804214056210370204e-02
2.426318305018252547e-02
-6.189312707496951588e-02
-4.115284497921041507e-02
2.263307452588730374e-03
1.682702605291312020e-02
6.325883269854697122e-02
