-1.290806676660951058e-01
2.276771225544894570e-02
-1.335857347679806906e-01
1.747531995740529420e-01
2.971395250805781464e-03
2.875704042862594068e-01
-5.484269155810263946e-02
6.766009505615919184e-02
-1.414090080097752389e-01
3.873881974353063362e-02
1.913272922983761531e-02
-5.132457053904972144e-02
1.374015231622295607e-01
-3.589517758394251273e-02
1.184374052951993606e-01
3.982792820945526419e-02
3.496576048203996201e-02
-1.838974010254853519e-01
1.744616793141247624e-01
-2.574772683092370340e-03
7.475493513872000229e-02
2.742574230279719583e-01
-1.426308139857198898e-01
4.515757737133938021e-02
-4.543670317602650083e-02
1.265565084592565892e-01
-1.437322500904152610e-02
9.814133450093145972e-02
-9.088980979551218586e-02
1.149426032242818890e-01
-6.859529178274288708e-02
-6.087481568050813474e-03
-2.408025499806388040e-02
9.691612088500139999e-02
-7.630440908502626371e-05
4.651946407727243493e-02
-2.792584353806750949e-02
-1.292293343125173188e-01
-2.936189652603592506e-02
1.752423629531348059e-01
3.996226272299768095e-03
-1.074303940599788676e-01
2.420139325872163252e-02
5.225692756564556674e-02
3.580697984314371030e-02
-7.054813676026308600e-02
-2.755668253964827299e-02
4.460223227842326915e-02
-8.939963546659904225e-02
-6.348921053048967034e-02
5.337747318084734571e-02
7.795133485326817546e-02
-1.401251629411550716e-02
2.536690635843674366e-02
3.212175083186517843e-02
3.474676950062474678e-02
6.115163631696984153e-02
-2.498444888242738401e-02
-2.645521302671775127e-02
-3.905482823982452806e-02
2.946870265381386703e-02
3.621278967552366002e-02
7.633203769549617990e-02
-2.201352134691371421e-02
-2.211905796175592243e-02
4.661708294038384437e-02
3.907220052210308436e-02
3.299313782931033445e-02
-1.274580965012783035e-02
-1.019994511291167361e-01
5.928779087789207841e-02
-6.884134343463045418e-03
-3.765462228817320622e-02
3.206375413564293425e-02
7.296278377227639889e-02
7.107348125801353500e-02
-3.284674294287837776e-02
5.386042262819110832e-03
-5.484696781220197749e-03
-8.609636280780260525e-03
1.783111098011707848e-02
-8.111352453502168602e-03
5.911306580805202743e-02
-5.764106555906106655e-02
-9.825525658279658792e-02
-6.856068085112637656e-02
3.927074566360584662e-02
1.775995143924531325e-02
-7.224968499297698687e-02
3.870945390483284537e-02
-6.211927243988521127e-03
-2.126360669247781901e-02
3.857952927833036699e-02
5.334018959041876562e-02
-4.209036730212035136e-03
7.828722124947695704e-02
1.850425351017583042e-02
-4.432881928194697813e-02
-1.898382872576933125e-02
-8.874643765292547504e-02
-3.799217909613954169e-03
4.725130487649160244e-02
-4.963986005685195463e-02
3.859720223472527800e-02
-3.841696480608530057e-02
-1.018904066495836674e-01
2.113986258947828448e-02
-1.522035762776701405e-02
-1.315905949647592499e-01
8.978653623788350469e-02
3.472518778071716217e-02
-6.705861319049948033e-02
9.987158040764013145e-03
5.305748910457046968e-02
6.412192909601564794e-02
1.531597199676935396e-02
-1.909547904764417880e-02
-1.859502368508126864e-03
-4.382248406999748186e-02
5.751895845958393538e-03
-1.448397330856729913e-02
-3.413623400323907708e-02
-3.211416716248589182e-02
1.050423065949106505e-01
-2.940469247526443508e-02
3.621359147316728644e-02
6.734695966808829093e-02
1.204396944607431449e-02
-1.673782648479856666e-02
-1.221739159474347850e-04
1.286317278021351096e-02
-8.896071807318438329e-02
3.871142499070676091e-02
7.760275332770198708e-02
7.982563706994823607e-03
-5.107350765188949614e-03
-6.273251400431810454e-02
5.094167875598339806e-02
3.572242359997637035e-02
-4.126762269505513531e-02
-8.255214995709671266e-02
-1.069892383148090959e-01
-2.812916605719687629e-02
1.647243146475852599e-02
-3.356304891275230934e-02
-3.656541359754312409e-02
1.794379695728160959e-02
5.869262316867590590e-02
-1.949691240121934413e-02
6.847736071265962676e-02
3.940043643246226440e-02
-1.615311555318467429e-02
-7.403752669708608958e-02
-1.134189538437473978e-02
3.746603280074545933e-02
-5.971097299255058444e-02
6.950666843766387104e-02
4.921868243630251639e-03
-8.794423911047817566e-02
-3.117085223476049119e-02
-1.039323513902517399e-02
7.220020739671826129e-03
-5.982913792027989494e-03
7.644636067618312825e-02
3.102833270360606105e-02
-2.303945484016768630e-02
-5.853660671052044601e-02
-8.108429232926449293e-02
9.160070363129163215e-03
7.341867254914780094e-02
-1.314313379077941372e-02
-3.027684786211806700e-02
5.079013900133818454e-02
-8.119781351230781485e-02
-1.689594766176854418e-02
4.436105822886775296e-02
2.639263940227980915e-02
5.042578878878069271e-02
-3.056038355384513294e-02
1.242512400091278293e-02
-9.922813779863065564e-03
5.746340056452772099e-02
-3.779189672640892450e-02
6.827761287469143181e-02
-9.321966670671212249e-03
-5.205470751827619494e-03
2.527533438588768291e-02
6.806924571205424934e-02
5.073528267922013113e-02
4.022498508422563124e-02
-2.670640954681858734e-02
9.649056678564717215e-02
-7.864849790440055222e-02
-3.879554692681713712e-02
-8.887001471474925696e-02
-8.447843538767182969e-02
-1.282638697248867643e-01
-3.548362153511657596e-02
-1.924561565641305302e-02
2.186719327695206549e-02
-3.043897802730616969e-02
-2.949903733133103431e-02
-7.097101820080521650e-02
-3.311838530289167026e-02
3.451354661103517990e-02
-3.137805010916738108e-02
-1.218799234781054201e-03
3.920523211447460993e-02
-1.271510748202400384e-02
1.519389830552737158e-02
-4.542240445138185506e-02
2.378001518876128595e-02
1.724867180849345744e-04
-4.597507688548587573e-02
9.348025094089039769e-03
1.234835187653564228e-03
3.029054523853000336e-02
-5.164455461532659747e-02
-4.198860581785021640e-02
-4.406613032895417489e-03
6.574082535496580948e-02
-7.927005811938606095e-02
-2.253121535881457901e-02
3.422339608874820725e-03
-3.771111561381365607e-02
4.180265558099940243e-02
2.830522745644297594e-02
-8.635961970079299166e-03
-2.776885824109267056e-02
-1.399895255064417462e-02
-4.283497004716722845e-02
-6.667659002154707748e-02
-3.362856246188353909e-02
7.992335615776507973e-02
2.197797498471298558e-02
-4.646056535870111276e-02
1.808855484019116291e-03
-7.353433185924077020e-02
5.145068662674498472e-02
2.855458652361050204e-02
-9.350664344665974431e-03
1.345149180122371876e-02
9.586503099067868183e-02
1.208686562000827608e-02
5.034470700206906957e-02
7.397251427148210769e-04
-4.699660049169990250e-02
-3.699257129218460477e-02
-1.937670957114582398e-02
5.710469634371076637e-03
