-8.056146020707274924e-02
1.161133317087103406e-01
-1.983519384916616612e-01
1.189327477998509547e-01
-1.184156785736487499e-01
-1.837028489600705389e-02
5.366419623081497559e-02
1.434341315417984875e-01
-5.826851826016322261e-02
1.091651675190520865e-01
-1.419199925431777198e-02
3.649703836388448752e-02
8.268907403262469591e-02
1.159626578308096956e-01
4.727185949520194830e-02
1.320114701801354019e-02
-5.056117263637315007e-02
2.575634609928146093e-02
1.552406581766060667e-01
-7.125678224817584561e-02
1.157369342370944409e-01
1.892870411646515316e-01
-9.778934042398920723e-03
1.024953056524235961e-01
5.750859342497426085e-02
3.050069785503030373e-02
4.174619322839263208e-02
-2.488011278960629291e-02
-1.325760494920806554e-01
-1.194404569309245462e-01
9.435888245483169123e-02
3.393561623053069354e-02
-9.093950791961706581e-02
-5.182052781813567544e-02
-2.240127575550998618e-02
-6.088900698660298927e-02
-3.759936696780349225e-02
5.712763417414406381e-02
-6.948231771572541127e-02
5.444402393976116583e-02
-3.698190480792942075e-02
5.590220511335310810e-02
-4.688593297367173174e-02
-2.075399700665009339e-01
-8.109890538043218466e-02
9.576624202888055215e-02
-1.458958365606232745e-02
-3.556393487333765063e-02
-3.501020245863527974e-02
-9.637870312709745368e-02
3.675722873388560102e-02
1.467176326383410993e-02
3.582331426036732686e-02
2.461853699036231635e-02
-1.363400917901538834e-02
-1.321419032747073868e-02
1.030468416549116667e-01
-7.651489171632688130e-03
-4.062315076774498240e-02
-2.328756525403091748e-01
-9.920511394636667701e-02
8.114628030234665931e-03
4.898566925958069973e-02
-4.099045847188940300e-02
4.891916865592327475e-03
-1.528442710779386732e-02
-8.261554490988153032e-02
1.143379548204170315e-01
1.080242834330329312e-02
-7.933376715215320618e-02
-6.990027806462718873e-02
6.860273910129308095e-02
-2.867929768310823607e-02
6.818001422743412941e-03
-2.228919115066665176e-03
1.165141262513834791e-01
4.860778498585052038e-02
-2.258584196342506081e-02
8.527080453122143355e-03
-3.436999898460398051e-02
8.111259071807509768e-02
5.005954587758529306e-02
1.726447582350232801e-03
-1.577882935994455171e-01
-6.898065716598041075e-02
-5.071008938450235343e-02
-1.467101986277696314e-02
1.083813524771630177e-01
1.316151022528479902e-02
-7.947633120033952350e-03
1.887833193665207701e-02
7.148071492116252201e-02
-2.427728211417514229e-02
1.930315184985389315e-02
1.867923561716551203e-02
6.266448524776771500e-02
-8.124741663707567285e-02
2.138832423323423423e-03
8.495496045480580016e-02
1.583140133106763266e-03
-7.995339193328443450e-02
5.177991108764978118e-02
4.247928804361004659e-03
7.122150448891854946e-02
-7.728451455621587751e-02
-1.173484925651584743e-01
4.378442997230133638e-02
-4.284223671428302738e-02
-1.021625323064793145e-01
4.185628416676452634e-02
8.467192739777601451e-02
-3.790825010704765990e-02
2.546087797002305822e-02
1.525965833620804811e-02
6.896531607143748487e-03
5.846842556262121099e-02
1.683968970125765408e-02
-1.753412766150348008e-03
-3.365934136492951256e-02
1.380333566525897109e-02
7.147480150366249119e-02
1.576114993116733282e-02
-4.955683780816885764e-02
7.948139984391097701e-02
3.001650723012823352e-04
-2.946010532981157073e-02
-1.484487433727770499e-02
4.284656195679733409e-02
1.049563010611483799e-01
-4.076976973078846184e-02
-6.902377442729487958e-03
-1.212011685438177944e-01
4.205284616446537151e-03
1.269766513567853194e-01
-1.335236155122847095e-02
5.384757975523003955e-03
5.762976779728905957e-02
4.073540432737402656e-02
-1.236610488509568700e-02
6.231272138390906573e-02
-3.176562854472141789e-02
-4.402914408393095169e-02
-5.486921555349155016e-02
3.541697800072273611e-02
2.967613091882678050e-02
1.998826350592824985e-02
1.389970747503080882e-02
7.989263579234132107e-02
-3.926725482142489482e-02
9.404094333907318803e-02
3.741267192958840256e-03
-2.081644607454607304e-02
-6.117055324151847440e-02
6.053673625838719430e-02
-1.219096635422350916e-02
3.872071988059399422e-02
5.960478166038320896e-02
3.818543732849170869e-02
2.549689913033749769e-02
-7.027606729901451389e-03
5.651115195202713326e-02
-2.466952754469110831e-02
-6.342224746169952687e-02
-4.891964172932327520e-02
3.180252826992157472e-02
-3.702515723307246015e-02
-5.264746012133920267e-02
-5.080771145968848712e-02
-3.390165631860198037e-02
-5.791324013676169696e-02
-2.609270128668289904e-02
5.437640823451802066e-03
-3.675327519189987291e-02
-3.253403491015327553e-02
-5.597918091372486998e-02
4.032433733372941392e-02
4.235277470006665324e-02
1.095316980311822341e-02
4.121976390706180715e-02
3.738019881977398123e-02
3.105713354630411024e-02
4.564901498745216335e-02
-2.971857236099838956e-02
6.468852978967636058e-02
7.276480508355372134e-02
4.643607396122695352e-02
7.508283095260646911e-02
1.329910700277110291e-03
-1.607976486606869709e-03
6.453532158998999402e-02
4.809129020591973967e-03
2.072007426477423184e-02
-2.447448614006170198e-02
5.989433637214159473e-02
-6.028543291011469185e-02
-6.208436209553666596e-02
-7.863250341856449499e-02
6.275751175278239391e-02
1.390109290427367361e-02
2.790409933529064065e-02
-1.427211761370382991e-02
-2.576425318325292757e-02
-3.065110140527380414e-02
-4.162589742096354378e-02
3.598399026158229943e-04
5.403907310935943814e-02
7.461810391901878281e-02
-8.335168091124181555e-02
-4.328412106084205541e-02
-6.978461161832670567e-02
-7.947075569241093818e-02
-2.663754667965665540e-02
-2.085476501994623644e-02
-3.617406439551168473e-02
5.167167865192075216e-02
3.186605526935042121e-02
5.955575098156871278e-02
-5.597661280098199105e-02
-4.921345410168168066e-02
-5.188702842179310215e-02
8.361954182851438766e-02
-3.594428588693927146e-02
1.264386655281115809e-02
2.244462955352445957e-02
-4.191281643806477053e-02
6.733213153080193358e-02
4.681253901475713325e-02
-1.176577474049312344e-01
-1.749411916824616595e-02
-1.557367770093796150e-02
-8.459802657450426339e-03
-2.417786911826043383e-02
-4.875555284143685830e-02
1.771521340083282575e-02
2.431898015528960802e-02
7.200569123133619687e-02
-5.138661813746239065e-02
-4.173294717319257774e-02
8.574421584079488373e-03
-2.821609124259196952e-02
-5.647229235131268760e-02
-4.254771473182462904e-02
7.112449065096099199e-02
-2.789849003640489881e-03
8.196307531840729688e-02
7.063590720163033521e-02
2.290019923772640409e-02
-1.386865358541639059e-02
2.586701148392479138e-02
8.950629826335380901e-02
