-2.239093273516621144e-02
1.016978112975711404e-02
-4.119323179746340324e-01
5.522075847206881632e-02
-1.753448028975296002e-01
-8.305075039070228260e-02
-2.261841156801561864e-02
4.149455011876036076e-02
7.107981271093934128e-02
2.235425281259640906e-01
2.950260406210928818e-02
-8.489478705243867773e-02
-2.683764189070986239e-03
2.041859468617582551e-01
-5.505809543823343699e-02
-1.122819083167336252e-01
3.443474422151671793e-02
5.001160831421123248e-02
3.359322602583244416e-02
-5.617985323064138281e-02
-1.080635733282142158e-01
-9.598250954494642884e-02
-9.642541217550548716e-02
1.322669502192332924e-01
-4.148294275070802534e-02
1.323188156489327472e-01
4.387153444806789204e-02
-2.050471943855094320e-02
-2.244254235510140250e-01
-5.968767659898734090e-02
3.028925106336432735e-02
5.009714470412860755e-03
4.793158714496450340e-02
6.021390926024721563e-02
8.621917815434435028e-02
-7.915553511063710967e-02
-8.707252755162465940e-03
4.596025314929875344e-02
-8.341249737355659055e-02
8.842492982271447921e-02
-1.834469376553850284e-02
-1.134525897265522415e-02
1.039818727300188955e-01
-8.490802520773804707e-02
-4.479165019381455871e-03
-3.718856830976861871e-02
3.763342148978000845e-02
4.460554859033078606e-02
-3.425583726765216164e-02
-7.782212671454201425e-02
-1.433509954463801223e-02
-5.623779414224148315e-02
9.823242037386829828e-02
4.232532430434660792e-02
1.724285715852065439e-03
-1.070215322535872024e-02
2.040223565175274673e-02
-8.192426011765592542e-02
4.429055084189115199e-02
-1.741275001581784332e-01
8.888193396652720180e-02
-1.076632949996214443e-02
4.392688528580507984e-02
5.609486043647301384e-02
-8.199598278030439599e-03
-4.881061344733030050e-02
-1.058066597069963061e-01
4.603721991211411763e-02
7.380271579393886915e-03
-6.791774821518273275e-02
4.847048238955419669e-02
-1.437084895919039408e-02
-3.428758965463830910e-02
-2.783430870840500684e-02
6.192761084710389496e-02
1.726679455720930845e-01
-3.523661190374396263e-02
2.313725772233309746e-02
-7.068078145494724462e-02
3.641320891436062440e-02
9.439824769879461008e-02
-5.170241492716853848e-02
6.468127505425315393e-02
-8.923639037110067673e-02
-6.691056122093326508e-02
2.962548867760553262e-02
5.700813327102629419e-02
-6.731493250575384946e-02
-3.202898129373231428e-02
-3.704528286557432631e-02
-1.439505495813149689e-02
1.744114170202630196e-02
-1.181930644201037092e-02
5.999896510584550730e-02
3.825961181641621134e-02
-3.681479826799510802e-02
-2.910465999761520720e-02
-9.178409574181711772e-02
-4.498226044439303933e-02
-7.587889981672202300e-02
4.214369937173701418e-03
-1.442444110479843694e-02
-1.141575374843534912e-01
-1.931894525264221674e-02
-1.585764728516720484e-02
2.042276438533291785e-02
7.908410023397340061e-02
-2.583771349852066745e-02
-2.403348723134395709e-02
-2.432878762793719545e-03
2.635512072291430058e-02
-1.247769682272014888e-02
-2.344205505642370582e-02
-2.396013378144846301e-02
6.612874262897823485e-02
-4.397050085060780038e-03
1.925137949866262757e-02
3.806855389875030832e-02
-1.350809855307429259e-02
-6.439659076287582509e-03
3.860789681042742921e-02
4.835987664274141694e-03
-3.704045445627431737e-02
-5.888843096684353434e-02
4.286562650263961438e-02
7.898062518433877910e-02
1.625862909061162338e-03
3.022811252971124157e-02
-4.644827422702544478e-02
-7.377240233687656912e-02
-2.796403623509463934e-02
-4.291672450304633013e-02
4.537953300825599973e-02
2.485406100258117854e-02
3.177598543690007826e-02
2.472068818675113647e-02
-5.411629981496751673e-02
-1.989170331477303419e-02
1.274658486115572489e-02
-1.759469151301068512e-02
-5.726621334692277854e-02
2.855457307584005622e-02
-1.034047019494549599e-03
4.427398715965668446e-02
1.530477843220595918e-03
-3.528246580398378129e-02
-2.219341562095327423e-03
-5.256730774006014052e-03
-1.634960143801907073e-02
3.262700057008171423e-02
-4.589857101989665289e-02
-6.120104716422446189e-02
-6.866957311228075352e-03
5.418725504832327955e-02
5.122126873685576426e-02
-1.322088814027510932e-02
1.618003154054923134e-02
6.228420965845287566e-02
-6.098261760178499968e-02
-1.701070979747388526e-03
2.813971359068568115e-02
1.290560260585070854e-02
-7.174667679008953081e-02
-3.566720368939903241e-02
-2.160665197423038142e-02
-5.617739106166058649e-02
-8.467146512825814153e-02
-2.396585752492330721e-03
6.277050402027095632e-02
1.017742344646374933e-02
-9.745104944900068872e-03
2.493118764649919494e-02
-4.612576206676129165e-02
-4.985188709266458879e-02
-6.878500726839354394e-03
6.455519281670392406e-02
-5.357168082690298011e-03
2.585801839855713172e-02
4.262772342189747460e-02
1.057300127063862290e-02
-4.097161100821506557e-02
5.120496086438553612e-02
-8.347600214752887160e-02
-3.556766171488958544e-02
-2.531330348183099752e-02
-7.266116472102293437e-03
5.553904977122302300e-02
1.034256463739020165e-01
-1.975842642760458796e-03
2.895158982993877375e-03
1.601938300860722766e-02
-1.059052423948898553e-03
-4.320569360797466008e-02
5.138700148786201627e-02
-6.635043376591175102e-02
2.328156640558434482e-03
-1.005597456326929595e-01
5.689273109113403976e-03
3.661187717251263019e-02
3.174522431275035583e-02
7.121647907748394728e-03
7.181155654154460465e-03
6.787726631999194127e-02
-4.793555219631020353e-02
-4.419689249195919711e-02
-5.083643492277892598e-03
2.433822061299350734e-02
-2.113832824835008145e-02
-2.093320079365104322e-02
-3.124035176680442852e-02
-3.703418711705046967e-02
3.156740455038381521e-02
-3.785894977317709464e-02
-5.910244781084987575e-02
1.309168182598011154e-01
-2.492629528475812789e-02
1.384189831918548191e-02
-7.564672047945472655e-02
1.151888985013235604e-02
-1.600112458668467852e-02
6.000686323231638197e-02
1.290966358585800104e-02
-2.672428618893151267e-02
1.130695146046045534e-02
-3.381450147189905137e-02
-5.132013921073408369e-02
-5.272677315184254310e-02
-2.192734148992432630e-02
5.495577153253788233e-02
-3.797169792676537148e-02
-3.913966135783896599e-02
3.770169072061125420e-02
-7.474854042099154938e-02
-1.936777294139131050e-02
7.688157816387677923e-02
2.333068188031820964e-02
1.292498019549180241e-02
7.050583955242838152e-02
-3.941117144635799402e-02
2.626734599755984126e-02
3.357535131855625410e-02
-2.906056478950453173e-02
1.373589714812900250e-02
-3.625594986179478396e-02
-2.389218431282251476e-02
-1.733833815302281145e-02
-7.560201772315398167e-03
-8.883825444928342141e-02
1.397232932272677274e-02
1.888029545941362353e-02
