3.625996398081381827e-02
2.172640587430707815e-01
-3.041077942360709274e-01
3.827409197369628646e-02
-1.410547349434524145e-01
5.594177990236831426e-04
4.942273389316520493e-02
1.733040141557821712e-01
2.279161038527326155e-02
1.285562503428169523e-01
1.350103916963294459e-01
-1.228609989788405632e-01
-3.469180281236984575e-02
1.535568892850421377e-03
-3.677761515185835883e-02
-1.876991950387645602e-01
6.080023703028007709e-02
6.687739024949387878e-02
-1.030401060950204492e-02
-1.544891900844156951e-01
-3.286480050865379227e-02
-7.419967413468006590e-02
-1.182343264215382772e-01
5.522729999827835634e-02
-9.870894098303299724e-02
1.331165254684472388e-01
9.653402857715562280e-02
-2.698369853499509724e-02
-9.316844072912676411e-02
-1.560644419387712672e-02
-3.680868355197091518e-02
-2.003547943114407023e-02
8.159199409299285055e-02
4.003463464674112543e-02
1.003634343624003472e-01
-6.170573006098797192e-02
-4.342808764642248909e-02
9.362423499544270111e-02
-2.476484253616572512e-02
1.299809495195499709e-01
-9.630712662798524004e-02
-3.710524838027254996e-02
5.472905491499181069e-02
-1.251393794199276155e-01
5.275619595809469264e-02
-5.303599815610537255e-02
6.488801745830270751e-02
7.534258074542725565e-03
-2.107796575764356653e-02
-7.212561740604496452e-02
8.948918332800957776e-02
-3.948936712004098848e-02
4.326437988046403366e-02
5.875298807031065218e-02
1.377826010917581299e-02
-7.012414690950463658e-02
9.688504862927815875e-02
-7.208214030558714180e-02
2.105401914294219301e-02
-1.888243438352332215e-01
1.919044382768223672e-02
4.259284838533847900e-02
-6.095057201140530179e-02
-4.262771092440371945e-02
-3.469024783738923826e-03
-2.402290177391822740e-02
-9.107140147027825705e-02
1.969882734784235076e-02
1.227556338741545364e-02
-2.554223672797109948e-02
2.804524885475685042e-02
1.226937458699263244e-03
-4.418212611401912092e-03
-4.288036325925297793e-02
-1.804439616747422273e-02
2.227410849182685781e-01
8.757926975832749927e-02
-3.182253187865159011e-02
-4.152585565314460131e-02
1.908856186695277041e-02
8.430747800112893542e-02
-1.239136859412128533e-01
-1.178017945809322481e-02
-1.374841702934797849e-01
-2.875229597843949672e-02
-3.789365179494062763e-02
-8.949503003393668304e-03
8.850171201632402174e-03
-6.458075440213448259e-02
-3.894403739434161571e-02
2.418791571886039216e-02
5.747831287970670694e-02
-1.989279492692344435e-03
2.408255061417436879e-02
6.410717122204039053e-02
-1.093480176013565501e-02
-1.758284849373003417e-02
-3.722277338930693458e-02
-3.408337220195738898e-02
9.131341777626016815e-03
5.361345366490410935e-02
7.434851633982390851e-02
-1.168601017326758029e-01
2.181287803297871433e-03
1.295518075244016763e-02
-5.827859630322664193e-03
6.236662552724615664e-03
-2.561594254205193724e-02
-7.977892436510305649e-03
1.643950648998827695e-03
-1.801945436878526000e-02
-6.860866829340367401e-02
1.069045299168284828e-02
-5.671488236322719950e-02
-1.758922389115052942e-02
6.902269593174048534e-02
3.441327569384326768e-02
2.745961417756011096e-03
-2.034044112434099313e-02
-1.938422480976565582e-02
7.111320429567043189e-02
1.030740045495977079e-02
-7.153506900790948531e-02
-3.246050701369560670e-02
2.615486577083120379e-02
3.214506478912938173e-03
-6.917853552429704955e-02
-1.756334910747320288e-02
-3.776480656804741265e-02
-7.885514482862321373e-02
-2.856352201579363814e-02
-1.750653032168177211e-03
3.538190070876385900e-04
2.846335052754284112e-02
9.831861116340066820e-02
-1.034531074498700430e-02
3.416584807492885345e-02
1.910728376571929968e-02
6.850016213925681774e-02
1.917162863041687454e-02
-1.307422963695554705e-03
2.460751016762776841e-02
2.805066016768936743e-02
8.275356040350734244e-02
-7.530407956490739463e-02
-1.690615448166886067e-02
4.156827537061559552e-02
5.617008132902123752e-02
-5.327655278560548477e-03
3.565909054880711526e-02
8.062610583403813369e-02
-7.841147936715602354e-03
8.444167234195545588e-03
7.948453650177426943e-02
2.179950524814548360e-02
6.664059865944682581e-02
3.925876433041675800e-02
1.873968768030346774e-02
4.650245978008299245e-03
-4.929164950229992376e-02
-5.521280763145908384e-03
9.017051116551296278e-03
3.201942281069622160e-03
-1.988399376853320147e-02
-1.043484620437043625e-01
-2.298007335292300349e-02
2.085097050997434739e-03
-4.186770135288155059e-02
3.519875575554779618e-02
-1.535814578897357410e-02
1.343641440943885851e-02
-5.764758745609574117e-03
-3.894963530427180028e-03
2.216893620403842871e-02
-3.147919340293324486e-02
1.538517125413654818e-02
1.040778963970784982e-02
3.028889115477712002e-02
7.893643892060943010e-03
9.220472943514489150e-03
3.529762106481488214e-03
1.035703525634079220e-01
-2.413436238052824034e-02
3.301743685275031898e-02
1.603303603005723846e-03
9.476173029325737213e-03
6.390231881809502190e-02
1.174389256194574710e-01
-6.681603093675907677e-03
8.527535662805885153e-02
-3.165002295430289353e-02
4.266185817497788330e-02
7.809768541606925026e-03
4.610634545352280261e-02
-8.419424472304103124e-02
-5.831013119583337845e-02
-5.500664904853002496e-02
2.390288880491487147e-02
4.752690839680743379e-02
1.053333831964217357e-02
-2.511688887177547340e-03
-7.327825816017075056e-02
-2.106023904286462994e-02
1.042511206099182818e-02
2.053674116589300144e-02
-1.226334128406787218e-02
6.825820803227415634e-02
-3.286881234410376357e-02
2.121729151590608098e-02
6.579994808543031259e-02
-2.534064977148502498e-02
4.009030275104691343e-02
-6.221268300416592928e-03
2.358278165540682314e-02
1.087592107751993581e-01
1.036042510179851876e-02
9.608532499675125418e-03
-5.548564354155664097e-02
5.901207800157962091e-02
4.933997812469722438e-03
9.647375774690723597e-04
2.334595896586015920e-02
-5.591379035271736540e-03
6.095585892633936798e-02
-7.226945259175122926e-02
8.068267582383267106e-03
-2.116759451552583521e-02
-3.314519359715710489e-02
6.069984784553199980e-02
-5.834611331688465546e-02
3.457636146980947595e-02
-5.160794023341420955e-02
-9.607773671884589639e-02
-3.734897515873311646e-02
1.009431601346707785e-01
1.977959274833515375e-03
-1.047788791183367797e-02
2.881465047516189315e-02
-6.059737499430990423e-04
7.947760131336076284e-02
-2.269426895148717732e-02
-2.934530123704432239e-02
-4.224437849218413976e-02
-7.850312959251308509e-02
1.276933014275784956e-02
-8.897753436039020428e-03
-1.473994993568289447e-02
-6.221576185462752290e-02
-1.665984644474048995e-02
3.245173695480498000e-02
