-1.675988933492524313e-01
2.338107131595069110e-01
-3.975939694223848964e-01
1.164047921954797227e-02
-1.357720832815612066e-02
1.954805509331247193e-01
2.921846376261084607e-02
1.469750175739611975e-01
-1.480929364995863841e-02
5.448137838883506529e-02
1.053135973204242237e-01
-8.962176889461487619e-03
-6.244098344125390693e-02
-7.070560069834075367e-02
5.239781706083995738e-03
5.735820102804580628e-02
-8.629116680768512959e-02
3.304715405946458129e-02
-3.430744481094607362e-02
8.149214413585205430e-02
-1.013849417332663982e-01
1.094754396576024490e-02
1.761045358420495338e-02
4.586829288716781639e-02
4.874980549898795881e-03
5.377873521971596876e-02
-1.665350238981748790e-02
-2.385251195423030227e-02
-8.771193333523551183e-02
2.551135198647801194e-02
-3.874389652335927248e-02
-5.199575849986950299e-02
3.640527283883693982e-02
4.894015935230980330e-02
8.825206731358793688e-02
1.756181561651434233e-03
-2.972216026145938633e-02
1.154080910234516616e-01
-1.169972374067832915e-01
5.051579336700453421e-02
-6.371462257631603510e-02
-2.368839570991216129e-02
-4.519890588746090787e-02
1.811788894233651998e-02
-7.652034680872959842e-03
1.505432012104194681e-02
8.947027949962975402e-02
1.310406224529126473e-01
-8.506167244977173858e-02
-6.420418356331382415e-02
-2.121373002270564301e-02
-3.939524516687613331e-02
-4.826801740365750833e-03
-2.793790445817399132e-02
-5.049959164344474533e-02
-5.021517596184463424e-03
1.071238611536345364e-01
-4.999687905493384321e-02
-2.918143593690437215e-02
-9.692720476054894618e-02
2.615023776571811717e-02
-2.232358088356217046e-02
1.624927922610422707e-03
-7.773557446674723981e-02
-6.261605388733109887e-03
-1.132825167240393838e-01
-1.404139098784508710e-01
1.474294529619053079e-02
6.962120031821782129e-02
-8.488696277081833608e-02
-9.671773024966565102e-03
-2.512129713162674846e-02
-1.747628101116227919e-02
-8.421518158928983921e-03
-6.886493403569740601e-02
9.588239037301033926e-03
8.424765063043192920e-03
-5.760762229863722675e-03
-3.378672666325638341e-02
-8.009899269177805925e-02
3.150011903858389306e-02
-5.304385258853357155e-02
-2.386789375250872314e-02
-3.750433348299069686e-02
-1.913997500107567085e-02
8.240360587562935157e-02
-8.393584944443420459e-02
-1.044738954412720473e-02
1.094360832440968885e-02
-1.635717483372969572e-01
4.684525025842060236e-02
-3.559341562223994337e-02
-1.579622131263283200e-02
9.172887847669079775e-02
-3.563821633961376106e-02
2.418553280650977133e-02
3.118041377287380025e-02
1.286096095876860523e-01
5.884843162543347550e-02
-6.368477729607432969e-02
1.722938511043745763e-02
4.668306903776647809e-02
-1.444091761954668408e-02
-1.950211959934924563e-02
2.027445641738442016e-03
-4.992705421797274945e-02
3.790235801157683382e-02
3.207341079531474126e-02
1.983661631713517278e-03
3.924064005582182831e-03
8.734336052275604514e-03
3.740125247661740815e-02
7.501725978293010723e-03
-4.029004602493608395e-02
3.423299559539807330e-02
2.599976507808189619e-02
-2.349876339083791302e-02
-3.580361166737083128e-02
-7.061593366957061302e-02
1.341073069902764224e-02
6.900842095993639513e-02
1.051657483936883630e-01
-2.906585926924307173e-02
5.578827369330938840e-02
-1.012446361191191024e-01
5.186611191437997398e-02
-2.336360690745760069e-02
-2.443400296377481670e-02
2.870820786151138167e-03
-5.590939305587272132e-03
-1.119628961791982596e-01
-3.476935791745622284e-02
-6.037929771976564310e-03
-8.717970343659545499e-03
6.821404455033812375e-02
-1.264390377888324150e-03
-2.868823448165731468e-02
-1.890095038305195790e-02
7.586798145786384506e-02
1.337822886087430873e-03
-2.342493731850375186e-03
-4.458694645446085320e-02
-3.276946176517166534e-03
1.679277817781138216e-01
-1.544899935448010991e-02
2.135387165179665828e-02
3.178200935031740004e-02
9.956923359618781444e-02
-8.287804744043876168e-03
-3.466152134445101701e-02
3.661678076441802349e-02
-2.705418898991810567e-02
7.073590513674002378e-02
3.819343148646163477e-02
-1.907133085651973800e-02
-7.107643650459680162e-02
5.801059917592281401e-02
6.066128642253290626e-02
-2.019387416073180688e-02
-1.289760505944339553e-01
3.471629235324623450e-03
6.798620371315222677e-02
6.640450225137541074e-02
9.163288162474849882e-03
-4.495519129682778309e-03
-1.386657635845568162e-03
8.066336366144766234e-02
-1.033305916289357917e-02
-4.945405572165854219e-02
-3.599248965518622723e-02
-3.460839018621851559e-02
-2.941039187247291783e-03
-7.359091776346644853e-03
-4.992689023291647064e-03
6.738014774217801484e-02
-4.644870159534092435e-02
-4.174790597221544192e-02
9.076133384766808809e-02
1.240917556933388705e-02
6.245052737152900074e-02
7.376998944491669832e-03
4.699851069201346765e-02
-4.199650731752550131e-02
5.430748863516304120e-02
5.559536167310968197e-02
-2.122740637639882258e-02
6.854962356949544089e-02
5.867782157288691652e-02
-2.774427090372668173e-02
5.343289073603595205e-04
-4.240391179133046889e-02
-9.349575186401124297e-03
-1.342325915732690833e-02
-9.306414319590037426e-03
-4.991773986677643798e-02
-3.191575556221375870e-02
-1.774386526658651708e-01
4.927603354456842888e-02
2.652051602278283904e-02
1.716444702815329848e-02
-3.090544363051501986e-02
-5.877355604873917352e-03
-7.082744159515170362e-03
-8.386103946176240442e-02
3.881457408261299036e-02
-3.141146871716263972e-02
5.541547006637805722e-03
-8.791370054847397197e-03
-1.332129324933627700e-02
6.252848586728125546e-02
-1.691771511248475399e-02
5.108603500168870659e-02
6.018431948785688684e-02
5.760860620897486663e-03
2.363375588916195175e-02
-9.752420875641688858e-03
6.322673423689222603e-03
1.988978027237891730e-02
-1.184382068932665101e-02
3.494423158146588246e-03
9.748383563556244080e-02
3.104420778513334103e-02
-6.389435019799137583e-02
-1.432019182111840712e-02
-1.334064348597650655e-02
6.346861219489509376e-02
-2.744093134663265141e-02
-1.858675501523264842e-02
-1.341509270152450688e-02
2.448936431877262246e-02
-3.931725387411263983e-02
-4.800249280054006557e-02
-8.537645816379363373e-02
-2.242662909292420306e-02
8.708810138416128721e-02
7.862001146925073208e-03
2.914867172266100148e-02
-3.515141030156135327e-02
-5.696929406858845801e-02
1.367863964486329964e-01
-1.043400836353531799e-02
-2.156534678036648410e-03
1.415197595039343302e-02
-6.586253164039271302e-02
4.936399512875333517e-02
-2.462848924051474347e-02
-2.084653468469885654e-02
-3.799537033549495180e-02
-1.185651313268219070e-02
2.436440770589250182e-02
