-1.975269600509429180e-01
1.686688064514647034e-01
-3.704572987616679969e-01
2.404759256149093926e-03
1.689989743371969610e-02
2.160190374678848946e-01
-8.337807703570929846e-03
1.119644094371875370e-01
4.594209156817717632e-02
-1.594357124369664425e-01
9.643765733941402074e-02
2.681348271633803015e-02
-4.355137165797438870e-02
-3.945664350896711109e-02
-3.988404429063441281e-02
1.427019588472301127e-02
-1.430700051663323646e-01
4.712782553608271807e-02
-5.089756367694684563e-02
6.457105260809563319e-02
-2.330833759536291017e-02
3.689255157666998172e-03
1.065096022742039045e-01
1.099434386380458289e-01
2.688701552827461178e-02
2.774112207448317657e-02
1.996290740995515164e-02
-2.560095583822308827e-04
-8.388651681427457263e-02
4.726568218303565765e-03
-1.148646464025009778e-01
1.022120333769575701e-01
5.991131028646222434e-02
-2.106061745884586431e-02
7.748860616209109209e-02
2.763075335486569681e-02
-1.260354481644395709e-02
3.962654044543116594e-02
-7.961876415173599342e-02
-2.376301779922786184e-02
-6.564228250448367330e-02
-4.559451350343725340e-02
-4.117514285484983466e-02
-3.484899272093149036e-02
-7.240921249974588414e-02
-4.978199168791651655e-03
-5.423990103614365760e-02
1.490786714770689358e-01
2.756625576556782573e-02
-3.595403520050208940e-02
-2.269991960321466815e-02
8.148311284152129352e-02
-2.349453268343295459e-02
-4.404337428150847250e-02
6.326751323732383858e-02
9.218602907419988501e-02
7.650751998695234923e-02
-2.297094153151968063e-02
-2.359788173007727752e-02
-1.009648946459651142e-01
4.538628637247127395e-02
-9.611982600766921792e-02
5.989907798504366665e-02
-1.056003461190429121e-01
-6.997866810822014894e-02
-1.385304313057938164e-01
-4.548567382149708987e-02
1.883263580870877391e-02
3.677245261728773890e-02
-8.978915826243152876e-02
-2.801419430331004642e-02
4.005248169113375528e-02
-4.940001027543688972e-02
8.366233904026564375e-03
-2.335636327877328722e-02
-4.963735862398454407e-02
5.864617061190494779e-02
-4.638613801001349214e-03
-2.456225274333441455e-02
3.160746759586890303e-02
-1.489491202847723550e-03
-2.950615281695526462e-02
1.285374403165237267e-01
-7.966960465450688422e-02
7.581430990542542547e-02
3.352015472677129931e-02
-6.066039974492392663e-03
1.491472001656979438e-03
-3.737968908032168747e-02
-9.047169983107349045e-02
2.605886787172419575e-02
-6.161990563829867346e-02
-2.086149505223120620e-02
8.407187788179334986e-02
-1.279241572044930927e-02
4.919897657172558197e-02
-2.401659479766890190e-02
1.195334934484857115e-01
4.658633769317353790e-02
-1.027821559254601946e-01
4.483833487028979214e-02
-5.398656729369673973e-02
-1.007154877502803997e-01
-4.592833022908129892e-02
2.988594492548783330e-02
-2.718406584795036995e-02
2.680079865378753520e-02
2.032827791312208018e-02
-4.961272026686591730e-02
-1.914852109250061302e-02
6.957413339000004249e-02
-9.926373597737743470e-03
3.510743483925491543e-02
-4.987905082957005271e-02
1.261205877623812650e-02
-3.032672478683169203e-03
6.292059543885365584e-03
-3.630421957946471708e-03
-5.329405222929588931e-02
1.114815810397173645e-01
1.272308776212535686e-02
3.753439989258145620e-02
-8.220141304129877091e-02
4.432666326208834634e-02
-3.084301825892138763e-02
3.217991845174381083e-02
-9.894819820214862185e-03
-7.366278013915434318e-03
3.812415667489512522e-02
-3.515549527352158921e-02
-1.503488847766464194e-02
-3.925397651500957263e-02
-4.147830932523487862e-02
-2.090618465343652144e-02
3.810900530154713584e-02
1.689148772649443422e-02
-3.341235757052022498e-02
3.586889560256038834e-02
9.748873173914646140e-02
-2.584681814656492049e-02
2.825164690442661872e-02
-5.967590798586750594e-03
-2.294122954938084685e-02
1.183101938049169327e-01
2.808091594741129668e-02
2.606859811148895881e-02
1.230937881784132694e-02
8.315629707078525668e-02
2.698966955779288565e-02
4.458256856790167311e-03
6.420933094484049253e-02
1.852804455321532123e-02
2.022763943326936695e-02
1.393408560256298445e-02
-5.387456528383303273e-02
2.126759355898494297e-02
5.169443556282480451e-02
5.936071771920172976e-03
-6.793479649477493498e-02
-1.292068808123395529e-01
2.653019373575815631e-03
3.588741780896974320e-02
3.504693359843185328e-03
-3.381856032984286581e-02
2.123673479858811594e-02
2.098534710409414444e-03
4.987352544341791538e-02
5.761987357271634164e-02
-2.293441838154550855e-02
-3.391134511617115849e-02
2.014316010159742168e-02
4.336764388070184217e-02
-7.470752988303970554e-02
1.160939231933538589e-02
-9.064239603723250188e-03
-3.638852515685515182e-02
-7.417194968570198221e-02
1.029411410930451964e-01
4.817643262501767470e-02
6.425193549466765019e-02
4.706183365996382401e-02
2.687054362238711774e-02
-1.262536835420207358e-02
9.490076596856937205e-03
4.416243071520163654e-02
1.673934847760107092e-02
4.921451020449290129e-03
6.591260941566262632e-02
-3.548548940497234239e-02
5.436854870617637697e-02
-1.849273768321174280e-02
1.770059191379095426e-02
-4.958696988234558706e-02
-4.038532539280133282e-02
-8.515471456418649554e-02
-5.398163267210175781e-02
-1.396044760215423564e-01
1.006635004692514948e-02
3.648144894660865917e-02
-3.269951325518227064e-03
9.448062811586932985e-04
3.446920061239892863e-02
1.470235753370379393e-02
-4.796097731594073377e-02
2.032080647901698955e-02
-5.736938940048624119e-02
-5.268379244176360499e-02
4.360749429090330503e-02
3.039924982393549593e-02
8.905358688707157647e-03
-7.495179365199160226e-02
3.039240390524385309e-03
1.115881271651415416e-02
1.748694364924175543e-02
1.077755759693124482e-01
-5.184897262080305318e-03
3.284289528828734928e-02
3.434211673089983263e-02
-4.775601676546721401e-03
5.229809268765957253e-02
7.575109809781076231e-02
6.134186403702051628e-03
-6.184088633352775172e-02
4.710655801202544291e-02
2.907419967311230050e-02
2.464353499622650226e-02
-1.149627828206999103e-02
-8.674161241725077132e-03
-3.561851568289920583e-02
-5.885335521718183631e-03
-2.235466984584702152e-02
2.138619823154616975e-02
-9.584195816067256346e-02
-9.796891907153761070e-02
5.415257213425489491e-02
1.175065455020599201e-03
8.544227790009161980e-03
-2.017419261627576357e-02
-2.801753038551511085e-03
1.414829335589865567e-01
1.328841469245821069e-02
7.675279153073702454e-02
-2.659865292267454134e-02
-9.300680954921412835e-02
8.376690436688057073e-02
4.033921100648760194e-02
4.202212547551633683e-03
-3.312507224146553353e-02
2.335688454161783181e-02
5.337592524674512548e-03
