-6.234572600823948957e-02
1.941759268631932378e-01
-2.178500439339517980e-01
1.038332959588840754e-01
5.293074172705757724e-02
-2.022960297686634060e-02
-1.092937310577697385e-01
4.197568565734553087e-02
6.020299319081764272e-02
5.350203957068257882e-02
1.482807490950828755e-01
-4.376056453087418668e-02
1.381813504154140448e-01
-1.963527061606212820e-02
4.853442465628786395e-02
5.025563626372508974e-02
5.047622400010096794e-02
6.271539341858314853e-02
-1.042479172681100297e-01
-9.148714323065877674e-02
-1.511461593970170976e-03
-1.630247915768665706e-02
-3.209154297255721600e-02
4.339065318464511295e-02
-5.351817418710311247e-02
-5.848467396602168022e-02
-6.516938842578530455e-02
-8.867856999002458884e-02
-1.675742306877051335e-01
3.514311120304116492e-02
-5.623419118321685423e-02
1.285709037940532540e-01
3.066810738523562466e-02
1.731958725588616729e-02
1.408272184204812372e-01
4.716238984482004626e-02
4.489570274962742698e-03
9.551766101726771874e-02
-7.752871369182263994e-02
1.196765832362824133e-01
-1.039845362078368890e-01
-1.424930217339472616e-01
3.486753334849763963e-02
-1.797737779488003430e-03
-1.160085890233730418e-02
-5.610915661795355669e-02
-1.113737375046581490e-01
-5.137756709668268168e-02
-1.042961817254371357e-02
-1.278028890828387110e-01
-3.130164372762322955e-02
6.787759947356600265e-03
2.742790701936421993e-02
1.565741510231435096e-01
-1.267062927339799028e-01
4.098084542068538422e-02
1.419187618117137388e-02
3.000223211403967027e-02
-6.140284411517120053e-03
-1.839802780527391782e-02
5.896839882678528433e-02
-3.910003004822422412e-02
3.473580797037744555e-02
-7.126482348237103692e-02
-1.075452683271341109e-01
-4.615604977356210781e-02
-4.004925427431311330e-02
1.359244207556377371e-01
4.082998849955249421e-03
-5.940176835120400400e-02
1.408715102076745496e-01
5.638518749628426696e-02
-9.122365762643474749e-03
3.193375130268202161e-02
4.124321588943325595e-02
6.761515930885086956e-02
4.585391775549277349e-02
-3.149142584647048049e-02
-1.364037199224803730e-02
6.987160109685636514e-03
-3.732219046738876928e-04
-7.816123944268496548e-02
-3.859382823801946888e-02
1.574627049097331380e-02
3.463290187471899928e-02
-2.087077102766884962e-02
-3.514175213167960304e-03
5.091164955555383537e-02
1.528098021354980761e-02
-5.578695216131351886e-02
3.481728255610364031e-02
-2.943738114738616435e-02
5.789529001889288234e-02
1.022004239899480943e-01
-3.992153641431032962e-02
9.897127043488729292e-02
-3.479180868007034078e-02
3.489248450477649283e-02
-1.810920771695111869e-02
-7.360308833593902367e-02
-3.399061868844033274e-02
-4.609095374014186841e-02
-1.170111655123989847e-02
7.755373454406874756e-02
2.953809182007594708e-02
-6.801542324882138557e-02
-2.098197094343116486e-04
9.166448461935022135e-03
-1.707252899114517775e-01
-4.429255384896489678e-02
4.081395842708284045e-03
-1.854233330548443054e-02
-2.054769537143807251e-02
1.074223594888722155e-01
4.364974794293179083e-02
5.255121233734671993e-02
-8.826384413684776331e-02
6.633052324032628899e-02
-4.699609526693920847e-02
-3.024979218974492741e-03
3.223205004255209200e-02
1.060695607643679789e-01
-1.011751963115628712e-02
7.979763105796755518e-02
9.393138080244461952e-02
1.156822028086974541e-01
-1.739726341139672880e-02
1.549643832673540111e-01
1.102576262849667282e-02
-3.250041436448426746e-02
5.840671902664208021e-02
1.154067643460884515e-02
-1.061685638858599068e-02
-2.402820743241976253e-02
3.224787102711997033e-02
-3.249672047821952625e-02
-1.412754680339098345e-02
-7.364542863604908729e-02
-2.520342083234713634e-02
-5.678036363064484920e-02
-7.051245551580620496e-02
5.699607264931258466e-02
-1.579251376524989925e-02
7.807530431505418922e-02
-6.715554925275900311e-02
2.414682996869519510e-02
2.423757411806688744e-02
4.995475877306641832e-02
1.061064996270154465e-01
-1.433855134426870398e-03
6.657139250317464785e-02
-4.195927225705595176e-02
-1.654638019511079847e-02
6.472061609260226778e-02
7.522696952509853874e-02
-1.550466942046873318e-02
-1.987153994507136895e-02
5.575499656032510687e-02
-1.363424920152430109e-01
1.689499942334212954e-02
-3.983629824635213229e-02
-3.545517489644495895e-02
-4.092477501502522416e-03
8.018416489238797476e-03
-2.975146602384048586e-02
-9.830954207374327514e-02
-1.364535525390708250e-02
-3.059499631558055058e-02
2.019893675127222392e-03
1.710558578841629360e-02
-7.027691799445319465e-02
-9.216322896105821894e-02
-4.408743861732059011e-02
1.112873842012238046e-02
-5.738278072365115938e-03
-8.658608796499675173e-03
-1.594490399766249761e-02
-6.714000705206016328e-02
-3.804162708942353949e-02
-5.516083843943904441e-02
-2.235721176939291233e-02
6.864983079079974189e-03
6.905445072872397339e-02
2.090359782824801130e-02
1.278154343569454015e-03
1.700703569071155760e-02
1.184048060737172003e-01
5.049985093300188993e-02
7.959004161948554645e-02
3.721841317213957917e-02
-2.791187581601323534e-02
1.400205921434050094e-01
-3.138447738471098619e-02
1.992642551928811446e-03
-2.394924190151490398e-02
8.298510642460725506e-02
-7.848706808962251091e-02
1.248962187682869929e-02
-1.166389890472339756e-02
3.447260115002245828e-02
5.673669910715686132e-03
-1.319400416993544815e-02
5.278347414823854333e-02
2.980896519682946222e-02
4.359514115258408123e-02
-6.817241341507310204e-02
-1.472107766057171620e-02
9.298452623924254729e-03
3.042521693933674526e-02
8.433943846039118619e-02
-2.028100375272012118e-02
2.308518614741695424e-02
5.682963867949722414e-02
-8.222695369275990346e-03
-9.795872742254326318e-03
-1.330433288610701967e-02
-4.048701464466917394e-02
8.570443397916580400e-03
4.462580511641554143e-02
4.605906783512071084e-02
3.353630552586017721e-02
-3.365705378913702583e-02
3.630710355223977504e-02
1.868775394117109037e-02
-7.462800238247158449e-03
-3.214290890042736937e-02
-1.109507526793610845e-02
-3.019605659898795882e-02
-2.493763526120355845e-02
-3.801186691140379104e-02
7.779742649359110834e-03
-5.208623569177587773e-03
-1.246491117163689155e-01
-3.293068241835994669e-02
1.371316943005044045e-02
7.472766761565247107e-03
7.330520777187250758e-02
-8.572952452737918339e-03
6.380045508486054118e-02
1.219361961907982211e-01
-9.907421137852936988e-03
-2.292460663885138514e-02
-6.401121568985284303e-03
-3.666833775054505890e-02
3.076460145190621290e-02
-4.608440231921948071e-02
3.270723714732642895e-02
-8.234679590846237518e-02
5.196635862808977879e-02
1.076245126419080045e-02
