-2.149477107543938323e-02
1.559114373294584466e-01
-1.773280958183615086e-01
1.748572991254163100e-01
5.653383619060840110e-02
9.084272989559803724e-02
7.813783305160952597e-02
5.339555591009647467e-02
-6.409912259389211053e-02
2.824715923638921808e-02
3.942984940983809694e-02
6.122718316224086410e-02
1.090441490788574275e-01
-7.663164440514441678e-02
-1.412549123423642583e-02
2.449165768665143711e-02
9.261193054229928390e-02
1.569301638852603140e-02
-9.194932487152893130e-02
-6.131459015780806737e-02
-5.694338344811897268e-02
5.780291853009371372e-02
3.158714796821008013e-03
9.384769143664190016e-02
-1.668734017678720205e-01
2.495548824797014318e-03
-6.961462925799206947e-02
-5.286323676024509699e-02
-7.078612030265291066e-02
-5.936220396006514771e-02
-4.082242873740420802e-02
9.164336742814646608e-02
9.720287422010547018e-02
-1.304447236258914587e-03
1.021279881573595588e-01
1.104591074976717102e-01
8.233366546891056348e-02
1.129026801414696746e-01
-8.787781341474049102e-02
1.258945171451143208e-01
-9.325393690227420929e-02
-1.623202949041349097e-01
8.553931373544790273e-02
2.963456401708351728e-02
-1.410759455301735174e-02
7.858317367155824573e-02
-1.257685152808407925e-01
-1.943253287308655333e-02
-9.750603015721977240e-02
-8.986042292128249009e-02
4.062276373772619881e-02
1.373823737484111407e-01
-3.148243755157471152e-02
1.047369155887746539e-01
-1.543927243020297158e-01
1.244373054199964489e-02
3.631487106969796125e-02
5.939101003628147885e-02
-1.788682650879147920e-02
9.451820724275769234e-03
1.255277505362637214e-01
-4.496457111104804061e-02
7.157050909884589418e-02
7.805787476682594234e-03
-1.141032738924223217e-01
-2.620631135836637080e-02
-3.589421666380649203e-03
1.456957612019905701e-01
3.843679783501165181e-02
-4.942947996568340663e-02
1.597567518742643300e-01
8.851332687195269389e-02
-9.765503733178965140e-02
2.899038236988860096e-02
2.267361195419204112e-02
6.454960480181537452e-02
7.399931615666568508e-04
-1.837781520146289024e-02
-4.839239530410063134e-02
2.335249932021511016e-02
3.845288177688072767e-02
-2.713466461784650938e-02
-5.086553207875221111e-02
8.290876526742190639e-03
-2.143900462125397643e-02
-6.357135177186436226e-02
-2.087247413603353710e-02
-1.109996334129439988e-02
4.818557822371444602e-03
1.348414405220695923e-02
2.530903833901439540e-02
7.877291804315716961e-02
1.090896653159910239e-02
6.141050054887162157e-02
-2.916532819661209024e-03
2.639084822419621862e-03
-1.261242406591050191e-01
-9.038872108566660402e-02
-3.874575453804593450e-02
-7.818997402709493283e-02
-5.806448033884985954e-02
1.849537958803460988e-02
-3.092737676260517293e-02
7.992516109181076189e-02
7.382990742468401729e-03
-1.832488321244293145e-02
2.674647472576865276e-03
-7.394005605936937453e-02
-9.582110541084479238e-02
-7.754542983203001338e-02
-9.827354399800911945e-04
-9.194807243343258024e-03
-7.066865479277301132e-02
6.021438920794806859e-02
-2.829745451362735906e-02
3.686083520302023409e-02
-3.833871215672809279e-02
5.562436837926552913e-02
-9.951049141265355322e-03
-7.914485919887959825e-03
-1.466011750689688988e-04
-2.318889135415343195e-03
5.065123332868512202e-04
6.564489487598172690e-02
4.966909114885594001e-02
9.848978732301530425e-02
-2.343591828921231385e-02
1.485049139343373181e-01
-1.307907920472548089e-03
-6.576423904300618406e-02
3.826663104839270191e-02
-6.977583122455283116e-02
2.885946962992143837e-03
-1.006563074763389548e-01
1.176806655612984281e-01
-1.081968087888736038e-02
-4.310219566175685357e-02
-7.499678422372667297e-02
-7.933908598050760930e-02
3.105710298227051802e-02
-9.454793616809768764e-02
6.520021343397847113e-02
-8.204260544709536529e-02
1.076032190489922685e-01
3.238485215890123115e-02
-1.884009669460977657e-02
2.963130108625352394e-02
4.295032106312425546e-02
6.098714351340378537e-04
5.442687276465652674e-02
4.461082326662014347e-02
-3.651624993203415881e-02
-6.445705621827363396e-02
4.307335662664324438e-02
5.711565960416337823e-02
4.297213985311878343e-03
-2.581663831591124447e-02
1.394857116956630116e-01
-1.388111419451826534e-01
1.007266747220161851e-02
1.499471623200934051e-02
-4.589394609634363069e-03
-6.279896001427864860e-02
-3.004460565805317993e-02
-2.326298295522245818e-02
-6.193645863154936121e-02
-6.954525077923303690e-03
4.123454678890204825e-03
-2.218143674121881431e-02
-4.445924529806300797e-03
-1.875812791709257146e-02
-3.118963070820404346e-02
-3.394156679488538608e-02
-7.491290383016765975e-02
-7.450919029747435710e-03
-1.470543599064685208e-02
-1.264141800784129681e-02
-5.021818637741911479e-02
2.834639847607731827e-02
1.734316949827829218e-02
-4.384205698773441934e-02
4.047451461779359022e-02
-2.891774096029956984e-02
5.508496306650052105e-02
-2.781595798337048800e-02
3.226178363648497111e-02
1.229235362271586113e-01
3.150369604031560272e-02
3.946676337478351865e-02
2.471218566830307023e-02
-1.804090935354134978e-02
9.825891024762005432e-02
1.213414761991717453e-03
1.965652153895182386e-02
-5.564500064895823439e-02
1.589390086740313790e-02
-9.127314013508222579e-02
7.260037576192593378e-02
3.647923709039691507e-03
4.002726238180305540e-02
4.023437609226469813e-02
2.024500264975587736e-03
4.088053527329597869e-02
1.567930548726058707e-02
1.627609224017736566e-03
7.613287741271664022e-02
-3.590328036055648320e-02
1.036718817823046451e-02
-4.333650046246848020e-02
5.338243826898193822e-02
-7.000693901222901361e-02
-1.411115411392280250e-02
8.087981555131450520e-03
-3.926581297811186644e-02
-1.072271580311107662e-02
-5.025038722005454456e-02
-1.742421542667186435e-02
1.619165154536470613e-02
1.138509076160052445e-02
-5.418600914338762842e-02
6.666322592501633393e-02
-1.641379451298270384e-02
-8.318627918245804359e-03
-7.424617829723821442e-03
-3.480634234152648471e-02
1.693138103575318049e-02
-1.124076375044337321e-02
-4.140171431586918416e-02
-1.522150640414278618e-02
-4.368527151340818870e-02
1.547881651515075480e-03
-5.458039530815276402e-02
-6.631468558635754407e-02
-4.819810260467806938e-03
3.422847399564424298e-02
2.364507545130486998e-02
1.722764856333747902e-02
5.066606483245783207e-03
6.121205502839269230e-02
8.804461839383764810e-02
2.432356731056066826e-02
1.842939587569466034e-02
6.284177362183587801e-02
-1.360157660318959093e-02
9.068581258568271519e-02
-2.721132701290280773e-02
-3.537531178514510127e-02
-5.389775062784060017e-02
5.978275948926479316e-02
-5.946740876015960131e-03
