-7.310978572621550098e-02
3.047572389286212768e-01
-1.474296539554824648e-01
1.384088967882123045e-01
9.034258424860418246e-02
1.100883094386359146e-01
7.466922856540078590e-02
8.500210946252470534e-02
-1.122203660375516582e-01
9.157041009622288175e-02
4.180957415936414900e-02
-5.169373878899418545e-02
1.067217987311999267e-01
1.892004782818837438e-02
-9.592058871252984176e-02
-1.392512637710949415e-03
1.318746212271420526e-01
9.196525049946573452e-03
-1.764256101043041106e-02
-4.344994976371137352e-02
6.087394811979849121e-03
1.041490137689536806e-02
-3.740891878696080142e-02
6.670851726723629749e-02
-7.117933023195140152e-02
6.246316714641839823e-02
-7.932417121885267097e-02
7.957618109743760590e-03
-5.502228145834285600e-02
-3.636899563813054959e-02
3.504749036977000687e-02
6.382709328454884423e-02
2.117430236526339840e-02
4.483423655968809597e-04
1.466581243865425488e-01
-1.116234486545155252e-01
2.878534740756016723e-03
9.715670838404585593e-04
-1.258768608972000436e-01
8.420668416325764738e-02
-8.502406770120368718e-02
2.006279399869645430e-02
3.784244104100344813e-02
2.479513434482947479e-03
-4.172894731393610862e-02
6.340934289234370289e-03
-2.415613600283889398e-02
-3.609336195787087032e-02
-1.562002367625712693e-02
-2.691539603844862738e-02
1.788274199263720221e-02
1.032094662839299348e-01
-8.506315744498202380e-02
1.280176532040732118e-01
-9.340453486538452532e-02
1.205841435806932344e-01
-7.153219164948446118e-03
1.313912000653892909e-01
1.006347098389540062e-01
-4.974333052986233683e-02
1.993165640609047967e-02
1.135994182069702402e-01
1.299956622214207269e-01
2.702977602785222935e-02
-7.711709630296403883e-02
-6.452554202816405959e-02
-7.957084449763482392e-02
4.836692966480438116e-02
4.917887462970299550e-02
-1.604010245754818320e-01
1.017371425867480556e-01
-5.343115893115635284e-02
1.282099407523811484e-02
1.256814121783083049e-01
-1.372937173848383548e-02
3.191011354303823627e-02
-2.415035751897600530e-02
3.302811420618053957e-03
-9.658871741140568484e-03
6.977859175250621625e-03
-4.602450226219802210e-02
1.895893362547744487e-02
2.457317258233154573e-03
2.018954674178293981e-02
-1.185469560903734502e-02
-1.343525710718738719e-01
1.508690755328354755e-02
6.036992836262862483e-02
1.106753014258605138e-02
-5.937161029761116315e-02
-5.711113539261314723e-03
1.745057938185640145e-02
-6.528463086125803512e-03
2.814492144014463931e-02
-2.662861328344174206e-03
6.865613825768134004e-02
2.906237472216324411e-04
-4.624476447061863504e-02
-6.315763893349268798e-02
-7.835257014393066932e-02
-2.357784573249016580e-02
-2.385143994785705532e-02
-4.783826637351338423e-02
6.974494058177529987e-02
-6.626795885931353880e-02
-4.825588080139232156e-02
-3.906023951956595630e-02
-6.666840779101155384e-03
-9.593391321649602510e-02
1.808604265136615902e-02
1.447030933403203878e-02
5.189931685018674828e-02
-3.654160235022311382e-02
3.029135626655450955e-02
-1.560785486906351820e-02
2.164079596840605066e-02
-3.135313568081909280e-02
4.618347855059048990e-02
-1.904690254451950338e-02
-1.463729392123683248e-01
2.457898505727598021e-02
5.588194990173259852e-02
7.658952072628251451e-02
6.911647947506407985e-02
-4.320082912705787426e-02
-2.320496356792626710e-02
-4.143903737942695314e-02
1.112411849514448187e-01
7.771251807841213222e-02
2.663388190108142983e-02
-2.944416255009229405e-02
6.893908002047348382e-02
2.342067097141965759e-02
-3.757112422810016811e-02
8.171415214454243181e-02
-4.632019068057006972e-02
-6.653733818056867255e-02
-2.991578880654845174e-02
-7.898215295633290167e-02
-2.620780369389743257e-03
-1.157147172026836285e-01
2.639672612513226796e-02
-2.211473361840736104e-02
9.099912198867271540e-02
-4.260034268045935490e-02
2.375748859846283506e-02
5.570597807256694178e-02
-5.672479275975687851e-02
5.064535186085888235e-02
8.608180217676422719e-02
4.337472750024921192e-02
-2.365459759462191364e-02
-3.804852896841921100e-02
6.592315332810695649e-02
3.215903023320244164e-02
4.701360874411641966e-02
-7.246120189922884702e-02
1.023274996910457646e-01
-1.015240185054522015e-01
8.664826355073482200e-02
-1.130206860525614053e-02
-1.225058973580814801e-02
-5.303628453683194646e-03
-2.308793227416204921e-02
-5.017811045392221031e-02
-8.786813548527165618e-02
-4.697088195461260329e-02
-5.220533855734890011e-02
-1.426622688042751379e-02
2.657517930325081074e-02
-4.153105123717303060e-02
-4.777031820150214741e-02
-3.992884761740239652e-02
-5.830031338051359230e-02
-1.216758351467186507e-02
5.351080003521954676e-03
-3.488246366886228744e-02
-5.520528944138862470e-02
5.251078241612475855e-02
-2.096977802759877104e-03
-1.152533562528544747e-01
6.938602875172696083e-02
2.751714015506436656e-02
9.037844483963562714e-02
2.464411196951886429e-02
1.244419613808007419e-01
1.400597756367573388e-01
2.729460054418015105e-02
2.539460105898160361e-02
6.528796198724957922e-02
-1.587247543890216248e-03
6.272707390354456680e-02
-5.171335164304645404e-02
5.990224507163185302e-02
-2.331788194082337458e-05
-2.944117133491621144e-02
-1.009590867301511929e-01
5.772341674450826715e-02
-1.900346194230321736e-02
2.709599065470459645e-02
3.995131572230456451e-02
-7.169851001149095404e-02
-2.390738926808241502e-02
3.937404518440222601e-02
5.328333171751110237e-02
5.823443866447668843e-02
-5.310814168322101209e-02
-3.103127412965632492e-02
5.617182584516021426e-02
8.148987898849935352e-03
-5.354553892055995828e-02
4.730837940328671415e-02
3.923498766979595376e-02
-5.515491465853687020e-02
-3.293072975755013260e-02
1.213954087239609188e-02
-8.642912304800524220e-03
3.473871538500260259e-02
-1.015327202223280725e-02
-7.658870494032540485e-03
8.847810544362160606e-03
-1.999940063161243647e-02
-4.117805385531377732e-02
6.756169341405067648e-03
3.332835742947980184e-02
-9.003761626496997739e-02
-9.272053233142651604e-03
1.230011474162123752e-02
-5.197780225747736411e-03
-2.582064527508405594e-02
8.265407353146318747e-02
-1.760557871370794017e-02
-6.587845505587346454e-03
2.686910018538244543e-02
6.711967338962142315e-02
-7.719476592429753981e-03
-5.357630084935943726e-02
-3.429428199378355829e-02
7.779922932743699171e-02
4.560991304057671059e-02
1.760772015184535952e-02
-4.443524924449656494e-02
4.054745131046514489e-02
-3.341234939198092779e-02
-1.055001592604226830e-02
2.265811504800794868e-03
-4.714223099668796158e-02
-1.389402453749454501e-02
-1.282174187903213636e-02
2.864849931325440247e-02
