1.048819941983194920e-01
5.429662016472135144e-02
-7.977763846082198962e-02
-3.282943446099845231e-02
-4.857746681535992511e-02
-1.286732847372316739e-02
3.195461856121479399e-02
7.369105869422294675e-02
-7.687752746533062231e-02
-5.274191955923706460e-02
-6.339145230668673248e-02
2.335835108656360640e-02
2.343844750277803562e-02
-7.909240651538342048e-03
7.342231315578544304e-02
-9.616868574199173569e-02
-5.575151809285908838e-02
-2.191698952755267646e-02
3.116805081374956089e-03
-2.971158236764683599e-03
-6.647804361387808780e-02
-3.618776276941775699e-02
-7.567372544516669242e-02
5.128485282057624467e-02
-9.963179003464672084e-03
6.089227211168606740e-02
-1.743899035062249081e-01
8.263714034893294980e-02
-8.482947124820268414e-02
-3.511850178825453445e-02
3.573635103433811522e-02
-7.496228080702674323e-02
1.446271671248613166e-01
1.552386335083024704e-01
-6.430414760405452068e-02
-3.684139738913215500e-02
1.085864721448793063e-01
-2.123261762766635516e-02
-6.983113686241410045e-02
1.279514821591797857e-01
-7.983084910520721333e-02
-4.951697309798716584e-02
5.558092992723340231e-02
-1.208076072625793342e-02
1.001264284070484539e-01
-1.810472917665276738e-01
7.690863867835134871e-02
-5.627476232819453306e-02
-3.133392742548028742e-02
-1.230579725399839064e-01
-1.509667872502479767e-02
-5.221624476038437546e-02
3.384840147399714575e-04
2.561634459408384384e-02
-9.863873656807034540e-02
4.286392245873058655e-04
2.496087770341029466e-02
1.966662425014810076e-02
-1.372233341117703453e-01
-4.460057878844430473e-02
-1.270100314257387453e-01
-6.280101233842069752e-02
-4.054206122063414020e-02
8.020137916508993103e-02
-1.468282480527931533e-01
-3.506435631174730644e-02
-9.108936889022373196e-02
-4.154393950244236744e-03
1.132789180712717308e-01
-2.558085836673207325e-02
-3.921355259539312244e-02
-3.789895427212772172e-02
-3.802590447429764903e-02
-3.376763197865486656e-03
3.622152890566501804e-02
6.698165637465117173e-02
2.452565726068398760e-02
-8.043886391736716768e-02
2.178611303047027839e-02
3.397950233078883553e-02
4.305597436987779192e-02
-1.236270609425830710e-02
5.101367671862151038e-02
-8.366560525629134284e-03
-3.229138248485025758e-02
-2.550487521185451634e-02
9.244809128964834311e-02
7.588877422651550686e-02
8.442685774989233671e-02
-8.300598771099603618e-03
-4.757158745206946371e-02
1.176928214185879173e-01
3.318018347317929027e-03
7.562182356575228304e-02
6.731243737270573013e-02
7.404988465593800862e-02
-1.305291134658601374e-02
3.960322801713475399e-04
4.727853627845952228e-02
-1.296237098590440617e-01
1.884023265428493498e-03
-6.513046441334792436e-02
-5.937619876948353054e-02
-5.761897613308544081e-02
-3.923576420661224751e-02
2.319146485614110437e-02
4.712189580809433148e-02
-4.105584495489477542e-02
-2.544960793680086514e-02
1.468579009277035385e-01
-3.577355735279439536e-02
8.564135424953216169e-02
3.764045449374753965e-02
-6.039647454745305372e-02
5.380437496255200541e-02
4.117393294854797964e-02
-3.687284514171681321e-02
-1.659850522568779739e-03
-1.560870497489603341e-03
7.059665219049150731e-02
-5.042046964727430608e-02
-4.463486843067988874e-02
3.434161890157340011e-03
2.934886750430417551e-02
-6.508525593192716549e-03
1.609152706927545473e-02
2.518056325208432866e-02
7.119946933605306172e-02
3.641541308777137415e-02
8.607197531821814129e-02
-1.069433738139370649e-01
-7.930311767568609671e-02
-3.357991768855382586e-02
-5.037892570777185997e-02
-2.062793081786078175e-02
-5.217649569855620229e-02
5.073913522102751344e-02
-6.807110972964997009e-02
4.805239030906532233e-02
-9.973387370237101618e-03
-8.631903275142483248e-03
8.337019830573393075e-02
-3.949557274996326472e-02
7.349119158653566464e-02
-4.374561872293229042e-02
8.881537105677456134e-02
-2.940241468825332063e-02
2.808781636498791645e-02
6.484743464008600917e-03
-5.693587560488506949e-02
8.612129706097576554e-02
1.349145979166669999e-02
-4.177592744184215057e-02
1.168552118372605669e-01
1.541609216447561992e-02
6.492618489804473370e-02
-7.879026877354746924e-03
7.354260735324662235e-02
-1.284145232058573061e-01
-8.070817035507786910e-03
4.349426106196432190e-02
-2.286270309547010909e-02
-2.883362543193320263e-02
-1.199266214707903587e-02
-1.307852574672928314e-02
-1.076890707010277060e-01
2.820478256009470441e-02
1.203031718495388772e-02
8.724556356419846392e-02
-9.174730373769941771e-02
-1.706579414952777984e-01
-5.949196837947413191e-03
2.317635796904931006e-04
-5.508071995538446619e-02
2.814080264966384998e-02
9.601443844185891807e-02
-2.697461827408988849e-02
4.559359486173580195e-02
6.452211306162403386e-04
3.223731179491278603e-02
7.232418455869432661e-02
3.429633563358288478e-02
-2.902814529988253373e-02
4.534698614794768073e-02
4.285760299358575692e-02
2.157121382226096992e-02
-3.009998641770252406e-02
1.751577746112498446e-01
-1.424590670741942601e-02
-1.875804221411718833e-02
-2.276735021902436332e-02
1.657151475266092078e-01
8.839062073381484877e-03
-4.712342893277443601e-02
-2.524645022004409420e-02
2.492505493649459572e-02
-1.114468340785425143e-01
-4.024796303504754591e-02
-7.677103138999041669e-03
1.224154811191639491e-01
1.541425989351646528e-03
3.110986686247521615e-02
1.710585731494894748e-02
-4.330056384628236388e-02
9.048486904684255316e-02
2.370188319476247349e-02
-1.404181415854064037e-02
7.520679549686155874e-02
-4.002622085570507748e-02
-2.720324081785040204e-02
-8.385006633060776426e-02
-2.726000382429928648e-02
-1.390487994930756678e-02
7.103714508638599677e-03
4.299154574002837098e-02
-4.507412734817330818e-02
-3.686319767421759180e-02
3.138549276533075111e-02
5.019764306267029269e-02
2.513251288101264400e-02
1.526685556451679894e-02
-2.421200238710479249e-02
-3.251604134041342214e-02
-3.252894202369725762e-02
-6.885932278164995368e-02
2.929924661526750809e-02
-3.580732348904165641e-02
2.290305044985637209e-02
1.159344395903585401e-01
-7.570479926490253364e-02
-5.041168222532733945e-02
-6.127787166537570183e-03
-3.814451597393918574e-03
-2.076651033162860496e-02
2.193157290865614326e-02
-9.023108082235734018e-02
-3.777716434327132999e-02
-1.856628944924903005e-02
-2.192143932845347972e-03
1.146182707491281462e-02
1.527040792658046486e-02
-5.155789858677501530e-02
1.205609985487912095e-01
-6.449631169505636030e-02
7.687887362358630794e-02
-6.678691214699256085e-02
2.962763444308969332e-02
-6.967023355757251402e-02
1.087471510900116060e-03
3.407575264607172038e-03
