1.395160302310728684e-01
1.737374624409651902e-01
-1.427501868633160587e-01
2.113805215489334560e-02
-4.865782086552705721e-02
9.415027039967559935e-03
4.643049391420259187e-02
5.374914596857247040e-02
1.799652177414199847e-02
9.224580120560875451e-02
5.699089150806472409e-02
-1.643268709266956784e-02
-4.301936673711505982e-02
-5.403735118131385712e-02
1.143295906054387356e-01
6.331210472107977327e-02
8.632901783964248843e-02
-5.216406927731160464e-02
-5.461435070005341702e-02
9.565945801844595586e-02
-4.482840282358425271e-02
-6.479270399062424246e-02
-1.668108346227072936e-01
1.651464036045042702e-02
-6.368770365109105436e-02
7.767097563463172538e-02
-1.165237204191166553e-01
7.803947079301719325e-02
-1.625853033443995788e-01
-2.908564789223259603e-02
1.684527414869747552e-01
8.746877468132543965e-02
1.172340629291546144e-02
9.214863547078526451e-02
-1.002762165243417658e-01
-1.081984119465506239e-01
4.233674626269006563e-02
-5.450117548966344587e-03
9.904390273625599938e-04
1.659884604362483751e-01
-6.493398241461685594e-02
-1.108691528575046215e-01
-5.897235865604661537e-02
-7.685996748277414137e-02
4.282080765703712849e-02
3.331211478924223091e-02
7.815701222401619241e-02
-1.614545215117463295e-02
1.433135679320607543e-02
4.115717364735799362e-03
-3.756460574718354511e-02
-5.376879396131317018e-02
1.906037568231661872e-01
-2.495527250116643878e-02
5.013966762667410731e-02
-2.121986681249613677e-02
-3.303357763642086192e-02
6.269248257258526469e-02
-8.928151859005785396e-02
3.721925848853491203e-02
-1.416362115147531686e-01
-5.348689551167372380e-03
-9.225235053652230260e-03
-6.148477209110601166e-02
-6.100549274790219301e-02
2.883368924105517150e-02
-1.402681637097973888e-01
7.938416278296905881e-02
1.291084503585272596e-02
-6.373604395069118467e-02
1.923528093550777932e-02
-1.120977241707826338e-01
-3.507080072852935583e-03
3.430265777423834039e-02
6.026354711726544279e-03
7.885245413991218144e-02
-2.475806487032463851e-02
2.194102091642316163e-02
-2.279721598632989191e-02
1.376174173170292281e-01
4.031158225607322371e-02
7.095541646502211142e-02
5.546243707454335398e-02
-4.849048372805823959e-02
4.796986389924656410e-03
-3.483654952759971703e-03
1.180516550644702817e-01
-2.637983860622818491e-02
3.552641238382859418e-02
4.873776428572596485e-03
1.414354000192816901e-02
-2.472840229221875009e-03
4.567971188471419558e-02
-2.297526076005422177e-02
4.294974977518197477e-03
-3.046235883331744557e-03
3.226439510579436065e-02
-9.967672750421117944e-02
1.359753718425837088e-01
-7.567516233322010843e-02
-7.045246943391370031e-02
-1.456314766347506159e-02
-7.656011901507529804e-02
-1.299539724447229885e-02
4.036290267450174524e-02
6.690498449415487048e-02
5.699262413529052745e-02
-6.886950654786832583e-03
5.344184720380264209e-03
-2.637373975839332751e-02
4.555187864799386394e-02
-1.899430714094199613e-02
4.866305339974900251e-02
-9.153642896681721958e-03
2.888850956647982804e-02
-2.326097098959044665e-02
-3.484992540978297526e-02
-4.979612230034032028e-02
-6.784569712013664711e-02
5.587057474385537931e-02
2.241475585250438454e-02
-3.018843046891673751e-02
-7.822312927895315460e-02
8.452067480406361133e-03
-7.410630303279282238e-02
-2.530751561617379866e-02
1.870967114028577669e-02
3.676385474850276530e-02
1.464569002451269336e-02
-3.276089676362273911e-02
-9.578420717870433920e-02
-1.219448684408674377e-01
3.588964035544760104e-04
1.645843393324511808e-02
-9.761756935142391900e-02
-4.653958012433963981e-02
1.202176470120010499e-01
1.341462372802951220e-02
5.455072862832164270e-03
1.264225316330751595e-02
1.024504557774673780e-01
2.331942983218930360e-03
-1.481964579798411043e-02
5.972476935512727181e-02
3.246042455012260880e-02
1.189662050193423248e-01
-5.041938296600902841e-02
1.550458799289168707e-03
-6.255304073345199778e-02
4.313514088834374816e-02
4.997479081986593713e-02
-8.337336370767614580e-02
-6.382063081185528237e-03
3.950376213831113814e-02
6.055012366041456762e-02
4.883555376635073664e-02
-6.757904579008434422e-03
-7.412494610174255594e-02
-3.548181455903622050e-02
-3.886691767519206975e-02
4.117761864862255761e-02
-5.004451173943257405e-03
-7.090603658908649874e-04
1.105274094634856735e-02
6.305203737448555022e-03
8.800152290071777683e-03
4.695825216718459150e-02
-4.308253832576812437e-02
-2.448385928556779875e-02
-1.330567612807052047e-01
-3.865806678939281982e-02
-7.546929156624924973e-02
4.670161542249748332e-02
1.691778806335211480e-02
-2.170080947783673605e-03
-1.174600668244893953e-01
-5.857149802108299608e-02
4.260308571984172676e-02
4.313756656645988813e-02
-2.601123949020916690e-02
2.130937433498153108e-02
8.180921715330306820e-02
3.586396281996108437e-02
-1.761232901309068427e-02
5.543610114071102421e-03
-3.231003250692222190e-02
6.236148146736634340e-02
8.002727935664555661e-03
4.631063076272098900e-02
5.211170928254759555e-02
5.174615959044599756e-02
1.756615796277727071e-01
-1.131351520485091994e-01
1.037954596403199009e-02
-6.945624343161693748e-02
-1.094288891497770255e-01
-7.316902100871815195e-02
4.614779845603927261e-02
-5.698177788885695066e-02
7.793170137957175503e-02
-4.730595579886033575e-02
-1.621666313015546201e-02
-7.692546079190980268e-02
-8.590539048293171012e-03
5.686586512745020472e-02
1.512992468158233170e-02
2.585357041266037048e-02
2.661880255321202871e-02
-6.780643578719977582e-02
7.817350683520592203e-02
-3.112876191690884184e-02
1.558643730303899654e-02
-3.571447174291812049e-02
-9.796274334734997313e-03
5.413891778929089821e-02
3.550724952671112378e-02
-8.010791582773479913e-02
-1.020101605468442998e-03
2.570179226767933551e-03
2.168091891728442591e-02
1.527636633470787209e-02
2.026886238079303459e-02
3.990489999363088652e-02
4.155311362100030242e-02
-2.775616836932335088e-02
4.589788430498830535e-02
1.941997899777922736e-03
-1.313878947368041054e-02
7.261821881363285207e-03
-7.866786003527428961e-03
-3.631053016114159371e-02
7.111090243226637908e-02
-5.795104421152010715e-02
7.621477175642667190e-02
4.463396739630375032e-02
-1.837769976382040357e-02
3.946633739023362036e-02
-3.943622432904902997e-02
1.035672033295915589e-01
7.107860626077725820e-03
3.962102634895402209e-03
2.570310906437095130e-02
3.833850102386424791e-02
-2.026012993957494734e-02
2.101503562186076909e-02
-2.916382403266118417e-02
-7.572790350597378983e-02
-2.882242716408740107e-02
8.586623310762839245e-02
1.408469998133963022e-02
