2.073644527544847294e-01
1.837984773444471531e-01
-6.978087167853698480e-02
-7.353098498898059943e-02
-1.359182642968135846e-01
-2.192396306157982575e-02
8.824988503418036700e-02
2.762889544638229972e-02
-3.118039761884828370e-02
1.456345832930540651e-01
1.427959795531766329e-01
-3.465217614826819614e-02
2.417355797953609289e-02
-2.640070154081741727e-03
1.351114501718818361e-01
5.567199709656721340e-02
3.318663378984094275e-02
6.550848319874143233e-02
-8.353928795026822895e-02
5.735526720582311173e-03
-1.639746273701121748e-01
-1.984727073328429112e-02
-1.214300819929193392e-01
-9.550667535592203064e-03
-5.976054812904689484e-03
5.270508327165114582e-02
-1.048987874555145222e-01
5.447548325732948921e-02
-1.166556206871701973e-01
-5.580918690643930230e-02
1.782361634222533742e-01
1.143179264905170855e-01
7.657168971502345545e-02
1.068167304673554863e-01
-8.379645098561917804e-02
-1.176363843562190231e-01
3.028765567631433453e-02
-1.131473926322331125e-01
2.797408020824813588e-02
7.924429300943382215e-02
-6.179935621645915589e-02
-9.896767413205069530e-02
-1.734338221070926955e-03
8.423663717037552234e-02
-1.723806634761921794e-02
-3.466105587310163577e-02
5.293859289150691649e-02
-1.506858283361878770e-01
-1.549903621954023050e-02
6.024563702715312295e-03
3.593426882028932789e-02
2.332246155871006352e-02
4.427764276335255725e-03
5.163575501081377889e-02
5.826921967012077715e-03
-4.485947800844319877e-02
-1.762827015110786724e-02
7.749285453224260926e-03
-1.045035039841080704e-01
5.260135722829110266e-02
-7.369706298662959121e-02
-1.402856929755906187e-02
1.063213271290497190e-02
4.079384364573017396e-02
-8.355712495211704838e-02
-4.116120833163412068e-02
-1.099475896049168788e-01
3.856658375617592199e-02
1.813028481292499328e-01
-6.300098849970567350e-02
-3.032740116956444618e-02
-4.307197776664456468e-02
-5.059965785994259557e-02
1.307440602691957617e-02
1.677077567527084437e-02
8.868650381856695020e-02
2.732632560849877421e-02
-8.042777808210370416e-02
-8.103214223605124944e-02
1.605598109183356270e-01
9.248113208145067321e-02
-1.338666988754703101e-02
6.943161542711870360e-02
1.711661963068326908e-02
-5.026878147564680516e-02
-3.773879176602630559e-02
6.551038322719925089e-02
9.830126823254200716e-03
-3.697959468081272322e-03
-7.815259094410345608e-02
4.541351079630425586e-02
3.701332987996160118e-02
3.552045037739646333e-02
3.980466556493961888e-02
-2.855172763551340129e-02
4.320319605850639344e-02
-1.431260416395619545e-02
-1.454429130753610681e-02
1.228676667897531105e-01
-1.001418141667954204e-01
-1.055004372830937662e-02
3.990435889483818360e-02
-7.745074369744298082e-02
-3.061228910996304647e-02
4.350979860985139391e-02
-3.210295837534256347e-02
1.060161592930708094e-02
-5.432685450061956918e-03
-6.274215809244275410e-02
2.437135481960323036e-02
3.294978942616125922e-02
3.541730597540105469e-02
7.843833195850352658e-02
-6.678615539639132237e-02
3.108043285631288677e-02
1.890850157076216093e-02
-1.698272578854411602e-02
3.875515188659083531e-03
2.676519679598916238e-03
1.123465500253116034e-01
-3.213382414375923202e-02
-8.875924776523738680e-02
-1.129865494068658244e-02
1.110574388808238840e-02
-1.002154499635583146e-01
-9.496342232135222827e-02
-7.750952825136217354e-03
5.907851546487499078e-02
9.907252468204902005e-03
4.821516092148181443e-02
-3.268867122953077187e-02
-1.094467963899654755e-01
-6.191409466965629854e-02
-1.716539995313072497e-02
2.121854841454957202e-02
-3.526049546349525887e-02
3.711375995558871283e-03
-6.179194998308279452e-02
8.669884139515166011e-02
2.708316074199004688e-03
9.745412697299550564e-02
7.141865743307837522e-02
1.658154835130934077e-02
6.906971817004231573e-02
4.164637478192230458e-02
1.728661401352081517e-02
-1.220461953024325197e-02
-2.423075271372527456e-02
-3.186394255056823610e-02
6.066713313605917764e-03
-1.509239135347787732e-02
1.456755696212153929e-02
2.799750096719747384e-03
1.328337038118771775e-02
5.835123110253442880e-02
3.133914693530287510e-02
-3.881548748414904992e-02
-4.403416768811602849e-02
-2.706392780086609023e-02
3.159468137483285172e-02
5.827701366440690700e-02
-8.565692783063411087e-02
5.369891448335879086e-02
-1.599560284057527024e-02
-2.430962328276988632e-02
6.216241675626479890e-02
5.483144777248658008e-02
-4.671890789900180058e-02
1.167179726414591459e-02
-9.013568266660244854e-02
-3.295541195935274004e-02
-3.063788133000701699e-02
2.833427131732157989e-02
2.315909788742936265e-02
3.630221514755790913e-02
1.151816639170012008e-02
2.180534699928510581e-03
3.868620799683600980e-02
-3.025442456634814398e-02
-5.653631616441596314e-02
1.845133145815845005e-02
7.326381772215791177e-02
1.310798612170454777e-02
3.600247596431561253e-02
8.491983311727670236e-02
-1.963539817219296657e-02
2.346023300994678693e-02
-8.803801247308904246e-03
4.772863730800948334e-02
-2.673301264047931846e-03
1.482212199937712506e-02
1.851440077013045693e-01
-5.965910987505441271e-02
2.153802462809851007e-02
-3.283249175095971379e-03
-5.693466294700950947e-02
-1.052416844280128078e-01
5.553089090150657714e-02
-2.249932269947752667e-02
-1.142774054754474786e-02
-1.452897475160070014e-02
4.926106842336984426e-02
-9.495031600260242510e-02
4.619058365945764161e-02
3.093401433678857546e-03
-7.732340301467872240e-04
3.408457172856564285e-03
9.250967128440881759e-03
-9.232292563026975318e-02
3.736119019210476511e-02
-5.581376248517443822e-02
4.281539637265824316e-03
1.737723373813106903e-02
5.936289931609090714e-02
4.984771190374148730e-02
-2.432164387097235717e-02
-7.614205062701251414e-02
5.428152525026895547e-02
2.345631662475824303e-02
5.465513288681998760e-02
4.277557332722618094e-02
-4.010149654135873598e-02
-4.301703204573197395e-03
2.723989370171389646e-02
-2.081155456366843778e-02
6.989561013173413440e-02
-1.046128525606595909e-02
2.960128008995315581e-03
6.939043521850249419e-02
3.861284363270995473e-02
5.491349798099119661e-02
4.052939070527577375e-02
1.794906475174997892e-02
-3.267827923714928390e-02
-1.219093157012882296e-02
-1.161126778613281833e-02
1.761458219099343650e-02
-1.178738879134452744e-02
1.305908947098416775e-02
7.240496608313673477e-02
-4.729023482343802653e-02
-6.435218016584552669e-02
1.429928845431513440e-01
-6.767191764254965047e-02
-4.376195952946648760e-02
-2.677935006919529570e-02
-6.629676235218678881e-02
-1.600572340031993293e-02
5.495653944197424062e-02
5.330076158122012270e-02
