-2.307668694443912039e-01
-1.209108928728536668e-02
-2.324136275932814633e-01
-1.204682949570750616e-01
9.953017927459528735e-02
2.100452885518170332e-01
8.945752033988389751e-02
1.584741430924850314e-01
-8.110083419174103636e-02
1.276386361763268418e-01
-8.789856379390389995e-02
-5.754571406516165860e-02
-5.673325567155231702e-02
-8.709529823147431349e-02
4.684958658368605644e-02
-1.252170968214727075e-03
5.903860971846670164e-02
3.684855792112349399e-02
2.348120842187499321e-02
-8.129428625226101102e-02
-3.379928910870284853e-02
1.280118517020334135e-01
-2.431282413885528515e-02
6.330045993416737182e-02
-9.230998204390876427e-02
7.436211988171391452e-02
4.249060773198030244e-02
3.653892055266377836e-02
-1.475327280608079716e-01
1.225115862144088991e-02
-5.489546109661265494e-02
-4.549075864349891307e-02
-1.968513950277486074e-02
8.015383837831119296e-02
8.939679397333150090e-02
-5.947560470429267762e-03
-1.373629404900915396e-01
-3.318138994141248826e-02
-4.466088755141404965e-02
1.786428791960810447e-01
-3.029447189570291799e-02
-1.100424165819970240e-01
-1.183900105503963990e-01
-9.515586785409702042e-03
6.409621018935511561e-02
7.374056371223891571e-02
-1.095261753653441056e-01
-4.861387205966643393e-02
-1.294864958948939715e-01
-9.569569505731696790e-02
6.337051333381456264e-02
8.331003256653432554e-02
-4.398615387310725322e-02
5.446702148287003303e-02
7.431155931022524752e-02
7.946722783052398431e-02
9.419595510634524993e-02
4.067388285770080769e-02
-6.353158918233282881e-02
1.046679653897158585e-01
-4.651569221908413015e-02
1.315920232903243330e-02
-2.099890914998969738e-02
-5.638245186565624817e-02
-2.102853422273321879e-02
-1.187509130503987091e-02
2.006298499455006629e-02
5.083759779176204308e-02
1.636897663183246865e-02
-3.295200531814245631e-02
2.628545808792428357e-03
-7.801962532354254909e-02
8.371991876552364875e-02
-4.332343126619589424e-02
1.144675234273352313e-02
-9.448083222148141377e-03
8.957810076054097126e-03
-4.485222593177224520e-02
1.244219504749026137e-02
-1.301889422686550862e-02
9.511554017862963728e-02
-3.274949462835777259e-02
-2.342984263889614366e-02
-5.852652876117980796e-02
-9.515200954903983710e-02
-4.908435042329312501e-05
-3.636120366668142700e-02
-2.447225601391440214e-02
-1.187863423559673837e-01
-4.659061043815126285e-02
-1.329226352778758134e-02
-4.110208761809212852e-02
1.579083478187062045e-02
6.292754636276962077e-02
9.303547759657677593e-04
1.108480642284184470e-01
-4.857538966053074128e-03
6.699094549661535614e-02
3.966800595405026164e-02
-1.976814338722272454e-02
-2.819162853857322404e-02
4.281712099125541994e-03
5.698085820478807073e-02
6.690364715088642500e-02
-7.479730314168693550e-02
-1.743950530805013152e-02
2.163321450139283134e-02
-1.079501080751974068e-01
-1.480327643962206681e-02
6.173730957834259320e-02
7.822488715258540948e-02
-1.055930527405165853e-01
3.676867423120014355e-02
1.609030635526659606e-02
-1.879373683264739733e-02
-5.773722019791364957e-02
2.067102032108550022e-02
-1.310837335371371239e-02
-3.538572349678583556e-02
-4.557973451316573582e-02
3.113018077109171514e-02
6.502529004712806482e-02
5.969059617217541830e-02
1.542907003456423232e-01
-1.771750457504083984e-02
6.896938367850951983e-03
5.756748832587574999e-02
4.458754620484855352e-02
-3.361318460303092809e-02
-1.339469313943646286e-03
-1.067760761720106151e-02
-1.514280728465537337e-02
-2.554399250736736141e-02
6.589451585079633689e-02
-1.142021391403576225e-02
-1.428210330259169474e-03
-4.140296831159594876e-02
-2.800629569391275067e-02
4.264067902346588279e-02
2.271156043916115752e-02
-5.644589582098806513e-02
4.115097066564286921e-02
2.958155777256924954e-02
5.474394713454047712e-02
-4.130258527915131594e-02
8.262509954268502238e-03
-4.842860631596347665e-02
-1.613355292238595820e-02
-1.397800176312708094e-02
7.462673250768007971e-02
1.100790872552797617e-01
-1.303469650236063586e-02
-2.973394404708913641e-02
4.329528241451773701e-02
4.660003812268233292e-02
4.766248113351924907e-03
-2.181536005057127178e-02
8.596907576051798783e-02
-1.113873210734994956e-01
-4.195265935557081910e-02
3.946358288697635747e-02
9.056807473726014024e-02
6.813089011338380185e-02
5.035598066918761662e-02
-2.741376068856361814e-03
-1.599552625277459329e-03
-4.014170516363774199e-02
-4.253801455846568935e-02
-2.501943077198240384e-02
-2.652108310024334573e-02
-4.828910342528675015e-02
-7.464276963652652190e-03
1.517763268160641707e-02
-5.023771523156485286e-02
4.053669495005839812e-02
-4.845829848966451414e-02
4.035971617460873406e-02
1.275895182754248069e-01
-3.224771366804965282e-03
-2.902176803448815179e-02
-9.282008352294892489e-03
-1.574674945278230209e-02
-2.372320802515812121e-02
-6.051030146919653303e-03
-2.987146745951912985e-02
-4.016327812147928535e-04
1.504160897557691723e-01
6.678333513405941557e-02
5.766857591837430859e-03
1.441093714102330281e-03
8.268850994753808303e-03
1.127706073127014014e-01
6.526406880445040012e-03
-3.668999835851209645e-02
-2.154856664348581141e-02
-5.570765108639193219e-02
-9.651090459018447920e-02
4.731858872624737471e-03
6.534656943171689159e-02
4.725484281660674232e-03
-7.646523164267366758e-03
-2.786387391158405558e-02
-1.181010402768517403e-01
-6.818202104301133992e-02
3.231229833965925530e-02
7.452903351353612092e-04
4.598831224348349199e-03
1.238519278408002633e-02
1.359800904071134693e-02
6.501254086519994702e-02
1.232912993407502163e-03
-4.646506454663796096e-03
2.241061264469981773e-02
-8.257027806039407558e-02
5.375605328750434481e-02
2.306954404751148865e-02
-5.026398525643255115e-03
-7.613777896999333883e-02
-1.604531516325180887e-02
-1.373197610239296727e-02
5.039429531592951733e-02
8.252176406810966813e-03
5.142147677359154567e-03
3.072364961997821678e-02
-6.801359763964501259e-02
4.612707702362753986e-02
-1.527486196904777197e-03
-6.246605952745014345e-02
-3.705143766617452483e-02
-2.035645103224831623e-02
-1.832715032455666665e-02
-1.374073277734886439e-02
-8.240816214703429454e-02
4.177111771501002685e-02
2.720551286691127307e-02
-7.189099291925511725e-02
7.269583535418632642e-03
-1.080667966403185409e-01
-4.113174624131439583e-02
5.171618417900385178e-02
1.482877480347832150e-02
2.919398264195415676e-02
-9.369575101853877541e-03
-5.231539572962587425e-02
1.188623006398760278e-02
-2.464171948212223393e-02
-3.525615154782154453e-02
-3.903339864833831746e-02
7.267503405735621994e-03
-2.540512707578703941e-02
