-1.915287572961033580e-01
6.469441333226016999e-02
-1.224361371538731230e-01
-1.483763842288817192e-01
4.249818776248095314e-02
9.510136902671367798e-02
2.105187912497074321e-01
1.610415805416741952e-01
-5.585478497609843579e-02
1.928625544937247749e-01
-1.696149098574384340e-01
-5.731132039548264556e-02
-9.729161323637965098e-02
-6.478481897898058506e-02
-5.713901951014361408e-03
1.560439131413555655e-02
9.309095950628010208e-03
3.631984075292923192e-02
9.627329407679292850e-02
-1.343824830118401856e-02
-5.640276457317566772e-02
9.135445258758084774e-02
-2.803656288705957435e-03
4.998567271339203477e-02
-1.664900902990560164e-02
1.008833542425421614e-01
1.432588386619820797e-01
3.207140317406158986e-02
-6.112311125703059206e-02
5.501284751229299635e-02
-2.102559103240393343e-02
-2.256454487123270639e-02
-1.055401518954076634e-01
1.653160725256730412e-02
6.209137945093683858e-02
3.036503147093578062e-02
-7.181514852419557116e-02
-6.028630096531924221e-02
-2.824587009615259908e-02
2.173116664573944423e-01
6.757403547689092016e-02
-1.807517903415293281e-01
-4.341546326522006949e-02
-4.498622649826527521e-03
8.640453415730862952e-02
5.433225901520381124e-02
-2.179529466350955610e-02
-6.674148038923044535e-02
-1.373186435643928838e-01
-7.001436012135058007e-02
6.911975578773502105e-02
1.242291476017726298e-01
-3.529179042998024929e-02
8.582659373826656557e-02
2.628000070336639071e-02
5.514001533171528774e-02
9.840197734260799911e-02
6.121843480351471349e-03
8.563772546010647163e-03
6.028741708441455460e-02
-2.511560945718050580e-02
-2.714460933629539094e-02
3.039185320794503611e-02
-5.010010979938340353e-02
-6.271678981025144428e-02
-3.519744348770452447e-02
9.943574777592045603e-04
5.867772919792028224e-02
3.035425394592166509e-02
-9.098219199057203110e-02
2.754738881481667498e-02
8.490596987824151898e-03
2.285839810179572662e-02
2.098199263024325134e-02
3.560657089358040817e-02
-2.875952903104894362e-02
2.097714448792298292e-02
-1.556156024385289827e-02
-4.586482149860741930e-02
-4.476875766828776471e-02
8.263295846191369420e-02
-3.991356984623028320e-02
5.135375569447264699e-02
-9.384252620208688445e-02
-1.143826751854728763e-01
6.370738038606396647e-02
2.231715009801210625e-03
-6.803548096535961924e-03
-9.181171262944211320e-02
-3.533113362809005287e-02
3.410975055059971978e-02
1.435562844008831523e-02
2.604763865921079502e-02
1.738934477731578221e-02
1.507562989273075185e-03
9.356321739848466601e-02
-3.154016536341405774e-02
8.515012093034134838e-03
-2.445702943350204495e-02
3.220596528249033107e-03
4.007467466189445354e-02
7.070509832646276575e-03
-3.089871079210431293e-03
7.164047588577898695e-02
-8.692028581550866051e-02
-2.432337417183824679e-02
-2.212883987939966851e-02
-3.098712835168618632e-02
-5.320619948419760825e-02
2.722437697288858371e-02
1.007426534790892107e-02
-3.469634089263046173e-02
2.601966592438450035e-02
7.349155940535655011e-03
-4.494702281504238395e-02
-4.408485569263437265e-02
4.250418690261826421e-02
1.250688179486657281e-02
-5.620521149330517247e-02
-4.699014857645732873e-02
-4.986750360417570652e-03
1.892997279478752376e-02
2.994749829312332370e-02
1.504642245115526689e-01
-1.353161863925134330e-02
-1.055880055016192483e-02
9.236987681326408461e-02
1.063072047436619018e-02
-4.372312846958759797e-02
1.430427301021519881e-01
-8.469851124140009846e-02
-4.101127297647117614e-02
-1.680589352024061331e-02
2.556721914612176266e-02
-1.416623698110229361e-02
3.112102776440208232e-02
-2.814922115824279245e-02
-7.231621624054790365e-02
8.455045106766240215e-02
6.441684846474438064e-02
-5.805141199184073175e-02
3.756061639970063176e-02
7.929886657315995610e-03
3.325905852764041160e-02
-9.769878743383872757e-03
2.043094370565390339e-02
-5.841094185541861189e-02
9.604448966225365147e-02
-1.800195464575601867e-02
-1.174258436562887822e-02
1.181067460618735188e-01
-2.715835155265644216e-02
-4.361095850050857731e-02
1.201718802966991739e-01
-3.291609605688358871e-03
-4.505298437165371206e-02
-1.845851711318272428e-02
6.577509564629754890e-02
-6.058283985745536310e-02
-8.447905432428405581e-02
1.282031593980800521e-01
2.554821024277970434e-02
-1.396509139289375161e-03
7.424929963490928264e-02
-1.030359294327413099e-02
3.023744510685275055e-02
-5.708834072747203531e-02
1.101330517300664518e-03
-2.751966023104247903e-03
4.671209540683733674e-02
-2.218607586175621801e-02
-6.157643000333654082e-02
4.317173075778096836e-02
1.685950211553739406e-02
1.476255848649529745e-02
-1.012532779651951521e-02
3.369598427473394220e-02
9.300065849572490551e-02
2.372837805787092816e-02
1.681548516871596635e-02
-2.172372352652256894e-02
-1.681182290293446735e-02
-6.459609021570739823e-03
5.656746189717788698e-02
1.181084202405164804e-02
-8.566981388409673770e-03
1.021540907112784002e-01
8.820357862406717764e-02
2.186927243229580889e-02
3.013870344563922407e-04
-1.440979509493275218e-02
1.388807219957277073e-01
3.221841698614742039e-02
-2.995182325461766271e-02
-3.135485471487027553e-02
-6.097895750012648913e-02
-3.871468354425486313e-02
3.268544307009269012e-02
1.123977271319011491e-02
1.331613789641236840e-02
-7.545010426657976221e-02
3.310478994143504008e-03
-6.982727065799863853e-02
-1.049396798221289701e-01
2.448360701945920259e-02
4.999746172133628236e-02
-8.662514207224169746e-03
-2.672658785637873138e-02
-2.385251142850283376e-02
2.788672389851373085e-02
-2.284922499798112266e-02
8.433012218250315536e-03
3.642942969660033399e-03
-9.245369038157778829e-02
7.087607382037611203e-02
2.248020812209307329e-02
-3.808250671292491563e-02
-6.683258361038542372e-02
-4.927582096877260176e-02
2.827269183316185024e-03
3.864335655831997729e-02
2.301681725588679717e-03
-1.142187451933486877e-02
6.044447596835821057e-02
-6.418724183960534957e-02
3.776249444106548336e-02
9.702597689169501285e-03
-9.338481273684313966e-02
-4.094287580316149228e-02
-2.685406958429658111e-02
-2.976086225315385803e-02
-5.522728189348011241e-02
-5.631382383276786752e-02
3.982532668025705325e-02
2.684918656325458244e-02
-3.477757343553624942e-03
2.333327189812992378e-02
-1.072407686094482698e-01
-3.716763784198507531e-02
5.274698623391953223e-02
7.197157959114811043e-02
-4.575739503568349129e-04
5.700909627170477195e-02
-8.033033501083833294e-02
5.115386574024632232e-02
-1.936508484835117172e-02
-1.435611674219251441e-02
3.832787852028525510e-02
8.614730358456055767e-03
-4.021328270204370392e-02
