-3.093579960321109490e-01
6.424694805110188478e-02
-2.513836555724282551e-01
-1.319099527072592204e-01
1.039721200743040121e-02
3.388951817914434561e-02
1.442513699313673348e-01
8.380206200000886452e-02
8.379124056735935688e-02
5.441429394006704057e-02
-5.276513491389281385e-02
-1.082810984894948397e-01
-1.894314657092271148e-01
-8.468054385427439823e-02
1.030848991450912695e-02
7.389642295836006125e-02
-1.516570873459246408e-03
-7.734876720665341543e-02
-4.843140716535536405e-02
6.253975610535622565e-02
1.138609295692770938e-02
6.338123343914207897e-02
4.030850527592962085e-02
4.173338413646600353e-02
-5.501592463096528773e-02
6.092309551414199636e-02
1.795104991494091487e-02
-4.377546016515037469e-02
-1.088302947307097091e-01
1.347596080172974199e-02
5.674697834775827704e-02
6.297711949685579069e-02
4.922877948026692374e-02
-3.810588288210144114e-02
1.324077727461476228e-01
-1.161467438601615325e-02
-6.472049667480482549e-02
-7.584479289044232520e-02
-1.060001999282682295e-01
1.250454434732228559e-01
-5.744815256422729915e-02
-1.370156548341428249e-01
3.049711852306713836e-02
-6.303071460493057943e-02
-2.960566460442682225e-03
2.278092498880264841e-02
-9.634260041227005189e-02
3.736978650285501663e-02
-2.148412819546158953e-02
8.105068714611546321e-02
-2.976481135209861281e-02
5.389104182760174472e-02
-1.080174583495829288e-01
-6.936196958212846250e-03
-7.917178603246136093e-02
1.177774347631074248e-01
3.233983440451786845e-02
8.678563680621104170e-02
1.959307430570900524e-02
-1.038753416466657725e-01
-2.937155297947333793e-02
1.852956984904512855e-02
6.611813420015413834e-02
-8.516877139292774318e-03
-3.014332253575044418e-03
-6.797344663885301896e-02
-6.991447711346006344e-02
5.408292596931412594e-02
-7.352275923034301552e-02
-1.459879538440253706e-02
2.270677939979726112e-02
1.934155280488409137e-02
2.102034275705125937e-02
-3.057392679897051255e-02
-1.377633236602920485e-03
-1.422339066879835592e-02
-2.451423174835546184e-02
-4.203358501570790030e-03
-4.378590609067323225e-02
4.417373667846800911e-02
9.452337079473999149e-02
3.687534602810636081e-02
5.233473547274181820e-02
-6.279844637859878335e-03
-6.712643910920211565e-02
2.781176464943912671e-02
6.728404969135583745e-03
3.680485309933282517e-02
-4.205949500744596975e-02
2.213051250845287504e-02
-2.525210325220054661e-02
-5.754991499554638901e-02
-3.659576390381807931e-02
9.683086208793492689e-02
-7.546116115506359967e-02
8.211770771496514076e-02
4.754135286418705725e-02
-4.751308741865461344e-02
3.678252749380356984e-02
3.416213635308405772e-02
-9.508970381573421393e-02
8.365056194291589642e-02
-2.019460258557271778e-02
7.271681852554179315e-02
1.666865894045817947e-02
-2.836717382674930257e-03
-3.044587886878671185e-02
-2.434982790091072546e-02
-2.662058776971808205e-02
7.287122022861333703e-02
1.604214236816723163e-02
4.918453791334657932e-02
-5.591567384340317276e-02
1.747077629996999365e-02
2.050408873194604908e-02
-1.650418681899041770e-02
1.074338520007633302e-01
3.461742167562775058e-02
-1.083413161778030639e-02
4.524557056594095961e-02
6.530963321948946021e-02
1.094040013461906533e-02
-4.232992841264886924e-02
1.457077231165183340e-01
-8.746151549714922813e-02
-8.524353144814035901e-03
6.415245680323497512e-02
-2.331899256426442357e-02
-4.424081590609028891e-02
3.710020652293992416e-02
-4.109737747497455018e-02
-1.649262461319109807e-01
5.528748455754810970e-02
1.222819841172539945e-01
1.265288331714918384e-03
6.388396920768829590e-02
-1.995202498176410974e-02
4.738838491559905358e-02
9.534945233633365658e-03
9.000984340656562055e-02
-2.165392569072531817e-02
1.286770753059804200e-02
-6.844515186393426709e-02
5.223269994533062677e-03
-7.449184071316301836e-02
1.091947414656183404e-02
-9.666953057152631590e-02
-3.110939996155732620e-03
-3.977159835885928085e-02
6.591870577889745453e-02
-2.800641388908403293e-02
-4.414448125960170055e-02
-7.647823927607032279e-02
3.965973137213246041e-02
5.256399964206050907e-02
-6.478023644495188582e-02
-5.332552809488383394e-02
2.029684293505298887e-02
-6.013084375095732043e-02
-1.005222336908395686e-01
6.706895238181487251e-02
3.834436404452853941e-02
-4.063342135150666001e-02
1.839483106460485656e-02
3.338640690347149248e-02
1.531703810662786783e-02
-2.807141075900404514e-02
-5.050560612187311033e-02
5.022626295666541424e-02
-5.280070567988895403e-02
7.180959330758264307e-03
-3.392375760169149407e-02
2.913221839175842223e-02
-4.740944745170232871e-02
-8.930487998181869946e-02
8.038242100874458396e-02
8.029161655812104212e-03
1.607631351669135469e-02
-1.408424820987295425e-03
-5.293209903720098863e-02
-1.870476099212784599e-02
7.369419530215935710e-02
-2.457898965919488518e-02
8.327078768983810220e-02
-2.885977090287627708e-02
1.085823234790821157e-02
9.642347099254341969e-02
2.279277053179752655e-02
5.660954273940849851e-02
-3.450616915510815175e-02
3.869160572563482003e-02
1.015511914918526826e-01
-4.106679071265924991e-02
2.492524136696729758e-02
-7.137513156206165554e-02
-2.320507735684683784e-02
-1.294312984383400589e-01
1.793729269930133263e-02
2.912702956600850615e-02
2.331049244839777934e-02
-6.271836094959019892e-02
-3.569195238701019287e-03
-1.049419525713772908e-02
-6.816352151895523070e-02
1.060562187641604093e-01
5.356397512029941604e-02
1.330053069956643567e-02
-3.995750852355696436e-02
-5.918026452837717166e-02
1.218469420425372790e-02
-5.886005936038887602e-03
1.969920627450171338e-02
-8.861387859478042639e-03
-7.156790326607337382e-02
8.725747857933835450e-02
7.880918269617441518e-02
1.672798906646709438e-02
-2.449429573363209531e-02
4.807307095550748810e-02
1.732525021989173367e-02
6.181550526910466886e-02
-3.013649513344791777e-03
6.071608867632952069e-04
2.095053256850797421e-02
6.721304470740960962e-03
4.273298410757827431e-02
4.259360268957228246e-02
-3.736391493687484661e-02
-1.165341989408296558e-02
1.918561493629448306e-02
-7.176487382250113130e-03
-4.245923941225864667e-02
-7.526224478897962367e-02
4.059064767608135810e-02
5.237641676379871727e-03
-1.868550771763473339e-02
1.004258649073394710e-01
-4.616607508137850896e-02
8.054662003412024762e-03
-3.240496782248393492e-02
8.530873314012945435e-03
3.712348796479152807e-02
2.307156750482101948e-02
-6.362009010869580650e-02
-4.919197978185633341e-02
1.519557861966599858e-02
-1.022488837331474165e-02
2.785221700808156869e-02
8.370736593007288562e-02
7.223801280206591617e-03
