-3.228393592470805151e-01
5.706946091408419269e-02
-1.678549516008368270e-01
-4.898889040065461387e-02
8.616706384538064256e-02
2.145306102430702133e-01
8.031777738566832359e-02
1.779102979664700379e-01
6.554258374091338768e-02
1.138365409013246121e-01
-4.739844317999868106e-02
-1.062981551624907067e-01
-2.012983849057793373e-01
-2.010947202849157345e-02
-4.162265587683777052e-02
1.503239571942476815e-01
-2.074112146698395276e-02
-7.638425543612077651e-02
-5.055077960112951824e-02
9.011452750556775415e-02
-8.745692906959794122e-02
8.995512942217258334e-02
7.359430712034681354e-02
-1.899574136518837261e-03
-8.837618250660642105e-02
4.765299183232098862e-02
1.299323743297270128e-01
-1.680837048761002137e-02
-1.367154662884748628e-01
-8.346722266864808892e-02
-6.502551974447473571e-02
-1.533845160409609467e-03
2.046829439679548682e-02
-9.646568342454704681e-02
-3.065313162783902048e-02
4.363283210951331148e-02
-4.488559439412531660e-02
-1.646689494821246963e-02
-1.387040553562891299e-01
-4.717916641311931114e-02
-4.825521590918700754e-02
-4.424405083840486164e-04
9.868806919751048345e-02
1.379782833091010991e-02
5.564226662769149873e-02
7.687333964000860054e-02
-1.184293065968285708e-01
-1.349474068140720656e-02
-4.594628873423516058e-02
1.139369918901953771e-01
3.430887944858406619e-02
-2.325634741089262908e-02
-2.119316697878096886e-02
-5.826009585220561643e-02
6.642903882178595280e-03
1.494981838907901706e-01
1.709060981866805315e-02
-6.567991280308878993e-03
-8.726470050630960595e-02
6.190151647722429151e-03
1.368247191868277078e-03
-4.167392539338325708e-02
3.822855605876375462e-02
-1.095470877216242200e-01
-7.063178998071175871e-03
2.578365188752129722e-02
-4.492227972488655602e-02
-5.982889166048582785e-02
-6.747556658495559856e-02
-5.096019688707700140e-02
1.869978518979141871e-02
2.102564158480559747e-03
-5.788466550141171257e-02
6.314358155067736900e-02
-9.161843332423526276e-02
-1.285338986823015422e-02
-1.148443595370272734e-02
-3.669011720106968300e-02
-1.912327268140740150e-04
4.092116939011864601e-03
3.336501921353432314e-03
-2.148575015966835283e-02
-3.056051883573336625e-02
-3.518174618014664051e-02
-3.930463767858869556e-02
4.407880623119309754e-02
9.648794518831022016e-02
-7.956778402552583396e-02
4.660723503932496375e-02
-1.029874807419534216e-01
8.544174153079388268e-02
-3.465806468971777826e-02
-5.560089122837408998e-02
1.045298386980300365e-01
-2.736841320314681650e-02
8.090223702478392676e-02
3.199783210565476654e-02
-3.570822243745486874e-02
4.449628658020632344e-02
4.509822154325724211e-03
-3.392300887668910775e-02
1.073633789523705494e-02
-1.731544399554890354e-02
1.941129428876755061e-02
5.332421630568518617e-02
1.493308191156009733e-02
-6.543468004036434582e-02
-1.242328488262396669e-02
-2.629329529603889951e-02
-5.800169234901521829e-03
4.976239835109239062e-02
4.774370932274983603e-02
-1.039560120225588823e-02
-1.254525878884150958e-02
3.732430441638354829e-02
-6.654850707493925599e-02
6.866533418163170421e-02
7.719595853390978646e-03
7.263823985754815646e-04
8.192181295563423504e-02
4.174581836207297281e-02
-2.815245774595735023e-02
-4.935638618341171846e-02
1.130152006763654043e-01
-8.976145528980873645e-02
1.776045440451167259e-02
1.174964969342673186e-02
6.131978735747355830e-02
-3.313469187416646228e-02
-7.722156116842529561e-02
-8.425579666122863520e-02
-1.572043198899001071e-01
5.935786100816350941e-02
9.310406072503661645e-02
-3.832942465647855290e-02
-3.383492553435345218e-02
-9.520935540288207738e-03
4.394928324202555803e-02
4.638243298620134403e-02
-2.871478411633873046e-03
-6.146238471583534641e-04
-7.031639893218821769e-02
-1.656310560112833966e-02
-6.024200317851522400e-03
8.954176091408531241e-04
-7.879764906959763407e-03
1.663711873779550113e-02
6.531858478172063165e-02
6.000142836058970641e-02
9.613512996260907550e-02
-7.619250872919094975e-02
-4.640610819528281222e-02
2.384170651521080181e-02
-6.053400813177239317e-04
3.955202273304781607e-02
-1.887768655735337989e-02
-5.396142315417904595e-02
-5.032488534025994498e-02
-8.335446828075671055e-02
-3.418240821635375876e-02
7.895650104911981770e-02
5.576028931176925385e-02
-4.019292381362359924e-03
1.422022361478013537e-02
1.549945587535296425e-02
2.027898909541545405e-02
4.429535247870757669e-02
-7.389752326487865342e-02
-4.817162989286410957e-02
-7.798835525360116316e-02
1.763083504407243415e-02
-6.536728439768738075e-02
-6.358512259385886226e-03
-2.372651072176962944e-02
4.621002478112640329e-04
8.075565632052512932e-02
-5.677906214868871926e-02
-8.098591941237853753e-03
5.531967985754755214e-03
1.381514303605924391e-03
2.312720990681190261e-02
-1.082795485086845630e-02
6.516625392491694375e-03
5.724684830153040777e-02
3.437499014097165906e-02
4.657157766879520266e-02
6.731610425404596643e-02
6.323763991185855915e-02
1.742810201216858298e-03
-8.102029183261893683e-03
8.390757513281194013e-03
1.192269073651918559e-01
-1.697628136667220233e-02
-3.124957342840292349e-02
-4.417321795370385967e-02
2.193349108799601266e-02
-1.519049600302768144e-01
-2.376364578513215017e-02
-1.513263469149777989e-02
1.901954506929877733e-02
3.801332688529587226e-03
-5.391185619676697183e-02
9.734205164564814147e-03
-3.582862227956794959e-02
9.576933673898536947e-02
6.135862497996948973e-03
-3.993593375575150116e-03
1.921440778068029404e-02
-3.519533452945663304e-02
-6.902913573230688715e-03
-6.270721243241055010e-02
5.657575088915466066e-02
6.593690286096088801e-03
-5.634760796527869819e-02
1.053372372123497075e-01
2.976015542424795268e-02
-5.671462189167728735e-02
-4.068306810150015135e-02
-3.934007018281780732e-02
-1.100164800623276012e-02
9.153760995103449663e-03
-2.637916209912541735e-02
-1.713667528654162428e-02
-1.323617655943064124e-02
-3.975154338922826276e-03
5.838653496067868279e-03
-2.060090126665748908e-02
-6.089960861285268617e-02
7.019715554533557250e-03
-1.464454632408420005e-02
-1.472039051491370269e-03
4.288727182786912506e-02
-3.504791860750975513e-02
-3.217624745333246689e-02
6.807730880546311591e-02
-1.972960859919938026e-02
1.415077205164020149e-02
-2.598468236029174636e-02
-6.625267939457122994e-03
5.826722732631156587e-02
-1.360312623831476300e-03
4.964977245822994184e-02
5.422046913251412498e-02
-4.273217832794331400e-02
-1.425963946490626730e-02
-1.797969904763380491e-02
5.481536899273078967e-02
1.772370482623596144e-02
-2.679121353316609062e-03
-2.510834626294789623e-02
