-2.362712774753925882e-01
1.279914115089678395e-01
-1.913790975508055103e-01
-1.475431770091308048e-01
-7.535890098884719807e-03
1.490806924262453367e-03
1.716678493041858267e-01
3.339260844359025204e-02
2.655315056167890323e-03
-3.029293508060047421e-02
3.596666261403246023e-02
-1.595405870302787077e-01
-1.617421954744782120e-01
1.243423683124399506e-03
3.654681909208128132e-02
4.867094324235264613e-02
4.373877084048804348e-02
-1.147906466885919852e-01
7.017267270400853740e-02
-5.903636380850982128e-04
8.327149805554315276e-02
8.410429000270985833e-02
8.182640863772148998e-02
1.124823090078966581e-01
-9.957405034325286786e-02
4.437825437169268944e-02
2.207782289541843079e-02
-6.223536704279110376e-02
-1.182570841223997277e-01
2.912096151772999506e-02
1.058231445870791154e-01
8.600318513114102448e-02
-2.519259228474016871e-02
-3.507817723055132314e-02
1.157238585921026158e-01
2.069932776443536918e-02
-1.756546537025613017e-02
-4.554890661934811458e-02
-1.301620351113743912e-01
1.163075495883517108e-01
-1.208971710207141503e-01
-1.115177489009089168e-01
-4.830926623511262036e-02
-6.713536541916918787e-02
2.659797618034953279e-02
8.840906890758754022e-02
-5.128516539533242713e-02
4.536570626478120434e-03
-5.221847639748419118e-02
-2.370432889226669129e-02
-9.993912973717164472e-02
1.912821790797814697e-02
-3.897840244946054744e-02
-7.529613851613224489e-03
-7.119900429729993097e-02
7.523664629857454433e-02
5.618552713339465543e-02
4.996857388217453705e-02
-1.758165148164051589e-02
-7.807393949273543077e-02
-6.231953482198989563e-02
-3.658520329907853641e-02
5.921081044977702379e-02
-2.261424383984904363e-02
3.322116779443729027e-04
-1.098994020255136123e-02
-1.186118572576411040e-01
2.560210090276506673e-02
-7.546632391583089905e-02
-5.706106362776829088e-02
4.948451005314034867e-02
6.466467113142440604e-02
7.899185717263184150e-03
1.640181609324047746e-02
3.130889434945372668e-02
1.577085504517291431e-02
-1.673115391059211247e-03
6.581966579378146880e-03
-2.778045419917967232e-02
-2.241178531602274274e-02
1.382876281907366722e-01
-8.911247106232030729e-03
4.071352055698605754e-02
-2.562030201985240462e-03
-4.520675204441048506e-02
6.994798305168899166e-02
-1.600291102981636973e-02
7.991347453513039656e-02
5.654568462813737428e-02
-1.169925524287148723e-02
-3.902471454774810496e-03
-4.030384677455928211e-02
-1.511637458627743472e-02
3.287607329314616578e-02
-1.028625396504735390e-01
8.695790143977663589e-02
4.234088540872409795e-02
-6.467722362596739494e-02
6.474864071334093807e-02
1.128317308165170847e-02
-5.551862631147769234e-02
9.879539928702289753e-02
4.460155664303643019e-02
1.031112772397070193e-01
2.344531807723618244e-02
5.000296111064626153e-02
-4.305674095935873441e-02
-7.593961902586242492e-03
-3.460147973384104098e-02
3.678779395442633576e-02
4.799039984084026850e-02
-1.317063883347268163e-02
-5.482235925890619616e-02
5.351891483213807449e-02
-3.089178816894227672e-02
-2.413382240291924320e-03
8.845016181077564044e-02
3.558737908155187174e-02
-1.606170955688616953e-02
9.290342351294475498e-02
1.187456404231650997e-01
1.886633323235490517e-02
-7.025036603865357498e-02
1.335416621355532407e-01
-9.628691538412763318e-02
-2.459307853879083919e-02
-1.762072937912566783e-03
-1.213231630460468065e-03
7.993957051062767032e-06
3.404926907259056557e-02
-2.786766100337308150e-02
-1.453945533050548800e-01
5.540737157037033817e-02
1.015619030185374028e-01
4.166222488139317837e-02
6.389972872055060815e-02
-1.275515126409967545e-02
5.734897821312805177e-02
3.841879242300577646e-02
6.250963904855547093e-02
2.514248140520933608e-02
5.111412114074398438e-02
-6.812697945518511600e-02
-3.561076636085828973e-02
-6.944049891046800982e-02
3.590178603697342409e-03
-6.579228153594952888e-02
4.893259668781325955e-02
-5.344340166759786737e-02
2.957830174653976012e-03
-1.791171602236042715e-02
-4.103420375967910955e-02
-3.517846505537374630e-02
1.366180473178777409e-02
5.601778616684384426e-02
-3.235891051797493145e-02
2.458779327793063005e-02
2.326657716152006478e-02
-6.288614781908444251e-02
-1.043910370912453506e-01
9.429298465885387059e-02
7.056417840222835476e-03
9.951221279118845769e-03
1.492237247982746914e-02
-1.068633499901285727e-02
4.700641640019127127e-02
1.544686855444223940e-02
-2.370102560422905971e-02
2.095173200339061834e-02
2.843817188035202906e-02
2.447307008438376862e-03
-1.733004003181429567e-02
4.713716054072063233e-02
-7.337715939643228713e-02
-8.214904078035673018e-02
3.454621572497151155e-02
-8.300931608399651079e-03
3.682214815001767783e-02
1.908580368957498927e-02
-4.562405642220418445e-02
1.182686125976510454e-02
3.677203727048684173e-02
-1.914916075413671903e-04
1.341396563690052668e-01
-9.468406092962880494e-02
3.001027272322054004e-02
1.220391507282029553e-01
-1.102406316798007144e-02
1.416294655997650531e-02
7.240975846173218489e-02
6.730016645936652553e-02
9.558295167042847595e-02
-1.539741833251892858e-02
5.046631332368451545e-02
-6.629494287663556529e-02
-5.261625834297550819e-02
-1.210549360573913297e-01
3.489715704608924163e-02
3.665159938863488120e-02
5.882964404311498419e-02
-2.287067809021019887e-02
-2.933676532522831379e-02
6.382943475110985573e-03
-5.287847334740251870e-02
9.996710858685037282e-02
3.009434140377820199e-02
9.317518501980051604e-03
-7.331978128321865740e-02
-1.747459191634094869e-02
-8.327853405906330761e-03
-1.388246437270140680e-02
-2.605451923239876857e-02
-5.185864923154523409e-03
-8.884008193073740511e-02
4.477778705984394869e-02
2.214322799856348681e-02
1.199651813337774403e-02
-3.791428124101866443e-02
6.019737045509537116e-02
-3.188188269246089446e-02
6.059277403319959093e-02
-1.398598941980070710e-02
2.525760099332071199e-02
6.080953579422881949e-02
-2.560477656607554591e-03
3.627314167816370061e-02
-1.162149584246569695e-02
-2.921348661566399232e-02
4.439780983687546118e-02
3.275229909037619819e-02
6.663623859668341316e-03
-3.629497641209243619e-02
-7.329718679304128570e-02
5.081632972415171118e-02
4.521223550255294016e-02
-1.574713743706273802e-02
7.017904804992115830e-02
-2.629238900398845127e-02
-1.961944987205399560e-02
-5.882901641838783613e-02
-2.153350709257788320e-02
3.302267321625614732e-02
7.350674738614847853e-03
-9.693611058216292098e-02
-5.542127841300875657e-02
-1.248636271647778420e-02
-3.179655876244892598e-02
2.471721610324494403e-02
7.154409879859106869e-02
8.748018431140619500e-02
