-2.772255117560539772e-01
1.041822242523837011e-01
-1.700017351474289451e-01
-1.518424724774943835e-01
5.522588515731888942e-02
1.066592307564899339e-01
5.099691454454489264e-02
1.801050368844352989e-01
5.955127849387815281e-02
1.193717589860082834e-01
-3.585565685586728640e-02
-7.128880746463056584e-02
-1.334311839280202458e-02
-1.247823677465322023e-02
-3.339654898407134771e-03
1.320302957448512560e-01
7.939797167158200997e-02
-1.379097829888500382e-01
3.744981742646007888e-02
1.307589673863869262e-01
-6.519177794462580056e-02
1.485777619441001618e-01
5.804467343473343477e-02
4.200102910387338434e-02
-4.518120554631960967e-02
1.075863470686349993e-01
3.655304668542452839e-02
-3.461089729288737565e-02
-1.509776893839271106e-01
-8.240169058851793543e-03
5.619595818700863499e-02
-5.094262750012491792e-02
8.375807850236505203e-02
-1.142299252838830798e-01
7.379441893890603676e-02
5.799156868529174551e-03
-5.606367251554847386e-02
-1.842816909444197973e-02
-1.660680098639565616e-01
8.387016663461269173e-02
-8.062460271156142444e-02
-1.878075573019081720e-02
-4.246389758787525587e-02
-3.465339422905158815e-03
3.245685436701831184e-02
7.508821090195795869e-03
-1.200016266356941121e-02
3.795600388480552950e-02
-3.411252711800953630e-02
9.577909553569047274e-02
-2.255552802213709948e-02
7.643523898056023280e-02
-2.922744847533703672e-02
-6.746401752679702379e-02
-9.678201009255503473e-03
1.412715730765729816e-01
5.261445828248614842e-02
2.213814505327234977e-02
-2.139247817876813174e-02
-2.596805826934515254e-02
3.173877437534093626e-02
-2.970407755922515464e-02
3.701972478657868104e-02
-8.708545066960880765e-02
-3.418014782246247413e-02
5.699449992026431148e-03
-1.183628672711979218e-01
-5.862219169010258329e-02
-6.367272594668181573e-02
-4.439793512320022728e-02
4.032348389578373216e-02
-6.851895306270650021e-02
-4.333718663698080814e-02
9.944187821997063637e-02
-6.147073439113750343e-02
-2.870083458708884427e-02
-7.633428412602485946e-02
-2.794689164773657419e-02
-2.663020914024381239e-03
1.880134736772942280e-02
6.111788502317127419e-02
-5.364952469445485872e-02
-1.591139150092705937e-03
2.018289189139245085e-02
-5.406644788193915724e-02
2.229535744385819848e-02
2.664794356491821583e-03
6.138229215845573267e-02
1.153256499965436832e-02
-9.952424477012507265e-02
2.749614168726221067e-02
-5.985680322118547975e-02
-2.726611963092979291e-02
1.085909693849126528e-01
-9.911638584414102573e-03
1.064381744370762328e-01
5.141465877020856556e-02
-4.009103156644037991e-02
7.125143380670562188e-02
6.929667326773333857e-02
-6.173806442234051894e-02
6.464936728180652181e-02
-1.398858576789587665e-02
1.136638030384435755e-01
-1.665292034300724922e-02
-2.120396781278468396e-02
-5.737562584312805997e-02
-3.272516964403656553e-02
2.531293548526190526e-02
7.626295232900116849e-02
4.910632634967220661e-02
-1.096985827304105231e-02
-2.573179632284952265e-02
-1.544592853627837874e-02
6.693382391208678450e-02
-2.349075619149436356e-02
7.814263713685180857e-02
2.459469128594865550e-02
-1.543328454831607507e-02
8.961779514700458915e-02
6.282853449065313456e-02
1.873632114392328671e-02
-1.033551760735402919e-01
1.050048059835313463e-01
-1.014212370627968485e-01
-6.534189656534188095e-02
-4.067222807285311714e-02
3.803554606362293672e-02
-4.255184719764941448e-02
-1.882827742001277546e-02
-7.875752905014590799e-02
-7.063535959843321443e-02
8.442236407253007890e-02
1.333254013689901540e-01
-3.378447310306028489e-02
-7.767316750588779302e-03
2.359598044456247615e-02
2.753246441631755637e-02
4.916025213729325466e-02
1.111353995443087848e-02
-5.597296421749162892e-02
-7.989279496152497384e-02
-1.169588591429473155e-02
5.958602482962910979e-02
6.453557139014577150e-03
2.936429911907450022e-02
-3.947012965367328874e-02
1.382782649237514760e-01
-4.125355594537455546e-03
1.051125918757190962e-02
-1.372831666503545288e-02
-4.062299862361806041e-02
-3.217674898174429504e-02
1.277568248627553894e-02
4.104928164634718407e-02
9.817186352259329660e-03
-5.478800907549705862e-02
-6.616953589167444416e-02
-4.885968648058932468e-02
-6.223718995234338303e-02
7.075890942366488967e-02
4.668196481362721362e-02
-1.180856519403152873e-02
2.945047528638121762e-02
-4.119214228955764452e-03
2.272095079451665403e-02
-1.038705253179675152e-02
-6.374418910981420605e-02
1.421207236032050528e-02
-6.731399743066246444e-02
3.240703377029411324e-03
-2.724736711891297125e-02
1.206903134605500152e-02
-5.349037465376568767e-02
-6.303661840683277839e-02
1.463431587520712743e-02
-1.284839362744058348e-02
-2.376261835344749621e-02
3.482082033458880344e-02
-2.753184042730123446e-02
-2.698062823519910888e-03
1.889602949057442305e-02
-7.422185141508628146e-03
1.078277322933699073e-01
-5.319572047195323880e-03
1.657616969399970316e-02
9.517208558891833425e-02
-8.209626438579213994e-03
2.216652013275139527e-02
-3.917938361359463162e-02
1.492929847229133335e-02
1.330989918806469718e-01
-2.013783331610860192e-02
1.730255859205230605e-03
-2.589331095349527156e-02
-2.759312271700944171e-03
-1.182404340578901980e-01
1.217987150027000781e-02
5.782637580360242696e-03
6.155510427444961519e-02
-9.753145374268435211e-03
3.912181241645718878e-03
6.089787963262717485e-02
-6.659663995258292835e-02
1.403537180750912272e-01
5.021669838345276665e-02
3.228657104861688137e-02
-5.354715765425095003e-02
-1.925623536062781582e-02
5.559495823970948825e-02
6.611689092361321303e-03
5.554103245208844020e-02
2.202536724895403156e-02
-8.357626780792526411e-02
1.027963774886607728e-01
3.215793078667312371e-02
-1.181618442833608576e-02
-1.128993179688682000e-02
3.011541768708973776e-02
1.314718584167706705e-02
2.946068900133258506e-02
-7.419193278383001688e-02
-4.280147564570519619e-02
4.778369952576080187e-02
-2.224671914211229576e-02
1.038625119853368584e-01
2.043366979289935187e-03
-6.884332882661216291e-02
5.958044177000939093e-03
-7.227402043834789055e-03
6.100632235535841802e-02
-5.164602732915515165e-02
-5.379018495534459987e-02
-8.530685208240225068e-03
2.858024049930291827e-02
-3.004520250198997391e-02
2.471361045584867175e-02
-2.054250661395669308e-02
-1.989667798206392127e-02
-1.900407811497957164e-03
6.623938981997527786e-02
4.059045267018782099e-02
1.750184097894909308e-02
-3.807449611485227287e-02
-1.434501486232416488e-02
2.074083659656541373e-02
-5.977519202615606299e-03
-4.546810912771880736e-03
3.468367411710677334e-02
9.371198413225314064e-03
