1.239743951785408915e-01
1.885348883457438895e-01
-4.625484623726735384e-02
-3.881408663283134053e-02
-1.528607383030115840e-01
-2.929992987998907353e-02
-7.104065799439568396e-02
2.115457755284368135e-01
-7.346457351242664802e-02
-7.067585818176466694e-02
9.074777136162853752e-02
-3.176103465900290460e-04
9.394761333346548018e-03
7.103596141246744378e-02
-2.285210756902744111e-01
-1.118793548327459558e-01
1.112118970568066745e-01
1.006047785952330492e-01
2.065786768710268714e-02
1.651216606445308765e-01
3.501669247185110548e-05
-1.592767484600551495e-02
3.107348062433663068e-03
6.684121086072769558e-02
-6.028251407176875298e-02
1.675743307457960296e-01
-7.252675875501218838e-02
-1.398064770100612142e-01
-1.079097207181929502e-01
2.935350925341543432e-02
-1.457681647520046343e-02
3.471269262799191874e-02
4.925078626443701868e-02
8.068568005049042702e-03
5.656438671190409245e-02
4.917228625220769478e-02
1.836171836724229123e-02
2.438171401407726244e-02
-1.186212183169066542e-01
3.902156692563443774e-02
3.256338337984742565e-02
-6.420013434020480081e-02
6.096847062958868357e-02
-4.706048576041534787e-02
8.346104047471697429e-02
-9.090537842728878964e-03
-7.815284856107575229e-02
-1.082977478441698137e-02
-1.092488855584827639e-01
2.679553347843932620e-02
8.739284633754854092e-03
9.576103709989779167e-02
1.152928753075498219e-01
7.630721966142117729e-02
-5.333269105175104247e-02
-5.782962032374512791e-03
9.718946894636128209e-02
-1.495481464153597395e-01
2.590161738476239039e-02
-1.076448910066061110e-01
1.725105661505345681e-02
-4.185389337420159547e-05
-4.648881269618283796e-02
5.315546697041768909e-02
-1.277981157579488602e-01
-6.200740567137669190e-02
-7.438804292776093896e-02
2.376732441897352194e-02
3.014049024699813270e-02
-1.210412040418955976e-01
3.363707951781187006e-02
7.202895302015460688e-02
-7.142162427271170344e-02
-7.110049947705971221e-03
3.037145344944248634e-02
9.623657400751733926e-02
-3.270204437011004633e-02
-6.360925960427923909e-02
8.092133983486303472e-02
-4.400793115381126941e-02
7.360761158924825076e-02
-2.922679738996346397e-03
-9.684543633273273115e-04
3.071947975518689485e-03
2.562812934866836798e-02
-2.323530073006725705e-02
2.591295947037142861e-02
2.472315871521473668e-02
8.759709972712202697e-02
-7.561365911381265348e-02
-3.036490379437247616e-02
2.167817614886232910e-02
-8.038660043531797861e-02
-2.425426731127597324e-02
9.028118032434850893e-02
-1.628624449893579379e-02
-1.210393829182907638e-01
-2.331651645293536870e-02
-4.854613922751487010e-02
-7.719477779724967514e-02
8.559638777522442232e-02
3.756147308807641829e-03
-1.342703251504467898e-01
-1.121486255299656079e-02
-7.878915553851133582e-03
-1.298579343531611890e-02
-4.752100638567927082e-02
6.438620844326690962e-02
-5.900418114978769890e-02
-1.191088640990214942e-01
-1.003180315013143913e-02
7.659939817661741424e-02
6.240447451630384661e-03
3.340253796723170743e-02
2.126436574658548476e-02
4.986233235075426817e-02
-2.836837723181228135e-02
-8.173330536632253960e-04
-9.629366783000567476e-03
1.013728135134181196e-01
1.848146523164420629e-02
1.281598164654979694e-02
2.656329229451789842e-02
2.409087737943194779e-02
1.737693779054533261e-02
3.222740204952444926e-02
6.621196473095296298e-02
3.323084115578670006e-02
1.406616702649827674e-02
-1.169454651050922528e-01
6.995268041342493637e-02
-5.350010662524785215e-02
-5.252503870777666499e-05
-2.362157063151313491e-02
-2.260509611418471884e-02
-1.031527861146879915e-01
1.890019586260778192e-02
-7.458159322246392386e-02
-8.415744453111198564e-02
-1.406540023761203295e-02
4.574406899041746043e-03
1.071293532787541067e-02
-2.992134837321672181e-02
5.581098468163152998e-02
-1.257051974424802931e-01
-3.266022242627277666e-02
4.486724589899639820e-02
7.413219103605055496e-03
4.755522433972795421e-02
6.382501482714640628e-02
8.912045364779526413e-02
-1.035384170253953323e-01
1.910055140867619045e-02
2.976029075756836395e-02
-4.889793557861665113e-02
-5.010537247815697454e-02
-3.417641965067438631e-03
6.432671840550906184e-02
-8.898425277187600735e-02
6.042951389116928834e-02
-4.784382450678838217e-02
1.752265962846879382e-02
-5.643716365586129435e-02
-4.602953810285906333e-02
2.143849072283693716e-02
-2.723206000147117278e-02
-6.415460625008401196e-02
-4.542141061699299376e-02
6.493174678629323737e-02
-1.175987692361729203e-01
-4.495785478572100757e-02
5.964620709433318679e-02
-2.506485901264762783e-02
3.441374081096719439e-02
-5.673352756039494460e-02
4.602928250656364989e-02
4.867831446178133483e-04
2.760932013350366962e-02
-6.267371326398658848e-02
3.250453233282812882e-02
7.942852967149188759e-02
2.849240533416239410e-02
1.915604775431816592e-02
9.954862275304146579e-02
6.567891865686505126e-02
6.545690132476021661e-02
6.999450235726221992e-02
3.081737313633083064e-02
-9.041687000767692842e-03
2.476795196598621102e-02
2.072505756325989518e-02
6.384277876967774101e-02
-2.397445326687043174e-02
4.122972722079823460e-02
-3.840078742314533000e-02
6.144694689460551175e-03
-2.820233548840333018e-02
1.091939643045054809e-01
1.359848970496273235e-02
1.602052020031500407e-02
1.211123876101686744e-02
8.604521486997310925e-03
2.717276166093489896e-03
-7.037789680038467055e-02
3.110105307470452038e-02
-8.542651208738424873e-02
3.650828855281902652e-02
4.508335256676976148e-03
-3.825222207643537865e-03
-4.823386445359163083e-02
-5.108555232153647041e-02
6.226993501630478933e-02
-2.767488058327760916e-02
-1.138540918111220247e-02
5.613309991292825089e-03
-4.750461627323578767e-02
-1.973570820278239615e-02
2.077020225893756386e-02
9.253416581982068859e-03
8.211152398446283640e-02
-1.875022473627304754e-03
-1.586003767633132819e-02
-7.630536658827942464e-02
5.928821253306758993e-02
-1.903313788576049131e-02
1.094977724511430987e-02
5.648818706633349646e-02
-7.036885508143436285e-04
5.447466335012821070e-02
4.360217203484000915e-03
-3.182870377821402086e-02
-6.828679960852092334e-02
-6.868064155021847035e-03
-3.467566311469368057e-02
-1.604390726134547612e-02
-1.954036873401150329e-02
3.876574698346098302e-02
4.354753832669505664e-02
1.197452669250678378e-02
5.082468435252856381e-02
4.047757122246583433e-02
-1.314400754217798749e-02
-6.475883589244501269e-03
2.406959898783865570e-02
-1.700402279553488855e-02
-4.860713089350826577e-02
-1.765202330348569423e-02
-3.607914237281728553e-02
5.900948477291756422e-02
-1.348526054609390208e-03
