1.201273769537914010e-01
6.583989216748767359e-02
-1.545482682604237545e-01
3.219122755769888294e-02
-2.337712044298281833e-01
-1.218798028706822856e-01
1.609875468743458271e-01
1.494285525987780125e-02
-6.582144886321289468e-02
2.799963998260290160e-02
8.803304607926548675e-02
-7.390810976253603393e-02
6.611324828441747514e-02
1.672069272194428441e-02
-1.809253481490931403e-02
-4.720113046883124552e-02
1.198057978363987752e-01
4.887902047558909113e-02
1.879854588926257661e-02
1.095588782542288447e-01
-4.419663993316587380e-02
-1.064235511953810914e-01
-1.200059354220722914e-02
1.467995843787224808e-01
1.845439799163896451e-03
1.044725130788845130e-01
-3.142357701905884593e-02
-1.422942526237641527e-03
-1.412106738297555231e-01
-3.046657060081569765e-02
5.337221847773508145e-03
5.776890114322506126e-02
-4.923252869681080113e-03
6.820847005219003722e-02
-4.207777468134181811e-03
1.707759839395345605e-02
-9.109328254213733267e-04
1.030689498892814644e-02
3.170303468026001298e-02
9.190225717606972933e-02
1.084223616300931774e-02
-2.057032687528243253e-01
1.416182292527899949e-04
-2.514401326001255640e-02
6.860784385904244997e-02
-3.777833537767658068e-02
6.368098553138284990e-02
-2.752902371280935637e-02
-5.834983056001551843e-02
1.085676199851896839e-02
-3.019016371175021682e-02
9.381377392626320810e-02
2.297075412772396630e-02
-1.565500254636759819e-02
-1.329353504081328408e-01
2.322660297273879473e-02
3.210781667408022649e-02
-1.803578351961266368e-01
8.418224361887082993e-03
-1.379207280922131740e-01
-3.236675095909591349e-02
-2.818365701096858106e-02
5.736578320693339755e-02
5.655368846513496306e-02
-8.730380753524286108e-02
-9.688843222104917552e-02
-8.887561387455551742e-02
6.831379102660128932e-02
4.549651153802104775e-02
-2.075257237573751024e-01
-1.051465950494086775e-02
-8.913108137305338421e-03
-7.692327800067629007e-02
4.106793443656715087e-02
-3.894983187777700806e-02
1.345597478989207785e-01
-3.144479375254788552e-03
-5.450304957198152944e-02
-1.458501355550881860e-02
-2.812884711612190919e-02
1.809978039873155059e-02
-4.200649755053551676e-02
2.307038957224599729e-02
-4.724730806524856525e-02
-1.799158199151050823e-03
-3.501943199893330083e-02
4.489492007358440728e-02
-5.321499970915211791e-02
6.992435603918313591e-02
-6.036157210843905163e-02
1.758787470151081805e-02
-4.612736268066805478e-02
-2.663258205503245962e-02
1.310750380948074931e-02
3.075823135055957142e-02
-6.645691083192858950e-02
-8.311811349722715569e-02
-5.336223413256376696e-02
-7.410727664798458236e-02
4.746217949362280253e-02
7.941697221080662450e-02
8.269863232857140034e-02
-6.770148719182460251e-02
-4.077599634390185676e-03
-5.937599936928909805e-02
-3.734869652452361966e-02
8.626058213630161120e-03
1.122854018468957132e-02
-4.346989747543607285e-02
-1.962450777713227457e-02
-1.978217722796255570e-03
4.297972852968204999e-02
-1.022355344103984475e-04
-4.728634408143916890e-02
-2.403689498554796578e-02
-9.414058789129773133e-04
1.381140014405814360e-02
2.343162872740244332e-02
5.398549301273675161e-03
8.017716915843335623e-02
-3.310531515885146991e-02
5.502851040448692582e-02
-3.474909198627399581e-02
1.163805087532008703e-01
3.531494088171194951e-02
3.854314315137200020e-02
1.894557230548315693e-02
-6.164293107328908507e-04
4.405037620997922024e-03
-7.236708848750157685e-02
6.077335701102525717e-02
-2.097378108986632309e-02
-2.389697548168890837e-02
-4.802397224883491605e-02
-6.678147138572654296e-02
-1.109169918725833315e-01
6.147146381211789079e-02
-4.837065090061652695e-02
3.050272918419652188e-02
3.097715891915966621e-02
5.241261196960356195e-02
-1.430763596621834749e-02
-1.952632838294771772e-02
9.398919332406469040e-02
-1.140877841575083373e-01
7.702783628205362235e-03
7.612955722742227593e-02
-4.672604204442972614e-02
4.170818057067744028e-02
2.689318039757669990e-02
4.903901267338630493e-02
-2.995788901505653731e-02
-9.105334516145208168e-02
-2.686135529734314225e-03
2.785611502076531035e-02
-3.690896932260382540e-02
3.573251531778290618e-03
1.094244362730679293e-01
-1.458928463649876717e-01
-2.462271257132854149e-02
-4.712295443285449692e-02
7.864193741688364769e-02
-4.927974632918345754e-02
-4.635291181151716955e-02
-4.208606030111939483e-02
-1.058640811871359305e-01
-4.661763563001760508e-02
-4.278694053142629433e-02
1.030313005876979937e-01
-9.538831902692494757e-02
5.664555830785709262e-03
4.879779366747665631e-02
-1.927651174647388929e-02
5.224076336191541686e-02
-7.912385541072526618e-02
1.253142789381523833e-02
-1.058763536114089819e-02
2.922691707777499981e-02
5.871002967921661389e-03
7.613115194922047413e-02
4.568129125942065050e-02
4.240483132143259282e-02
1.536261377145498215e-02
4.605126671660198651e-02
1.072711111632567854e-01
7.109179639905773007e-02
3.737979359958842895e-02
1.323714775810100330e-01
3.187973678907309732e-02
6.723010822899713745e-02
-2.887285417071043525e-02
5.380036661268536996e-02
-6.421975882411665171e-02
4.065531750521667043e-02
-2.669321615122906277e-02
-6.599028136663053976e-03
-1.001657241878014942e-01
5.769283984702417573e-02
2.511638297146556037e-02
2.833158479168379831e-02
5.234067614935888207e-02
1.124375937750278498e-02
-5.940581373334231918e-03
-3.707613776849291720e-02
4.739440381719950413e-02
-1.276523144336327853e-01
7.603383925166536106e-02
-2.047133971983922801e-02
-2.774070569758721461e-02
1.117095686062864572e-02
-7.006177945674936514e-02
-7.279558330110365467e-03
-8.157792425095695965e-02
4.369659064583607255e-02
1.188501087970323875e-02
-3.103779301535626936e-02
-1.029295850712652616e-02
-7.376701155126091924e-02
1.100504339145899901e-01
1.009073738275579196e-01
3.206552187856286790e-02
-2.532809962410859442e-02
-8.416594972223708990e-03
-5.538399469402379219e-03
-7.363142553054913102e-03
3.853291613114444292e-02
4.405245628188989883e-03
-5.911911048831891384e-03
3.768431612731340530e-02
1.097608879046219933e-02
5.066046339563409773e-02
-2.719482549249187947e-02
-4.301096427620757640e-02
-5.534371063468676577e-02
3.338116736207409618e-02
5.800592533744815087e-03
-1.564335414366773563e-02
2.104412218831281170e-02
6.981102678791572744e-03
1.589240808710764771e-02
5.603921734589104725e-02
-6.288736876172436319e-02
-1.027586724959369049e-02
-2.872149427134258054e-02
3.948208761185733467e-02
-1.019328839473931068e-02
2.825673687076414760e-03
-3.597550238481664331e-02
1.463885275013050366e-03
-5.225209975382867633e-02
