1.166328255059532748e-01
1.905849015722024531e-01
-2.086468135879818442e-01
-3.316361750674718528e-02
-1.906954759441238378e-01
-1.863454957665745815e-02
8.499819322480887951e-03
1.659435660251075972e-01
1.330572361121325556e-02
-1.672093161124199243e-02
5.368559638178608401e-02
-2.771385525776376424e-02
7.812412944636136503e-02
7.550522725696058590e-02
-1.344107430742079168e-01
-7.377716557870081168e-03
1.505369293473873306e-02
-1.468737097025065927e-02
2.895923638182740234e-02
1.279872095351424210e-01
-5.764696938766930567e-02
-1.080961717168310438e-01
1.783597266211327335e-03
5.130824738547551389e-02
8.811322516190972509e-02
1.356951233108330546e-01
-8.991243626754512330e-02
-1.078194164130392707e-01
-1.221471722725544634e-01
-9.040625942533027370e-03
6.001221765842621597e-02
8.112670625361016741e-02
6.125326949064954091e-02
2.151161240653588075e-02
6.429257430654361505e-02
6.273566159997094605e-02
4.096925972283306516e-02
3.630980615069880069e-02
-1.446647417699852278e-01
3.860202423614945717e-03
5.481607384208798256e-02
-9.691453352927006937e-02
-6.034667319608969654e-02
4.295427551761498569e-02
5.157024051381180196e-02
-6.673294643652954994e-02
3.486094831014048545e-02
-6.127328359391131379e-02
-1.105738751174399903e-01
3.342358793315807625e-02
-2.981860081212941646e-02
1.411727420687889922e-01
7.989023211521797951e-02
3.986167073168690733e-02
-8.072464988844016420e-02
3.104666476883180190e-02
1.663956221624333237e-02
-8.885754398445523672e-02
2.580871844603547030e-02
-1.383809166077665520e-01
-2.794018495741550784e-02
-4.406346137870224139e-02
2.211906173212988339e-02
2.748007349838689495e-02
-1.153443288934799527e-01
-1.233897854887202120e-02
-9.626102337737504899e-02
4.396537807832008593e-03
5.430000096312353336e-02
-1.525544503169702915e-01
-6.881068714589128055e-02
5.962872047057166114e-02
-8.475756266768462444e-02
6.500005866244777837e-03
-4.051393887362774587e-02
1.377023178547969184e-01
1.678079649103385307e-02
-2.860607972285372433e-02
6.536460632700129281e-02
-4.505415949015996457e-02
4.371069506571416408e-02
1.509091774736568033e-02
-9.409999702908533950e-03
-5.688274291985809944e-02
-2.518849416091268126e-02
-4.576352460399475686e-02
-1.233344273307620947e-01
2.463122203746788072e-02
3.430953137647971274e-02
-5.264876647202994947e-02
4.554737938596735425e-02
5.844888198609046043e-02
-7.544805931306923508e-02
4.988611050193158397e-02
1.367509737158876214e-02
4.897784636543325160e-02
-1.649437480119862742e-01
1.438471088741439217e-02
-6.819780846249755279e-02
4.093710940801893738e-02
1.003320481192137258e-02
3.093392575099022240e-02
-9.821992147712034493e-02
4.418379440026370952e-02
3.597662810898819702e-02
-5.393634044853728993e-02
-4.751362308744170281e-03
3.799297804061435579e-02
-2.586507021195691425e-02
-1.988858928440171911e-02
2.910039968462053983e-02
-8.095456367395970423e-03
-5.952009782857824866e-02
-3.275020562199604246e-02
-1.979157056398029094e-02
4.996939614085955939e-02
-2.688259573842509062e-02
-4.008583578541849435e-02
2.497877190864836866e-02
1.469761222947290613e-01
-1.118944510727300397e-02
2.022166086811624450e-02
-3.674447414866590517e-02
2.736055665479532328e-02
-5.244624787749993522e-02
2.659182346515034240e-02
5.506220472900935463e-03
4.159196802786422481e-02
-3.281028341778004925e-02
-1.139180046620904968e-01
1.374156264713716387e-02
-3.036820795985694169e-02
-7.356974991635141514e-02
-1.037713511123537075e-02
-4.862880608230774060e-02
2.717411321767235991e-03
-7.755394041939300646e-03
-3.435740198871398143e-02
-1.949771100881941485e-02
6.104730875424648623e-02
-4.334437310122609029e-03
3.685079020074439465e-02
-3.594611015011386912e-02
5.761283185692848974e-02
-1.592952996563314627e-01
-2.079752765487517460e-02
2.048780585829938425e-02
3.274076634634421473e-02
5.562941293208766014e-02
1.977318881665830752e-02
5.456082305350300893e-02
-1.578761435966775928e-02
1.455951491696668050e-02
5.544786656278406084e-02
1.028582963660320919e-02
3.435097902295089489e-02
-1.521178305890751731e-02
1.759056214096533233e-01
-4.286254421099853357e-02
5.022929559527306714e-02
-7.946074507305979362e-02
7.136546613565726560e-02
-1.176201169615366353e-02
4.905935770442667460e-02
-3.702183271443542940e-03
-8.838149931201433329e-02
4.290966961726029767e-03
-2.028826808765940917e-02
1.126409345411957114e-01
-8.607054461925478517e-02
-3.132920429041022303e-02
7.156177468041635681e-02
4.718324843962768897e-03
2.564140196220700621e-02
-6.944546069047741188e-02
-1.618700927493592345e-02
2.683344763023794155e-03
8.450160215912583261e-02
1.978976077804704345e-02
4.741113952322184577e-02
-3.660025904998533705e-04
1.360391245821444481e-02
9.779337977285348926e-03
6.028641797031223520e-02
3.126884260663668515e-03
9.365251858559074313e-03
-1.717192316860699508e-02
1.061000488044587936e-01
-4.096060113915243189e-02
-8.583495307394465798e-03
-3.525040714577514639e-02
6.148492209010494869e-02
5.076371473556081509e-02
5.117403933842583352e-02
-3.782566155678589864e-02
-3.859847563628034800e-02
-9.434666020598707348e-02
4.699389515061206529e-02
3.511694430469797235e-02
8.596859334501529004e-02
-3.907835279657988908e-02
-1.558747332705003735e-02
-2.137083944972835090e-02
-2.434885994588291760e-02
6.318012373357678735e-02
-1.009581630801192342e-01
7.404004585700436902e-02
6.118332658722941408e-02
5.608707585720658362e-02
-4.359242023207677251e-03
-5.437555065433685719e-02
4.276130265673287051e-02
-8.231633887373011882e-02
2.298995911200649514e-02
5.273371995289641290e-02
-4.716596675826513485e-02
-2.734476538537778875e-02
-4.259313450893581487e-02
3.637236796639118502e-02
1.670883088568833261e-02
5.837084827496875905e-02
-1.572909794782615875e-02
-2.076480956408199505e-02
3.978963415434400713e-02
-3.529480013013769346e-02
2.030618851699840868e-02
3.796778298154368514e-02
2.935785060512436512e-02
5.604069565691734145e-02
-6.537479080862563727e-03
-8.788994725814541775e-03
-2.331877237587809057e-02
-4.944416787423280835e-02
-1.115781998523950880e-01
-1.238287472925289276e-02
-2.159557227943899316e-02
3.829109591561816878e-02
4.851716713042558866e-03
-3.095479151822058336e-03
3.864183952668085592e-02
8.035534710006204950e-02
-2.845224791852786483e-02
2.280993864064662091e-02
2.381905398542501218e-02
-2.838099203315616690e-03
-5.721130778173885711e-02
-7.035063754508961639e-03
-6.587414978220658412e-02
2.392891863737261343e-02
-2.115944935552555375e-02
