1.588097780514219626e-01
1.556050799759229331e-01
-1.310442284695475801e-01
6.457046900502777520e-02
-7.546567810162879697e-02
5.419292785641405957e-02
-3.290634472274207856e-02
1.775409295147636346e-01
-9.459903178876925833e-03
1.764178951352446123e-01
-1.076393532335405551e-01
-4.192535417563166000e-02
1.058831513606025947e-02
5.874124245939846972e-02
-6.248390122878785813e-02
-4.586955373308169992e-02
-5.330177192008078019e-02
-2.029964543667621413e-02
-4.428239043351631099e-02
-6.548672030379451732e-03
9.888235695150277005e-02
6.677696690955482739e-02
-8.492341672094272376e-02
1.939401400826541028e-02
-7.616168546486087876e-02
2.663247029313335623e-02
-3.152951573446200612e-02
-1.472496094928205657e-01
-5.552294824414438779e-02
-2.742723230430274550e-01
-6.095602656850261560e-04
-3.198285567793657247e-02
-6.451946657032472943e-02
3.849872110243939688e-04
-3.566473767334627648e-02
-2.355740904271176606e-02
5.028938143325650811e-02
5.051919678060876051e-02
-5.432273378770735572e-02
1.078855718838311190e-01
3.206612357862549667e-02
-1.599733641015039787e-01
-2.898324962103122904e-02
1.122538560094121368e-01
-4.675093533013833375e-02
-3.600322067500946743e-02
7.351632310893678468e-02
2.306625694937114793e-02
-8.183205363131233756e-02
-2.688978231118427029e-02
-5.451622511989312470e-02
6.420523340001570330e-03
4.493625652775637587e-03
4.151675973687336124e-02
-1.181563731889947039e-01
1.079556156784398785e-01
7.332053193221534093e-02
2.770112011363214805e-02
-1.675964355637214048e-02
-1.005094969604971855e-01
8.870940050283515621e-02
-2.070215205166359151e-02
2.823728828163440951e-02
-4.699174258152142430e-02
-1.497318858141703235e-01
2.934138276497722658e-02
-1.075499636878375215e-01
3.414616385493325634e-02
1.106800859221427763e-01
-1.304635853667744094e-01
7.106928852297202115e-02
-1.096768802071813875e-02
-3.141587635740481898e-03
-3.499987967507537517e-02
-6.795671951387292908e-02
1.352224710297463550e-01
-4.616701156677751466e-02
-9.360062869033827782e-02
1.740468230614436451e-02
-9.571208890155263188e-03
-1.352680620655419188e-03
7.258539339063349582e-02
3.434340934511109084e-02
-1.092261444994310354e-01
-3.635100451854489378e-02
7.206359925097924335e-03
2.266922937577760255e-02
3.016861655171584194e-02
-2.228620379685717148e-02
7.899289555201392810e-02
4.547692292110048357e-02
7.564188677855376852e-02
-6.065799377367286915e-02
2.203978221910756624e-02
4.327766276261218689e-04
2.770987981561364236e-02
-2.422757697616062869e-02
2.866377415803057771e-02
1.554177441099944580e-02
-2.865900536274335747e-02
-5.666820318042727067e-02
1.366232792794352252e-02
-8.028422443755574289e-02
1.679941733834215689e-02
1.893864479020053795e-02
-9.278022679472035239e-02
3.950385462826157962e-02
1.950944591121070090e-03
-4.511885741964082042e-02
-2.355882953492498266e-02
3.103525208674958596e-02
3.590611988586327880e-02
-6.901133351845543940e-02
-4.332179948495135796e-02
6.523069349298413373e-03
3.670812302519574355e-02
-3.589208406994699035e-02
-3.381136736877578958e-02
7.104439608799759109e-02
7.308033346320935708e-02
-7.599646869196673149e-02
2.466606939388277936e-02
8.221741287601161061e-03
8.337792119296497106e-02
-9.138547254755924332e-02
5.860213568623293123e-02
-2.233230215130031088e-02
8.160585715697944720e-02
2.997120195532215065e-02
-5.691611289287643038e-02
-5.772237750884853802e-02
-3.240210380829398190e-02
1.789769456785943180e-02
7.605697489600105055e-02
-1.764734972590190076e-02
-8.510574704288179776e-03
1.413433719764890968e-02
1.461784569003270542e-02
-6.188908702512573023e-02
4.053878466931811614e-02
5.623153710983638809e-03
2.713190859105105851e-02
8.089094371881433432e-03
1.023596542469663515e-02
-8.031577965743499914e-02
-6.931660405932393854e-02
8.203443995045228004e-03
2.558587192318256126e-02
3.975271133551955272e-02
-3.202371173968808493e-02
7.246106650073402822e-02
3.141405001027354482e-02
-2.842949440657964455e-02
5.491440261575451787e-02
-3.120861977924813818e-02
-1.117413288903869664e-02
1.461409153204063643e-02
8.040794254507810379e-02
-1.405722814534156317e-01
3.026121911552018436e-03
1.496786173561747736e-02
-2.464919259354006117e-02
-1.212332946077907397e-01
-3.206490601387131708e-03
-3.419520465753234789e-02
1.319789461670861121e-02
-5.550028801121929117e-02
3.642334815768934198e-02
9.761351919267019853e-03
-6.031778588860790824e-02
-9.326748944509621886e-02
-3.088779146652061505e-02
1.391266262352809924e-01
2.591180724362902345e-03
-5.571025028882971297e-02
6.501643591749090012e-02
-1.679978937201704811e-02
4.465479614208080900e-02
-3.591653682876018439e-02
7.272740879071180886e-02
-1.062595817971045443e-02
1.058814602984440092e-02
-5.689903316507467779e-02
6.122155714864427334e-02
-4.375078813334224576e-02
6.974285318701789471e-02
-1.051701995545414360e-02
1.424552115245182882e-01
6.247047419524866252e-02
-5.202458031418477624e-02
-2.737028071292577427e-02
6.282529285736382363e-02
-2.169105138076332304e-02
-3.942515259540084471e-02
-1.273692460077449073e-01
-2.259556670814946017e-02
-1.120716609724457524e-01
9.516070117412304963e-02
-6.543328273958309849e-02
1.146680501682571102e-01
1.816261636562399931e-02
-3.279919902437387208e-02
-1.823289690893496393e-02
2.877196831493710957e-02
-4.573677153238928095e-02
-7.972539603662837093e-02
6.518939775507139045e-02
5.029881756010143312e-02
-1.599937583111365330e-02
7.332005843481093944e-03
1.494046652864833291e-02
-3.086502976986600644e-02
-6.954682526159426670e-02
-5.389235846834643934e-02
-1.668658967112109093e-02
3.981105297999087966e-02
-7.634367757436824609e-03
7.558844921434235663e-03
-6.439483528923671540e-02
-7.989626095713221743e-03
6.546865975994078934e-02
3.321878536716300206e-02
-2.996680519370982163e-02
2.731217581715665588e-02
-3.310524745383532780e-02
-9.036095944939961933e-02
2.429921036919845904e-03
-1.530877986678903790e-02
2.602859199630118761e-02
-5.276719335050759213e-02
-4.858580541469384451e-02
-2.499193707184289848e-02
-7.347837567409805370e-02
1.480541830466340809e-02
1.081055452494203949e-02
2.742896056982881831e-02
1.042644666624011236e-02
6.636201407708024018e-03
5.538901612118413142e-02
5.624516707083462158e-02
6.087742599937139010e-02
2.510523823646836766e-02
3.039863482652713222e-02
-4.332859755482889458e-02
3.870496304330092036e-02
1.847306155669778752e-02
-4.780362152386004315e-02
-3.501357727855995000e-02
-2.247418226640593431e-02
-2.006580536138651265e-03
