8.348574849335224646e-02
1.483522676426536624e-01
-2.330245958402938911e-01
1.461536271645660912e-01
-9.385256819936575734e-02
4.272111327118482266e-02
-7.111233364430506743e-02
8.775172719868838678e-02
-8.641492579759794956e-02
5.529272875448634772e-02
-8.407581491249389860e-02
-6.826920094361928204e-02
5.358965465465781453e-02
6.924863863165649225e-02
-1.496911424076853014e-01
4.094333327684982621e-02
-5.643994694020306596e-02
3.121264754504656305e-02
-1.161864558182622992e-02
5.733638527796900558e-02
1.226397362926325563e-01
3.207685155278911654e-02
-2.942310768960756592e-02
-3.783516635111749266e-02
-1.068957119977329839e-01
-1.131282440049883112e-02
3.230599066460359409e-02
-1.708628771412261382e-01
-1.012077295918476089e-01
-1.657748744258263074e-01
1.853477215975840586e-02
-3.832017153180101304e-02
-2.024231695058515551e-02
-2.174450152229809655e-02
-2.778508538343426801e-02
-4.550061961592495076e-03
3.984513071055559991e-02
6.223849795751540230e-03
-6.718175395277004025e-02
1.163230386678890255e-01
-1.702484486957753576e-02
-1.153663431905818937e-01
1.930949755491342609e-03
7.498748324672449561e-02
-1.540758859912784613e-02
-6.673841042878005114e-02
4.758917742725927991e-02
3.503871673542034715e-02
-9.237390334986082807e-02
-6.052670924987149648e-02
-5.574306988177788608e-02
2.754473714781265764e-02
6.345449351271920113e-02
-2.324542263785936425e-02
-1.315840015607999403e-01
3.439759372922656516e-02
4.301569293239351083e-02
-7.350531959556878825e-02
1.517232658442450172e-02
-8.931225752755922453e-02
5.659321389029416116e-02
1.908991535501542575e-02
1.434106962556012423e-02
-9.991534353393510814e-02
-1.085719619515722045e-01
-9.664694445112170795e-03
-5.952449695479264391e-02
5.056545896854417951e-03
-3.594856714618093439e-03
-9.209063000139401656e-02
6.515973816542368346e-02
-2.085541714726111065e-02
2.462249265424535510e-02
-4.786888718145215771e-02
1.866756464093011908e-02
1.666931478775980358e-01
2.392966513476783852e-02
-8.318919265713708988e-02
5.503511328479190889e-02
-3.806770707564800099e-02
-1.192637814553692589e-03
5.861821013830598864e-02
4.605362465461761146e-03
-1.136544572940032388e-01
-4.225463878072579366e-02
6.177892388142318392e-02
4.157457540801130780e-02
3.853712963046092982e-02
-2.016161773843615571e-02
5.336356079613197023e-02
1.118408145827477600e-02
1.155469526276475985e-02
-9.695830540172950540e-02
3.977845910132130069e-02
4.740685098567976735e-02
-2.159091060909118856e-02
-2.296995680048363568e-03
-1.900429190350607159e-02
1.622186989072362320e-02
-5.347950719528141682e-03
1.105287639637054370e-02
-2.326926632318319921e-02
-8.531170180300860773e-02
2.826539309893850646e-02
-7.070656984174938410e-03
-4.207040095676298219e-02
-1.307268923452937007e-02
1.906937609347289161e-02
-3.620307256996357220e-02
-9.072684247275634994e-03
3.522632377578760465e-02
6.361342981733701663e-02
-1.091916385994991801e-01
-2.312306176901682275e-02
4.927971415450585480e-02
7.261257443732312133e-02
-6.452830165639271420e-02
-3.271081497412342554e-02
6.841637738713308992e-02
7.963800617053057307e-02
-1.699335565472051904e-02
3.327029927513234370e-02
-2.328212765888097030e-02
1.493988304882873028e-02
-5.803222565442358455e-02
1.098033457547771263e-01
-4.879639358202455396e-02
8.666612679759927440e-02
4.798363491707309525e-02
-6.856261433761104418e-02
-5.368431667709834543e-02
-4.600791345897640300e-02
3.169817106671539431e-02
8.723928234209550603e-02
6.235680928741027529e-02
5.213204740768073026e-02
2.092523119871879736e-02
2.419544447498075956e-02
-8.229557279847872497e-02
2.566542711298189575e-02
-4.035307247983867945e-02
5.116427239181278730e-02
-2.648168457958413255e-02
3.174449779227664359e-03
-1.117109053733067736e-01
-8.030549977435152975e-02
8.698020903837991313e-03
-1.527340307655813446e-02
3.760272281552171601e-03
-4.640026518853743176e-03
8.342665762102796645e-02
5.304342044508564280e-02
-4.717327357917865116e-02
-5.550881215273356130e-03
-3.439885718537823850e-02
3.027548704362294230e-02
4.192361326898814966e-02
8.339912075618385878e-02
-1.214849697663173966e-01
5.159650398093038742e-02
9.490953026101700551e-03
-2.911164955006501770e-03
-9.657346961645534023e-02
-2.111439326204196318e-02
-3.047819076518708953e-02
-6.568452601672904179e-02
-5.322688075757050358e-02
2.685288151768258288e-02
-4.288040593523004089e-03
-7.108874912947388269e-02
-8.233088477810233952e-02
2.419077940611305197e-02
1.392847020126078590e-02
-3.597820977127781650e-02
-5.215423888111391654e-02
2.697067450659216062e-02
-4.669620549483254057e-02
3.928739581037207773e-02
-4.962347141669494477e-02
9.254583057542276059e-02
1.005676756639360125e-01
1.882808836481542417e-02
-9.720616958163796895e-02
1.530779176130167285e-01
-7.751407158694949284e-02
8.717870123943848026e-02
1.449718745107037021e-02
1.670457817291604030e-01
-3.169933733393232034e-02
-4.869625658292678350e-02
-2.247656097510055545e-02
7.022797913075895515e-02
-2.328377987077161551e-02
-5.135372602194018116e-02
-9.076416302369801070e-02
-2.342813783517785214e-02
-9.395941123496086289e-02
1.069642301967274195e-01
-3.366041565919426770e-02
5.223390141129231196e-02
-8.781570991406143639e-03
4.635912187282919487e-04
6.308987302587176077e-03
1.244996733331376997e-02
5.725335353138614504e-03
-8.754873191032000457e-02
1.229628247080327835e-01
3.141982195760893021e-02
2.457535602089457386e-02
5.296181413621236719e-03
2.365773049535447106e-02
-5.566457361881641669e-02
-4.487501444297861686e-02
-3.593084636374596630e-02
3.745804088799966486e-02
-3.454460819118247705e-02
-6.559932371727023037e-02
-4.496403950720400527e-02
-3.753488493907049250e-02
6.032134903075769133e-02
1.489674088069592450e-01
-5.007433088497179573e-03
-4.360673124088260133e-02
-2.100631916660677251e-02
-2.545209740121908565e-02
-2.713242929031755429e-02
1.892184329053168274e-02
2.575539167024314471e-03
2.915551415594608980e-02
-2.244870014714064541e-02
-8.318368528416826557e-02
-8.855159213163049658e-02
-1.029101233691329456e-03
5.461282736332976478e-02
5.829972199915030989e-02
-5.503274835404647902e-02
4.168038176163580549e-02
1.425900976832471072e-02
6.672373489963373538e-02
8.836712753348661964e-02
1.026298952739547465e-02
6.294927303360895940e-03
-2.520974059427943947e-02
-2.934726792419575792e-02
-1.746387968412720744e-03
3.508433074212680136e-02
-1.564777485319154837e-02
5.745161895826365710e-03
-1.911735503092478264e-02
-3.300393680131095964e-02
