1.317368921741826626e-01
1.200832530968464762e-01
-1.590343003077519246e-01
1.699350005666812324e-02
-2.662373897093097130e-01
-3.832344523916352691e-03
-2.635407137000625108e-02
6.809029079465558909e-02
7.661909611484069016e-02
1.477333022171490873e-01
-8.784503631348146435e-02
-3.298945123042603539e-02
4.259037167990283729e-02
1.326967482292517320e-01
-1.066561500813960478e-01
-1.935772532435597534e-02
3.754048326397183000e-02
6.928561230642994728e-02
5.065565354675734960e-02
8.819695622003008786e-03
4.296884044780045764e-02
7.981679174702742408e-02
-7.197842070377689916e-02
-3.752271847032841601e-03
-6.969525140413362907e-02
3.866435228470810337e-02
5.334829806224412885e-02
-1.423270035317005799e-01
-4.272491868710988350e-02
-2.048340032319141968e-01
1.979089785718138664e-02
-6.581030080309979713e-02
-8.665751557825163154e-02
-8.727692345698456625e-04
-1.031642865101877957e-02
-8.567894421475015510e-02
3.549995744650975144e-02
4.479084619289972619e-02
-2.161686954329698068e-02
1.634463933002378577e-01
6.972930605467884957e-02
-1.557903572146225879e-01
1.571912193554336062e-02
1.128425264212971069e-01
-1.008266756565930414e-03
-7.085658381810686079e-02
4.902053867500633794e-02
-5.681571045991364727e-02
-3.846441641528959565e-02
-6.347668866689339974e-03
-4.474928575315830631e-02
-3.748800829234247983e-02
9.606931636108174966e-02
6.560993884084481698e-02
-1.347094141304833459e-01
1.008182849053518571e-01
1.065023305674319271e-01
-6.278556608614607737e-02
-8.908093497383617540e-03
-1.831479427672496052e-01
2.580523102026642535e-02
3.678098917115778244e-02
3.260432885900513278e-02
1.058814477519573818e-02
-7.502908153101096878e-02
3.901020856243009316e-02
-9.965724747872697908e-02
7.819603292622810675e-02
8.621913160227251405e-02
-9.436448614601053442e-02
8.766319300142672022e-02
-2.622014711386788655e-02
-2.022816743651127680e-02
-4.466881975981035896e-02
-3.304064792354598212e-02
1.477889564968659086e-01
2.999844340029717005e-02
-3.306886837986882516e-02
2.210304146970432093e-02
2.883625880065102468e-02
-6.826367780272508783e-03
-1.400340996495626558e-02
1.806502521126318941e-02
-1.129346608030898091e-01
-4.964499411503280057e-02
8.074229816420291223e-03
4.237217937126037254e-02
2.994813166922218745e-02
7.847646756536659062e-04
-1.385358916838052689e-03
-8.347289771850717813e-03
4.781512204064494037e-02
-1.700300520455851408e-02
2.649832018333590083e-02
-5.570724633403421194e-02
2.766089809944647857e-02
2.074646020751371844e-03
4.082723229897990830e-02
4.790286438858483431e-02
-3.549949857730125280e-02
-3.277139002727171013e-02
1.747242840485554310e-02
-8.565311643358593241e-02
2.002642886663080074e-02
1.654213663736282813e-02
-2.117360188788453695e-02
4.146551936800548649e-02
-3.861086124554564958e-02
-2.862111469460789162e-02
-1.551050032753535819e-02
5.175808682018219475e-02
5.658063831967274221e-02
-8.815608408410140207e-02
-5.575837747441009240e-02
5.395548035420771188e-02
6.032537160113733699e-02
-7.244037089124976542e-03
-5.833764851902496079e-02
-3.648524796627856948e-02
5.935591206906182249e-02
-5.105978621395902001e-02
-1.586714003165713011e-02
-4.356632093364144753e-02
8.832075257720936601e-02
-3.355828516710770981e-02
6.016122752998195183e-02
1.611099623960363797e-02
8.056678069195108427e-02
6.544189438141716220e-02
-5.739899877666311545e-02
-2.568831770121465449e-02
-7.208759879902823520e-02
-1.114078718409171852e-02
6.315518523359403558e-02
1.118998451851748593e-02
5.215300932684180379e-02
1.243014410723685022e-02
3.087927562238782647e-02
-8.341593238390891674e-02
5.292912104027801268e-02
7.907299753641854664e-04
7.671939181327029622e-02
-1.062773863261501058e-03
-4.619374046877694484e-02
-1.140549244229021458e-01
4.826943533343346256e-03
-2.614938292664254621e-02
-3.319712232364499527e-02
3.939739584528924310e-02
-4.586266633484311316e-03
8.186164404559823082e-02
-2.300924260375070488e-02
-6.957591263355121514e-02
2.874042068881828282e-02
-7.009967905868363935e-02
-6.970433045918755788e-02
3.551352686453258106e-02
8.819289194989762826e-02
-9.171097661873453544e-02
6.566025057191980825e-03
-5.724262270568021907e-03
3.254634745687376429e-02
-7.320019274778416518e-02
-7.301559622047842923e-03
-4.391660202158826493e-02
-2.400590652461595184e-02
-2.404323881236475335e-02
1.081948040902456359e-02
3.262258529822908287e-02
-1.458543311374515539e-01
-6.274774215281674061e-02
1.734410890833530325e-02
1.114360595208679916e-02
-2.969106658334523877e-02
-3.297660289258798338e-02
1.347318659453278743e-02
-2.339062846875951743e-02
8.426644646186644272e-02
2.650068008212247764e-02
4.440477330668978623e-02
3.133683377600789133e-02
3.901702604781354111e-02
-7.436080408157259847e-02
9.022387984309729325e-02
-1.752398563806788906e-02
1.040662594922415612e-01
1.862363291986968844e-02
1.401430483102097391e-01
-7.936208513777447821e-03
-2.440000962197466303e-02
5.875938209800987688e-02
9.769122235490232398e-02
-3.228902016002053316e-02
-2.599392459407665057e-02
-5.750863574112293625e-02
-8.239586613341008670e-02
-3.262825561059128077e-02
8.443409760482965820e-02
-3.988632098694758904e-02
7.368561081763469467e-02
-2.993479168580360367e-02
-7.713263631189792423e-04
-5.937662673618845921e-02
-9.748545229126144226e-03
-2.533236630090563574e-02
3.608416350167622470e-03
1.115358307973450397e-01
1.477427745886674380e-02
-6.598244230903192037e-03
3.146705430210620935e-02
-4.377461477792908562e-02
1.816728749201494989e-03
-9.729420216043241365e-02
-6.748301017357589970e-02
6.005552373016642687e-02
3.789669687525713815e-02
-2.034986610588028141e-02
2.417742527947940381e-02
1.961085724558862473e-02
-9.828322918661333216e-03
1.137410906606591554e-01
4.859424918030844803e-04
-4.952142719245775787e-02
2.654305993116479537e-02
-3.970660813907518627e-02
-4.150540821277308445e-02
-4.594395173749194622e-02
-5.927049684353646875e-02
1.918446942177462478e-02
-1.817394109553822218e-02
-4.946393743590692116e-02
-1.640519695499717198e-02
-7.840422844139964542e-02
5.502929985484528858e-02
3.144184927201066487e-02
-1.908610752929512308e-02
1.212299672488916999e-03
1.453179785854573879e-02
2.478355872753784314e-02
3.639852168587178610e-02
2.463203355961624333e-02
-5.075519538863012929e-03
2.609172928823154033e-02
-5.398019373872272458e-02
7.345545513319915419e-03
4.694736759099657486e-02
-1.009512258703291571e-04
-3.457527043863516114e-02
-2.019299838931683938e-02
-3.033148411655314791e-02
