-2.120358797903564019e-01
1.085562516991112336e-01
-2.173317997717262029e-01
-2.029467271308407761e-02
5.960734250517991939e-02
1.624809151641965765e-01
6.514966487113248161e-02
9.890469302907883842e-02
5.637095473334238771e-02
-3.216944892406782552e-02
9.111701363183553892e-02
-1.405513127893210645e-01
-5.974769917932193364e-02
-5.787322233058840582e-02
5.464680257572832045e-02
4.808427990375813837e-02
-3.708570987284067616e-02
8.389992451167996301e-02
3.514075739530170966e-02
-7.084175232023386115e-02
-2.294703961653796198e-02
1.653501651317806909e-02
6.766010120302685818e-04
-7.419562279041254371e-02
1.500844094470636485e-02
1.168881148723265734e-02
1.096352458175466754e-02
1.099157493128417352e-02
-1.507808765420524666e-01
1.624353071145874794e-01
9.846791900797602012e-03
-1.308970959814280133e-01
-8.909518500932670296e-03
-6.425334777962048161e-02
9.596087529940379446e-03
3.260269041985583427e-02
5.500935858972190451e-02
-1.221679811000379728e-01
-1.548732546560160350e-01
1.206534720784337156e-01
3.001681193841639408e-02
-1.691523865129553050e-01
4.450779038774990704e-02
-1.080176290273476662e-02
-7.256209214854777989e-02
-4.566586410753973452e-02
-1.922687075406189286e-02
2.633721465381342816e-02
-1.401600069158346618e-01
-8.361812692295275684e-02
-4.519743726059627029e-03
4.869568658720611377e-03
-9.155784481072566650e-02
1.075418923012874117e-01
2.151587720706437182e-03
5.723338056713109245e-02
1.281076601006597704e-01
-8.019052810263915809e-02
1.045610005435559237e-02
-1.044734568716452622e-01
8.230371272635882141e-02
-8.520667907417542319e-02
-2.474058316251429371e-02
-6.684559180172620907e-02
-5.382876064911287090e-02
8.516663212877481626e-02
-1.148242107255234568e-02
8.692960708935366931e-02
-2.385668237285138576e-02
-6.206185301550610350e-02
1.689977598355613467e-02
1.760030023633226554e-02
-9.407919349804796938e-02
-3.076609203563657885e-02
-3.611013830248345491e-02
1.320559391621775082e-02
1.302018530288750198e-01
2.092101393424913164e-02
4.210374952127792642e-02
-8.175568164558846829e-02
4.008104651131490920e-02
-8.858087030878881996e-02
-1.267921266881245033e-02
-6.493907739667219292e-02
7.196509537034438686e-02
3.427046207442555753e-02
1.933501499439260404e-02
-3.267425028910442286e-02
2.342333595056888401e-02
-6.960005218432800678e-02
1.024231232181307266e-01
8.387988355123057738e-02
6.771718121603452489e-02
1.585561746129448418e-02
7.702828838691454065e-03
-1.065224264807312915e-01
2.607203042671529108e-02
4.228796547012069612e-02
1.791990633857742585e-02
-1.556885335182763529e-02
6.401149220979937549e-02
5.570386705681340533e-02
-2.832389290066498339e-02
3.833867211915611278e-02
-2.392736785464581392e-02
-6.060043680011852063e-02
1.099762569246697137e-02
-1.342534497119765233e-02
-2.445626733791909924e-02
-5.345851002552267500e-02
-2.529039799369112509e-02
-1.336403292291183861e-02
-9.369768076404817736e-02
-4.519533873070628177e-02
8.668194558683693651e-02
7.170103035918756751e-02
3.765182328616307507e-03
1.784981544025182956e-02
-8.192059111944335892e-02
-8.262576711347563094e-03
-3.807642583390396292e-03
1.938233684341183344e-02
-1.909637717040281110e-02
9.512978751197226357e-02
-7.575315167476155687e-02
1.048759898800431106e-01
2.285281562447750298e-02
5.805778803441283969e-02
-6.466875177134358277e-02
1.958984647403346976e-02
-4.546227173271274319e-02
-5.248972370180975122e-02
3.014174441786700992e-02
1.462750180887649187e-01
-1.340834687908874952e-02
2.189690028408984232e-02
1.162984279732399637e-02
3.102466589358125748e-02
8.828291403990870534e-02
6.191922293398326171e-02
4.358583625608188072e-02
-1.868426087550735396e-03
-2.207461079027365353e-02
-9.466013652259297473e-03
-7.968726565952188867e-02
9.916637970636032334e-03
1.474084340823473942e-02
5.777892838753161120e-02
6.587701533100229212e-02
6.941447219105674471e-03
-7.522879900624991796e-03
-3.935061820760645673e-02
-4.203824041321213567e-02
3.132622463877251379e-02
1.220865231648082805e-02
-7.204763754601724302e-02
-1.533441258761782111e-02
9.917512358090195546e-02
-6.607560620959147812e-02
1.292022882667756209e-02
-1.126571288591292699e-02
1.428137028882188637e-02
3.604316022349467880e-02
-1.387883728042403966e-02
2.175133226072101592e-02
-5.430806487598611315e-02
3.477473880698965167e-03
9.382177383154279363e-03
-4.650482138205873361e-02
-5.275186506056740721e-02
-5.493856818143297988e-02
-1.775559144819137056e-02
-2.996284474474554191e-02
2.542057679786671048e-02
-5.846147523425018061e-02
2.471522592634360985e-02
-1.418630688480543474e-02
-7.454677679200384134e-04
2.047255809675871743e-02
6.734958873030497117e-02
6.088657135061837505e-02
4.678427561240879051e-03
7.141716921606854410e-03
7.525873803268040563e-02
-8.679519624989993909e-03
-7.046751448985268118e-02
7.547859401415481229e-02
4.721629296576097118e-02
-6.797383142158003842e-03
2.829689181608047166e-02
-4.508271762661026499e-02
7.275456231495783244e-02
-2.399067350632711274e-02
-5.815040315355764211e-02
-1.038369028050155907e-01
2.512583827481790905e-02
-1.352975382832418416e-01
-1.110786846268767194e-03
-4.453744961019506961e-03
2.306847454617192567e-02
-8.377565656669450078e-02
-4.416457582424238720e-02
-8.092288005874677392e-02
-1.368525489317228838e-01
6.527805992490158526e-02
5.996409258647786289e-02
-4.289884752109617526e-03
-7.168644557645215132e-02
-3.655876901746470814e-02
3.832922873465117314e-02
-7.468811278009453158e-02
2.603142387334402702e-02
1.834398425384581310e-02
-8.618903589117692110e-02
6.182709747181278775e-02
5.348278302125020200e-02
5.978291950597556387e-02
-3.905822304293480457e-02
-3.558861864932329894e-02
-2.031947034128410087e-02
3.238986451351288931e-02
-4.135733741490739412e-02
-2.659505402629661064e-02
8.995348373433173506e-03
-3.447629288113520513e-02
2.873691855851276747e-02
2.734069667170748244e-02
1.994358866248909651e-02
-7.699254342778842630e-02
2.677926997513938034e-02
-3.022925311427950706e-02
6.742408654139954438e-02
-1.328405794880439805e-01
-1.086265524504258229e-02
5.592005061098032775e-02
-2.060941722108409688e-02
6.934004433095850017e-02
-2.774025676276117847e-02
-3.867489158303034913e-02
3.586349108941355029e-02
4.590355759307903488e-02
-1.679852191636421743e-02
1.048687849274208134e-02
-5.515527636807240203e-02
7.979904735166191282e-03
-4.873482416965439074e-02
-2.894135034529575837e-02
-2.443975890278452662e-02
1.910585553040592202e-02
9.981482544236659066e-03
