-1.931131725930562981e-01
1.890500214590153383e-01
-8.012610961134913889e-02
-2.248453466384233920e-02
1.469382674137315603e-01
1.780382815693194731e-01
1.415458582648535246e-01
1.795491163738758555e-01
9.606278238825165239e-02
9.854821760422155519e-02
4.373669178353213616e-02
-1.969309941871246472e-01
4.551179095832753180e-02
-1.304753380759830217e-01
3.769292447349181785e-02
9.960412253029174434e-02
-1.204745864019516124e-02
-3.212917980830806014e-02
5.702937072232136528e-02
-1.719216727904979971e-03
-9.264565473275877469e-03
-6.086849811670679011e-02
-9.499097220475773151e-02
-5.228344607394574961e-02
5.838925376698049508e-02
-2.942571413808864941e-03
9.162123102014009535e-02
-6.483183799763943267e-02
-1.833728324629314566e-01
7.624621470414677527e-02
7.093975321960817315e-02
-8.444516086017232748e-02
5.825825767167697872e-02
-4.491012437781205556e-04
2.138073943576109803e-01
-5.964646063638665008e-02
-3.145025912030589149e-03
2.093698275363902643e-04
-1.380953723779523024e-01
1.011232886601653447e-01
4.980314795975247094e-02
-2.344889380184221259e-02
-5.410510846612655994e-02
-1.505230094797560883e-02
3.855207181548999523e-02
3.478460040486034549e-02
1.917370549895775281e-02
5.430828742741934667e-02
-9.789748511571155776e-02
1.522897114689551051e-02
1.794323790290163964e-02
5.068942973677580816e-02
-8.567674808097464068e-02
2.091241686950216783e-02
-8.421774531613862580e-02
1.186662607163062322e-01
1.701131824541546322e-01
1.738197660366756422e-02
-2.914534692958836021e-02
1.692572951959762581e-02
-7.129441082303171473e-03
-5.900834039134100761e-02
3.642985603923799831e-02
-8.943845671717540191e-02
6.858340415084536457e-02
-1.765104877428723407e-02
9.098136547769600235e-03
-8.172404463513072842e-03
-1.730030985747533015e-02
-9.272834231327842236e-02
1.441612358116599324e-02
-9.882664193448581144e-03
-9.723963971704932541e-02
-4.580934769969570441e-02
-6.467245612200619997e-02
5.044591135448080882e-02
8.265652739800395665e-02
1.859591326964766742e-02
-3.500872293493469123e-02
2.139550201734092758e-02
1.056967252373494370e-01
-5.904123760079505595e-02
2.367057950158662355e-02
-3.203905001624025861e-02
1.331131739779922891e-02
-2.407808997905797402e-02
-2.198501737634634898e-02
-1.058232757638078170e-01
4.960681846749516455e-02
-1.365787418688274024e-01
-5.982494199298420134e-02
-9.474132881649830959e-03
2.109020669316825566e-02
1.028647661624356308e-01
7.642166648790171823e-02
-4.564384081809803873e-02
1.670427433083036817e-02
-2.843319973073620780e-03
-1.701187476477459756e-02
1.622013541852460744e-02
1.487174499258365687e-02
8.960534666463598752e-02
1.813443029338233925e-02
6.167064338706836762e-02
2.747107984222870586e-02
8.275080638766056304e-03
-4.756333865501156943e-02
-4.145522585220526995e-02
-8.298810097357235682e-02
-7.842411534645163732e-03
5.283637604786263486e-02
-9.019858312941547718e-02
-1.158439831024329625e-01
3.814410031606434159e-02
6.482011486794408972e-02
-1.421090295121840361e-02
-6.267672501193338741e-02
-2.787852445942086421e-02
-2.923587188333128667e-02
3.774182573078838088e-02
-4.892905033437877638e-02
7.095621828940498581e-03
1.375317401086674843e-02
7.529940733055032198e-02
-7.708501121987608451e-02
-1.710526464066217459e-02
2.546570020125495451e-02
5.952824143524546030e-02
-7.050145306161675895e-02
-6.055539834945041638e-02
-1.827458096749288996e-02
-3.920023575311170488e-02
3.839779411149377153e-02
1.278019705533521844e-01
5.357503200908767492e-03
3.566432908410455127e-02
-9.007088004807133064e-02
-5.316554572324070499e-02
3.841327127710279093e-02
-4.756860747734655004e-02
-1.058572267377288741e-03
-1.993732250599476730e-02
-8.241755337497286976e-03
-1.930167202141865089e-03
-5.334429052095500390e-02
-6.039746539995929919e-02
1.698368656528244022e-02
9.379274321536379411e-02
1.085520647113747406e-01
4.453172414374148569e-02
-1.203764545859625605e-02
9.457536091294634073e-03
3.270914542683132226e-02
9.713907107073033176e-02
1.066676374731284627e-02
4.076487840576410726e-02
-4.948757843202657158e-02
7.394571515213479995e-02
-3.086163287506950639e-02
-3.819975225197759505e-02
5.997734267902358335e-02
7.837274432868555213e-03
7.064338196326536146e-02
2.085956399545436935e-02
-5.772887274756955539e-02
-1.269285644609099636e-02
7.030828486276044509e-02
7.395845911615754088e-03
1.870454980016710012e-02
-5.842992248937865091e-03
2.379031348914911401e-02
-1.775665573196404806e-02
-9.205554663124069018e-03
-5.758197139484230731e-02
1.469543702519928580e-02
1.419252793332514972e-02
-8.957426061285958183e-03
-1.456177358858868308e-02
8.529880886885837787e-02
2.902712772844717737e-02
3.330024143253723645e-02
-3.475120924331238925e-02
-4.208047041266979593e-02
2.443646868825560467e-02
-5.168484199641248944e-03
-5.259815941804221046e-02
7.412268172231105401e-02
3.919806236389851428e-02
3.236581579142799175e-02
-2.023053246893657606e-02
-2.701071649070955691e-02
4.968064784046410942e-02
-5.994783727394767392e-02
-5.727845429820768719e-02
-5.797775874261831830e-02
4.128510875106451011e-02
-1.202900458996688376e-01
-3.062769716339625720e-02
5.012467784274481086e-02
3.233176602708815600e-02
-7.034536419994288914e-02
-8.150598125074162703e-02
5.237802143485870490e-03
-7.123648670748648770e-02
6.669980016608891005e-02
1.756793310195287755e-02
-1.823088267225211889e-02
-6.748745617502928396e-02
2.438776501179660411e-02
-2.332076262868333985e-02
-7.983912344479052832e-04
4.311790153042796558e-02
4.289269230574702801e-02
-4.281971911640751471e-02
1.917713023347548951e-02
5.044910557802138873e-02
-1.445603491035349179e-02
1.910758177865371291e-02
9.883487446938421864e-03
-6.600750984141172395e-02
-1.064891561165309114e-02
1.367631506505518138e-02
-3.265214335519472239e-02
5.349408972596648992e-02
1.629396479149355925e-02
7.051824743280952351e-03
1.032524526958716014e-02
1.898883569527903218e-03
-4.089050688831386698e-02
3.881877301605892588e-02
-4.419764787756396557e-02
2.898978495014798221e-02
-1.175431783054649987e-01
1.636713556167063849e-02
4.390045336773133050e-02
-1.880449277383381204e-02
4.110096341045684637e-02
1.088024984229844089e-02
-1.861181852707139914e-02
2.241972814912204445e-02
4.211583738259336990e-02
3.239215990310290172e-02
2.571738525816917587e-02
-4.641625017240656043e-02
1.560279409156255931e-02
-6.798753327489835685e-02
6.270293740304992355e-03
7.986019873413047199e-03
-2.056655161335011958e-02
5.656561556642406702e-02
