-2.150963256857585104e-01
1.420030231492629413e-01
-1.817865686354476207e-01
-9.248055895018898742e-02
7.516793951182194899e-02
1.535794423930200159e-01
2.048127927851902119e-01
1.408654185410770365e-01
9.087269621589275093e-02
3.015375532595027802e-02
-7.888643936727324918e-03
-1.053783660350767204e-01
5.522289650686055054e-03
-1.064191186380332305e-01
2.706613728873519340e-03
6.467145828320906842e-02
-2.681320723191313316e-02
9.919417139901175531e-03
9.234236484200797346e-02
-2.483107570043036755e-02
-5.787409987303003545e-02
-1.022601561688717409e-01
-6.351188860908899003e-02
-3.744950838174444796e-02
-1.309489544085295359e-02
-2.782545833692788573e-02
9.117705505247006292e-02
-1.933380366260589386e-02
-1.260849199588526537e-01
8.115401721632654886e-02
6.011795412368011599e-02
-1.008395273727424740e-01
-3.098915778832281656e-02
-8.765415045937820226e-02
9.577279717111412960e-02
-4.932836203032027467e-02
1.996269468936771527e-02
-5.062761890622717587e-02
-1.064865069294415600e-01
1.651443150462256482e-01
7.880385470094369849e-02
-1.321194402559008885e-01
-1.963132744845443381e-02
2.859473334249255407e-03
1.731115952461916366e-02
-8.340258300679935510e-02
-6.776292518394132214e-02
-1.687859371709073478e-02
-1.183377549362390757e-01
-5.851938174959771949e-02
6.531863141167743025e-02
5.206616482562600838e-03
-3.185929956192357776e-02
6.922741775222311655e-02
-7.497297466676274003e-02
4.084715901123886495e-02
1.652192683452366473e-01
-5.980984596315936513e-02
-3.369275215012683400e-02
3.554727394810078961e-02
-2.815413800935073069e-02
-1.365878712597573021e-02
6.525728185440811402e-02
-7.448343904320864350e-02
-5.743323910102494934e-02
9.852161567924483387e-03
-2.389105714607829903e-02
7.326079445920812006e-02
3.754516591208919424e-02
-6.468486294580333418e-02
-3.430067350669167934e-03
-7.393135938750062608e-04
-6.537152010518056111e-02
-5.257318623429686061e-02
-9.889877112406925130e-02
3.255581113909905566e-02
1.160063390405734612e-01
4.507533466399354233e-02
3.336433791656724743e-03
3.323463785201032084e-02
4.079105187151879641e-02
-3.840206892238522129e-02
4.869621937748360579e-02
-3.759188315202170033e-02
3.549411981573441510e-02
1.290168912826278325e-02
1.510665658544631772e-02
-8.390595463110049612e-02
8.028822200411156462e-02
-1.023953972696990677e-01
3.024257780556626266e-02
-1.385756765469420976e-02
1.846837342882787919e-02
8.716809872090433564e-02
9.233586158985829240e-02
-8.008031701446875761e-02
2.950717943492423782e-03
5.445332288257472009e-02
1.217189815360697307e-02
4.260857812792688548e-02
2.872685553667666397e-02
1.113544897822093260e-01
4.687617145187461531e-02
5.527565248093205263e-02
-4.527255573939041600e-02
-2.191586020489801404e-02
1.417835052093528031e-02
-4.091451412278927086e-02
-5.110069732025956935e-02
-2.217091377262609894e-02
4.037656908654947002e-02
-4.923137730565926157e-02
-5.853301867119733298e-02
-1.264086226525894772e-02
6.242372198918392373e-02
1.719157931672374989e-02
-3.275021192657386754e-02
-4.731368105823112458e-02
-1.101793587547310500e-02
4.095997052812132971e-02
-5.824445344698357674e-02
-1.841034185734922307e-02
3.077677351786262810e-02
1.527521026361187972e-01
-1.541599240070961122e-02
-4.800495021785736866e-02
4.743160227323121002e-03
1.155307721371980761e-01
-1.032755261805297087e-01
-4.349667020465512041e-02
-9.080703327709557793e-02
-4.113516017786821022e-02
6.818162181086478979e-02
1.749453464531160185e-01
7.527394915783354457e-02
9.263517708803379463e-03
-2.928314903433882829e-02
-2.685733644292892172e-02
6.748119501045632407e-03
-7.393666816476568773e-03
-1.023817603480994473e-02
-1.853596079938363630e-02
-6.612301070690729254e-02
2.579312568043242229e-02
-9.798177939110435178e-03
-2.990596814710374390e-02
-3.732690880677953793e-02
7.108691652888307622e-02
1.214837695233697834e-01
-4.403597561506909959e-03
1.386354002911739875e-03
-5.919054391533255799e-02
-1.970064017162133710e-02
7.325322945160539501e-02
-8.900994581315794726e-03
-1.120430713733451371e-02
-2.560509542567568353e-02
1.600419828570635028e-01
-5.580380945908941515e-02
-5.723299865855858287e-02
1.065381679682021465e-01
-2.685736962278682458e-02
4.212846558401828895e-02
-5.308379106762162701e-03
-4.426259404457121710e-02
-3.121647299484097901e-02
2.484696885236763186e-02
-2.330045567534070119e-02
-9.969220106618992272e-03
3.008484076107825408e-02
7.373121848460797989e-02
-1.587354264124171341e-02
4.540623738689612832e-02
-4.519800059867427194e-02
1.223168825755467648e-02
2.884222190261793647e-02
-1.846545360133209496e-02
3.310888619054427884e-02
8.873043869015270757e-02
7.735664883863123398e-02
7.829620287497263131e-02
-1.095336787198684762e-02
2.069374649862397789e-02
3.453120715942678554e-02
1.975080811677612860e-02
-3.876479112902023877e-02
1.042180995839405849e-01
6.882753410473270439e-02
3.225228179896941910e-02
-1.286638575945015309e-02
-3.968838565370853833e-02
8.073923581263604821e-02
-4.555066930836358663e-02
-2.426044850415255000e-02
-7.545995544125798891e-03
2.758108868344573330e-03
-8.931748991609429755e-02
-7.459352981174277586e-02
4.238222513728800989e-02
3.557484641002118392e-02
-5.297443025596144939e-02
-2.169720494129347838e-02
1.439143156841150894e-03
-7.173472007465164779e-02
7.582125091400303274e-02
7.849067002216324196e-02
8.180991664742435013e-03
-2.556677268979355364e-02
-6.202742176634741360e-03
-2.664773928053288787e-03
-2.426715083544968288e-02
1.827135143257845040e-02
-1.052428594953861221e-02
-2.694171282158542083e-02
5.003190773737196256e-02
5.022863111490023097e-02
2.805629060838414623e-02
1.014633418812445863e-02
-9.699899199991068519e-03
-5.043620430596395393e-02
-1.745399881290710456e-02
-2.277156874030939609e-02
-6.165192531441834184e-02
3.931610764799640945e-02
4.257005631289731418e-02
3.232637242167487462e-02
5.403532303266728870e-02
4.027201935428574575e-02
-6.172999752007259089e-02
3.846899269578284153e-02
-2.686838533561182463e-02
8.274160705744186203e-03
-7.744935336162230011e-02
2.979634189658031049e-02
2.650924655363071092e-02
-2.344395856078677551e-02
2.866849216661894462e-02
-1.652987341049229949e-03
-3.165059825569101811e-03
3.246456652985588859e-02
2.390024796671842700e-02
8.001289554320254599e-03
2.286181795381536305e-02
-6.335229349255820652e-02
4.669554030543104917e-02
-1.062651640973465705e-01
-1.678781362585825623e-02
1.428688183614779117e-02
2.542472971809537144e-02
2.033052659412035515e-02
