-2.486078684401901995e-01
1.174210508592749280e-01
-2.027385206914579519e-01
1.868976078680690406e-02
-1.672837255828064223e-02
2.489984435871125112e-01
2.019115834985271973e-01
8.734779636369946476e-02
-1.723908994886124563e-02
-6.907624408474220823e-02
9.876653308704626266e-02
-3.190489168049440855e-02
-1.037263505641034152e-02
8.537667035804362425e-02
-5.697599193950565917e-03
1.717321485390852290e-02
-2.555663485509451077e-02
-1.833852367994444690e-02
-2.625562668494527824e-02
1.438837181632566511e-03
-1.504955398570576863e-01
1.099258322117686731e-01
-9.694021621082394430e-03
1.322580375537588115e-01
2.508657752067415536e-02
-1.629086583979507397e-01
8.365424460073353496e-02
3.274824121964685364e-02
-1.553182223469224965e-01
-4.290651620202601442e-03
-1.387861208131045410e-01
4.965221620921116824e-02
-7.320970476618096114e-03
1.028904172128310979e-01
9.184594002307033822e-02
6.981470293183335285e-02
4.634037241200653079e-02
-1.185951623778816327e-01
-9.479922725841775921e-02
4.375934556394699831e-02
3.051574295765878062e-02
-7.070567729489436737e-02
6.555665029400824240e-02
-2.029610708164524338e-02
-1.266514962492583107e-01
-3.517936433964216625e-02
-5.823751774221261335e-02
-1.062952535571936794e-02
-7.065015261867870280e-03
-6.084785465454627118e-02
8.094572380972585302e-02
9.229574794014840794e-03
6.864810433399219994e-03
1.231776893576104481e-01
1.090827728712724133e-02
7.361162990498942849e-02
4.382986383739858466e-02
3.167782735418159940e-02
3.801279952998750842e-04
-9.081586377081400652e-02
1.290245796380177362e-02
9.909832688394470263e-03
5.996829477196165964e-02
-2.784539941208626079e-02
1.370543764545015730e-03
3.201881077519238422e-02
-1.197312256282336979e-01
1.272330543562417982e-01
4.651239572653064445e-03
-6.630200942025744892e-02
-3.832476308538035337e-02
3.436725952247169508e-02
-5.667060622031954570e-02
-5.171672169356651000e-02
-9.476998168273391421e-02
1.788523337899223034e-02
4.354153535033679356e-02
4.862091467373986370e-02
-3.130334211052965276e-02
3.371785941853247385e-04
-4.611005141188547624e-02
1.345622148838231981e-02
6.080600155946617319e-02
-1.785408538989564226e-02
-4.612920452319332898e-02
1.771791773155724503e-02
9.979348164267487498e-02
7.404721808791470128e-02
4.111225015516395409e-02
-2.741764659287783401e-02
2.210362553380616421e-02
-1.016324060382934290e-02
-8.449040366207176411e-02
3.276349277124384479e-02
-5.913671440053203110e-02
7.242929609112430667e-02
-9.323341204255914880e-03
1.615655222842671268e-02
1.166280991534122957e-01
-5.968325520300322984e-02
-6.931685101501004580e-03
-8.916160245341094026e-02
-3.640297085127501553e-02
4.586331806554273111e-02
-3.263441885783427421e-02
5.257251753063953842e-02
2.854606794528384214e-02
4.579899069675630319e-02
-5.217413926429549653e-02
-4.136665764374789639e-02
-1.971706402968195770e-02
-3.853096535274338173e-03
-8.999324731343082140e-02
-5.757799292960224732e-03
-1.569058991948799747e-02
-2.667860734847430932e-03
3.677023337281760257e-02
-5.444813593411722275e-02
-1.006265130073853847e-01
1.101436101810837342e-01
-9.920376572902322651e-03
1.562158712790756576e-02
1.447933297289033874e-02
6.344106984616533496e-02
-3.498125539035702725e-02
1.521737264414479984e-02
1.120079753255606887e-02
-7.034289673037498469e-02
1.078584569851466848e-02
-6.447540234537894877e-02
-1.205615162278580732e-01
-5.716774876264997529e-02
1.278157732578500405e-01
5.701552344533632188e-02
-1.571048464958385224e-02
-2.688980748158264697e-02
7.591064814783284043e-02
7.116215978106454898e-02
-2.142936507832090762e-02
-8.179442590187005480e-02
-2.008016703715264500e-02
-1.119370378762723876e-02
-1.011326194637622577e-02
7.339897877860018793e-03
4.070129661371880286e-02
1.253749768493154226e-01
7.374383151502669764e-02
1.022951552804168968e-01
-1.738589822459288628e-02
3.583466514959036953e-02
7.930065211643513509e-03
-2.188542838865438836e-02
-4.928176150245060227e-02
3.593681507656551477e-02
6.716431860494695427e-02
5.372521883727922332e-02
8.201894292886752202e-02
7.695681430335955461e-03
-6.781071998943898581e-03
1.315235125106736271e-02
-5.440064008738920015e-02
8.863566575552848936e-02
4.390873338328912800e-02
9.383025394543475714e-03
7.153877314819515054e-02
-2.514000631770629129e-02
4.105224352192508863e-02
1.058141686738385025e-02
-5.626548889629311156e-02
-2.318132660997104105e-02
5.001128867979046794e-02
5.705360395788608430e-02
-2.931257932913901645e-02
-1.591839586458882252e-02
-5.255188118175566775e-02
1.964161237907531641e-03
-4.950789074420461344e-02
2.456708968181791145e-02
7.525044620502472151e-03
5.263597430345743483e-02
5.767753106867178070e-02
5.591260733037897029e-02
1.801846680647370066e-02
8.543193707989824026e-02
8.831960717465399402e-02
-4.632860324428369732e-04
3.192952632197452317e-02
6.314432559807434120e-02
1.110412913575319939e-02
-3.202796815500960625e-02
8.350595308742585904e-03
-6.799128804217283682e-03
2.556933910737614266e-02
5.082864931706729261e-02
-5.865550053999633862e-02
-3.509617405820407432e-02
-1.276279179944165842e-01
1.752796658894026707e-02
-6.731325500415724639e-02
3.736884871192543839e-02
-1.483234351598500603e-02
-2.090523406096578968e-02
7.279472068784442057e-03
-8.477470161224218148e-02
6.303521090335088839e-02
-4.734600748855351954e-02
-5.868300492374311367e-03
-2.288029387062761461e-02
-6.944002422241062761e-03
-1.492485239871597057e-02
-3.510375146755986830e-02
6.924736455900264154e-02
-2.057560063184113094e-02
-2.328808747114992361e-02
4.361418174726703484e-02
-6.343323448244848894e-03
3.958409627601840175e-02
-2.569854199796623578e-02
-4.883401722026093489e-02
2.531751116240269286e-02
1.861063328655532256e-02
5.977270087769674667e-02
-1.098678247248279366e-01
-3.330029579658546485e-02
9.994667428884246307e-03
-6.669184294839177254e-03
-3.816757214661651784e-03
2.112381813765913663e-02
1.931475195933192446e-02
5.602297955261253265e-02
-9.452060430419041703e-02
-3.525213971375293354e-02
2.101528384024804394e-02
-1.714477538560294292e-02
3.259791831574593290e-02
-1.291909602008939166e-02
-3.776877470443577162e-02
-1.247921934591169311e-02
2.159719663447799004e-02
1.614507325936006057e-02
1.208171167553618620e-02
2.500090442851097064e-02
-2.089794685026617749e-02
-3.508808074012618322e-02
5.477834976055424854e-02
3.829590444123807079e-03
-9.425052608817278965e-02
-3.507895560460409790e-02
3.067054781858291959e-02
5.303960838990783890e-03
