-2.053641494699766368e-01
1.287580232136163461e-01
-1.934502941950474453e-01
-4.603261649816831058e-02
-3.147079196521782030e-02
2.635613537307632259e-01
1.249833530024546391e-01
5.634853320338601562e-03
-1.412581050565741847e-01
-4.688858688510526979e-02
1.726982749640668668e-01
7.384596383088425087e-02
-1.172585689110595408e-01
-1.802662320186914843e-02
1.109844020182150330e-02
-8.403403097823138046e-02
4.681951457444711619e-03
-1.269060301069889207e-01
-1.950799402445086827e-03
4.984297406983671797e-02
-1.915169273281494278e-01
4.375471036739213976e-02
8.636459652299025014e-02
-4.641859914844134044e-02
7.511163169475353063e-02
-7.152079250467199834e-02
1.227145249467935344e-02
1.188810117052663956e-02
-5.372552865193114952e-02
8.318181023101586802e-02
-8.590457493400699765e-03
-6.957956455098955606e-02
-9.079022392474024594e-02
3.251036313219943241e-02
1.110563030044525168e-01
-4.926743726417183444e-02
-4.199109692683063166e-02
-1.136833532198173735e-01
-1.177182286927012655e-01
5.157553786217856928e-02
-8.073763718101259479e-02
-1.267889032030586061e-01
-1.307469110616529262e-01
7.697615649202893366e-03
2.527684762746627237e-03
-1.154479534076739977e-01
-9.946425891403730402e-02
-2.122858528294530034e-02
5.823716752623876898e-03
4.167211441789600568e-02
-2.427825936480849673e-03
2.943164578828331296e-02
-5.003098232113289273e-02
1.031960714010144442e-01
-5.047755125532606829e-02
-1.462349623889526613e-02
6.019109162845173028e-02
-9.254979170139177036e-02
2.272413237500019514e-02
1.943027122917219754e-02
-1.142822430448000026e-01
-3.298071267620490687e-02
3.861201370628108975e-02
7.440962677743123525e-03
-6.702316544195503593e-03
5.227951627409110208e-02
-1.371713595675436506e-02
5.239565643072629370e-02
-5.955348841792402342e-03
-2.127940276864379587e-01
-1.552594242343220514e-02
-1.683558632508716860e-02
1.353942276890390470e-02
-4.912314191804931923e-02
3.931332790049680247e-03
7.214997547161471417e-03
7.768099008493056790e-02
-3.961149004150447267e-02
-7.754544389815808125e-02
-9.531978870824246892e-04
8.548172082647312320e-02
-7.772726853307153350e-02
-5.342289325651895099e-02
3.415007400407082255e-02
-1.514104519518380890e-02
3.424605162430914475e-03
-6.717380886234279765e-03
-3.198620296903360860e-02
-4.295689228771404355e-02
2.611265547800635176e-02
6.039038169048873556e-02
6.213383259465335776e-03
8.880002041364350868e-03
6.545532266474461680e-02
-7.407952691563829406e-02
2.174330556365450945e-02
3.661115332439709991e-02
7.490211235242381915e-02
6.035735854767883962e-02
-7.549932470700475642e-03
-7.689771008206719438e-02
1.156222458715680523e-01
-2.393016781066794121e-02
4.613171881817449554e-02
2.763231209563858995e-02
-8.194081104952449790e-02
9.407510567018267933e-02
5.383222892610973337e-02
3.155548777471530592e-02
6.085333062978083574e-02
-3.944288782034558599e-02
5.223873071922628848e-03
-6.976510593404793015e-02
6.026651201337512864e-02
-1.946194581734543778e-04
5.700238485270663763e-02
-8.817807359353163621e-02
5.588739330080163409e-03
4.662959861171371567e-02
3.644090652441301509e-03
4.515888465991925449e-02
-1.057642785860138518e-01
2.195006201355789721e-02
8.001800237868419985e-02
-3.979962985910665690e-02
4.461896943160807705e-02
6.765261154150976897e-02
1.480456436754912231e-02
-9.176582097542181071e-02
1.856420312824855201e-02
-6.742260074701815487e-02
-1.089838047689430794e-01
5.844570012127336782e-03
2.621636261872308665e-02
1.888239623934708303e-02
8.400304711316472495e-02
-3.088785455483956596e-02
1.877266994013013918e-02
-4.189663231911148859e-03
-6.192891807303420142e-03
8.862141915322743410e-03
2.354500744980751042e-02
-3.578425909108957220e-02
-1.672862291829655540e-02
-5.665564185320273727e-02
-3.204146081756012454e-02
2.294555846802431159e-02
4.329008395769833734e-02
2.944177639384650685e-02
-1.880931115635546200e-02
1.014757761667085464e-02
4.874104047380375428e-03
3.531930376563073223e-03
2.116507164871631215e-03
1.016970049102736418e-01
-3.601302000567404432e-02
-2.481001748214671510e-02
1.274665025706150090e-01
2.559129109884335836e-03
-5.657416941820262585e-03
7.253089281910614361e-02
-2.320948047789143931e-02
7.642025595753687561e-02
9.846149342116353176e-02
2.572716620138088689e-02
4.066007350044814617e-02
2.704921022737781511e-02
5.528606949915770841e-02
2.982157542773680031e-02
5.795916792162798120e-02
-4.563663480863810323e-02
5.064138419789189494e-02
1.887243009166640617e-02
-1.354804036194792033e-02
-2.330953665361623975e-02
-8.123166866010085932e-03
-2.422365934781205501e-02
6.272851229784350002e-02
1.345969358745850199e-02
3.887458716151156318e-02
-2.064577943887306241e-02
2.659672080941394290e-02
1.132710244167647352e-02
-7.397315555722474775e-04
-9.919704774651979390e-03
-3.068882762541459003e-03
9.386838211185578873e-02
4.849060401030321626e-02
-3.930105934246085064e-02
-4.289725985951250986e-02
2.779940130427829489e-02
-1.457336947630335361e-02
-4.995983784115500675e-02
6.285192149288605645e-02
-3.605150315018358642e-02
7.580469010326676416e-02
-1.053683297880601416e-01
1.212570991919066470e-02
1.658551166892817744e-02
8.224012439570979605e-02
5.640132418367475170e-02
1.570918139613531814e-02
-5.297977793785869222e-02
-1.428448275986978107e-02
-6.902001305150555488e-03
-6.673174607413066839e-02
2.120421262475592761e-02
7.081984011779783247e-03
3.672245841928622502e-03
-2.187099066364257133e-02
2.547393395387751933e-02
3.043059585828263025e-02
-1.447334619215505554e-02
2.217846112080083462e-02
4.327919684587555604e-02
1.785611326927303427e-02
3.115088849214108641e-02
2.797060195998098825e-02
2.788722181354365282e-02
5.092803428712320418e-02
7.590336483277841662e-02
1.054267123363545298e-02
-3.272412548789814524e-02
1.216588369073250270e-01
-1.908533726637601669e-03
8.819340106818246428e-02
-2.831129290940817209e-02
-1.418932742904405707e-02
-6.527126140262891341e-02
-3.524319265760075121e-02
-2.857919480003226834e-02
1.037617407337281666e-02
-1.229996620235056654e-01
2.043754286802700396e-02
5.310568689271553955e-02
7.267512238207565756e-02
2.395608637295299631e-02
-8.786649168931039144e-02
-2.619550935921962764e-03
2.491119197147264458e-02
3.442330433008855550e-02
-1.787298664801952389e-02
6.052224402069278364e-02
-1.895347493617196427e-02
7.711430111334524086e-04
-5.655848013621028042e-02
-6.412114164701775663e-03
-2.036629971331960220e-02
-1.165016350609757688e-02
2.661813322571797077e-02
