-2.394316580554234353e-01
2.326684068604046446e-02
-1.952796185021524744e-01
-9.546666209107981804e-02
7.606145663006028124e-02
1.786128971340937011e-01
1.466528060861068683e-01
2.218213559989431205e-01
-2.143874670105368890e-02
-5.490474279413181530e-02
1.620432051019498054e-01
-1.115004986449801005e-02
-2.627586457849401952e-02
1.424659519311601355e-02
4.446054129682235068e-02
-1.229733991713342217e-01
4.158313041959579154e-02
-6.049914921433367093e-03
8.313881679156022442e-02
-5.789990535288323803e-02
-1.285710445463961182e-01
4.030395221470763761e-02
9.796027423112682597e-03
1.645806998562296961e-03
3.667506898247898436e-03
-1.185440065040718229e-02
4.049034884278249202e-02
4.816534841716819254e-02
-7.773300113014487700e-02
1.376007979390710401e-01
-4.250257567018925209e-02
-9.656950880718939700e-02
-6.604312545563933989e-02
2.048503121839265195e-02
1.127787365081346915e-01
-5.491964895198234164e-02
6.474709075449029683e-02
-4.931451567052356350e-02
-8.335951847917426327e-02
4.472707593707961338e-02
-2.219258732412548660e-02
-5.746846263453658094e-02
-1.631590772924428057e-01
-6.759622172476678625e-02
-5.152219426862465756e-02
-1.872516425029650822e-02
-7.378537687771048736e-02
-2.726670614589493322e-02
-1.133505339370833101e-02
1.132660076634776219e-01
3.285244052566504980e-02
-3.157291404606076685e-02
-3.018200931223686059e-02
6.756094149602243082e-02
4.959940438832107640e-02
1.002557877126369068e-01
4.039930983198509323e-02
-1.950380899865136186e-01
5.323417346325239746e-02
1.608158501748223855e-03
-1.452862805824123478e-02
5.550119807298270480e-02
-1.506047837724929471e-02
-2.945707549060417457e-03
-4.846500398292978573e-02
-5.248914419049878488e-02
-1.308718866310630384e-02
1.263585945846839968e-02
1.749279416725674913e-02
-1.268857083675526409e-01
-1.552511167604351400e-02
4.560218581630923196e-02
6.379487285310864175e-02
-6.380302248146617339e-02
-2.582962018471167409e-02
7.723650069482440594e-02
2.946163788938552588e-02
3.689120827131167624e-02
-6.768771349269517290e-02
-7.767898372167250653e-02
4.186192432986096668e-03
-5.216664180335880974e-02
1.723026468623502575e-02
-7.962960075179517649e-02
5.619792164260855455e-02
3.837026133578906595e-02
-7.000461104177584451e-03
2.178799658639275078e-02
-1.676375070397368230e-02
-1.411797734044776924e-02
-6.001964458516052814e-02
3.060401378577629061e-02
-7.663213957991726888e-02
1.182724567079022487e-01
3.142374798514062373e-02
-2.806153870305568964e-03
7.178596655985745867e-02
8.770849451448135825e-02
7.988147302650321080e-02
-7.432070994387987573e-02
1.547283564115181816e-02
-3.503169990692962810e-02
-7.614180360707235862e-02
-3.768583186364275056e-02
1.134780024831883068e-02
-8.605102031292857084e-03
4.141289373834954740e-02
-2.019401286559117589e-02
-8.013268357925058816e-02
4.531088884373484990e-03
-6.272347534386596424e-02
-1.902067534693610909e-02
4.556147250199318183e-02
3.386759166825210887e-02
7.472902722107525875e-02
7.438583731579692659e-02
3.919797102615286098e-03
-6.457208270963302188e-02
2.279677430167455568e-02
1.027369316178463332e-01
7.177907072047800749e-03
-4.486732616526672990e-02
5.798101853427082425e-02
5.793448903219533541e-02
-7.768490439184679019e-02
2.757952649592638680e-02
4.987293935037263176e-03
7.169583306332200914e-04
-6.754314465802799261e-02
-2.532058185961038460e-02
-5.645776940831604383e-03
-1.036419931226634505e-01
-4.348666070809716760e-02
1.320692551051313567e-03
4.367559974159979791e-02
-4.467608851863761471e-02
-4.570827029484361009e-02
-7.179930548148537317e-02
3.060784480765376542e-02
-6.407694054570547970e-02
9.204388783585920608e-02
-4.198510909695751803e-02
-2.518520747744914037e-02
4.929034540522387459e-02
-1.966529701902832231e-02
-4.568190589883228125e-02
1.333829473343883625e-02
9.142911330693967442e-02
-1.730211376017344593e-02
-6.274099356208749645e-02
-7.743393763140070385e-02
-1.037635758260657855e-02
-1.876862893487001721e-02
8.809466151973061043e-02
1.353238823274025178e-02
-2.003356270386829827e-02
6.179626356710271606e-02
5.436014562051325050e-02
-8.090954516105883232e-02
-3.857490755898934035e-03
1.983058819930546765e-02
1.743957779063149208e-02
8.909410547262001934e-02
9.264274621025142542e-02
4.003355172510127818e-02
-3.444732976072857611e-02
-1.097295217134392972e-02
1.165139131837274016e-02
-8.960411896692648676e-04
-4.951762948497284017e-02
5.683233886551804226e-02
-1.207722681378964498e-02
-8.037480416190687094e-02
-2.246483366972734999e-02
3.696232596834621992e-02
1.299813481819086895e-02
8.960063621976514011e-04
1.087819706932538211e-01
6.396636332333296981e-02
-4.497967958869151898e-03
1.178035744575712043e-02
1.207995380481697301e-01
1.060193511624649837e-02
7.665627501774535668e-02
9.662115794759203527e-03
6.875705618111264961e-02
-8.037065969278486821e-03
5.971737695902793602e-02
-6.702240430246460268e-02
7.525102136561673087e-03
-2.704422825722860475e-03
3.384683449517052883e-02
-9.761513398743815184e-03
7.645229051650571928e-02
-1.700451301523703967e-02
2.719203604675582767e-02
-1.430626510023123299e-01
-5.414578253273284736e-02
-3.418734268513462862e-03
1.011198224558934600e-02
5.013815054670859445e-02
-7.066441749149149354e-02
-7.678792286044396065e-02
-1.122454582627904936e-02
7.440440035816686670e-02
-4.009234049718468640e-02
1.049111410157269574e-02
1.260333059998149444e-02
-2.593772465659963111e-02
-6.067885896785875366e-02
-4.411195313344394575e-02
4.901768112996265220e-02
-1.585903747387268359e-02
3.665668007746711310e-02
1.706873487289212871e-02
6.723387671010110089e-02
-1.569061182115033537e-02
2.722808247987568500e-02
3.447362450179668539e-03
1.202265216577146356e-01
9.079626332025279162e-03
-1.471112400949539309e-03
-9.480549736997125054e-02
2.439183767409614650e-02
8.431709981118439001e-02
9.403243198256885232e-03
2.554810973166065161e-02
5.274968850563854089e-02
-9.018434464400554990e-03
5.904026125592043428e-02
-6.444659932940997871e-02
-2.041025663683870839e-02
-6.531282820337819262e-02
-2.026464297802313061e-02
-3.993439791341796968e-02
2.304753209729095559e-02
8.088290214527459054e-02
2.324005836036976622e-02
1.702140433896953339e-02
8.030511439120846529e-02
-2.544564731017406184e-02
1.036458589720125334e-02
2.008057979054636913e-02
-8.499404137693382377e-02
-6.660336016401230408e-03
-2.758523820127098403e-02
-4.432091796312427612e-02
6.824721682416426405e-02
-2.262953278298706489e-02
3.733703473543466267e-02
