-1.373117940250632163e-01
1.619644879645082691e-01
-1.247161119081577618e-01
4.336177204195766632e-02
6.331669567107911685e-03
8.043374393799111732e-02
1.862340519043570730e-01
1.100178905663967421e-01
1.808886516215279724e-03
9.955988681632164938e-02
-1.442497200588030090e-02
-1.551846526471329681e-02
7.465856219389151172e-02
3.555025576690463290e-02
-5.023870049255169980e-03
-2.956147621422832231e-02
5.552678713453881171e-02
7.094621102731504814e-02
-8.878300952183403733e-03
-5.033292440147607572e-03
-2.569723327266397461e-02
3.620312827268860195e-02
-1.957124458043179305e-01
-6.875072310433258393e-02
-1.210601888193694742e-01
-2.953420087217125886e-02
-3.032628389001267716e-03
-8.962347970493511617e-02
-1.025285067077942175e-01
-1.155819186559481349e-02
-1.763223342909105151e-02
2.096329656722312543e-02
-8.343307515616948944e-02
-2.591451502354449182e-02
7.422378615699756765e-02
-4.931643970580158742e-02
-5.203391391521629272e-02
-9.886270073532550662e-02
-5.365739895048787789e-02
1.605548132729463229e-01
1.710921988951641035e-02
-2.688417114493400761e-02
1.741371188993521375e-03
9.789630348597397336e-02
-7.805281911154279828e-02
-3.801059788801779832e-02
-7.819096694793570279e-02
1.064535346973714304e-02
-3.573094605240210997e-02
-2.131188960772119681e-02
1.288709966439794685e-01
5.468528969829532065e-03
-1.661291493164439650e-02
-2.427427513529500230e-02
-1.989608681982693236e-02
-3.367335800815746821e-02
1.303504537041809130e-01
-5.548746813495007008e-02
9.992378238638940924e-02
-1.537004135464409837e-01
-1.769695391931501716e-01
9.122964312687437127e-02
6.307940019518271102e-02
-1.759892208925928625e-01
-1.760378914380297463e-02
8.736380617181317698e-02
-1.070691781323736269e-02
-9.053412190441936791e-02
5.153087867813539724e-02
-3.409485059924440703e-02
-7.116962087452786967e-02
1.407981495003097702e-02
-1.012217344430838689e-01
-1.053303927874971874e-01
7.886449078413429459e-02
2.777625194281059182e-02
2.209479819232524136e-03
1.057633622757613856e-01
-3.229545731896586724e-02
3.028331637064227491e-02
1.149057735531102825e-01
-7.175788269990653750e-03
7.811742979194809255e-02
-1.052547302801804807e-01
-2.822324874984698945e-02
1.560549840164082019e-02
-7.178420163386549369e-02
2.267406269707729696e-02
-2.296293336522705480e-02
-5.951876369098336311e-02
-4.598024030195747153e-02
-4.202768901266813045e-02
-7.199344247221750766e-03
5.641656546847551718e-02
-2.503663865705086982e-04
8.554992507997447038e-02
6.262425620805134319e-02
-1.710001003375688500e-02
2.637986069705563520e-03
-5.124735681083059102e-02
-1.530387562551633121e-02
2.822108797599571714e-02
-2.448160315745080001e-02
-3.244603846063412456e-02
2.450115638967871948e-02
-7.283288540217618123e-02
-2.006069528026738907e-02
-1.346432028962183114e-01
-5.761299657668229879e-02
5.366118916035814146e-02
8.396519228393720460e-03
-4.556413193423763247e-02
-4.919168158278215686e-02
-1.776882267450925756e-02
1.212865033133987552e-01
1.791143374869330618e-02
3.302579888069630959e-02
-2.985813983725152734e-02
-9.982137587484790284e-03
3.970088980006809820e-02
4.375616640359830667e-02
2.325566508829138637e-02
1.326642528511511598e-01
8.350498287613809800e-02
-2.292262253501805257e-03
1.197383974052666777e-02
-1.300088034780246329e-02
1.858109652997733119e-02
4.464208368262043841e-02
1.040239039029640725e-02
-2.433984222379839690e-02
-1.387754172178627121e-01
2.197567225032798222e-02
8.237206435014990391e-02
1.943711720030315282e-02
-4.345631475358142232e-02
4.352046494119874397e-03
1.063763135990800079e-02
4.300226886463677511e-02
2.920303571257198624e-02
-6.816366564470707767e-02
1.942783649949932209e-03
-1.963799832342728174e-02
4.202074619832633223e-02
-1.431973169256663646e-02
-5.654511380136521131e-02
2.797529109478281897e-03
9.314114868976407224e-02
-3.394412776748754329e-02
4.249962327529954731e-02
-1.936903511272695911e-04
3.077260766912818905e-03
2.851796413415183182e-02
4.707546926437591178e-02
3.514594309906142466e-02
1.164968824031349243e-01
4.793304852567642320e-03
5.246167629272414229e-02
-7.364863066481514009e-02
-1.586340978542971278e-02
4.946691457990338991e-02
8.153456965890959474e-02
-1.836225618812212246e-02
4.357009189473372290e-02
4.086459049780639952e-02
-4.939883249232719653e-02
2.095560987991613305e-02
-9.614742272228422870e-02
-4.782564743851148298e-02
-7.317113506620585850e-02
1.589376688691399725e-02
-5.309407458070423275e-02
2.481301627470514082e-02
-4.497147771611211681e-02
-6.354694206506727658e-03
1.032921808628697036e-01
-4.273061354225290293e-02
9.967334515477459245e-02
3.878790971412181959e-02
3.547909191990122196e-02
1.354510135138952132e-01
2.081466366427323078e-02
-1.329495812670857154e-02
7.684689476739928193e-02
-5.181326702473133122e-02
5.087758110208560891e-02
-1.661160429832476970e-02
1.264537991548474738e-01
6.080545138563350077e-02
6.804762146213703955e-02
3.155966068882401498e-02
4.148423667781176577e-02
-5.930991250037502549e-02
2.999054922505579174e-02
-9.201931741320945601e-02
-5.476102305065635306e-02
-1.115238790956900594e-01
1.128377358648307953e-02
-3.286537027786979454e-02
3.806815948651483955e-02
-3.389825560130067111e-02
-6.747990469960655287e-05
3.433246487784018253e-02
-4.646694575632628194e-02
5.125685004676733963e-02
-7.492965075592096513e-02
1.303485054654625504e-02
-1.401573560745796379e-02
7.983014416052063023e-02
-7.766069179131990241e-02
-4.198213564918062274e-02
-1.060256306297749709e-02
-4.082339410454360537e-03
1.905572290429230486e-02
3.219545953893070134e-02
-2.379550432588823858e-02
2.456938016734351582e-02
-5.035162749317235314e-02
-5.213851662313122304e-02
-2.257264801615605204e-03
4.059739841321368184e-03
-3.535320027617292610e-02
-5.143523786832492756e-02
5.169322009715812682e-02
-2.498839318187981440e-02
1.656190649974547888e-02
1.050264675474328196e-01
-2.417431277778198453e-02
-2.803692628332734140e-04
2.432829448157684121e-02
-8.240065032552658375e-02
2.542919104753960449e-02
-1.409660522553103472e-02
-1.572951265169506008e-02
9.006371081024049097e-02
-5.890967342257930062e-02
-6.403010526722089334e-03
-1.465440368185896500e-02
2.325035170996857942e-02
9.196175581471240090e-02
-1.630966271950091626e-02
2.646689383398316206e-02
5.591158199267625556e-02
-7.892208780515347355e-02
9.547999155989578615e-03
-5.353228660224693299e-03
-3.546095558855938412e-02
3.946136270527611511e-02
-4.705896236905306868e-02
1.401438955161618712e-02
