-2.397228983452160123e-01
1.461573359350482604e-01
-1.894336912278069829e-01
-1.440496023251519875e-01
-1.039832402220273733e-01
1.313339400632280995e-01
1.438671208910222710e-01
1.426246467741065505e-01
7.354303938996563372e-02
2.508279693759235193e-02
5.043865197458116678e-02
-5.615019469300028959e-02
1.369683531652929331e-01
7.289675097742281951e-02
-4.688590844933550328e-02
3.765572126550537427e-03
-4.924744265648207941e-02
5.283169543954963077e-02
-5.236573029279258801e-02
5.193698524932146426e-02
6.164276633098171587e-02
6.126116896517876109e-02
-9.126369325708434677e-02
1.897099699784244101e-02
-6.161129027574973466e-02
-8.102906132338287548e-02
5.307629891939566469e-02
-5.966717902891593983e-02
-7.671445117012759551e-02
1.961864671657145495e-02
-1.318942669705013004e-01
-8.332289544970875386e-03
-1.564313461403796235e-01
-2.397021135239341474e-02
3.114857808773094025e-02
-4.889290540145345421e-02
-2.349664281254762802e-02
-1.569230764969046232e-01
2.753444297374694691e-02
1.166287122088875416e-01
1.754258837744662345e-03
-4.592011151411611036e-02
-2.047338098855140676e-02
8.254738255724727858e-02
-5.856462062586896555e-02
6.386587894080535122e-02
8.154058042349254798e-03
2.496306839838714070e-02
-3.932836813725824193e-02
1.210925015985956851e-02
5.987791586705667329e-02
7.098076232424040122e-02
-3.361131378891452776e-02
1.067871657370969042e-02
-7.588269309036339838e-02
1.465947468544851612e-02
9.521911779272400345e-02
-1.480131614953189290e-01
5.200392167057428516e-02
-8.263945333905982349e-02
-1.232067429161137484e-01
9.055425351853811644e-02
5.098058464704578741e-02
-4.296322166734430070e-02
-1.010886052313314867e-02
2.136799157100986030e-02
-4.754146038446242090e-02
-4.106625809817867484e-02
7.708203704298972891e-02
-9.874672695740993600e-02
-7.196448865800965378e-02
2.584423193193319257e-02
-1.014481560774360969e-01
-1.430762684020236812e-02
-5.932655365905841610e-02
7.211237299345613083e-03
-6.133753492196521856e-02
1.051027983511068215e-01
1.361976878509578784e-02
7.238934899846163895e-02
2.842467081433765544e-02
-5.474482867000003694e-02
6.127919797149834064e-02
-5.895003628951125257e-02
7.471346388678284239e-03
8.405122746191216743e-02
-1.556112421696728178e-02
4.649441671174021906e-02
-7.953202294964897834e-02
-5.321721071096163769e-02
1.383180052424289562e-02
-3.156095425437783347e-02
-7.434630964758949523e-02
1.044648437886306902e-01
-1.116330837340465468e-02
6.434283414482167007e-02
8.936500315324355515e-02
-5.207992239887177660e-02
1.749710082927381782e-02
-1.645719571338164627e-03
4.401534533632229899e-03
8.291071849860130738e-02
-7.596324257347815412e-02
-3.464992400380031978e-02
8.430917838290087618e-02
-4.536967897863525279e-02
-5.536641435565193420e-02
-6.367665738092445626e-02
-4.547343707209512698e-02
4.698564902941660543e-02
7.922961376077458651e-02
-7.033284698479212727e-02
-6.334018233480533111e-02
-4.966868391463418603e-02
6.884430847407443932e-02
3.514298246392160568e-02
4.226384231353993298e-02
-1.633125828986379743e-02
-5.444222026558621225e-02
3.146307301933153749e-02
-1.707011552306777341e-02
-1.547303774594359534e-02
3.867218535292309134e-02
9.740836376084234527e-02
-8.328803273030625093e-03
-3.518329040806889713e-02
-9.784736840459478530e-03
-5.268148692280964773e-02
-1.058833912398240810e-02
2.696183110820811121e-02
-5.809078646530392576e-02
-5.447459279074568644e-02
-6.772458433204545103e-02
3.325558124064924292e-02
-3.651016550852862613e-02
2.260598333828812978e-02
1.093372242497363256e-01
-4.208192532343862230e-02
3.277699910972747821e-02
-1.704401828740074662e-02
-9.139065996088931165e-02
-2.459076775775818555e-02
-3.515347448233226840e-02
2.711011387473347481e-02
-2.241782426128426792e-02
-8.744798521977398612e-03
-9.816511719000628119e-03
4.785416237620803565e-02
-5.960900809139860201e-02
7.326652822121883235e-02
-5.458904211815565621e-03
-3.588608962863369667e-02
-2.096079500838847823e-02
1.109305833367909000e-01
1.479417759270185324e-02
1.571950057082442329e-02
9.470686823563638501e-02
5.107627451115821782e-02
-3.344901952944834278e-02
-4.142481286658607209e-02
4.287503558855088742e-02
7.388031129824254584e-02
-3.987697453029420518e-03
6.912201493605790725e-02
1.819933560581019766e-02
3.359793314518193935e-02
2.867375664382115080e-02
-4.083533408537439596e-02
-3.146406909702875038e-02
-4.458835563294002990e-02
1.327037793150277062e-02
-2.447004314085576143e-02
2.787765814561723662e-02
-6.591341625519993308e-02
-8.830484445750801104e-02
4.610133124982938174e-02
-1.074714379124935143e-01
1.268535825811562823e-01
3.360264791294875764e-02
8.052660653031787352e-02
1.112990324769906336e-01
-3.663407757406214171e-03
2.286692249236848065e-02
4.755367893754826325e-02
-1.049221762620118799e-02
6.676605876401574269e-02
1.691087590187304729e-02
1.154717015583928141e-01
3.614145074760964638e-02
3.555157353531908371e-02
-5.642262194318851953e-02
4.747356108810228681e-02
-3.026186972167039385e-02
3.664888592916073357e-02
-7.020777282861184743e-02
-4.180425206404506794e-02
-6.182846841633244522e-02
1.495208911030029321e-02
-8.475060681571652821e-02
1.216466528241461412e-02
-7.299270646225450299e-02
-3.806444514726248229e-02
2.320100695201430044e-02
-5.171246933636926280e-02
2.215957451698639946e-02
-8.651210381806095917e-02
1.734519898044857220e-02
-2.579011171038452475e-03
-1.441785943869413125e-02
-4.063953841269189043e-02
-3.653280967484531035e-04
-1.263989395175575681e-02
8.367052656603670563e-03
1.965975152287651601e-02
5.094140559095534232e-02
1.945007716761281563e-02
5.874408062431715066e-02
-2.717386284735521726e-02
-6.046702941977936258e-02
-5.296550187687547318e-02
4.595929057020656239e-02
-7.071421193246572867e-03
-7.810723341155303978e-02
3.382092173899841486e-02
-2.259386439297201774e-02
5.188083966978845885e-02
9.352449080645260093e-02
-3.297591582586125586e-02
-2.796385206901621720e-02
7.035120801701078008e-02
-4.812061316021297441e-02
-5.912949628795943074e-03
-4.530968189867302931e-02
-2.908722849593498028e-02
7.612616768215257901e-02
-1.130083350080009945e-03
-2.117960007587664766e-03
-4.996010304624930870e-02
4.227908230230732062e-02
4.736595149421318762e-02
-2.344707134581624011e-02
-2.806120206262400010e-02
7.313660648691212851e-02
-9.346060902347123889e-02
5.202756191458818291e-02
3.823361234283944449e-02
-2.831055351282675200e-02
3.552355054943744789e-02
1.483617886893440728e-02
2.391496224278790231e-02
