-1.671727718227331294e-01
2.329190119933575998e-02
-1.384124121661024220e-01
-1.193939645747066625e-01
-1.096064894841483062e-01
2.228592263652088290e-01
1.917312080328726354e-01
-3.350941823790112850e-02
9.749089188800635908e-02
1.718595299408062493e-01
-3.349378285354978613e-02
1.340133244565904214e-01
-1.320232568690525576e-02
4.424872318022675388e-02
-8.997901956484702368e-02
1.387156146414971203e-01
9.579930860921972990e-02
-1.043617134527607439e-02
-7.144358136888638577e-02
2.260997114307829528e-02
-2.471761406580444409e-02
1.448617326976496256e-01
-6.411991912387700332e-02
5.069608067893690423e-02
-6.374873372180928088e-02
9.102772680908197134e-02
1.357622833968954168e-01
6.265935381475731814e-02
-1.286879952005381411e-01
-3.936542070423932477e-02
-6.727361747454942142e-02
1.448783668180058000e-02
-5.291399783226435893e-02
-4.712570277921851458e-02
-2.647445957663026317e-02
-8.081296490432299251e-02
3.976553501127429169e-02
-1.173317469206135860e-01
1.590438872836297604e-02
8.648296139955638506e-02
7.680548502621868667e-02
-1.261056771621412165e-01
3.928200902825046241e-03
6.225844740675300949e-03
3.204992054313141742e-02
2.065857874634780683e-02
-2.787076138971558703e-02
-5.141940662063557849e-03
-6.072635193618457217e-02
2.832015815271259063e-02
2.205546602536699943e-02
1.381687205809260244e-01
-4.707717798505323126e-02
3.282459529114694491e-02
-4.202281613886073297e-02
1.284918641126947710e-02
4.868472968274455137e-02
-7.932608806735215456e-02
-1.247255961993410864e-02
1.009484470583525174e-02
-1.288647714733914817e-01
9.618240996500013185e-02
3.488113048176430531e-02
2.844145291853950736e-02
3.024513570407418028e-02
1.815357665039310855e-02
2.279084567746868933e-02
1.147179170393059291e-02
4.266996263081235252e-02
-1.100102199043041656e-01
-2.272393036514566353e-02
-2.754011089377457824e-02
-6.798819586641277612e-02
1.840773774403383408e-03
-2.447037524585230633e-02
7.254976759215742144e-02
-1.015889467899961790e-01
2.757399903959334431e-02
6.562897478798938866e-02
6.722003012201488437e-02
6.062823473350401754e-02
-9.944562488447711290e-02
8.841265711756143841e-02
-8.205618459529002984e-02
-2.944611246104456709e-02
1.453339970712397809e-02
-2.346006767904411719e-02
-5.845842910427089673e-02
-4.083166847683472600e-02
1.001491138627696748e-03
9.158409164211258474e-03
-1.087427205966682020e-01
-2.081958187815951752e-02
4.371681015972796874e-02
-3.296142212380746145e-02
3.524535917097085941e-02
6.114396134289019208e-02
4.781328085977911042e-03
2.849920741095624335e-02
-3.066629234555554723e-02
-5.012411490072751774e-02
4.256165143304810328e-02
-7.859194822546335113e-02
-2.227673770919378141e-02
1.044841447112827976e-01
-3.581102258059808835e-02
-1.518247479274007807e-02
-5.346895065921919432e-02
-9.870718014601580215e-02
1.018378731294047462e-01
-5.548488206536467821e-02
-5.897942490706181012e-02
3.187586496491187204e-03
-2.530917573321186942e-02
6.418242622210977577e-02
1.697369059780077724e-02
6.779203033939683321e-02
-7.345940945751414097e-02
3.943268040828815796e-02
-2.271084347956524654e-02
1.567433505552827747e-02
1.091704206809397670e-01
5.142853300136929207e-02
4.458426403867413179e-02
1.306415572651411540e-02
-1.355291646377010904e-02
5.849431472209930261e-02
5.985907025310131108e-02
-1.947059948819917369e-02
2.127617642822574734e-03
-1.401739414043991216e-01
-7.910209568889153831e-02
1.785540229419507741e-02
7.142994345654469189e-03
-6.999606850617454135e-02
1.192191168955177710e-02
3.851577187751704934e-02
3.280813336665367938e-03
4.398815640048613779e-02
-4.176951602453450596e-02
-3.976963327281131388e-02
-1.734156983930081747e-02
2.380573365423002338e-02
7.226550666168174430e-02
4.294664694332042676e-02
3.009742609287836910e-03
-6.736233278311562489e-02
3.822179910037378642e-02
-5.639035679083920921e-02
2.872598936239583248e-02
6.215168597175487093e-03
7.534636616234735920e-03
-4.395488815977381669e-02
4.307469178697303364e-02
7.014670544703964505e-02
2.474058499391533494e-02
7.610919383499534924e-03
1.776882221432884643e-02
-1.582056378230314517e-02
-5.140149825089395524e-02
1.321867740604625863e-01
-1.391487216758637707e-02
1.234382599282990434e-02
7.588148202589609093e-02
1.433806072024996570e-03
4.490045008213151834e-02
2.329572394749214459e-02
-9.908094848602702620e-02
-9.208053231485392731e-02
-5.828630211971583264e-02
2.810098725841318756e-02
-7.883078388730595243e-02
-1.925466587612229344e-02
-9.139044017469499792e-02
-7.889125907435649843e-02
4.466244096043082631e-03
-5.684316303192164105e-02
7.693835135403249981e-02
2.513945949073741193e-02
6.884049650942371257e-02
4.433681858368650891e-02
5.055346806528293602e-02
-2.698605348530682194e-02
3.745848927930968408e-02
2.091494394703366164e-02
3.432345696017564170e-03
7.005278982341385519e-02
3.673946823418351715e-02
1.052573041357047906e-01
5.467631917153038985e-03
-2.332565158846420378e-03
6.250875131306478372e-02
-4.375293685176442904e-02
3.411406679088897168e-03
-6.875570726653164322e-02
-3.356197241525827463e-02
-1.235509449009809246e-01
5.280795961989039750e-02
-9.555148432333371647e-03
6.451083817183309033e-02
-4.892335870955168836e-02
-1.089920602061477360e-02
6.187651698284031554e-02
-7.153250331248806049e-02
2.687264529000073579e-02
-4.702985856192825470e-02
9.938886912806518814e-02
8.776134348572764074e-03
7.643023580178652521e-02
-6.371615426454856068e-02
-1.618358710046939597e-02
9.008461006797743517e-03
5.857758864139784270e-04
2.706657227079896366e-02
4.138524373688636654e-02
-1.770641843361380960e-02
1.425575109778365974e-03
-1.516311997775009364e-02
-2.157624493891567921e-02
-4.471210224729125354e-02
9.001263219728514176e-02
-4.369521679852027274e-02
-5.048765480648247095e-02
3.185964411462667567e-02
2.763946790666800893e-02
1.960735744251452736e-02
8.482609280673044164e-03
-5.385735564757693737e-03
2.805976356883487302e-02
4.956361736698729897e-02
1.585617388675091000e-02
-3.282287333251793920e-02
-8.310737145995072961e-02
-4.934640950552495603e-02
8.833217277124186251e-02
3.463447712774602588e-02
-4.930174189868863528e-03
-3.785240453528022908e-02
-1.224219599454619105e-02
9.692946449660647112e-02
-1.054196848344196927e-02
6.612303915782270780e-02
6.176014701869235457e-02
-1.034165303613013981e-01
2.622233039417175282e-02
-9.821500993067437679e-03
-3.377112151033688503e-02
1.416510719555298149e-02
6.446258889104844458e-02
-9.080335559972296106e-03
