-2.167746787503770645e-01
4.397321104246085938e-02
-3.101714381885068983e-01
-4.983061516897484972e-02
-1.468181975639518654e-02
1.305707567477716879e-01
1.079538500148403135e-01
3.628165555426573347e-02
7.634581370997509109e-02
6.938554801804110161e-02
-1.629962045893705302e-01
-3.283787859874041232e-02
-2.212881731489798470e-02
-9.627258321629084126e-03
-2.876519109399005777e-02
1.476614688005351839e-01
9.405811877845941804e-02
-7.361041373086969763e-02
8.026178679809482797e-02
6.384806248300928244e-02
1.137405290211508380e-01
8.291801834910728086e-02
-1.727681249195056612e-01
3.015582045888961366e-02
-5.969064390026235234e-02
9.000427143915652739e-02
4.728437839760468026e-02
-4.611195059737780572e-02
-2.115190672548078465e-01
1.102076834451445539e-02
-1.022719342483817406e-01
7.242801951623213490e-03
-7.369100593244987119e-02
6.364313843388041958e-02
2.497066919543321217e-02
-2.782556681443293725e-02
-3.801584477273794310e-02
-1.113982229685696046e-01
-2.970623914703442517e-02
5.645755230983752482e-02
-3.159657989494462499e-02
-9.444021984922160162e-02
-2.851702406406262866e-02
1.838723992345974237e-02
2.251091838566016481e-02
2.442423817543422707e-02
-4.419267082556412735e-02
-9.799832912687359357e-03
-1.065144812412612170e-02
-2.087957196838269996e-02
2.956465646258216173e-02
6.290131933601594838e-02
-3.473305355430496982e-02
-4.703968802386702952e-02
-3.554814732024540180e-02
-4.842710562066745994e-02
1.793724472396291403e-01
-6.087770676749762466e-02
2.142053967151203928e-02
-1.054883378890956319e-01
-1.527588758839638627e-01
7.480429746643919853e-02
1.156987142312786848e-01
6.934571547140965832e-03
-5.416040967671206102e-02
3.590375958194261252e-02
-1.085759728067424434e-01
-4.857196629524150600e-02
8.952095000675482084e-02
-1.194756210718073280e-01
-5.096615730257875176e-02
-4.950851125074482578e-02
-5.553219887616415995e-02
-1.013498256938188263e-02
-4.123148686019121462e-02
3.053775597459513699e-02
8.204246387647605096e-03
-1.005127793273658150e-02
-1.157551022835757309e-02
1.313638979131995232e-01
5.457760841948533503e-02
-9.453276512589232905e-02
1.036594511782161637e-01
-8.000226269128078715e-02
-5.050654335429020231e-02
1.291031442815270555e-03
8.288944354632843403e-03
-2.028552731408943613e-02
-1.315669346346825218e-02
1.064111748859078443e-02
-2.199862481834366154e-03
-1.067738397930185906e-01
-3.385332709424600933e-02
3.715234270823127710e-02
-3.258308936654673998e-02
2.161672241364946678e-02
1.888784530377633211e-03
-3.955901656684038953e-02
-2.150070142994490313e-02
-5.956670938484963200e-03
-1.090242959001670384e-02
6.584849734359575490e-02
-4.071369686499373003e-02
1.343340218516318740e-02
6.258580450904083214e-02
-2.966538015905170744e-02
-5.659214857089889944e-02
3.601882034631857972e-03
-2.272441818672381666e-02
1.315503791290169033e-01
3.733524793482488613e-02
-1.093705377456575256e-01
3.692109540509409121e-02
-4.349495559479284179e-03
2.211126847889244296e-02
9.303200853730517238e-04
1.440830293619258240e-01
-1.010266622232262185e-02
-1.929845495529469018e-02
-2.583397259387188935e-02
-7.597341416553295146e-02
6.721651188775608354e-02
-1.375166522607879213e-03
6.884265987625455552e-02
3.616272080156402585e-02
-4.356988581343537725e-02
5.057746714056166049e-02
7.363544565543610199e-02
-1.113970309721616647e-02
-5.201580947278948430e-02
-1.316017674186029662e-01
-5.930274840251720941e-02
9.156489273623051595e-02
-2.119137836208872215e-03
-1.872278691229024503e-02
9.366744195576245935e-02
6.501208008635801783e-02
-2.349550741860507302e-02
1.011923497239275854e-01
5.071448050545021395e-03
-1.623830217705278219e-03
-3.134967108344777903e-02
2.690819313449038797e-02
8.930149022365155287e-02
-3.859810190699729943e-02
6.359330636182693175e-02
1.398003187123015960e-02
7.515365174699481510e-02
-3.485053142250810893e-02
9.681361714144283426e-02
1.451914535772494581e-02
-2.627375304637304468e-02
1.273555451034657018e-02
2.882151292426444675e-02
3.609779010834351931e-02
9.873792978697887301e-02
-3.074218335855403994e-02
5.823412362281368132e-02
-4.900310477378521518e-02
-3.737087538301727546e-02
3.015853556181877226e-02
3.463170074862013254e-02
2.468319939505563346e-02
5.219371493667208928e-02
4.578325758789287755e-03
2.931321144253293959e-02
1.598583071565229385e-02
-5.472008510124353603e-02
-3.382998383125750824e-02
-8.413839089374174074e-03
3.551775141184335127e-02
-2.100476470222601214e-02
4.065403082257488566e-03
-1.819056051615234801e-02
7.981574836445206461e-03
1.146435656331869831e-03
-2.990126300377525873e-02
1.550568794033839459e-02
6.912032881727810107e-02
5.666125125154714698e-02
-3.611206095422726803e-02
4.171113297033514355e-02
5.004298919565323966e-03
-1.410138372775904779e-02
-6.105670489475414518e-05
-5.527121788485155063e-03
4.356104517340993881e-02
5.885065065380084420e-02
-1.232100464847980283e-02
5.042442804618880482e-03
-5.138583937120185657e-02
6.351774703396910471e-02
-5.195385877058879276e-02
7.946510275445453284e-03
-8.272269649326445540e-02
-7.517086947288705023e-02
-8.286523939704532049e-02
-3.832794916554594505e-02
-2.702785632944138677e-02
3.542831857023775316e-02
-7.681463251941371417e-02
-3.829298393758018282e-02
2.751624374657675801e-03
-4.661583396781618371e-02
9.453802977669399643e-02
-3.780330519100288944e-02
8.673214196637220319e-02
-5.173827297581127388e-02
3.393597217852871439e-02
-9.490542955842512160e-03
-5.847510556328224668e-02
-1.358776571998929553e-02
1.386424266460491161e-02
-3.199848135048287152e-03
2.704106762296254116e-02
7.954556251198938166e-03
4.692823635972617063e-02
4.326284740536104345e-03
-6.610752478523983233e-02
7.181811468751122737e-03
4.002455738615721959e-02
-2.430589942093647551e-02
-6.151396796123817859e-03
2.741939403843296139e-02
2.398584838540898656e-02
-9.767880786752740699e-03
6.230813556801729353e-02
-1.418197592933921787e-02
2.551865643296476476e-04
5.109982645532284984e-02
2.091983495816145469e-02
-5.186339948763192542e-02
-2.280401705796405304e-02
-4.604185458638963835e-03
8.017162551423993866e-02
4.109950636902500593e-02
7.165355296119510844e-03
-1.289468603080437537e-02
3.388865654333640676e-02
4.954980068187484626e-02
-9.794038485704398278e-03
7.198333863405396559e-04
4.669520106197709575e-02
-5.866757987215057146e-02
1.850143980154109408e-03
9.946978247043262999e-03
-4.936143213841158450e-02
1.647670145863750629e-02
5.305380656701164099e-02
4.689390024097570692e-02
