-3.156652804333741624e-01
1.015764688977700142e-01
-2.662588970853138615e-01
-1.768093634154786209e-01
3.121208180480702574e-02
6.485692035226975349e-02
1.649288524332803152e-01
4.010924729236034492e-02
-6.796722861918404190e-02
-8.480507819615309972e-02
4.915949849625702445e-02
-8.221903833455398991e-02
-1.290524432930521825e-01
2.654107568141736428e-02
1.192101470568645016e-01
1.071540793623497884e-01
-1.108368880698595571e-01
-3.768234682683962999e-02
3.137750518365387681e-02
3.412377015563171356e-02
-5.193109680190870908e-02
-1.998487472749374896e-02
-6.450843896230439023e-02
-6.373800951471951352e-04
-7.067802692401849163e-02
-1.146978197234864438e-02
4.895969416456710105e-02
6.766888748963287292e-02
-6.059424150709575435e-02
1.625809459082152852e-01
-2.697753283014098225e-02
-8.527288945785227448e-02
-1.613690584460386948e-02
-1.005070403119671246e-01
1.137050491473719227e-01
-6.399683722382615292e-02
6.900964594921261443e-03
7.141391091659358981e-02
-1.384493992635137394e-01
1.393144174569587168e-01
7.404749190437284745e-02
-1.120446958783016533e-01
3.873818753367201662e-02
-1.320297680083954706e-01
3.149275540165318715e-02
-8.639008947286870577e-02
2.768834669250897721e-03
8.943058302022988126e-02
-7.296204080753207477e-02
-8.305681496919126161e-03
-8.973369471261571917e-02
-3.318995715606722682e-03
1.600020454406515108e-02
-1.306706511070105216e-03
-2.321865832074300820e-02
-1.769530067074526203e-02
1.292231636416671936e-01
-4.811300151249395946e-02
-1.789678292453566327e-02
5.449163882766727696e-02
4.421949842985783974e-02
-2.579522285753944530e-02
2.922561944044438711e-02
-8.171424698577767209e-02
1.695704784696949741e-02
4.402966292947074929e-03
3.516668099216044285e-02
-4.585497897132107328e-03
-1.359992052911864098e-02
-7.433951615072221727e-03
5.724122674341272643e-02
-1.058953087826599269e-02
5.313939811685094300e-02
-2.135165742984753909e-02
-1.080713434439429382e-03
-5.698026050613881491e-04
2.928138567496018220e-04
-4.543365602193506769e-02
-7.221460876285371033e-02
-4.881180671669187870e-02
1.240062077273895724e-01
-7.554136898072929748e-03
-6.883524075206322312e-02
-2.880715882875919606e-02
3.838654770210574857e-02
-2.708959170610605524e-02
-6.364983635336119924e-03
4.114251830191967274e-02
-3.235869480723178176e-02
-1.240270666021288104e-01
-1.269305298446178447e-02
1.715770758992633122e-02
4.616325603174171316e-03
1.315382355342562259e-01
-5.324704833474810245e-02
2.517478648556371532e-02
-2.237222887213660000e-02
2.434131980769431436e-02
1.256684692215937274e-02
5.399405267379300821e-02
-7.976315258725838811e-03
-2.458919167249785584e-02
2.662138563920677607e-03
4.839058246860591245e-02
-4.444973566238972357e-02
-4.652302227034361970e-02
5.294850980259687562e-02
-7.490665382068285860e-02
-1.818686604531782533e-02
1.972502710495348602e-02
1.096377330753865904e-02
-8.810328083788726561e-02
2.464742543951434911e-02
4.270278845276159752e-02
8.565789032882799303e-02
7.719757679519838670e-03
-7.129175160759232410e-02
-1.038136983650703518e-02
1.041624429585024693e-02
3.664042300331118995e-02
3.145051124524122187e-03
3.808198839065281976e-02
8.646069380282202579e-03
6.501865888258222259e-02
-4.267610620132070154e-02
6.293517314029210830e-02
-6.553891343502958600e-02
8.973168778618183239e-02
2.111089205864600995e-03
-5.845025186788849886e-02
-7.552146421855698843e-02
-6.993812907857560601e-02
-1.343120710693752190e-02
7.451244082837120419e-02
8.709073710133381774e-02
-1.526103050815579357e-02
8.174073183461849634e-02
-5.439116090423881666e-02
-1.082697330569991172e-02
-7.014198016356666676e-02
-2.641878477068272668e-02
3.756732691187371354e-02
-2.583881593171845695e-02
2.946102204101106251e-02
-2.220746350195659802e-02
5.932398867616930221e-02
-1.530590669923516910e-02
1.036382403540539870e-01
2.648909299673597381e-02
9.378386965882955228e-02
-1.990051801640319376e-02
7.522480101110630424e-02
-1.100466854618357450e-02
3.106518136993208223e-02
5.845693065585705339e-02
-4.148284038441606841e-02
-7.103532563011969586e-03
-5.681148128309099904e-02
-7.874488417530331463e-02
-8.019941233338195169e-03
4.631180148828379500e-02
2.331578039997051280e-02
3.727931651839214156e-02
-1.107833261643777212e-02
5.100261367254572964e-02
-1.045829104966215610e-02
-2.115464963499173734e-02
-6.008921985528603571e-02
2.742149127766672911e-02
5.564509512022731280e-02
1.899091973577889461e-02
-4.284817546770277458e-02
5.168562666873918049e-02
1.122585815954622347e-02
-3.043148612331926517e-02
6.413732207419926834e-02
5.044774786422191043e-02
2.875691986704496939e-02
-2.481018388326044696e-02
1.214134561773885443e-02
-7.596815340205018141e-02
7.719757679519838670e-03
1.612585129900074091e-02
2.314078299502094968e-02
-1.483128504783407312e-02
-1.372622529272108163e-02
7.299931699850929767e-02
1.264505125221485615e-01
-1.183675340585258438e-02
-8.431259160944694353e-02
-5.380638860200652462e-02
8.109163918520133352e-02
7.546043391470637698e-03
-1.004808844674597024e-02
-9.938326021028216772e-02
-3.289487316941698547e-02
-5.729758518572868053e-02
-1.093036949756586440e-01
1.069052533849793180e-01
7.332519579076827304e-03
-6.026221033380169817e-02
1.417330928141437817e-02
-7.589189019756191479e-02
7.949304002951521758e-03
1.170274994084796322e-01
5.455586047355213963e-02
9.338491900411655805e-03
-9.803559265970045178e-02
1.810560197496147508e-02
5.843278173778354567e-02
-4.706857725603146719e-02
-2.258736480576420055e-02
2.367906698494007603e-02
-9.167705750929950118e-03
4.319757806980173420e-02
-3.398328530525859120e-02
2.951813719329390504e-02
-4.481022571052516168e-02
-1.366585299753731580e-02
7.693805817699156391e-02
4.343370447990195504e-02
-6.050258089980311421e-02
-4.117620834566254433e-03
6.491387100238588635e-03
-2.306294056973223067e-02
3.064297010884583020e-02
1.933134051957531227e-02
-1.487612833848010740e-02
5.729018258822658749e-02
2.035155005709760739e-02
-2.297216827413985779e-02
-3.830097367498151023e-02
-2.734269473981107770e-02
-1.415794477904335977e-02
2.495882804110254732e-02
-5.838356268950294081e-02
5.303421543145448586e-02
-7.067703991101821973e-03
2.342839858330240856e-03
2.311591026741389998e-02
-2.240328688121206308e-02
4.728706903386002691e-02
7.233160270382018621e-04
-6.467152641038391436e-02
-3.973089230891985180e-02
-4.423719886299619375e-02
3.044836404562404394e-03
5.331613924476766644e-03
-5.370627258334483012e-02
3.406853032804939979e-02
