-2.915957623151569922e-01
4.422598327665882428e-02
-2.900266223635815654e-01
-6.683057432839427381e-02
1.957934715721796823e-02
2.970735799103294550e-01
1.910891596638002454e-01
1.192826078368522669e-01
-9.163459685083738537e-02
-5.081122431412522789e-02
-6.875616464648486546e-03
-6.167946405319802566e-02
-5.704473906352359319e-02
2.923561213889030314e-02
6.562916658857295693e-02
4.301568681028563462e-02
1.008522373645849915e-02
-2.347279586371570428e-02
7.441840777787682437e-02
1.051269067699819523e-02
-8.515915955780363478e-02
-9.231066841965808456e-02
-5.286778349127022048e-02
-2.902299752930530621e-02
6.391168435786448443e-02
5.283110972437790598e-02
-8.146238169613179278e-04
-5.934203976469217684e-02
-2.592278996890286236e-02
3.701284383874720724e-02
-4.330857967400862651e-02
-1.221863931881365523e-01
3.949646592340680384e-02
-1.128239223746277942e-01
-2.512957990227104171e-02
-7.559084945774591224e-03
2.955815481076182888e-02
6.036902955553075101e-02
-1.284971093247896101e-01
7.481575871831597224e-02
-3.178164178619377611e-02
-1.260246447675150150e-01
1.166524460819407527e-01
-8.439709111356681615e-02
4.372476476930942796e-02
-3.793546879126003663e-02
3.961605969883190241e-03
1.012413833266685714e-01
-7.462828739467664008e-02
2.321977795162222767e-03
-3.916509668391035537e-03
1.644924115295924930e-02
-5.131635883387161007e-02
-8.278990989870649297e-02
-6.304114858612412664e-02
3.101792613039313501e-02
8.175375166614484712e-02
-6.779170673614402787e-02
7.706022433158885021e-02
-4.836878251856080446e-02
4.914430837047930462e-02
-4.963151003980461468e-02
-2.345442790080607895e-02
-1.365355017561686000e-02
7.022264913022527311e-02
2.402013629485170651e-02
-3.287557674134253954e-02
-2.507932440984318723e-02
-7.457579418087907815e-03
-3.728534857443515510e-02
1.156146406378152913e-01
-1.407116492623717956e-02
-1.062964269802850470e-02
4.239384890521669114e-02
-1.449493341062417680e-02
8.665224806227270204e-02
3.788919147015609029e-02
4.004905878386891271e-02
-8.937546173080758438e-02
-5.626517288135424871e-02
1.231665462275287753e-01
1.152870941723254175e-02
-1.294624374601075281e-02
2.149850402637066421e-02
8.534896184120308038e-02
3.420978702856288661e-03
4.853959524978126300e-02
-6.030481938400573949e-02
1.535704664776469178e-02
-9.893410611772675278e-02
4.378474813380278316e-03
-7.410770638158663270e-02
2.943647871128437371e-02
1.239284281949847855e-01
4.252665145261571959e-03
-5.949386294373365178e-03
9.221743002925391827e-03
9.127755597451631120e-02
2.410321170070182928e-02
4.944944654280871571e-02
-1.812050822149070123e-02
2.767312319249706429e-02
8.898485503394100091e-03
8.095559996482160070e-02
-1.949866487005488466e-02
-1.243692903842792269e-01
8.836217798335842255e-02
-2.798457049591049003e-03
-2.922212365174516741e-02
4.329462499491147295e-03
1.977374920121068372e-02
-7.725925721563831061e-02
1.855434645204135161e-02
-6.023324337963880011e-03
1.327711882203806426e-01
1.848939037339310601e-02
-3.979240457454967517e-02
3.912599871886753705e-02
4.714583671055611741e-02
7.843319070975386664e-02
2.867869923300613716e-02
9.007450102313118876e-04
2.354984185365302171e-03
4.846124392237828593e-02
-4.674093346049423142e-02
4.714279092313624492e-02
-4.565368058999109274e-02
6.031837003007781139e-02
-1.425966187217096552e-02
-6.313662469789801945e-02
-9.335366413418272336e-02
-3.461002835910456654e-02
-4.112994036436110230e-03
2.542601582482939201e-02
4.975846964807163070e-02
3.726800623381998096e-03
-2.440844311142164810e-02
-2.376568872743869965e-02
-4.807122773531759957e-03
1.746202762899291827e-02
-1.397854812510236286e-02
-1.898324304790057968e-02
-8.085617676118728170e-02
3.901025879691247950e-02
-6.379920777957358291e-02
-3.922212749937424581e-02
-5.201887902610363018e-02
1.076287103407703588e-01
8.917307226470357062e-02
4.095092265478508103e-02
-1.895085824696686114e-02
-2.851046609725352982e-02
6.806132108172945061e-02
2.556808005234189468e-02
2.929814401938804144e-02
-3.139215395001204723e-02
-3.425364015151631525e-02
3.123451891130204008e-02
-3.626379768970349610e-02
-1.360441354387385750e-03
1.230578924232444277e-02
7.146135222620825234e-02
6.003542259466459335e-02
3.793854565814337720e-02
3.693318717387857053e-02
-3.326052697585792778e-02
-7.955724166500319217e-02
3.353225472495918302e-03
4.629028124020736351e-02
-2.228493876996645237e-02
1.548882357286926643e-02
-6.616923442525741994e-02
1.626214278288153070e-02
6.991605022311285327e-03
-7.663667340344612611e-03
5.261973829333162905e-02
9.019847700290527237e-02
1.576058240143397848e-02
-2.042032635920019989e-02
-1.908776328354366315e-03
-3.568686960934590313e-02
3.321782379305281835e-02
-2.387151430054744103e-02
7.316083944756870960e-02
-2.664461050794855734e-02
1.910118961176186791e-02
8.336230037739775223e-02
3.257435458141010043e-02
-2.061656209153752903e-02
-2.609863757320514746e-02
-1.181420536865013943e-02
9.295805364369777446e-02
5.535190284734530820e-03
3.922535976357492682e-02
-1.972249916595185046e-02
7.030584885392925087e-02
-6.131773017789327734e-02
-8.265853700662700865e-02
3.774405037576025052e-02
4.604565478325026162e-02
-8.556487087391569666e-04
-7.231849274919388733e-03
-7.892719878157866686e-02
-5.069986659651916361e-02
1.153506516751175992e-01
-3.555894653771136601e-03
1.361933168633852609e-03
-2.732497104272785596e-02
-2.618165082012833406e-02
-1.892702029848685602e-02
-7.199548388537034549e-02
4.296300711970727632e-02
-3.832719434881145908e-03
1.120619782482448409e-02
4.440133360954561653e-02
2.524469823495673060e-02
6.407109092599216904e-02
-7.257551991207473845e-03
5.853350752257059815e-03
6.475443508926440050e-02
8.409847962856568937e-02
1.397469427163232185e-02
2.733905003967888533e-02
7.040542745488093113e-02
-4.269606560798010902e-02
1.648140839764869123e-02
-5.012949628295332999e-02
-1.446428905964467111e-02
-5.333279442367933054e-02
2.726281211579173469e-02
-5.907845483501956291e-02
1.125887751540284587e-02
-5.651803539613037969e-02
2.017871461019950241e-02
1.756337775936226211e-02
1.357737441065664597e-03
6.232268462913299889e-02
-3.638012812146444730e-02
-3.164395976303026325e-02
9.134801311819840119e-02
-1.881845973259292648e-02
7.477858768000816836e-02
9.420806966438315111e-03
-5.107365930364952261e-02
-6.115866548386374862e-02
-6.812478534613122805e-02
-5.938396596091059104e-02
4.331162546142850595e-02
8.895936987389718720e-03
-5.504120145105511480e-02
