-2.873876392405294578e-01
2.205618941871637095e-01
-3.340697191799296140e-01
-1.433542161306581297e-01
5.431135879177770298e-02
1.957395031432837829e-01
1.677164280555414611e-01
1.511249666595239627e-01
-2.216860859849555110e-02
-2.072396931561176422e-02
9.646994945747600081e-02
-7.286052345534288488e-02
-1.069552285612088566e-01
-1.671456940881053260e-02
1.068029126907617671e-01
8.125967793441714673e-03
-9.466919181653547788e-02
-1.583566147093492041e-02
1.410586028078040788e-01
2.426324700293841508e-02
-9.431947432941147069e-02
6.651228881079734867e-02
-7.875656453346319141e-02
3.937051421948317004e-02
7.060409216280986305e-03
7.524494109434091971e-02
7.469024037642550684e-02
-1.530802462963300886e-03
-5.824413468052049708e-02
1.299042151862810357e-01
2.425358355216137782e-02
-1.038128980882766367e-01
9.908175337552989001e-03
-1.647500283166915616e-02
1.480108808063869963e-01
1.192674902333929095e-02
-6.178897428967701499e-02
6.645617243747474479e-02
-9.888515963576680057e-02
1.344966536473599372e-01
-6.613650175710762691e-02
-4.520556059060885923e-02
-3.654008637966964929e-02
-9.859180709947733268e-02
2.982631850380230640e-02
-2.933686938277364764e-02
-2.186344863038848854e-02
8.299692402105454669e-02
-6.515875318604306965e-02
2.977511153634070096e-02
-1.557229359702437185e-02
-5.321454159248932385e-03
-6.124984073844744192e-02
8.425954242081327983e-02
-9.638779458977666734e-03
5.462018527818603142e-02
1.172956180476641130e-01
-1.291068096001358675e-02
-4.613601729002501234e-02
-9.436033425793816792e-03
-1.244854429311038381e-02
3.849505529458585595e-02
2.892221102065281255e-02
-7.976926931714564684e-02
7.197670611160625342e-02
-3.852165308836445756e-02
-1.970728729173811325e-02
-4.096153458471625194e-03
-6.384837683180102745e-03
-1.026471627738002462e-01
-6.990922480034388042e-02
-2.906498772907882902e-02
-3.912361460573928439e-03
4.958745389906649842e-02
-3.845382249979123479e-02
-2.755338787891363495e-02
1.851806140238248383e-02
-1.114646421332965952e-02
-1.028283757800114578e-01
-6.528068045565431354e-02
1.100628203268461114e-01
-1.646611618561695869e-02
3.290759212536192163e-02
-2.838348140788015186e-02
3.070385926536219751e-02
-3.316322302421303297e-02
9.141767367147943246e-02
-1.732951910118471842e-02
-1.868112825022139045e-02
-5.401527190285680680e-02
-5.345494711873353261e-02
-3.272420406592113640e-02
-1.740521095357335651e-02
1.036166461425924723e-01
-9.327156475559917476e-03
6.562026840916639070e-02
1.713146496853891476e-02
8.265264416700442152e-02
-1.134715948203992610e-02
-6.033976739501115127e-02
-7.878198158406003043e-03
2.779599953057639017e-02
3.658712967380610415e-02
7.831244973617633442e-02
2.242896247007370933e-02
5.126289740179542894e-04
4.331363714716086194e-02
-3.472596769746185558e-02
-3.984719267083542543e-02
-3.298850410550149825e-02
-4.963300572813125061e-02
-5.394846669652036270e-02
-5.525008069346617513e-03
-2.132754658681425969e-02
4.473115040905315670e-02
-1.535335895337480890e-02
-6.470037625400809796e-03
-7.695801301794122362e-02
-3.611691423776453719e-02
-3.709108950709481822e-02
7.951612419341402838e-02
9.770059457476023418e-03
1.341057033654412603e-02
1.536102756961845173e-01
-7.844823520207877543e-02
5.034807001344311639e-02
-5.347803375515584705e-03
5.783273889824398772e-02
-2.252034577790416187e-02
-3.021378870055366553e-02
-9.354052562352856148e-02
-9.637266243373675267e-02
-1.974357960848275011e-03
3.282239218314120938e-02
1.396819184022495041e-03
-1.279462633412214133e-02
5.096475974840094375e-02
-4.358135512753052304e-02
3.352114356923139443e-02
6.521925073801378148e-02
-1.475093135316508063e-02
1.923433750306510759e-02
-2.183250073015077092e-02
5.296978595978599907e-02
-1.672211995073599744e-03
1.536246310474996199e-02
-6.639287838849458438e-03
2.829122807875787682e-02
2.736968909758291657e-02
-1.154303856145617001e-02
-2.198916670705697296e-02
2.197276059126830258e-02
3.501108610366798074e-02
6.452447659211479891e-02
-4.401841653791581724e-03
1.643249607712578275e-02
-7.486502143951503409e-03
6.288600899428835322e-02
-3.984411652412504778e-02
-1.189104397096663740e-01
-5.235601701059357585e-03
4.051832088091020939e-02
1.096283379081473136e-01
4.031905493289365122e-02
8.440620315286351261e-02
-4.788295789962844495e-02
-7.617471420559921748e-03
-4.313807927934648623e-02
-2.719537411732829771e-02
2.930747509198561307e-02
2.664098412130281798e-02
9.894192852505827654e-03
5.030562540327773030e-02
7.260315251390811464e-02
5.017083424742308645e-02
4.950331041127156717e-02
-3.803080571883108579e-02
3.077047803856467617e-02
-5.343732918757409904e-03
1.823033293230088420e-02
-3.067965403013610953e-02
1.972462557319659519e-03
-1.926668365180754169e-02
8.977619207132059298e-02
3.584114856044551007e-03
7.517760766079159378e-03
9.179339858079116343e-02
2.750463561438252699e-02
-1.958029525532089046e-02
2.799610442769577545e-02
1.324731705557126091e-02
4.450656062700673876e-02
-4.136317369964873092e-02
4.087099022598862652e-02
-6.432067410450517664e-02
-2.964979739812913587e-02
-9.388070394863151646e-02
-1.896624665642751909e-02
6.824711126669323613e-02
-7.848710651050987488e-03
-8.755334981508976558e-03
-3.163664637895287346e-02
-5.949677890761224941e-02
-5.860124734862501295e-02
4.293092099532553468e-02
4.317166831564867024e-02
3.943387041284131256e-02
-5.152968321649528671e-02
5.387233983348581334e-03
-1.538977555887541780e-02
-1.687636229690069392e-02
7.633162876001736187e-03
-2.729592372091188893e-02
-2.421660764725888301e-02
3.168393825060127761e-02
2.547089870036730458e-02
3.591718220691307584e-02
-4.647566738791508029e-02
-5.899263264118956990e-02
3.614357417592112959e-02
7.412022106933620694e-03
3.636347205742949430e-03
-2.243682373388911772e-02
4.592926294446098012e-02
-4.678374814178754698e-02
3.543217640891051234e-02
-9.794047187379154029e-03
-2.643019039116960289e-02
-1.002606322259506216e-02
2.734915038065808407e-02
-5.340159617023135415e-03
2.354693983006679939e-02
-6.328301835306077150e-02
3.002791486599339088e-02
-2.655193122764689176e-02
-9.991697381568038355e-03
1.716238179658764046e-02
-3.391892973272865597e-02
-2.050130600928296021e-02
4.526593385382361029e-02
4.544214423760684074e-03
-1.321568556717568101e-02
-2.851277278628290904e-02
-7.369471851325655465e-02
-9.543605344089984080e-03
-6.544983745253598294e-03
-1.073214764528775123e-02
-1.809945687225944858e-02
4.501726312530707902e-02
-2.534993466861485550e-02
