-2.217451716931842232e-01
1.651949830044356915e-01
-3.098222616435745147e-01
6.643783760446952957e-02
6.217269538733567052e-02
2.765659314918395562e-01
2.289698155532744750e-01
2.027812810145963041e-01
1.053231321815104177e-01
6.448952903472751630e-02
2.780923766449761372e-02
-3.890488508453854299e-02
-1.137142029301688867e-01
4.248575664359301174e-02
-1.676304773802839501e-02
6.355179260293850572e-03
-3.292459548832402799e-02
-2.031336928222124069e-02
-8.523100213293136052e-02
3.955357615213885014e-02
1.389320914682030429e-02
2.816981477080133731e-02
2.553881892789654565e-02
8.238274104205745019e-02
-1.192385087171632559e-02
-1.856009647808969792e-02
6.224503434529052998e-02
1.120611180304666686e-02
-1.372995595256536749e-01
5.372462278167931815e-02
-5.058346652799592530e-02
-1.472149021540337943e-01
-4.789140170213095765e-02
3.239518608444155734e-02
5.356168936908400902e-02
-3.733699250270246239e-02
-1.500373944315590014e-01
-8.164817462780345203e-02
-1.793743812132422288e-01
9.512641273942007425e-02
-6.552552847163546634e-02
-2.014593408898067081e-02
6.807511970176874372e-02
-7.656032423605772796e-02
2.809828302868632235e-02
-7.020533125634230431e-02
-5.101883528653709116e-03
4.363973378016981763e-02
-8.876809775605606911e-02
9.541356425106146955e-02
-4.139002323453693649e-02
-6.304945597645373462e-03
-7.849025312206185309e-03
5.355815003809394521e-03
-6.301282079603023889e-02
1.790445093556154721e-02
8.531628759108672577e-02
1.049923910145176935e-02
4.283993811670416124e-02
-3.790530350071259161e-03
-5.830436184900911201e-02
-1.588197164884350490e-02
6.810958160877726708e-02
-9.965116798935155784e-02
7.341320700386473608e-02
2.358582229693085078e-02
-5.249849296772608753e-02
3.788807254720832907e-02
-4.240795345533770327e-02
-4.884084276359764581e-02
-4.430081250623534722e-02
-7.186058942945947048e-02
3.662276171825979993e-03
-5.572763574795199654e-02
-3.857423705783502577e-02
1.204788269018398222e-02
9.226983111604319943e-02
4.601999596451520833e-03
-1.812975729516599563e-02
-6.393444395778553890e-02
3.376326169915427194e-02
-1.470895974182802324e-01
-5.946606962959052889e-02
1.738165449221314163e-02
1.950298667254845783e-02
2.474976544445336990e-02
1.570190042303314234e-03
-3.814998304047319266e-02
-1.016620047399180785e-02
-4.729480710296338208e-02
-5.122001831123556420e-03
-4.311488825045874107e-02
-1.030203006242634903e-02
1.005953000543331477e-01
-7.957471655612322059e-03
5.061702807887540068e-02
6.379672051680367051e-02
4.289815079746181481e-02
1.145674611196423748e-01
-7.416388668815246561e-03
-5.238992243726766501e-02
8.138697821008920863e-02
4.018894815838180284e-02
3.259152581410099114e-02
3.363283424749403949e-02
4.863382294744186818e-03
4.280802204426742419e-02
-4.837433410169651726e-02
-1.892160498728554310e-02
4.941868511787049674e-03
2.094209728116705124e-02
3.934127838626103740e-02
-1.767321464421058030e-02
-5.463671458717189039e-03
5.151788095613636653e-02
7.189781449838129890e-02
8.403536024031361962e-02
-4.066706830967139336e-02
3.492282725308381436e-02
-2.156647873328295870e-02
-8.754038455718624739e-03
4.131045038078660220e-02
-4.635685334383287184e-03
4.370074066960384640e-02
-4.340821806795121252e-02
1.991395267531601010e-02
-4.877729003959181686e-02
2.299332587048861024e-02
5.309679513886255905e-03
9.434738736044874161e-03
-8.928071086111726007e-02
-5.477456221520603415e-03
2.055165318878926853e-02
9.436753670968166252e-02
-2.121207993283031820e-02
7.136579716640088777e-02
2.407170413898813283e-02
1.737019823664003385e-02
2.325110714426506520e-02
4.260289608065895989e-02
1.041724460018191196e-02
-1.029583312851742732e-01
-6.960820886220250858e-02
1.562605939020390577e-01
-2.092104757580508234e-02
9.518180016473828942e-02
1.538705519873263990e-02
2.959864890084351260e-02
-8.174115968320036160e-03
5.032317046641073682e-02
-3.173351746987767685e-03
-3.659398136889321224e-02
4.224741064349884362e-02
-6.885312053755872352e-02
5.750559072872478417e-02
1.986402948029824048e-02
-1.370860509360161128e-02
6.964003179435003521e-02
4.856458866579409055e-03
-9.260687477593929073e-02
-4.405970334422789313e-03
3.052716444400051243e-02
9.143256200955113266e-02
2.048164273806472174e-02
-3.090267504334126558e-02
-2.838478255830322733e-02
4.938555822167400855e-02
-1.011824874842902899e-01
-8.435256501860749490e-02
-1.073606381015547277e-02
5.116506554060032684e-05
4.660972922904414728e-02
-2.511093243925543225e-03
6.832771616611238268e-03
-2.196673360279110046e-02
2.485097789206401966e-02
1.758851907455356856e-02
-2.952419876299984883e-02
3.511513090354405342e-03
1.620330564662579510e-04
1.455323228294143692e-02
1.805769775807877786e-02
-5.101473711381174225e-02
5.044633297551240347e-03
2.448173873886356003e-02
2.229359392439998408e-02
9.292445211539000771e-02
7.741224741471916526e-02
-2.542410113835011365e-02
-4.267868122931466751e-02
2.142596108362473592e-02
-7.542364014651131709e-02
-2.303918193954410977e-03
2.501561887662822389e-03
-8.709657107908981566e-02
-3.983774717452544939e-02
-8.481283328113140008e-02
-1.360686485101875393e-03
1.183875169413939159e-02
1.019296278375879470e-03
-4.929611249726716105e-02
-1.664758482616826574e-02
-1.713359085527782835e-02
-5.326072204787613788e-04
3.696595263724389985e-02
1.366541904617019423e-02
7.099708580817262749e-02
-2.628359972720083204e-02
-5.430699796336049823e-03
7.349420800871632464e-02
-1.660973882198502061e-02
2.367045577306172224e-02
-1.641644167510651620e-02
-3.175549857813177168e-02
3.041039756809141292e-02
3.924084210772715853e-02
2.517426783591976761e-02
-6.963462965757570566e-02
6.420129088637865390e-03
3.336192019293865094e-03
4.217423342294107647e-02
-9.759425784238806231e-03
3.053927268159810707e-02
3.785718101795292750e-02
-1.385120287638557691e-02
5.862783807344328080e-02
9.742784719232881795e-04
3.454883794513352851e-04
-6.824357943819064215e-03
2.149848632215801275e-02
-3.007037341894052904e-02
1.537392241795371151e-02
-8.394380333601796085e-02
1.484808339182437306e-02
2.063386501740062384e-02
-3.527983398163439532e-02
1.866748723155143078e-02
-3.295722563631138524e-02
-5.747625153762292091e-03
4.517558610251687368e-02
-2.428319468902609760e-02
1.557491916207376370e-02
3.712801674047323114e-02
-2.569849243036942746e-02
3.675567291096568795e-02
-7.648044091467666450e-02
-4.130001866839482644e-02
-1.249135465388661118e-02
-4.900793644244443893e-03
-9.577988500853326648e-03
