-2.071634495624855576e-01
6.930486345300848616e-02
-2.088019708567607213e-01
-1.100845682003981363e-02
1.701787872316426475e-02
2.432145957532264868e-01
2.145601915754685729e-01
2.690860191752095232e-01
1.219646438752294282e-01
2.179346608194652202e-01
-5.378381542140597826e-02
-8.956520766051518159e-03
-1.094357467359683145e-01
4.487106605127960668e-02
9.441552490890468222e-04
2.133939285078966311e-02
-1.803204193632863828e-02
-3.720555518934887118e-02
-6.218986080764569296e-02
-2.585231242991369374e-02
-4.227446672331502259e-02
5.653497736048807704e-02
1.942592939741377353e-02
3.109739316053281369e-02
3.383154565993807400e-02
2.247019222173806969e-03
7.580368436953756339e-02
1.590550077240641264e-02
-1.617584250197290074e-01
9.303125861736646907e-02
-3.596846323879829277e-02
-5.820751753411693152e-02
-5.863423118006386853e-02
1.463928261916595808e-03
7.704258234167545016e-02
-6.280403949435531263e-02
-1.061877646765955613e-01
-4.543884640157344439e-03
-8.110281440075142734e-02
7.105240277764486578e-02
-1.220559300572788691e-01
-1.050976828832519416e-01
7.649670410772226037e-02
-1.497352795984266752e-02
7.906746090861023479e-02
-2.003738263336435690e-02
-1.068336308329734252e-01
1.302079174613184065e-02
-4.345898702729684288e-02
1.761012245677710808e-02
-6.489396767518935960e-02
9.227834463599539350e-02
-2.479913915046344161e-02
4.291796863325131502e-03
4.820928351650554528e-03
7.579150193301224803e-02
8.760718472906696419e-02
5.100743485361381585e-02
4.682193056989085618e-03
2.140102744205109927e-03
-3.962578830012367798e-02
-1.179017192021505622e-01
-1.311618252269789245e-02
-7.951072427964814282e-02
-7.370111403759234750e-03
7.283281169517029363e-02
-5.456434511468482434e-02
3.653358381184536319e-02
2.587007711498158502e-02
-5.865436011157332957e-02
4.830927143893020553e-02
-3.925525834392012969e-02
-7.341093562364597869e-02
-2.600835269505719430e-02
1.829654200697908642e-02
4.241320201797649930e-02
3.589658357962339369e-02
-7.494431362478364347e-03
-6.294733909811925376e-02
-3.989642884417098079e-02
3.390204617535539505e-02
-1.708244892042398433e-01
4.194009003561378901e-03
-2.035353492141184304e-03
3.341796671644430006e-02
3.865460840073726978e-02
8.648150789207527736e-03
-3.219811406286348515e-02
-7.655535055417560242e-02
-5.426917551380625038e-02
-2.505050451866073016e-02
-1.641818104590925601e-02
-2.112582258890133291e-02
8.552487467565574042e-02
-4.136873047890146822e-03
1.173957047901426909e-01
4.402650468354162017e-02
2.483847758431064617e-02
2.659570375200623685e-02
-5.543005335337238687e-02
-3.456068582986894077e-03
4.795841069965025433e-02
7.219883244451254234e-03
2.904805121027901477e-02
5.848157310080205618e-02
-3.137226964612124802e-02
5.589656514775238894e-02
-7.372843421869491876e-02
-1.457341208636337739e-02
2.450134260909424613e-02
3.349510025660046297e-02
-1.459551122324081497e-02
2.459029738145824748e-02
4.537373111416191651e-02
6.958236687908755935e-02
-5.321820229701690504e-03
4.111398292482248973e-02
-2.756754038651530736e-02
-1.171421721960406309e-02
-4.532142216164222054e-02
6.209584917483722266e-02
3.932017661079485749e-02
1.285217500338944017e-02
1.029863779741753832e-01
-2.752803776888744156e-02
4.219779289774472364e-02
-5.235492397828317608e-03
5.406699960629603868e-02
5.601950596271393931e-05
2.544753373706352961e-02
-5.037099284624609735e-02
-6.942373251020955705e-02
1.243388070171497911e-01
4.687978893419701004e-02
-3.393465307419536031e-02
3.936141957649777479e-02
3.816415861113638813e-02
2.510829720945462196e-03
4.557433085737775530e-02
2.694814065558056616e-03
-6.417996524983575479e-02
-7.113035723670435573e-02
-2.216208493894314402e-02
1.015035685774823698e-01
3.026301118719602196e-03
4.283538419157709165e-02
-1.604141210604045171e-03
3.514245463827539440e-02
-2.547784206297418891e-02
3.422144930226003051e-02
5.215941393226793815e-02
-6.869212958356871179e-02
-2.524125323503670013e-02
-2.070843458169614043e-02
3.117554464012909504e-03
-1.205847777090130434e-02
-3.068450378891782529e-02
1.028489233130030905e-01
-2.125355757025828435e-02
-1.170473396443288544e-01
-1.679478580199739515e-02
4.081864914016325452e-02
-4.518666011447283401e-03
-2.458290911132834673e-03
-3.459371960653863376e-02
-2.190290442278622352e-02
5.373613645150101398e-02
-2.122403732649481151e-02
-7.982480785205926799e-02
-5.611847594569847192e-02
-2.744479659209055761e-02
-1.095549113239745881e-02
-3.779737204513198418e-02
1.043502854769111712e-02
-1.236655221694009897e-02
3.520461461763495833e-03
-1.366150253179683124e-02
4.533951521427143777e-02
-2.942462312961102375e-02
-1.621039005310031395e-02
7.887815700950412401e-02
5.974890770375102661e-02
1.735310916652495900e-02
-2.318412897357940636e-02
6.607586103868053062e-02
-8.646082073571157225e-03
9.102703437003926978e-02
8.707345609488292837e-02
-1.820302292551260678e-02
1.413497571847700286e-02
-4.434899446552276019e-03
1.943604311830270451e-02
-2.052927724023508038e-02
-2.405867029966672274e-02
-4.730633839636327886e-02
2.674192582706600135e-03
-1.426419163753554487e-01
-1.798941982686814295e-02
3.981292497332503816e-02
-1.760279986015947287e-03
-7.586282336733290999e-02
-5.409120029556598042e-02
-2.968652909652697014e-02
2.104560239366868105e-02
3.766103383366821433e-02
-5.387874648338616956e-02
-9.556152769794261370e-03
-2.562383428074102923e-02
1.110631035331583090e-02
3.045812719213766839e-02
2.796177848064681365e-02
6.473060481342821082e-02
4.753251797260663741e-03
-3.884151521664568757e-02
1.250034229612795311e-01
3.492550219050537252e-02
-7.791144290895177585e-03
-5.709116633586700656e-02
9.546104722417595931e-03
1.254209751522653883e-02
7.401588718188224780e-02
-3.793095196908059102e-02
-2.573712108939950512e-03
5.517904918949256138e-02
-2.067126337375370729e-02
8.711571700002596064e-02
9.350469896729050878e-02
-3.302185692721321814e-02
5.400562770908366034e-03
-2.702629213517685099e-03
3.032533535033625147e-02
2.689415702849809117e-02
-1.256665284146271655e-01
6.002854551897873064e-03
8.495450022162741310e-02
-4.728880356858831957e-02
5.078151797141951945e-02
-7.492060548685569588e-02
-2.001406853651000600e-02
5.642244579722065917e-02
-2.759863679457315918e-03
4.316371891614988188e-02
4.588719946981194980e-02
-8.024948561912595424e-02
3.624793687024533556e-02
-1.115267585297547489e-03
1.858429050097161819e-02
-4.366244356829624557e-02
1.395857666453110494e-03
2.135847100610287555e-02
