-2.471161239512247032e-01
1.713291590147857923e-01
-1.572591664865816696e-01
-3.264524134149081325e-02
-1.987229212469588530e-02
1.613939380903204601e-01
1.064068481684414397e-01
2.346066407871396087e-01
7.268444896585292414e-02
1.180555566140419066e-01
1.564362563400064354e-01
3.099747165065914328e-02
1.184833007221910706e-01
-4.190045288160439141e-02
6.523874104283318778e-03
7.376084689226133917e-02
6.778501786150421815e-02
-7.606381244780781314e-02
-2.361315323427784236e-03
4.959532026079226455e-03
3.075135193324812083e-02
7.997096709178763696e-02
-2.179383654750067373e-02
5.435373391932137033e-02
-8.981767214527108193e-04
1.372108338390819367e-02
8.016319752753704037e-03
6.881330861801729371e-02
-2.093010469185558331e-01
1.155094780392028758e-01
-2.556879559618427389e-02
6.942994605741074562e-03
4.829044631801961140e-02
-7.161152030650427824e-02
9.039651109403248896e-02
-3.562699377775847137e-02
-4.939370628366217958e-02
-6.715803870220880822e-02
-1.160654528660085144e-01
8.437584591660779454e-02
9.155560973901785910e-04
-9.908854494811158986e-02
-7.910830905689915371e-02
-9.830449059260566724e-03
2.458405240143086978e-02
-4.948830163215831718e-02
1.448392564939157169e-02
-2.412538225549184026e-02
-7.731773772575999126e-02
4.083502444723255409e-02
1.011795878472646765e-01
1.077627038166732373e-02
5.016973176397264422e-02
7.720087298680404497e-02
1.346901635153758062e-02
2.895090145114831426e-02
1.607049416522519925e-01
6.590275875807138917e-02
-4.090041187114937249e-02
-2.407069999850228181e-02
-4.672666593067281715e-02
2.698534689764256478e-02
2.042773830128290224e-02
5.389159450632258208e-03
3.430774715716680082e-03
3.623725437388970738e-02
-1.301207753506456455e-01
-7.667542771012429703e-02
-2.825790709580144888e-02
-1.233209127915987080e-01
3.234344814793029682e-02
-6.971759785762292327e-02
-1.354483470508074938e-01
-4.558983667614723012e-02
-4.770605654196258608e-03
3.920767387109547197e-02
-1.476529972825749507e-02
3.692324411383971893e-03
9.738364799302918345e-03
-2.464864685001974618e-03
6.816924744853239404e-02
-3.674085978841230143e-02
-3.399293595197250967e-02
-5.226060945993241807e-02
-4.830448858945197987e-02
3.391079692425284786e-02
4.168895975351365191e-02
6.262443354915218918e-02
1.278649587864732519e-02
-4.752443215122445497e-02
-4.352932332712003416e-02
4.954063800380270610e-02
1.024510577043476339e-01
1.389108077390033280e-01
-4.147829264138951089e-02
9.562783541376496110e-02
-1.663196365024073586e-02
5.484009212046115495e-02
7.647966192603780633e-02
1.839362442254854901e-02
-2.732338567181791245e-02
6.505410995397659102e-02
2.548044492839570546e-02
5.165808037324864932e-02
5.048913561794128591e-02
1.569479897516404612e-02
2.590263820924924507e-02
-8.814885556761020702e-02
-2.587874982749489849e-03
9.366290863239384867e-02
7.790705055697799697e-02
-9.612513006630266912e-04
-7.986721948638145219e-02
2.973023099532522487e-02
5.835588039946130318e-02
-6.290977250465784598e-02
8.223649760372736539e-03
-2.058332666875350471e-03
-9.344047905290518707e-02
3.547110804453988252e-03
5.352761883079569516e-02
-5.147103731776955099e-03
3.833533492907831297e-02
5.325311720477195199e-02
-3.741049441222344535e-02
2.866602506458396440e-02
3.623051408360216524e-02
1.497669373443224691e-02
6.365011409521077745e-02
7.007010843153327340e-02
-4.887784279219509198e-02
-1.036973175541296699e-01
-2.043061283684670729e-02
9.143279768510233219e-02
-1.380289200524121608e-02
2.252016890725990275e-02
1.985613525238899904e-02
1.371084078592223199e-02
8.673960624729673899e-03
-7.531051892689843985e-02
-8.332822638647605085e-02
-1.388731083702872578e-03
1.274101874358966324e-01
-4.963529943357618095e-03
-3.284127145068662518e-02
5.581535265191788636e-02
8.924805153469704891e-03
9.781185467011965090e-03
-9.417705401065037257e-03
4.260943890606481987e-02
8.481221363144834935e-02
5.104458179452829591e-02
-3.395949882564415316e-03
9.060866503489651766e-03
4.946150567420149781e-03
4.153558510883356009e-02
3.796438767879323911e-02
-2.300504027965978929e-02
-1.229685013396043525e-01
-2.608082637356628694e-02
-4.345868244165557691e-03
-1.043258165828036405e-02
4.673426527756562032e-02
1.151127921313982450e-01
1.082807810309308408e-02
1.849317586684434819e-03
-3.744555052984635535e-02
-2.138076248291849793e-02
-4.071687112336869890e-02
-5.147929747743564856e-03
-2.062155468768820180e-02
-1.588501393195492634e-02
3.924798345026602950e-03
-1.154161712756146541e-01
-5.873221327384867824e-02
5.992346046025450595e-02
-7.797812097074510729e-02
2.226179111290439022e-02
7.913057844735894852e-02
5.852237217769114958e-02
1.750066812200481298e-02
2.496468055884461246e-02
-2.443926832280352360e-02
2.553522630730125503e-02
-5.740748190723872491e-02
4.330514259378216019e-02
3.557369922759280600e-02
1.095328890737564675e-01
3.423089463163343782e-02
1.436854773917553042e-02
6.533753255243971575e-03
7.588750759989465466e-02
-5.653920696377728178e-02
4.018392562171212851e-02
-5.146168681702753545e-02
-3.039659459590858884e-02
-9.031965856849911989e-02
-8.296768693737025663e-03
1.899073484449136096e-02
5.133411691114432573e-02
-2.442496172626184431e-02
-1.698843910079081074e-02
-4.268288824581575186e-02
-2.839651257499855447e-02
3.860524390632769781e-02
-3.442500838378671074e-02
3.839758349232201551e-02
1.814918977770941036e-02
3.730668072553993547e-02
1.221254694440825073e-02
-7.880730883866657321e-02
-6.438176599779497911e-02
1.309291476162085556e-02
-6.579319600026029002e-02
-2.204537492965265300e-03
-3.038575726642667174e-02
-7.319059850955267343e-02
-3.029565544478888400e-02
-4.970276841772885978e-02
-3.910359585930264781e-03
2.915436570404361313e-02
1.240061425968594366e-02
-2.681650923406754192e-02
6.770892527066013633e-02
-5.560309958913785960e-02
3.406998672133786793e-02
9.705614918258777257e-02
-8.035859986459822912e-02
1.815107309411327988e-02
-5.940739872495543264e-03
3.291845438260663365e-02
-2.564997644538267660e-02
-1.664679889700104720e-02
-8.007867957383354995e-02
1.603171436762480459e-02
-1.080541222496931436e-02
1.351011890603607754e-02
-2.236388668637734767e-03
3.459447381949636025e-02
3.919257429922584635e-02
-8.400902874615577554e-02
2.631448977020084054e-02
3.269552919353800602e-02
-9.371871427109798591e-02
5.426653967388604671e-02
5.766889944035135523e-02
-3.113277306598980984e-02
3.589964512801699283e-03
1.206492137085576725e-02
4.326622072143551656e-02
