-2.029706974791882779e-01
1.177877738962204851e-01
-1.437765319845157597e-01
-6.122734179181319597e-02
1.055554678701799403e-03
2.227486426488847204e-01
5.427804806886873945e-02
2.417295202540818144e-01
8.006053693263683046e-02
1.779638069229841635e-01
1.212406262089856246e-01
8.157804016845952855e-03
2.095517266752751906e-01
-3.045819854963075293e-02
4.288372788808945263e-02
8.500743723241968586e-02
1.968987670265061676e-02
7.627691424986295099e-02
-2.054258628073836121e-02
7.627975627271085801e-02
-3.412721580503203303e-03
1.399877731158722105e-01
-7.974664749351985382e-02
1.048738960052706254e-01
3.363879877006260150e-02
3.439323599184340718e-02
5.292069110846331359e-02
3.701673125160836325e-02
-1.008428118872945756e-01
1.599325416026165236e-01
9.096322140196834438e-02
-4.348175112951829790e-02
-9.147992170046024760e-03
-4.332400174084021643e-02
1.097183807588116566e-01
-6.876599572268627183e-03
-7.028069117690019518e-02
-1.040146121092696586e-02
-8.642488756750062173e-03
1.204311633159207556e-01
8.503770648781179553e-02
-4.234610619248829061e-02
-8.814441411419822459e-02
5.939762693759094436e-02
1.024791664641421379e-01
-1.161166302204154760e-01
4.164761915544810435e-03
-1.544399729160366233e-02
-1.164816075883164243e-01
-4.946283957478500234e-03
-1.305108253614914102e-02
4.683448205906338979e-02
6.365223786461639277e-02
1.624626952445094308e-01
4.205282997932837524e-02
-1.098123387189880486e-02
1.408195955380898423e-01
2.038572716427769493e-02
-7.177128079876567146e-02
2.548250136773843114e-02
-5.441025349315483511e-02
-2.342658888781454923e-02
2.396297789880698359e-02
-5.304389108685787085e-02
5.428801226945595415e-02
3.756739885931856954e-02
-7.876957373490707515e-02
-3.084303583622787642e-02
6.106205933052621243e-03
-4.312201267120444048e-02
6.241349255656192946e-02
3.281457790293213633e-02
-7.862017920857702902e-02
-3.352939801103797801e-02
-7.435522742733394197e-02
6.436349688385256673e-02
-6.911306492252153322e-02
2.313365508704594287e-02
5.008644102184495878e-02
2.596300867646851585e-02
8.246540188054818366e-02
-8.248885712935315889e-03
-9.016892737783865908e-02
-1.537761037717582102e-01
1.705799233929847572e-02
1.783540543253640462e-02
6.157160321003968262e-02
7.299958252888506631e-03
-7.027021335772601351e-02
-7.232770093464993555e-02
-1.659508502748189770e-02
2.912765247946516589e-02
1.113491540136808122e-01
4.469180227918069515e-02
-2.059781739945721127e-02
9.520851871195006033e-02
-3.115641165675789304e-02
6.826634756128176218e-02
5.234540404981767592e-02
-3.463289042452365185e-02
2.261698902979316153e-02
1.012620958604578264e-01
9.265747791418701973e-02
-5.890177955373001456e-02
4.488256022238138604e-02
-1.628256523793016400e-02
2.685738984257910258e-02
-6.241616337321416463e-02
-1.056551098760521307e-02
6.186590666037354580e-02
6.953902593731538240e-02
-3.717632966719953969e-02
-5.886127216783764576e-02
7.897536358208641707e-03
1.434348386592241426e-02
-5.077821677601540573e-02
-4.390915027635566847e-02
1.987330702067719931e-02
-4.762692705627997319e-02
-6.546068890933808004e-02
2.684841863792668953e-02
-1.815128086352301123e-04
2.682835327179572665e-03
5.239214334123195455e-02
1.584869449689696105e-02
3.439816673027831784e-02
1.016482000729027925e-02
1.151597930341293104e-02
4.554026594361615388e-02
-3.209205351602174155e-02
-7.497557595667640740e-02
-1.662578914661096974e-01
-1.852526367731549897e-02
6.425782841989326200e-02
3.799448983500376686e-02
2.381413123230305059e-02
7.042104601609955328e-02
4.470741628422458466e-03
-1.624609831825528762e-03
-2.044267034495311081e-02
-4.260363455199509680e-02
-3.002901885835854157e-02
7.048880942834047370e-02
-7.875512393199364525e-02
1.775144591418635967e-02
5.608858782917743729e-02
6.799625266701376375e-03
3.516362963105940792e-02
1.306049887691025820e-02
4.102453132697511662e-02
5.237817291566636974e-02
8.356848339916428392e-03
-1.439337335133677488e-02
3.851112165101740941e-04
-2.141159468865262011e-02
4.695442911974047340e-02
1.944868141420946078e-02
-6.621913235609724110e-04
-2.722524347456707974e-02
-3.011229355192596158e-02
4.678003848884455806e-02
3.110443345575651664e-02
8.596824640244507543e-02
5.316794709623071102e-02
3.168297343211962797e-02
-9.327382021855111852e-03
-1.526197086438146021e-02
-3.139990110822084290e-02
2.396260124517653883e-02
-4.192178875717273573e-02
-4.007241943168909221e-02
-2.526503525801529482e-02
2.576985384652863073e-02
-5.065035998909898224e-02
-3.543817588641448579e-02
1.100310032720807768e-01
-2.389740592587046714e-02
8.262859562624814969e-02
1.404575629167541771e-02
1.771538988938105904e-03
9.924686197262196433e-03
-6.508232321693677418e-04
-6.770434610341909132e-02
2.812137094387336458e-02
1.098013815224660288e-02
4.899411125231609848e-02
-6.170100085271700702e-03
1.491438804595923706e-01
2.213045526297596419e-02
-3.054284289276342022e-03
-2.475970305091498500e-02
4.785285075206855560e-02
-1.261803358485509043e-02
-1.075989850215382758e-02
5.240108030464523531e-03
-3.952962730897909699e-02
-2.136208185686870598e-02
-2.972481968991572219e-03
-9.373710418399815170e-03
4.984873833979519553e-02
-6.089667414552184938e-02
-5.993521439195297063e-02
-9.032222540542966804e-02
-3.018269353957999529e-02
-1.171944074633135026e-02
-5.001018578229946693e-02
2.562467099261175191e-02
-5.013807681045501577e-03
5.267781799930472408e-02
-4.111301068889049865e-02
-2.696309254777754308e-02
-6.754498737650183049e-02
4.977166131051055653e-02
-7.617675862540379539e-02
2.533998933047379790e-02
-6.317686674175600203e-02
-8.060380843269465689e-02
4.123826514163293766e-02
1.543389612605991501e-02
3.210568152919601737e-02
-2.140960869678300293e-02
-5.220847333453145639e-02
-4.321542277155473316e-02
3.452979005349918196e-02
-1.082660043598167657e-02
3.720618802772206885e-02
1.404900920939289484e-02
1.870153757636363418e-03
-3.901785774892210790e-02
-9.261433395288152376e-03
-1.867702084914559663e-02
-4.399451368551009559e-03
-6.836523625989307518e-02
3.181870570403626253e-02
1.554723462758465097e-02
9.480371878293937168e-03
8.972745508171829990e-03
-1.929576004024890004e-02
-9.168982049633537731e-03
7.966121560188714479e-02
-1.880230954312716446e-02
-4.239404392727216808e-02
5.196381968093802955e-03
-8.667265717385498613e-02
-2.957107652621600909e-03
5.444716554893842125e-02
-3.499204678177227079e-02
-1.538698562844998188e-02
2.281168471549396143e-02
2.833479658737900198e-02
