-2.165905738437310657e-01
1.789933615547160128e-01
-3.134214316266762390e-01
1.098444006614330247e-02
-1.145779350665400952e-02
1.518318453041594684e-01
7.052640609888807810e-02
1.574944032430873053e-01
3.806160149807356896e-02
1.523000863314200870e-01
1.008483041677501191e-01
2.568462410227870252e-02
1.948274158199664666e-02
-6.596564324841037996e-02
1.335513262161008297e-01
8.809517921625426018e-02
1.498561426987078116e-01
-7.322432461723610286e-02
-1.465109086232300149e-02
-6.481069306877104350e-03
1.129413675455200605e-01
7.086837752217760300e-02
-4.844648855279325844e-02
7.288648514438157699e-02
9.348831998020880329e-02
4.150565221870018001e-02
9.875771233028816931e-02
1.643472780560557497e-02
-1.191643300163264113e-01
9.622507182933995318e-02
1.535646382471741490e-02
9.455058140729364485e-03
1.243542348453257756e-01
-4.325770425272542491e-02
4.662450851013508896e-02
-3.212955635111415520e-02
1.227231299028469155e-02
4.069487950368427809e-02
-8.819725239861027355e-02
8.284872269274203005e-02
-3.249968106380820426e-02
1.131611662987443319e-02
-7.153708817859370794e-02
3.098997842775415637e-02
1.202652847080779436e-01
-2.389146266307817096e-02
-1.919220943996991641e-02
-2.262277879688912897e-03
-8.473061601670764387e-02
-4.839389372606984693e-03
-8.862578468186003283e-03
5.385479147385249105e-02
2.276736204558485119e-02
3.416762339491091760e-02
-7.488806496484559649e-02
3.296816720677260559e-02
2.343904910697532096e-02
8.769360966041930827e-02
-5.867229551576565519e-03
-1.061268708484563311e-01
-1.027639884423069694e-01
9.952397903680507141e-04
1.023720134154482153e-01
-3.737377181676332372e-02
2.234453745658005613e-02
5.438028452620817521e-02
-1.465085274992505293e-01
-1.386762053505426751e-01
-5.459535604800258568e-02
-7.576683977939335790e-02
1.214821441111839928e-01
-6.791364777933589503e-02
-6.363084613693439917e-02
6.480123860591130436e-03
-4.499063726185652604e-03
5.467085168476402274e-02
-1.080732646190427637e-01
3.587289334604502888e-02
-6.807780526780417285e-02
-5.383605763077857487e-02
1.070020739770348589e-01
-9.012974460714001657e-02
-9.107074379391646990e-02
-5.187313605845213921e-02
1.141969552298219108e-02
3.600630632195461756e-02
8.544586364031109271e-02
4.100936295162234402e-02
-3.285495876815956035e-03
-7.629516917060696901e-02
-5.156197918077955189e-02
-4.192613070025459632e-02
2.932011018755038487e-02
7.965388460979221097e-02
-2.471165482442469127e-02
9.198341460864284391e-02
4.708518596710793702e-02
6.558102169266474823e-02
1.187560372869023162e-01
-1.331734628504734411e-02
-6.974042508648216343e-02
-1.880023441311114846e-02
7.767156388033876618e-03
3.623920125706608236e-02
5.377722986187356141e-02
-2.241922771317195889e-02
3.886239450229308362e-02
1.280452921622952413e-02
-2.466837439444457755e-02
1.691473438664720802e-02
9.458580803557842254e-02
-7.725878903518856866e-02
-3.691792664080768296e-04
-4.502285246863785458e-03
2.211290311651656348e-02
-1.040757776558305994e-02
2.763690064975565450e-02
-8.994835898634954280e-03
3.335180829970316174e-02
-3.886330493204993852e-02
3.116134932121912213e-02
5.834023377021430729e-02
7.624264437694178165e-02
7.056145764452731797e-03
4.879812453811716716e-02
2.072579334887707236e-02
5.518408895193116503e-02
-3.147625296750650170e-02
2.671235923166095320e-03
-2.046600571940903127e-02
-6.725442660230863956e-02
-1.358124835668582109e-01
1.065787591566225156e-02
6.574178257780934065e-02
-3.409300317137723552e-02
-2.392409806820881141e-02
8.809395363773540877e-02
1.668884275735777259e-02
-3.695945624433229215e-02
-1.662035042641836491e-02
1.667977347631825194e-03
-8.070574612773133427e-02
-3.135835231399269982e-03
3.964182742375541024e-02
1.966241139286071041e-02
7.344405333740215702e-02
2.929745449321613168e-02
3.583889229627909567e-02
-6.486272763102869654e-02
-1.397691762736570989e-02
-3.376573869031398393e-03
-2.231589393576797337e-02
-2.653289951997154714e-02
3.052635958233606769e-03
4.634801799628152780e-02
3.845749837619267392e-02
3.099414539471826574e-02
-6.604677654635855710e-03
-1.563925731381080389e-02
-6.531307521191404009e-02
1.031131732705931753e-02
3.407903157626229751e-02
7.205151600775058784e-02
7.766473565716228156e-02
1.311603625919322003e-02
1.658901063286480002e-02
2.096789763114449451e-04
-8.002793117374658316e-02
-1.098869457443018421e-01
-7.887172039905927801e-02
-8.837821782105142196e-04
4.036369317136069557e-02
-4.480088269060875095e-02
-3.835216865662940261e-02
-7.329880477465333666e-02
7.983922709837211473e-02
-4.852783194991609067e-02
5.438497674110893965e-02
1.247225737150352114e-02
1.117965721593226595e-02
4.113318139855575567e-02
3.632257561287729336e-02
-4.988122080002252434e-02
2.822773454543084024e-02
3.228846136021591706e-02
3.656657078771665542e-02
5.738960503793256313e-02
1.179077618692094820e-01
5.298550613869357218e-02
2.474365993203134911e-02
2.103502431744860846e-02
4.899558274576917838e-02
-8.024674946415578936e-02
3.920065417349691619e-03
-3.084297903854984341e-02
-3.033369863917214498e-02
-5.455575235357903313e-02
3.451554762814915134e-02
4.537627429694637143e-02
8.606817739565630204e-03
-4.003422264896350224e-02
-5.401817859868034838e-02
-7.335976855183407030e-02
-2.379800354688323821e-02
9.096769014874536707e-03
-3.931445789310483024e-02
-3.019965536573857284e-03
-1.552604887519776211e-02
3.692037779784539467e-03
1.761289394404493350e-02
-3.758141983438638423e-02
1.350307395544746158e-02
2.128885913696792684e-02
-4.700230184270426381e-02
2.562033375483250761e-02
-4.487928469928632869e-03
-6.089129296547444309e-02
2.300883603032829322e-02
9.462831810191812618e-03
3.897724871777429739e-02
1.795584583014952357e-02
-3.836120292113982116e-02
-9.225734891587136777e-03
4.923957792060854044e-02
1.671163851780846626e-03
3.840507863211480716e-02
4.685323647828245480e-02
-2.837347333958719145e-02
-3.398837378239617790e-02
-1.797745102861047703e-02
3.149449657917288009e-02
6.432823533069170763e-02
-2.040437662817520814e-02
9.724405282644465326e-03
5.248956703690683262e-02
-2.183564223902257143e-02
-1.336657952497618401e-02
-4.729602048888001398e-02
-1.028466974840651013e-02
2.235423703514356417e-02
-5.084347501996883817e-02
-2.654182873489463208e-03
3.940325981092810542e-02
-1.081435427929667847e-01
-2.930022079901583101e-02
7.621788769086092208e-02
-1.902314963742622253e-02
-2.446072637682151704e-02
-1.332631051649953678e-02
5.518909631559391210e-02
