-2.131209077080650216e-01
-6.420805219681549776e-03
-2.641831094902670207e-01
-9.289657366458106691e-02
6.268155244006835825e-02
2.425436638856714663e-02
7.415347920695064543e-02
7.252289382250758087e-02
5.794714906776446406e-02
1.268698810309910885e-01
1.049958989427184908e-01
-1.300975082524405968e-01
-1.451697981398884507e-01
1.644129598027044836e-01
5.729908773128834960e-03
3.480109503005172130e-03
7.619614707165299483e-02
-8.482049500954307042e-02
-2.340064956275692953e-03
-2.196454966635156061e-02
-4.670650506045787714e-02
1.356217950797827532e-01
-5.065417807118253318e-02
1.663220237179666161e-01
4.286674164183692376e-02
-1.690767540076542064e-01
-4.539213469770011361e-03
-5.606394722757596788e-02
6.493024477312659901e-03
-1.459731325574488252e-02
3.856364120247349897e-02
1.018261343405972227e-02
-4.827490070795339289e-02
2.540628535108920005e-02
1.498245691305777338e-01
1.932816101202048525e-02
7.278285631514162801e-02
-5.357602231419951455e-02
-8.144876470830571258e-02
1.005182378824947403e-01
-5.540719811231376718e-02
-5.331166561685125871e-02
-1.077274506411273619e-02
2.013310551985781488e-02
8.130486288980246987e-03
-1.318609260847327935e-01
-5.452993371620300928e-02
6.379308497147667678e-02
-9.913460009428029518e-02
-2.813954777041732455e-02
-1.106102166513806273e-01
9.941468871537633908e-03
6.627017531903109382e-02
5.869510308850692248e-02
1.154964716629302418e-02
2.374326335627488516e-02
1.052660586737732828e-01
2.033510476252133395e-02
-3.139458007012256580e-02
-8.711708752834085301e-02
7.930737818349729851e-02
-3.975520863806567690e-02
-6.985148570465264661e-02
-8.203601159327918169e-02
-1.128322418642267455e-01
1.612793886882673416e-02
5.216930656534865540e-02
9.478172103052089070e-02
-1.213156062722405698e-02
-1.737689931408302425e-03
1.366114639033537137e-01
1.267127295112503993e-01
-4.549974239787689390e-02
-7.203778703947872307e-03
5.776792589381043314e-02
-8.616612795851177897e-02
2.378911738562078729e-02
1.028814143429542839e-03
-4.319442855674557324e-02
-7.236668152209510541e-02
5.596137105951468765e-02
-1.816624607236231106e-02
-5.918306107306789410e-02
-3.039407668072955856e-02
-4.655945014849559999e-02
-5.302865870712823379e-03
-1.229803725315215847e-02
-9.068665767235958852e-03
5.880519301119401833e-04
-7.152483911207745126e-02
8.250092516075116511e-02
4.746244244549025632e-02
3.533225710371110800e-02
1.027379150470202895e-01
3.412613176853142305e-02
1.364367020212087743e-02
5.300195804336865768e-02
7.401128810936669078e-02
-3.227657410642188057e-02
2.660184446882634182e-02
2.077143922757729647e-02
3.695972293824256738e-02
-4.192440276369906876e-02
-4.477493342486572186e-02
-3.434406419622734741e-02
-1.271276967365892081e-02
-5.234202229109997245e-02
1.415416945055927855e-02
-8.473529439905395921e-02
-3.437136864384077867e-02
2.508198633447165232e-02
-2.130162853836101503e-02
8.569235889451652655e-03
7.050491400871861103e-02
8.056331568662040976e-02
5.324471269616770641e-02
-2.949561276263884188e-02
1.817349147860862837e-02
-6.376292932233112998e-02
2.376385909440098879e-02
1.732759029935114449e-03
-4.687482658149499243e-02
-2.948159155981032106e-02
2.087156671667569907e-02
-1.247124606905079675e-01
9.510051890535881070e-02
4.059775546257949090e-04
4.306136130406437029e-02
-5.028114028013953157e-02
-7.607334414448742310e-02
-5.197777290948537438e-02
-9.199338010630178641e-02
-5.162788016617366089e-03
1.144646721437788395e-01
5.345469530312114276e-02
4.793117997737002950e-02
3.328428935851377585e-02
-1.005330305869142973e-02
-4.174796370418228098e-02
3.559460118821314994e-02
3.236476009263283826e-02
9.190059865409199585e-03
-1.495587365171422711e-01
3.600124961378768640e-02
-8.218169121979655538e-04
8.314640364407465886e-03
-2.533205348061189077e-02
5.497498950359250985e-02
4.037331558668085657e-02
-6.078627492280265672e-03
4.301245481190173886e-02
-5.521536256452354990e-02
-5.020922291443535163e-02
5.329180783676876199e-02
-7.179090653034496221e-03
-6.189187024631469941e-02
2.676409460777742430e-02
7.506643393753401061e-02
-6.941863976853009099e-02
3.247005328803648921e-02
-1.675667912197933334e-03
7.191344110913105991e-02
-2.900406561850214782e-02
-6.545439624537172096e-02
6.596053483264335826e-02
-4.647149896711669226e-02
3.373863670854321956e-02
9.357542797760402820e-03
-5.329653747695733274e-02
-2.604931515544981271e-02
-7.110829534000911133e-03
3.989589027601499888e-02
1.390141882062410732e-02
-1.272448978913328643e-01
-1.091285646175562882e-02
-4.128170839481281815e-03
-1.004723167660539693e-02
9.979906422545292699e-02
-1.454612580235655275e-02
7.944218970064520491e-02
7.566303947224228832e-02
5.283142264820072341e-03
4.729975624042249277e-03
1.363142680730649973e-02
-2.509785243240919214e-02
-1.858211897348191477e-02
4.556625925244377900e-02
8.463664282604277389e-02
-1.616939869345843800e-02
-1.581346811160812618e-02
4.237053194460654350e-03
6.003399378444087414e-02
-6.410108182404002097e-02
1.557842847471950683e-02
3.274262815450672270e-02
2.311573067083000713e-02
-8.936577986139911112e-02
-6.085634739339782634e-02
4.700182245209015564e-02
1.457195433388277367e-02
-7.822959046081025269e-02
-2.393275085574452996e-02
-9.106190933753340044e-02
2.001587082156671901e-02
7.904422905385677378e-02
1.635660523170238967e-02
7.684635519516504198e-02
3.185392540872006989e-02
-4.120157285998666402e-02
-2.542771967790122267e-02
-3.065648785232648332e-02
1.867469916440707423e-02
5.581646293458834493e-04
-1.392815302793111963e-02
6.780422237395147822e-02
-5.946442434896653112e-02
-8.357777366410999026e-03
-7.652329728980264423e-02
1.291785492268660712e-02
5.529130515592013684e-02
6.609668809168872672e-02
8.925092675497600658e-02
-5.736225023111157090e-02
-3.767597830665739278e-02
-2.408661510783645290e-03
-1.831434083429512444e-02
-2.469683932280401784e-02
-3.482055028756498444e-02
1.736542742085968663e-02
9.837272550135163496e-02
-8.002682018891861537e-02
1.275339090960470392e-02
-1.220770447990525594e-02
7.224854114802320426e-02
-3.109258751255038894e-02
-7.563633880848270874e-02
3.014498229746498045e-02
-5.702154841979750061e-02
-3.366219096393508609e-02
7.410574673894830197e-03
4.751510581496579642e-03
4.043657871714638474e-02
1.217614000176736773e-02
-1.397078687672310450e-02
-2.259178045986950933e-02
-6.583803379740471584e-02
-5.838586512468842832e-02
3.115575001237360503e-02
3.106320336499588178e-02
7.169976871195958557e-02
