-2.724463071961989447e-01
2.759665937860586102e-02
-2.915405463809348507e-01
-2.027441306755514427e-01
6.562500745148833192e-02
5.244523463614342296e-02
6.336414756182368047e-02
1.106639108104773284e-01
3.854175515922594192e-02
1.335170805824938967e-01
2.740393125329642493e-02
-1.897026284363601822e-01
-9.497490705541271339e-02
9.478019168279094506e-03
7.024535745268817299e-03
2.690307520260985796e-02
-1.134958776865193156e-02
-4.399880600689849708e-02
-3.970045979827425270e-02
-2.335123670366824958e-02
7.091293309368401632e-02
-5.772151570636853413e-03
3.654300273086309031e-02
9.219084329879460860e-02
5.223810768381648151e-02
-6.408656425584262351e-02
-4.119835617595054428e-02
-1.767686467359630975e-01
-1.029195034423088795e-01
2.278776493064887942e-02
2.934501864561336534e-03
9.380877638693407850e-02
6.343398012965920096e-02
9.694036437529682249e-03
1.346994578693506452e-02
-6.302227129612462952e-02
5.012092228843550989e-02
8.148780818641319923e-02
-1.474359699420790294e-02
1.363741146658617454e-01
-6.309789128595751084e-02
-2.467460395773762513e-02
-6.022077554553860457e-02
-1.979768986931778468e-02
2.123004194967465647e-02
-1.505043495203140609e-03
-2.951302820347627767e-02
-3.420118866121137080e-02
-1.459770515029150395e-01
-1.538530355615534174e-02
6.372087588638339350e-02
-5.588515973381092544e-02
-3.831339603824606560e-02
-1.637662618912358661e-02
3.837656958438583760e-02
3.720977650013640448e-02
8.150468235657416793e-02
1.331771218361313125e-01
-3.607857954756949620e-02
-4.119086041854432695e-02
1.855959992973952449e-02
3.392907523537198877e-02
-7.666556083107680178e-03
-5.236142160914561416e-02
2.823460062985622653e-03
-3.868682421302705420e-03
5.940502795581534962e-02
8.616380111235867612e-02
6.483491975688586428e-02
8.204577144933871552e-03
9.283558302769247261e-02
6.355377279220682241e-02
-4.578732858800810962e-02
2.542560912186398597e-02
-1.055623331837988177e-01
-3.594191271486092687e-02
-2.152014519328894829e-03
-9.131990601616889192e-02
-4.672196237659264478e-02
-1.008419584012109765e-01
7.374047224325813894e-03
-6.779040974218460136e-02
-7.341215806886614015e-02
-2.556876065632862627e-02
-3.579283430244718789e-02
2.070628025891423085e-02
-4.542254668223521565e-03
-5.862257547457084411e-02
8.462961132324116342e-02
-8.867045211697113793e-02
-6.122011689573209417e-03
5.564438903312587253e-02
1.900781135864293772e-02
7.826100664699761622e-02
3.693483909127422138e-02
-9.567769532422377987e-02
1.301340186491497727e-02
2.261281743918673592e-02
3.699766399753463678e-04
-8.980604193201797980e-02
6.079289358756606587e-02
6.750431585718291716e-02
-5.102030858521689090e-03
-5.872559855892131760e-03
-1.465967937524628728e-02
1.644234480638268048e-02
6.191547913511281920e-02
-2.554700552785665185e-02
-1.829567954106506300e-02
-1.765888880141657999e-02
-3.038863726048540020e-02
4.092003696025856702e-02
3.572802214887442485e-02
2.650224393331127720e-02
3.630282471797294241e-02
8.341606563116975293e-02
-4.349519570116499451e-02
1.935990277280718805e-02
-8.172223364129392598e-02
-8.476087423781968055e-02
4.512236774610745710e-02
1.060480582637211983e-01
7.603358132176346595e-02
2.972482693018662497e-02
-1.217198392087455172e-01
1.837300786630680083e-02
5.284108035516717899e-02
5.098561891722071249e-02
4.136437848650110008e-03
-8.330345495013692647e-02
-9.211027262267484916e-02
-7.627529335012278588e-02
7.804896387237172418e-03
5.272561082712361180e-02
5.756323320113974212e-03
-4.060138011052481094e-02
2.468067029163846515e-02
-4.242222160845097317e-02
-3.860384792173971076e-03
5.625454368599135807e-02
-4.513565092551101443e-02
-4.321401763846228344e-02
-1.247554815023087793e-01
2.727643364941498630e-02
-2.583038002179932277e-02
1.170366643012852627e-02
-3.302512175617100532e-02
1.271001195549832929e-01
-4.831141158658849855e-02
3.357412497419699771e-02
-7.981377894168495760e-03
-5.766451308609341075e-02
-8.641429886567783547e-02
-4.942674542464460530e-02
2.359570298707450164e-02
1.502076569829799077e-02
1.166073840178310089e-01
7.621044633256207623e-02
-1.227847248562584231e-01
-2.000666461300533092e-02
2.328572727033676945e-02
2.308912924236645667e-02
-4.220843563442827628e-02
2.424807792933031392e-02
5.351290940269120416e-02
-4.309310932830072438e-02
2.475311765856918339e-02
1.538401358860171445e-02
8.952200502230452106e-03
-4.717230050876015240e-02
-3.489062402264300061e-02
5.901141353201948964e-02
3.396076660040567990e-02
-5.205367718763577976e-03
-3.247604881016914746e-02
-9.587356120844744978e-02
4.010094242769347839e-02
-2.688797909583363552e-02
-3.149508078161785286e-03
1.145037955777450205e-02
8.050129678378011022e-02
5.830088545788666282e-02
1.008754626936173493e-03
9.681478429075185410e-02
6.680745446632095630e-02
1.721618588260703017e-03
2.450094643382910720e-02
7.418551104925938389e-02
-7.470411286980530030e-02
-3.814245790539654013e-02
3.269161284757656633e-02
6.262537965746280133e-02
-5.589377113883108039e-02
-1.900913619018449949e-02
1.012666366382576968e-02
5.159396064271353638e-02
-7.905803227519930809e-02
-2.828058622994362656e-02
-6.694513235467966332e-03
5.253406807740399614e-02
3.733518226474169532e-02
1.679147278157238146e-02
-7.335438844085642729e-02
-4.628466337591315150e-02
2.517622701615877812e-02
6.674543143178306159e-02
1.760885897872862052e-02
8.670534343696639779e-02
-1.159096858912585792e-01
4.644998840670500062e-02
-9.086608148520780581e-02
2.199614322057724322e-02
4.735303542221964979e-02
-3.739120869335463282e-02
-5.412675963827788539e-02
-2.336026647654363894e-02
1.944078722481838370e-02
-4.967661562618090609e-02
3.918039369023502277e-02
-4.055692852590658121e-02
-4.872113317281073080e-02
-5.748339466876662210e-03
-1.993257863864162510e-02
7.586020270975843069e-03
6.577101783296371296e-02
-1.134010476393337505e-02
4.983845425817916980e-02
-4.766600944191986405e-02
-2.962288462946217199e-02
5.825542281761830060e-02
-1.947042161456386325e-02
1.909476214455497339e-02
-1.373282025597144865e-02
4.340339882092987545e-02
-1.143068140459074095e-02
-1.356278858680825920e-02
-3.343829487719888333e-02
-3.286352717208829849e-02
-4.127024571907427636e-03
8.432796809962010698e-02
-4.041363753549020131e-03
9.841371650546626784e-03
-2.562607705249517892e-02
-3.619105077265058479e-02
-8.297629128734681711e-04
-7.863265675839389846e-02
-6.688840864630801741e-02
8.917545698222208161e-03
-6.436066492899436380e-03
-2.013716051984925162e-02
