-2.924360807250314109e-01
6.554526894978777996e-02
-3.045871682076692899e-01
-9.588349798406488322e-02
-2.779732013124810650e-02
1.918913307806744128e-01
1.262271415988882872e-01
1.598830713045679974e-01
1.092561415766170468e-01
7.297287021918781591e-02
-4.014329909021602250e-02
3.316821637647237447e-02
-6.923413577530546092e-02
8.811086760985349653e-02
-6.575787479457176343e-02
3.698766817849861999e-02
5.733348935460223089e-02
-7.670575557914670328e-02
-3.146904078503583863e-02
7.138455983560356571e-03
-1.392961007541338725e-01
1.426273713002389476e-01
-4.388534244443222793e-02
4.048147641100273419e-02
5.000218071825087568e-02
1.539305087306571188e-02
-7.789141502543922568e-03
-1.693371963250986934e-01
-1.246049065285479152e-01
1.177397197458921081e-02
3.368069639817851055e-03
5.677241180132622939e-02
-8.885443658154178193e-02
6.513108696133265707e-02
2.292015341583815424e-02
-5.177448657039914609e-02
-3.097745034877067219e-02
1.435328094915921393e-01
-1.163140807420537520e-01
6.010498585756279821e-02
-9.505105636007657455e-02
-3.997735222347299083e-02
2.624744658487523918e-02
2.090579575926831968e-02
6.596630272226754188e-02
1.254247475545982628e-02
-2.120399876935520275e-02
5.715544323997178572e-02
-2.075421758497499880e-01
-1.098561573171550204e-01
-1.315724021448594072e-01
8.428830743751364318e-03
2.005400202332748412e-05
2.633294348016802788e-02
2.999209695935447367e-03
8.303580131781002072e-02
3.131766649309642575e-02
2.729032153676167957e-02
3.401018365142177702e-02
-1.457117102347633975e-02
-6.885337712355588113e-02
-4.432145014176618741e-02
7.403636736982158184e-02
-5.636681961040443389e-02
-2.699108240323692953e-02
5.020285443183097190e-03
-4.138898684923172228e-02
3.789003142287494796e-02
3.299538430236800129e-02
-9.213229663559135973e-02
-5.593017713968317928e-02
-2.937994854759240146e-02
4.786231843235171091e-02
1.350860972627033335e-02
-4.029163185851523943e-02
1.298342883661609236e-02
1.170439127223560499e-01
-1.235928144697672751e-03
5.619856653342871627e-02
-5.449484536820022734e-02
7.212197891333803346e-02
-1.244327429211776470e-02
-4.495295066548077312e-02
-2.118651836425819793e-02
1.416337289233197440e-02
4.586082876041351446e-03
-1.185290452655302779e-01
-6.043313617733783727e-02
4.495171400202266354e-02
-3.854135198525591999e-02
7.351536439725551986e-02
7.682721598473465224e-03
2.394548111595418485e-02
1.036246769984363603e-01
-5.215611422890306312e-03
-1.003314087861655185e-01
-2.268117655839349892e-02
1.265602385724957646e-01
-5.603205146996168007e-02
-1.845285707844831341e-02
-4.911091402166078979e-02
3.180304018873435917e-02
-5.544333281723020507e-02
2.839680109839877020e-03
-1.148094958169169032e-02
-1.419649541900717092e-02
8.964038634417269280e-03
-5.527501289358107556e-02
-7.370012860256378723e-03
4.926476164051641488e-02
9.104292982234751808e-02
5.807241248248843496e-02
8.022757256781005986e-02
-1.210509697133105300e-02
1.184603268852636726e-02
-5.219505241616503172e-02
-5.291438946874178068e-02
-1.164432285150839887e-02
-1.193174683550774079e-01
2.238046679805370809e-02
1.799011098176003017e-03
-5.907541339368515589e-03
-1.059469638560743901e-02
8.666032822016951631e-02
-1.084773778313778414e-01
7.412072787166636145e-02
-2.376643230122257172e-02
5.303879112795982509e-02
4.643637861848300998e-03
-3.876946625827127485e-02
-5.846403371866731868e-02
-9.967036203280323081e-02
-4.781101361050870552e-02
1.840726764718194838e-02
-3.939969669519104850e-02
-1.318096075654586613e-02
9.751091367159460746e-03
-1.483862456379411547e-03
-3.326648098638668172e-02
5.002678029406615323e-02
-7.554807146567671383e-02
-2.479416648158140266e-02
-7.267570333253879893e-04
4.843566235019864524e-02
1.103434695663218883e-02
1.292012503689578783e-02
-2.067072943221821488e-02
-4.806242394920782340e-03
1.737421915628693803e-02
2.687446838147127676e-02
1.580131693092395179e-02
4.630622814535161752e-02
-1.507482728429221028e-02
-6.908583643034295341e-02
1.527001957065259735e-02
-1.275882401395482361e-02
2.421086240939621451e-02
9.708098929155117851e-02
-7.776343706919368326e-02
-2.444850233337264936e-02
4.075083508151273320e-02
2.345743355337980354e-02
-5.360327786157979141e-02
6.895902829088211040e-03
2.618718430879514100e-02
-3.723209303982628199e-02
3.646442584237330475e-02
-2.542005188472945196e-02
-8.167359980703879641e-02
5.077893906328775908e-02
9.718637307218376195e-03
-5.803297294517589799e-02
3.572025525062432622e-02
-5.416184866460287128e-02
5.384202075566750512e-02
-7.356944335604510138e-03
2.813950825243948309e-02
3.274698206397238381e-02
-3.661944327801362753e-02
6.104438215900886153e-04
3.918822724385506023e-02
-1.470372797685053252e-02
1.536808364054666892e-02
8.252542696631633146e-02
2.150838509673260596e-02
4.513253425359967097e-02
1.160314530068716661e-02
8.711679072955716419e-02
-3.257010576612663633e-02
-4.208115072906686016e-02
4.294775100316826355e-02
9.061765128610614617e-02
8.630707697452860705e-03
-1.356151886827521242e-03
2.172323030507585309e-02
-3.796583555052312348e-02
-1.167195392396287446e-01
-4.971253408236061405e-02
1.376342924531341431e-02
3.984469500008867848e-02
-2.747592132548757476e-02
-2.636232259313219840e-03
1.341362060335317061e-02
4.588589626294267004e-03
4.687589549616093948e-02
1.052039630811100850e-02
4.321774471707565818e-02
5.783373643507413314e-02
-4.759312687852524509e-02
5.340614702169048204e-03
-4.801940811486778149e-02
5.660268809753547098e-02
2.619373528278942653e-02
4.889275990298369567e-02
-2.388588730660819517e-02
-1.059486350229096527e-02
1.720312509569124973e-02
-2.573262692959971815e-02
-3.082199840975317472e-03
7.881356488514524791e-03
7.781019631724475812e-03
1.969931357420823259e-02
-1.797299823336679162e-02
1.588413995928029607e-02
3.025490465587018021e-02
-6.761748240219490891e-02
2.251426041488600524e-02
-4.089813172637407623e-02
-9.972253586140058731e-03
2.822898252480023074e-02
-6.900993203268465659e-02
3.222490954463175933e-02
-5.196616940640545051e-02
-2.440291290210628433e-02
2.345178500947656813e-02
3.227357392287503405e-03
3.682486310540591251e-02
-9.144207130928513894e-02
1.224169814844661835e-02
4.792151116165723618e-02
1.574697058544073311e-02
8.301350795222742218e-02
-1.288402783325379728e-03
-8.422824570145376333e-02
-3.132057432338980485e-02
-2.745369480657838812e-02
4.998861084354841965e-03
-1.317882166299671120e-03
5.459992833880245727e-02
6.210263184577986123e-02
