8.768027156923460796e-02
1.961004891534923189e-01
-1.186986851315154495e-01
7.705191712501199830e-02
-1.081361409315295119e-01
-1.654983444430289663e-01
1.284732532942100824e-01
8.417015895747224918e-02
4.083443074463225485e-03
7.584589358065356446e-02
-7.663574355829716467e-02
-6.605931949502387435e-02
1.075197733641275605e-01
1.185503579883758485e-01
4.369104636065642561e-02
-1.165692218955850928e-01
1.227542731943012805e-01
1.392999913221693031e-01
-5.445311756561088679e-02
5.373031653853851605e-03
1.684118135036398456e-01
-1.965788838922436291e-02
-1.268648089996206318e-02
7.358817659654380561e-02
-5.501021779915878096e-02
-7.371582687240635368e-02
4.058313216721885774e-02
-1.322280898113023517e-01
-6.289417071658895408e-02
-1.321436036869444719e-01
4.843719732411490286e-02
-1.070836216875551555e-02
-1.761227604363416466e-01
-1.132990689340196595e-02
1.327728982666072088e-01
-3.418480104705032274e-02
1.081635195176936133e-02
-1.077496645551434956e-01
-8.135572288022523135e-02
7.722619357777581184e-02
-4.124460134987954774e-02
-6.605236368252974388e-02
6.930806507019184048e-02
-1.139625073421353108e-01
5.805521206314034205e-02
-6.481680175634692287e-02
7.615630068341659731e-02
-6.779058628694111660e-03
-1.418064659476215260e-02
-5.947921616068231609e-02
1.002514574949789489e-01
2.632498702229382759e-02
1.466336092483403949e-02
3.010853611698742840e-02
-1.649715448721266950e-02
-5.420242246051433510e-02
6.643540979522002954e-02
2.182248006633511275e-02
-5.865471416737161325e-02
-1.200794297924501208e-01
9.496812088442836697e-03
6.676274588455552439e-02
7.251485343848886045e-02
-2.280648932149744249e-02
-4.415006646186703937e-02
6.115982303968572203e-02
-7.036334758214331242e-02
8.694829141060605310e-03
8.340374911508280364e-02
-7.032777447715050922e-02
-6.702986178901035319e-02
3.046099571172408704e-02
-9.575955894711629668e-02
-1.567913188088279619e-02
4.521189188420111221e-02
1.442578975454375800e-01
2.263897811102243834e-02
2.447636074560123609e-02
-8.634488261716576074e-02
5.236964527256407140e-03
1.750127842754637397e-01
8.391663706099679321e-02
3.827802672538656303e-02
-1.175892806812535163e-01
-7.035636000794830147e-02
-1.115412493601613680e-01
-5.110298864121344542e-02
-1.231469113406592625e-01
3.631194567881597390e-02
-7.931604997270079449e-02
2.351585514909486016e-02
5.783424591007348646e-03
-1.362982564947950448e-01
4.153293407052650876e-02
3.824585212238861606e-03
1.871510582181261026e-02
5.282533039518160639e-02
-9.299314656160957704e-02
-5.714914602195329818e-03
1.377314397238932168e-02
1.040398978916090740e-02
-1.426020965548264671e-02
-6.966211274997283209e-02
-5.010938735238340547e-02
-6.954376865247000050e-02
-3.590517357556352596e-02
6.467126964288531961e-03
-3.635666615366405906e-03
-6.271001637484946434e-02
-2.257157978174144375e-02
7.285721281234362745e-02
-2.350365865595446975e-03
-8.194137688287002688e-03
-5.275319957246853847e-02
-1.757216101541460990e-02
-3.027061607661085327e-02
9.015463511509067343e-03
-6.695823915351145628e-02
-7.748676657184803973e-02
8.047522500825177172e-02
4.049756614503083330e-02
2.198430593235144864e-02
1.922119676373690647e-02
7.659041961113224883e-02
-4.261187904963836814e-02
-8.392622909466448955e-02
2.767117495266406199e-02
3.704818190536330463e-02
6.140759606830072104e-02
-5.166135934279679487e-02
1.363243963746245749e-02
-7.571640112613959965e-03
-3.946003842387486860e-02
6.771464406012167592e-02
1.564568680984939134e-02
4.628950287187573800e-03
-6.525787649655670486e-02
-6.954605549493382555e-02
7.711864845857438477e-02
3.158685272304519176e-02
9.835233011387695123e-03
1.325304612037411095e-02
-2.879941409155165055e-02
3.378326962444413301e-02
-2.691067278663950360e-02
8.772708831634119797e-03
6.727963580478119043e-02
8.440830819071866442e-02
-6.644665343733381635e-02
-1.226265276333360875e-02
3.386207040434335847e-02
-7.852419900790133522e-02
5.124178727408712497e-02
6.385635968324231138e-02
3.194877730464600312e-03
-1.592382402451181581e-02
-2.460899760850294646e-02
-4.887204677095095297e-03
6.034739049271185818e-02
1.752293037904064862e-02
4.634508584842697565e-03
-3.808119946499338715e-02
-4.974816152820209919e-02
1.357453805674650564e-02
-6.410225877150502183e-02
-1.294613280470858704e-02
-6.602558856868248789e-03
-1.905670291484611381e-02
2.766561665500893649e-02
-2.803573575543844964e-03
-5.905786543672300604e-02
8.890862358931621301e-02
7.144572282495089896e-03
-3.867091896535164441e-02
-5.427394981091056281e-02
8.444673984879122464e-03
5.476543037042710255e-02
-2.385462545074946636e-02
-1.460587224622961026e-02
4.314302997356204983e-02
-2.552084427925132432e-03
5.494313708688664671e-02
-4.790385484283005840e-02
4.400091351450439309e-02
6.182094284363665732e-02
3.470448599695400566e-02
4.102166597135772225e-02
4.669903824310530499e-02
9.899585393553679558e-02
3.460113342226957961e-02
-4.159525052766567532e-02
7.745151108386411076e-02
-9.150482501977259819e-03
2.331165917409603466e-02
-8.680339453116218962e-02
-4.995766170724895427e-02
-1.672870046284479773e-01
3.486675652678275505e-02
1.917085446783192357e-02
1.491084809814106210e-02
-4.655442721896940750e-02
-1.632913508952348047e-02
-1.892965611130041246e-03
9.536768308157960242e-03
2.575946993801103355e-02
1.776406521217039139e-02
8.531300847876757687e-02
2.814394787035849957e-02
-1.489131465209591124e-02
1.224661310438596336e-02
-6.080514012588701667e-02
-2.534208942666251949e-02
-3.255364713632707963e-02
-6.347655326404244569e-02
7.715606374221858910e-02
-8.401763926981564018e-03
2.318680392791149653e-02
-7.311934212975929048e-02
1.870348103928818131e-02
-3.736706938226301566e-02
4.700982648627896610e-02
-3.927616993744335178e-02
-5.405228490042420647e-02
7.117638360143401129e-03
-3.659853150591418913e-02
-2.586958775498426639e-03
6.576101360029856617e-03
1.375678669643281074e-02
-1.134677235657265831e-02
2.328612276658334826e-02
2.615077409293178889e-02
-5.453595208152268309e-02
-1.006367586884321652e-01
3.362223780094996534e-02
5.373625597660427328e-02
3.094733087569702477e-03
-2.770550935132228693e-02
-3.427830749445996000e-02
-4.046132604431941504e-02
-3.798578731553056698e-02
-4.360084313013897622e-02
-9.404639632470431073e-04
8.982783897467022660e-02
3.151875563634469468e-02
4.362780881419155848e-02
6.065944920392098150e-02
-2.494373417414498181e-03
-2.764643258767354034e-02
5.550080903105050756e-02
6.865720429562721661e-02
