1.099012394707772344e-01
2.860112432858089582e-01
-2.020987978027265486e-01
4.854709252157494992e-03
-4.267739287510033397e-02
-1.683752068839018123e-01
6.364772701095718077e-02
2.099861081476575853e-01
6.201597739275003379e-02
2.201038008659103873e-01
-3.111809474657153962e-02
-1.019430766786396242e-01
4.870444374292087070e-02
1.422387066709155379e-01
-1.088604678489113187e-01
-4.351730362675236032e-03
4.704118713760244153e-02
1.151138546241435995e-01
-1.172470215610432222e-02
1.678192570637076358e-02
1.666803208153317117e-01
-4.254364892981157137e-02
-1.152151423922331656e-02
1.047089247376779136e-01
-6.442612412110619580e-02
-1.408089814462558723e-02
1.688523433077650585e-02
-4.042554655817799658e-02
-1.373390180562056029e-01
-8.367328019996647659e-02
7.154786673159244104e-02
-4.357820488755349136e-02
-1.580658696249982731e-01
5.766553302954873644e-02
7.329330482710204320e-02
-1.572547713853693005e-02
2.986060159431324929e-03
-5.995246876068831970e-02
-3.227062584652903160e-02
-1.815332166917717552e-02
-3.343071984815463443e-02
-9.844947539349709065e-02
-2.211674142879561326e-03
-5.581305078735197128e-02
-6.486826298785750705e-03
-4.541384666044878671e-02
5.065882613390906841e-02
-3.670606865115011441e-02
-9.268917755941184777e-02
-5.216197580472315722e-03
4.303881996534496962e-02
4.024556786989792745e-02
5.115212940830175109e-02
8.997587176459414388e-03
2.236530675568530746e-02
-5.374896039362347250e-03
7.893366790072574302e-02
-8.996540005459213729e-02
-3.999286897327059692e-02
-5.593990544974467710e-02
-1.012064745513933384e-01
6.564935457309477307e-02
-5.373257920984840508e-02
-4.877186685819693418e-02
-9.228436329643960323e-02
9.339874307867049308e-02
-5.741188494283350208e-02
1.590340435146573098e-02
7.774470014900689008e-02
-1.499449666613382470e-01
-8.105651622279883006e-02
-2.620199432905141040e-02
-8.558173403831428883e-02
-6.999015394024159231e-02
7.582047750758585947e-02
5.732578421615035918e-02
4.526604857805206772e-02
3.608738042804921636e-02
-7.457664044497931514e-03
9.222147179835740033e-03
1.377586825511982194e-01
2.587449312969046511e-02
4.367238903950135254e-02
-6.090181194376480256e-02
-7.052702810157245039e-02
-1.025033437827819853e-02
-4.654659786373582103e-02
-9.861500189721299214e-02
6.993179405935323611e-02
-3.124709274142079690e-02
8.355750962827764028e-03
-2.006101003164766083e-02
-4.377940256715341996e-03
7.105857455079701845e-02
2.186199105681701886e-03
-1.057186486579589357e-02
-1.606991066430462495e-02
-4.411559957248094299e-02
5.652178959266310199e-02
-4.258875076850441449e-02
2.923710618270265391e-02
5.769501916034384947e-02
-2.883180201516891833e-02
-8.407552246399084550e-02
-2.194080445314789546e-02
8.082445455582456043e-03
1.540627369768634474e-03
-3.925289875216401991e-02
-6.087584700200544818e-02
-9.432401970016342230e-02
4.202921852120430901e-02
5.839625630205705353e-02
-1.705014845379053748e-02
-8.871130561522923286e-02
4.903470065544023732e-02
3.907295068291904115e-04
-6.125108327707728256e-02
-1.285404546078544596e-01
5.211604725208278735e-03
7.828099254867096346e-02
5.517975728451143119e-02
1.689282785147971444e-03
2.060553895175191302e-02
5.407667592623007641e-02
-2.662416958492170964e-03
-8.254940851685657610e-02
1.379084402518409094e-02
4.190707919021601641e-02
-1.872690805358523348e-03
-7.657395072316872109e-02
-1.994095279504572854e-02
-6.971715462334722446e-02
2.996191998143791016e-02
3.731465259267013890e-02
1.047789504709369275e-02
-7.738826396148250353e-02
-1.545939772357370762e-02
-4.033647578509076681e-02
2.388698094273101341e-02
-7.938719704853186565e-03
-1.091963892829229954e-01
6.459642719429668778e-02
7.702999063185250739e-02
6.178621215340780043e-02
1.595833490042361568e-03
-3.642829276478114914e-02
-2.698033020113024816e-02
1.588243031242662917e-02
-1.802833476792517486e-02
-4.182287684370867425e-02
1.067685141332476439e-01
-4.550992919257244862e-02
1.050078889963316359e-01
6.124618423146231672e-02
3.456402219407336135e-02
3.510071264119365292e-02
1.142984084815313467e-02
-8.593902755882129596e-02
5.220315840692402870e-02
1.388707965248321685e-02
1.071510071196366681e-02
-3.319339170714429021e-02
9.060846102962753779e-03
4.039651971290927901e-02
-2.259259185318495886e-02
3.010310435225441172e-02
3.400124432905333310e-02
-3.236585104567006686e-03
3.349890843930804218e-02
-1.515437089597145189e-02
-6.475558493871312604e-02
4.863034567799440211e-02
-3.683347445617451282e-02
1.105347166878283321e-05
-2.394549391879484748e-02
1.377957622026965492e-02
7.235544378218565498e-02
1.081764386049207174e-02
-3.804996872044249384e-02
3.913480113380807257e-02
-7.265254027969866510e-03
-2.387430466220227115e-02
-1.288164239711528901e-02
3.681706265336434636e-02
8.206023881220150806e-02
-6.418781617097285563e-02
1.091207296472067496e-02
7.334162166447971698e-02
8.355555001003164839e-02
1.284064350912498577e-02
-4.741192241451552131e-02
6.831810967185131256e-02
-5.364537619790189088e-02
-2.347224611238845748e-03
-2.789639049306001303e-02
-4.330906356908091615e-02
-7.328794649596066801e-02
5.765025413103704033e-02
2.174897619828660908e-02
7.456025926120425640e-02
-2.808093141756902444e-02
-4.314430254124235198e-02
-3.282121733558181209e-02
-2.660794149632211315e-03
9.077732500816863837e-02
-1.638969586682198845e-02
8.180257963188902748e-02
1.111382178695228228e-02
2.480867513711799630e-02
3.724101381327007357e-03
-7.655401773132279597e-03
-3.305370766904736773e-02
-3.807875061343045722e-03
-3.306228099887357358e-02
7.103095618114260539e-03
3.485680140763818685e-02
1.527797994064423884e-03
-5.727768171201834402e-02
-5.169074885463293897e-03
-1.769247457198368234e-02
7.619231506976231749e-02
-3.683436240819222551e-02
-1.037884553046946740e-01
-1.404078720865299668e-02
8.206299452535993286e-03
1.732550543638711193e-02
2.296351084430860168e-02
-3.181562698503841331e-03
-7.303803393152685959e-03
-1.068879896081828193e-02
1.541463269426689327e-02
-5.936363409680365383e-02
-9.986928005078646309e-02
-3.696669787786668188e-02
2.054310673919609864e-02
-5.145743180721985485e-03
-3.060733862217551032e-02
7.421953063868289013e-02
-4.854458176069727932e-02
4.620363405165262005e-02
-2.100138183744173007e-02
1.176147561725171369e-02
5.090521750930711992e-02
-4.398075334192880215e-02
6.541876261980500429e-02
-1.441268600889963327e-03
-1.400664698452365291e-02
2.833335474288051214e-02
1.919691024227170376e-02
1.758218480757660351e-02
