7.980505154636162446e-02
2.478890267628489630e-01
-2.185141255541304672e-01
8.676311242896864173e-02
-9.840029174857681249e-02
-1.022570665838996029e-01
-9.393574884924699511e-03
2.413143604368209183e-01
8.492778939404613259e-02
5.347068897243589108e-02
-1.416603531380782599e-01
-1.754793521492343245e-01
1.641075018506370914e-02
1.247520620487702347e-01
-4.163412096827924513e-02
-7.948194716368543744e-02
-5.368454599232506952e-02
1.221312357784545138e-01
-5.552695622537158482e-02
9.421982465239241156e-02
3.869678761492350433e-02
-2.572277330171362716e-02
-8.638383301968746708e-02
1.249681399418042654e-01
-6.021257398231131402e-02
2.921839497180512071e-02
9.442166282938006805e-02
-7.566393962869989720e-02
-5.324981007422108226e-02
-1.915136969961454827e-01
3.634628733019464042e-02
-1.495967086409908178e-02
-1.090046670761330855e-01
5.467064632853674971e-02
1.177704860387471658e-01
-6.709499453839676275e-02
-3.251312560198544449e-02
-2.404095179297913165e-02
1.960247149320211175e-03
-1.363730420583806821e-02
7.244684157889168252e-03
-1.057284219488937166e-01
3.285001246211936843e-02
-7.494117605964864537e-02
3.701620718235818647e-02
2.289256441769760286e-02
4.308134642113958107e-02
2.386413109877020752e-02
-4.456312604734181601e-03
6.987944690364907008e-02
2.051861432535108387e-02
-3.309512500553236231e-02
1.894463580373847295e-02
-5.336627527472885069e-04
-7.816487140909302023e-02
-3.820574603061777791e-02
1.906257069970973550e-02
-7.702494294770141636e-02
-6.716903452985807654e-02
-6.607636494259289117e-02
-9.465031478360183548e-02
5.851863565097772946e-02
-9.378943250088055128e-03
-4.080615986394041383e-02
-1.006776338591224285e-01
1.321260794074476108e-01
-4.805250967668821954e-02
6.235911319660524671e-02
2.560219295390805949e-02
-5.736593716900326156e-02
-8.921293146713107913e-02
1.783148845968181295e-02
-4.031299538618741268e-02
-1.231014960635595651e-01
1.121534079569388442e-01
9.209435107307535617e-02
6.355008908042915350e-02
5.425367739559154578e-02
2.521527112821667777e-02
-2.365164579464696173e-02
1.535299403003149155e-01
5.155214851437995432e-02
-2.948963543456927308e-02
-5.496190730950371861e-02
-3.590985309733282782e-02
-7.868922609057145412e-02
-1.011161583255323348e-01
-6.111575083448227835e-02
-9.610697894732778829e-03
-3.951361169363890730e-02
4.543269586324735071e-02
1.127465443861092043e-02
-8.893800043575857128e-02
4.302840472455430471e-02
-4.224117051450408666e-02
-1.272494992199501261e-03
3.709380710283110942e-03
-4.151729650888040524e-02
-7.126912561413849267e-02
-4.751339272077637760e-02
2.302555552719497134e-02
3.690408574844255413e-02
-1.016281349052181732e-02
-4.938294333004889652e-02
9.870442072982422294e-03
3.255411377546756080e-02
4.616901329046201735e-02
-1.904326869928907318e-02
3.838860880617665783e-02
-3.483707338867369357e-02
5.528628542824828157e-02
1.871072560574727969e-02
-2.395786500944246944e-02
-8.682706051158059490e-02
7.463570802253448669e-03
4.014907535215812145e-02
-3.113719670905456746e-02
-6.614338305572860233e-02
6.410455618895979923e-02
7.475462271548141691e-02
5.082304892488604536e-02
-2.581895670482505650e-02
-1.909670029436217817e-02
-2.904902073461127377e-03
-1.048807342654447736e-02
-2.819640140638479675e-02
-3.726308336032738838e-02
4.520005940132452993e-02
-3.394496824232778875e-02
-1.218041142281780717e-02
6.720754055100184622e-03
-1.112732563336960891e-02
8.977455109358408250e-03
7.769551599784875473e-02
8.199277489353279380e-02
-3.697048332349367472e-02
-2.249708569841872563e-02
-5.594428441720786932e-02
1.180434248162691574e-01
-8.874269423860869921e-02
-8.337611758357957314e-02
6.066948597196460125e-02
-2.753690006206251789e-02
3.793999243091737000e-02
-2.476763454993305934e-03
-3.448611011198934179e-02
-8.511212186506850186e-02
2.354631761976262727e-02
2.764448176999088902e-02
-3.438799977482576847e-02
5.878621820503272116e-02
-8.179740337658455984e-02
1.040013664797825449e-01
5.784015890522667402e-02
-4.536345687696680118e-02
7.083197286349453281e-02
-2.891981817341982702e-02
-7.087750076296391033e-02
-2.702456422348560941e-02
1.296072173423997581e-02
4.550673585470867838e-02
-4.748821193850170236e-02
-3.196953423988471710e-02
4.161491694755614645e-02
-6.402117546633043221e-02
5.328495212574837873e-03
2.637397903164191010e-02
1.997649265871385971e-02
6.011358182786963322e-02
4.906065544485243429e-02
-1.107845336022327820e-01
5.885548985121245857e-02
2.332762693479348282e-02
8.058830124871078871e-04
-3.134422781001326014e-02
2.233669293350184007e-02
2.904193353648727369e-02
-1.416662319199322659e-02
1.943228075852854522e-02
4.923411216944489910e-02
5.568907996494548707e-02
9.130336097461839995e-03
-3.130944501737704250e-02
4.173840402638952923e-02
1.042587264853913898e-01
2.645288534808238907e-03
1.908608582712577675e-02
1.211848825395557827e-01
6.562467853680985230e-02
1.107536373376000541e-02
-9.802969987247989181e-02
6.934500031332124781e-02
-5.522821612749034478e-03
2.864273158870085542e-05
-4.296625293639775439e-02
-6.257610556681655889e-02
-6.455882272677876399e-02
5.947903264652771443e-02
2.215983957939372459e-02
4.116999114090521411e-02
-3.650788851138152009e-03
-3.328272346647363766e-02
-3.421294271517304197e-02
7.934101969868514320e-03
3.502754592074359963e-02
-3.069648402939900364e-02
2.859090032868800632e-02
-2.845095266066339709e-02
2.504468847475284365e-02
-6.026172713059067126e-02
-1.241781623002221648e-02
-3.775040171612557144e-02
-2.363172325614170885e-02
-5.542920514709908514e-02
3.682753094474367633e-02
8.435953980805774646e-03
8.832739096052213967e-03
-8.840753835313179543e-02
-3.205771596769485532e-02
6.440003029692213665e-02
4.899187369716052898e-02
-1.928478865379128909e-02
-1.489794365463198433e-02
-4.138482795777006368e-02
-3.140673885706089102e-02
3.717019860703404260e-02
1.859853885203326812e-02
-3.563946179194758552e-03
7.523697676660287895e-03
-2.208233763861837048e-02
7.096208990186327059e-02
-5.167067128853661956e-02
-8.838644005825574412e-02
-9.240200732343517576e-02
1.446640840664851178e-02
-3.049474383210891773e-02
2.427936905705840084e-03
9.980407953551585082e-03
-1.346730943055963374e-03
3.605662668428792628e-02
-1.428952239264121016e-02
-9.595184442618032161e-03
2.658522325959597823e-02
-5.056405592431775092e-02
4.204981616515608006e-02
-8.536611790106089434e-03
-4.595162900146042978e-02
-5.125677238611517188e-03
-2.785804485078736958e-02
1.109280411992689952e-02
