1.369635931037941901e-01
2.316487284449559592e-01
-2.251907110004342516e-01
5.741508001465359112e-02
-7.868440713121108154e-02
-1.561477755561066494e-01
1.135964673007974490e-01
6.109942511671653115e-02
-1.352795362818504446e-02
1.917142422052372508e-01
-2.403507952983119714e-02
-5.225643711737193442e-02
7.641790799829578651e-02
3.767236390977411753e-02
-3.674632767851770954e-02
-2.303657296911436596e-03
2.459778156617982089e-02
6.789942867635018198e-02
-3.116036589528043202e-02
2.252284944219976048e-02
9.015955084362850536e-02
-1.834011451070459778e-02
-8.662282607577459492e-02
1.349362698774341507e-01
-9.898791972556757190e-02
4.471931443429879791e-03
3.477929714614182849e-02
-7.656645133177074347e-02
-9.780883282459704176e-02
-5.206683520364803475e-02
7.992727030404035010e-03
-7.920798590835222142e-02
-2.841854893716417307e-01
-9.101308697125461145e-02
9.080889571429505425e-02
-6.925287311607182528e-02
-1.808810593693589187e-03
-8.160212690749464592e-02
-5.413622933203251358e-02
-4.728048852640464629e-03
-4.478990899105749629e-02
-1.004703458691604406e-01
7.598847514627947441e-02
7.718268732554328312e-03
3.211004281741259431e-02
-7.939216892316001972e-02
5.291441649730041497e-02
-2.963417172198057684e-02
-5.712332292411016060e-02
7.996746543336308993e-03
4.440510761967437353e-02
-1.057879232852012089e-02
-4.720462394157919767e-02
3.547994291149215995e-02
-2.069361376797624469e-02
-3.355837753650579153e-02
3.717046072829739006e-02
-1.190683642392677266e-01
-1.739329590887983210e-02
-1.655890457247929329e-03
-1.959869844522454940e-02
7.733423785017499476e-03
3.539255572292751562e-02
-4.037174969841048761e-02
-5.201199118274988514e-02
7.686458009466606844e-02
-5.063186908682588278e-02
4.907342948755821777e-02
1.322865176299689305e-01
-8.984826189765121596e-02
-8.825031197496778501e-02
3.211942168092123129e-02
-1.078963513502835675e-01
-9.308239177712950008e-02
7.068429610667960328e-02
4.823093957695339523e-02
8.265119000864853960e-02
-3.010082228633276236e-02
-7.365409090606353515e-02
-2.525969113653096093e-02
1.331268042520034889e-01
-3.424848324572259128e-02
5.757821269136421255e-02
-1.014793329376710435e-01
-4.539691499217074488e-02
-3.553133312868553967e-02
-7.084099756269858494e-02
-1.152689717448321244e-01
5.982794896664342388e-02
-2.331013804186801014e-02
-2.481974800255100323e-04
4.721742683462273882e-02
-3.096126602136841516e-03
7.004698000064001062e-02
-4.443127911498895993e-02
7.063504962971676321e-03
1.044156317959526840e-02
-7.816029241901228941e-02
-1.197275941343307025e-02
-1.923756753888705012e-02
6.035760167443779585e-03
8.917402582097443131e-02
-7.156552221228361377e-02
-7.581221206065676121e-02
-5.280788451751018686e-02
6.531178534723106055e-02
2.536399005358103143e-02
-2.434991160202286398e-02
-7.461740439799555147e-02
-7.706228058259426139e-02
4.032315825318476613e-03
2.158633270314957303e-02
-1.371052883781993283e-02
-7.929316980834658080e-02
2.520175060196646472e-02
-1.454733188197983654e-02
4.574110439585295229e-02
-1.101516256211583639e-01
-3.297468471039973620e-02
9.301394096060135175e-02
-4.809123917192943340e-03
-5.352707959068871146e-02
3.816089848897980669e-02
9.885828298995924523e-03
7.249271963616489567e-02
-7.202005468949923550e-02
5.847417701105322996e-02
8.083258371306814571e-02
1.484808077182360768e-03
-6.731728410707729648e-02
-6.876323689258100058e-02
-2.796690753184280162e-02
-2.418978611646897814e-02
1.097692061833647481e-01
-4.119033095061074706e-02
2.634102943782252321e-02
-9.741468236387515467e-02
-9.445111036599378174e-02
1.063884682914529797e-02
-3.282920811642124626e-02
-7.607892907434059271e-02
3.172905253977266471e-02
2.652610567772638490e-03
-2.828039976639037511e-03
-8.994711214161531243e-02
-2.762524893259943326e-02
-1.419825951443915921e-02
3.586114160832116343e-02
1.564224720473152835e-02
1.661785742881932660e-03
8.142913898055748056e-02
-1.040269300083167675e-01
8.697618592377637237e-02
4.384871770733791280e-02
3.517627615300124994e-02
-8.132844273806151547e-03
-5.649767829265910264e-03
3.101926610427264627e-02
-1.006384806064089879e-02
4.646449762698297292e-02
3.341674181044037174e-03
-1.374086871691614087e-02
-1.958339452191203492e-02
-1.073001533728326455e-02
-5.119597050915833392e-02
-2.332565038436960544e-02
3.876358723546209379e-03
-4.292583753808758978e-02
-9.982653899408945944e-03
1.315934940521049784e-02
4.340865547667848746e-03
5.388282137227998203e-02
-2.396612255241528308e-02
-1.226892308111706027e-02
-6.606006978437130306e-02
-3.125772743075109356e-02
7.737928616918635094e-02
2.922251404937588337e-02
-2.133215061498045309e-02
9.334806669486793440e-02
-3.540774054956055336e-03
1.842190415533392217e-02
-3.458829584643410837e-02
3.974321697248216212e-02
5.832188213217481820e-02
-3.204861870497345555e-02
4.766904144319122905e-02
6.898035013926358261e-02
8.676988070075612736e-02
5.491786083942571013e-03
1.486856540069327569e-02
1.076144792841365605e-01
-1.960908963050872825e-02
9.710547760978866655e-03
-6.247389012036547867e-02
-6.021033863026718780e-02
-1.457259526511343051e-01
5.995559083287056029e-02
-3.744360896267287520e-02
7.653432500248241732e-02
2.091677117114217055e-02
-6.614367565336262689e-02
-5.677183884881012443e-02
1.959988941201929943e-02
-9.667762278877540735e-03
1.633214449475925076e-02
8.304123163392854168e-02
1.966613693997716367e-03
6.955424726348284452e-03
-7.865356109122710604e-02
-1.127488264588053478e-02
-4.968716445106179797e-02
-2.616673144741113542e-03
-4.382698256333376202e-02
2.264900259993345502e-02
7.269631540972708826e-03
1.595457824665422533e-02
-2.732917458742504732e-02
-1.197764237729153670e-02
-1.210710046788065868e-02
5.065753442125270345e-02
-5.573852628351677607e-02
-1.864908107143212895e-02
3.178934523375678833e-02
-1.256993993848964930e-02
7.210151681826000580e-02
1.860406252659065063e-02
3.845825312345854674e-02
-1.393996859082815946e-02
-2.639944635910491944e-02
3.860197304141477215e-02
-5.724745143829278876e-02
-6.831900627813995708e-02
8.472388906988844240e-03
5.359558995555659990e-03
-5.438281900688511292e-03
-2.291988799739892030e-02
-1.325825919751433095e-02
3.827261117432718268e-02
1.161043754030082137e-03
1.446941287943344021e-02
-2.872403489743405314e-02
6.036897540732763523e-02
-4.031273729373071636e-03
6.109236863845765586e-02
1.706497613773764327e-02
-4.589658511090732168e-02
2.858924723043843735e-02
6.214545125254380964e-02
5.257138828624308147e-02
