2.960228556377547324e-02
1.373622677914194401e-01
-1.663331727312921393e-01
1.381577228879546926e-01
1.679695855764935407e-03
-1.130283730891152999e-01
1.032873686687418580e-01
8.239646024344804420e-02
-1.800463689391391953e-01
-1.170880617151474484e-01
1.043394071703299258e-01
-1.538639782199393846e-01
2.626341837660959855e-01
-2.433768957337091587e-02
-5.660465483876281345e-02
1.150854438120019890e-01
-2.710615541859667799e-02
3.015902178980813669e-02
-1.016987497185795897e-01
-3.375451892289837996e-02
1.222972740683793275e-01
1.918915935653705231e-05
2.663315696072621544e-02
2.481040162587784537e-02
-3.867621609181616515e-02
5.987268323932649211e-02
-7.897355814255530015e-02
-1.731424244485570488e-02
-7.255277950024893729e-02
6.262507458352410683e-02
8.257174032592863241e-03
5.335631680694186141e-02
4.461665713881159123e-02
7.600450114084691955e-02
-7.716841673756404119e-02
-1.035098340348640927e-01
-9.152011790273169300e-02
-6.875561719056284826e-02
2.966336150754833069e-03
2.715011864189859417e-02
7.691874286190641952e-02
-7.724134270325297424e-02
-6.829679579818713486e-02
-1.306828293051746914e-02
1.366580328031686276e-01
-4.281391437873990902e-02
-1.519845862244528735e-03
-1.351793935126020287e-02
-8.347935892295649252e-02
-2.629301479086341986e-02
2.662785846150090424e-02
-4.008994876687267672e-02
-6.142797176530790521e-02
-1.145022866911836468e-01
-3.823966271645494464e-02
7.109042951473314165e-02
1.012508833313589124e-01
2.474202234533496095e-02
3.900203799350243639e-02
-5.626179181794647988e-02
-3.009440157966158762e-03
-9.527156275626423587e-02
1.054722477851039869e-01
-2.982747178085124948e-02
-2.068380154679090241e-02
-4.791851717294229318e-02
-5.111838109698572941e-02
-1.258805631728490693e-01
-6.176242162857053380e-02
-1.262938819130939028e-01
8.798831016235651725e-02
1.113086878844674332e-01
-1.592771827933458020e-02
-4.456292033247919587e-02
8.410859150663278772e-02
1.668553971110193768e-01
3.475901413414039104e-02
2.859116722850182229e-02
6.443870074740994623e-03
1.013007894659540969e-01
1.084400517633469230e-01
3.903955709612492216e-03
-3.830886541241798268e-03
-7.535976686686954307e-02
-2.354849959416288607e-02
-5.445675781496655231e-03
1.675610999267582862e-02
5.622355670191517968e-02
1.112041857274492784e-01
1.204409019039865691e-01
-4.268130869542532957e-02
-4.080871882732266948e-02
2.455410462618857342e-02
1.161408117759410857e-01
7.574218962852352632e-02
1.796012234028720707e-03
-7.942640082296731352e-02
-1.120668386824028549e-02
2.238479880146841336e-02
3.923606697617721545e-02
-1.728173543609500332e-02
1.095825943598105756e-01
-5.852600522000653283e-02
4.110181891622559369e-02
-3.916840370904316193e-02
-6.765195412219843218e-02
-1.482989072025210110e-02
-3.475457485100566860e-03
-5.468412787293925464e-02
-3.702290533016646540e-02
5.716328850032887515e-03
-8.019908669310188420e-02
4.495909055158262696e-02
-1.133870958069371354e-01
-2.709068952896603530e-02
5.212806740544172895e-02
-1.287191625314693458e-02
5.152829877353862220e-02
-4.223670016921482473e-02
5.496999622641304123e-02
-1.695161745395577227e-03
5.383110529833438906e-02
-3.582379767440554280e-02
4.267672620960884233e-02
-4.491416071017879930e-02
-1.875790448040114827e-02
5.931673462804352981e-02
1.613967614868229983e-01
-3.042494916984611608e-02
-6.466539059264427014e-02
-1.927096388849542166e-02
-2.622979080686408532e-02
1.145983040893072159e-02
-6.696812551609915287e-02
9.892298053658380580e-03
-4.247524003636519996e-02
9.056961010251517175e-03
-2.727022989122915644e-02
5.096554803487181318e-02
-2.228437792088056729e-02
-3.398221118690505221e-02
8.715243610889303674e-03
3.542777065798388691e-02
6.930623150195004689e-02
-1.362859922359426152e-03
-2.352229350339985620e-02
4.629610238988344367e-02
-5.119288229217407865e-02
2.523496177664122722e-02
2.423952413502086789e-02
-5.193603260919459411e-04
-2.064280977913561521e-02
-3.949225657385516813e-02
9.116755290022576785e-02
1.602165923857255120e-02
4.294924091300802299e-02
1.733851529941490485e-02
1.656937369565400497e-02
-6.318320703570398655e-02
2.012745912813309473e-02
-4.169417680934734728e-03
5.810341410611741773e-03
-3.127213623516904989e-02
3.183896825026615723e-02
-1.854030800545892338e-02
-5.975250038865504570e-02
1.026398061417996277e-02
-3.295104447618427135e-02
-3.488803975041084027e-02
-9.920938590011420602e-03
-6.942759577474605370e-02
-9.360661677672112158e-02
-8.528149307163068044e-03
-4.073772609783756632e-02
-3.709955456558129000e-02
-2.378005833057721813e-02
4.641900609150842461e-02
1.653368042722403244e-02
9.902562105873900788e-02
-1.974045388066263465e-02
-4.885223445872185349e-02
9.627788380169875759e-02
6.335845131751415005e-02
-1.923462620799750280e-03
-1.466621005499447322e-02
1.615956342111244184e-02
2.140629487696678671e-02
7.424364516519155188e-02
5.041382390270093133e-02
2.051682721985267910e-02
-5.116273812766250310e-03
6.729144137085453503e-02
-3.790807690682761882e-02
-3.577532356662802698e-02
6.602860852170809938e-03
-7.889751751853796855e-04
-1.796707483048690657e-01
2.781955537848047194e-02
9.054920372036361076e-03
1.527933233697218417e-02
-1.254065264955358389e-02
-1.052170964068688437e-02
4.201280277627492121e-03
-2.218284721950903801e-02
4.696979940624783356e-02
-1.786621718171967424e-02
2.251278619829606351e-02
-1.191159906922949294e-03
-1.143806360130241243e-02
5.606882620426787561e-02
-1.226088473032299619e-01
1.213581866820335683e-02
3.501155206343332243e-02
-8.818503484643147594e-02
5.784529127223564209e-03
-2.593257364086040684e-02
8.143929351852942367e-02
2.024896660361086634e-02
5.253275818411018427e-02
-1.469975528319797408e-04
4.351904438375175932e-02
3.141150824519703053e-03
1.048816441248338590e-03
1.795546825312983527e-02
-5.953551252511032205e-02
5.387249087336453378e-03
6.386034091643075228e-02
1.937331800528709763e-02
1.763004015881841505e-03
-2.120176564673563815e-02
-3.505207842237287319e-02
-8.821797146323745453e-02
-6.480243555909356856e-03
-4.898498334471819426e-03
6.773114520521458792e-02
-5.645260939139861572e-02
5.800943734620900294e-02
2.250587666890089059e-02
-3.913525228821451707e-02
8.701317150087636842e-03
1.144948401517318498e-02
-3.501796038344232032e-02
4.224740456967676638e-02
-1.170988019162798460e-01
-1.111299351369540202e-02
3.085498682318701599e-02
1.240217565628663234e-02
2.471087576205103012e-02
3.007120274521562359e-02
-4.653310282820484478e-02
