1.133560846609557859e-01
1.668163644502684839e-01
-3.088012207757704353e-01
9.363527154564650623e-02
1.110636029033908352e-02
-1.138685897877267372e-01
1.073649389428570355e-01
6.521629399764197754e-02
-6.247949934000392169e-02
3.534108673526170641e-02
4.880788838530856349e-02
-1.480536321808161859e-01
1.788979201072975478e-01
1.530769600538267328e-01
-7.960043396433939822e-02
2.964780014381630455e-02
-8.543243125473058697e-02
4.309170489123411232e-03
-2.852239577874705542e-02
-2.359809950201308300e-03
1.706230991326450341e-01
3.244886564279627489e-02
2.559185809886320787e-02
-8.198719513084283539e-03
-2.009862862472821046e-02
5.875205639880719949e-02
-1.092843241462618659e-01
-1.033809775816405541e-01
-8.982744020465346924e-02
-1.444062785507021773e-01
6.356166876992021264e-02
1.131588855024641058e-02
9.224298035181981159e-02
8.590691888279669564e-03
2.762516287006538777e-03
9.643982641295166872e-03
-2.238170570385481645e-02
-7.934458018590537232e-03
3.763134194351439900e-03
6.499317381730608523e-02
-2.408169271980394738e-02
-5.062957127560830523e-02
-4.086788060947701973e-02
-8.299778266197396781e-02
-2.822207747822643928e-02
-3.716479678239798662e-02
1.343219376267691112e-01
1.674192276006219657e-02
-1.226041403096203714e-01
2.386967205395006467e-02
3.135695921364877597e-02
1.169950305750100533e-01
-3.693878541116408891e-03
3.945721207580436124e-02
-5.117903047454688131e-02
1.184208529368377810e-01
5.525687245975040990e-02
8.858067228602647947e-02
-4.774768535980127709e-02
-9.200314443560234090e-02
-5.788057835157330022e-02
-2.305877608725717329e-02
1.256167612253442090e-01
5.552814592297380079e-03
-7.362587105380508090e-02
-2.457432506316099829e-02
-3.870839363322041426e-02
3.718048232382166474e-02
4.722497798468908159e-02
-1.148802407453950597e-01
1.303029496539836463e-01
-8.355973712272462411e-03
3.172666609572157275e-03
-2.889376426478422813e-02
6.088615406648819131e-03
1.339939702362813179e-01
6.042495927013706580e-02
2.818342857001514268e-02
5.573548086564816123e-02
5.581716531653668767e-02
3.751915044383998671e-02
3.292428376908243526e-02
-3.765752882199289997e-02
-7.965968676170891161e-02
7.377734287119724899e-02
-2.033726818609133888e-02
-1.883826878567265717e-02
4.622219999219050884e-02
-3.104397949091963760e-02
8.155956473457200151e-02
2.134074405225495907e-02
-1.037508838561890766e-02
-1.411299943179117680e-02
1.241882802971734645e-02
6.906476817160357717e-02
-4.304311959131586901e-02
1.240536903760593168e-02
-1.171129047602426226e-01
3.407471188985512073e-02
-3.543925429747681044e-02
-7.174141276573135252e-03
1.410840011201779376e-01
-8.393349831847048137e-02
8.419433690879762899e-02
1.155615648349462253e-02
-1.228629517431109597e-01
1.895657498793595647e-03
-5.418789616531123621e-02
-8.458930017112888111e-02
1.946828254480399700e-02
5.293202265695948899e-02
-7.123336073758493314e-02
-1.703439828987097712e-02
-9.724540524695857169e-02
5.149962034343284062e-02
1.817282963002090634e-01
4.328461711149771129e-02
1.986268086178736778e-02
8.014028909236391163e-02
4.366396129656387182e-02
-3.889057189187417746e-02
-3.789689948910034828e-02
-1.488690809423714317e-02
-4.939250712413325445e-03
-4.875970187034177339e-02
-1.949210994565309454e-02
5.511174796950214783e-02
5.021995266631128219e-02
-5.981737716452474596e-02
-7.591170639551254352e-03
7.512045058767853611e-03
4.302387821740843998e-02
1.010301735249261382e-02
9.092961534630078155e-03
5.934385326675797878e-03
3.864751246396581907e-02
-7.114463108588746365e-02
5.254782658831735898e-02
-1.844171038353560610e-02
-2.770811013996684474e-02
-6.767260990609401394e-02
6.059075411370211384e-02
8.910444308767585808e-02
1.134128782844580213e-01
-3.731284569562354214e-02
-1.752526933302579748e-02
3.077695973384503292e-02
2.793455352823148111e-03
1.660819687300952793e-02
1.030121347336292008e-02
2.634027775649570510e-02
-1.231318324966256678e-02
-1.087842478171444222e-01
1.940195131454626465e-02
-8.115273761993514127e-05
2.273037667973866124e-02
-3.132572105911857197e-02
1.862820881249673335e-02
-7.997057286344293192e-02
5.965513815344344883e-02
-7.893183776115534483e-03
-1.849787259753138402e-02
-3.417510600138249505e-02
-7.949345990111312404e-03
-4.213355758121856143e-02
-8.661991314390878050e-02
-1.462975826471091256e-03
2.420092942028729058e-02
-3.534756699072275771e-02
1.548800994438840825e-02
-3.109219923796571403e-02
-5.917337270001338939e-03
4.435778064792710723e-02
-2.782661573470586805e-02
-2.322709656884806850e-02
-4.793694205134325578e-03
-3.597970760292849325e-03
-8.396683009399578609e-03
8.768191070169759072e-02
5.168688311021758797e-02
-5.442626987004006711e-02
3.608771186061267983e-02
2.956980445372867430e-02
3.427250922577398246e-02
2.751144269474375958e-02
2.378808729929939025e-02
-3.028861432871606321e-02
1.193703931383178901e-01
5.540532015792741516e-02
-2.693845518366967326e-02
4.824556837168574031e-02
1.241775463355636183e-01
3.213073494777758665e-02
-3.290411189695495453e-02
-1.477837212328435464e-02
4.335563406493497807e-02
-1.187261560492515189e-01
-1.772678866182484866e-02
2.937662637683077088e-02
-4.580244559871081596e-03
-4.553894844204067760e-02
-7.654614002118911853e-02
-1.079876416445451487e-03
-2.317658380833115955e-02
3.303129106438799922e-02
-5.731214363536159262e-02
1.374133185704041679e-02
2.978258945740617364e-02
-9.513480265933378990e-03
8.060789768001751232e-02
-2.799221118579519468e-02
-3.950523243037471627e-02
2.217088139285527601e-02
1.511640883379622262e-02
-1.996177892222252351e-02
6.639437120838182112e-03
1.347979539304824254e-02
4.022075232951264484e-02
-5.076715208385831901e-02
4.746102544386779365e-02
-3.829924027303341361e-02
-9.360845325766154953e-03
-8.571297646807518600e-02
1.740104782064933603e-02
-7.665201742579889899e-02
5.372533885370932294e-02
-2.040153902743325337e-02
-8.802280537102817951e-03
4.434721284671369786e-03
3.728639296051074344e-04
4.009825888525912763e-02
-7.652194706746785757e-02
-6.918493537030696861e-02
2.459433077489204048e-02
3.953540715836770941e-02
-5.585611331346157504e-02
9.477921941095816122e-03
-7.085910106064975331e-03
6.248860492972868434e-03
5.353628155464305871e-02
8.673938246894713835e-03
-1.425779160124656525e-02
4.076024190466499136e-02
-2.894357915163610351e-02
1.387153514368861910e-02
3.768401478918498998e-02
-2.613709682373228232e-02
-5.519688855663656968e-02
-3.765806053526149499e-02
-2.078467166953818033e-03
