1.047000740873480495e-01
2.683404491501515388e-01
-9.224730071634919260e-02
1.847295014220264597e-01
-3.436827635570975648e-02
4.988999119033463853e-02
4.703869084277499668e-02
6.779650447168482363e-02
-1.317660219034959279e-01
-4.394483768453375655e-02
4.012582366774384429e-02
-2.285229797486602876e-01
1.312352875355688453e-01
7.506393102264696804e-02
-2.330461493904929793e-01
8.790517313281270839e-02
1.402480376577286414e-02
6.563290138023192277e-02
-1.483936174539637609e-01
-2.186010808537371466e-02
6.313523182358549146e-02
-5.094729730369521904e-03
3.179206131462742474e-02
9.213689515975113931e-02
-7.319555392650553723e-03
2.092982599841233110e-02
-9.968011146099721442e-02
-1.116791589801996026e-01
-2.064096561349869074e-01
-4.494572425302027774e-02
-1.124497244441009444e-02
5.018633789170205695e-02
-4.166279197305298304e-02
-6.195957915071611394e-02
-3.582826816506132911e-02
1.679016196892730434e-02
-1.330511835681185730e-02
-3.283418986597307770e-02
-6.731469692814343042e-02
5.896562893231997032e-02
1.054222250496321539e-01
-9.171845553863074152e-02
-8.301633311500855594e-02
-1.732630774609597232e-02
1.068510932508012212e-01
8.425509754891469250e-02
4.348326689034560238e-02
-2.813474917162524583e-02
-1.603469721862562092e-01
2.726950005608225550e-02
2.390690158562310853e-03
2.985468074561222623e-02
2.083200436981401046e-02
1.357082175259217635e-02
-1.125260925567709985e-01
2.535648683874081391e-02
3.755338700707872707e-02
7.168554660688536417e-02
3.987497763224818331e-02
-1.816920678086592772e-02
9.408855672593650910e-02
-2.896663326687381676e-02
1.662798939859607139e-01
6.643481459352697065e-03
-4.193525162534205569e-02
-2.953921800094752581e-02
-2.414410702740914932e-02
-6.212890182568433367e-02
2.490426593507662906e-02
-4.820601827065729150e-02
1.077137807525020280e-01
-4.017731210597169991e-03
1.804272709740819712e-03
-2.910995556134389137e-02
-4.579787711779511467e-02
8.900090345380602674e-02
1.006620420870515953e-01
8.520180598463907018e-02
-5.304782065428437264e-04
1.520319416343607621e-01
7.730591949767061377e-02
6.958652820442849662e-02
-7.222739197485289475e-02
-6.995229464091905214e-02
1.214384274163172149e-02
2.662128367331812601e-02
3.395761763663497634e-02
4.248628678296841044e-02
1.207842552813700315e-02
-4.285323796586097168e-03
1.429809594256064263e-02
-7.735177238544567978e-03
9.334488820737807738e-03
5.562973528616556307e-02
9.723361014084837273e-02
-5.343289525511036447e-02
-1.091943295129371022e-01
-5.830684589245683364e-02
-1.148755727526472011e-03
2.949285279040403385e-02
-2.265865918050089314e-02
1.131833386283288140e-01
-2.209564847816233857e-02
4.181002072863238515e-03
7.979106916666338020e-03
-7.447738549313336065e-02
-6.235682141729247119e-02
-2.629342912169187196e-02
-5.435341118929842841e-02
1.403652314910084492e-02
7.914470995393484143e-02
-1.027636221033506429e-02
-4.254872612037159489e-03
-7.645475925825963304e-02
-1.186478693369903172e-02
1.029805587756104229e-01
-2.155610856265277944e-02
-2.604117419858301141e-02
3.485578349005000187e-02
-8.758862170226509175e-03
-1.359032203796578520e-02
2.518514689287187219e-02
-4.109363339749318861e-02
4.712232753472223729e-02
-4.081377708523482167e-02
1.546138882864149869e-02
2.925689613536605269e-02
1.277391329234129624e-01
-1.123347720229330403e-02
-1.278264519352583298e-02
-2.532283363688914851e-02
-1.703210639632138368e-02
-5.606777125317866789e-02
-1.311735206217992493e-02
3.575129166910376993e-02
5.651211519427814384e-02
-1.916404153665029336e-02
-4.140506160035645894e-02
-1.885892130787340283e-03
-1.286439269526446286e-02
-5.977003971911114266e-02
4.498344401684640365e-02
1.390203842238629632e-02
9.736748648427540065e-02
-1.938152255185153841e-02
-2.410862867569493057e-02
-1.081961646591578924e-02
1.979230935161843154e-03
8.689538495622459863e-03
4.330824462457852353e-02
5.042927494445997860e-02
-4.960594023540969288e-02
-1.835114540400689664e-02
7.902857278636492289e-02
1.952234727282549029e-02
1.007521148337773148e-01
-4.100663458737809075e-02
1.565171673711561462e-02
-5.636114007845454549e-02
-1.145281538753012938e-02
-2.165838099530189090e-02
3.478319375779717355e-03
-6.744569145599800530e-02
-8.102576703859505625e-03
-6.189147224268710251e-03
-2.888155566714034964e-03
7.453457352216008580e-02
5.211532917538410498e-02
-4.308612068428833292e-02
-6.574445966305895485e-03
4.825440075210149591e-04
-2.809510819741747878e-02
8.470491693960183199e-02
-4.675899463138176448e-02
-1.997793029465753933e-02
-4.820384089889143131e-02
3.715467181254311635e-02
-2.252689616849366111e-02
9.121481023708474800e-02
7.722506856077675230e-02
-3.868882234262585595e-02
9.806402130813768325e-03
2.899192920356536210e-02
-4.590799449283590461e-02
-2.884726206182813835e-02
4.634241218029692966e-02
-1.073453886618232385e-02
6.732763307804645603e-02
6.455814427257147714e-02
-3.420029852800868242e-02
-2.299535129988267840e-02
1.054615458221096480e-01
2.259343408804433909e-03
-7.550718627786351389e-02
2.638494277620381887e-03
-8.088904089976860223e-03
-9.891607811239343240e-02
8.489828676451354611e-03
-6.459749706522200643e-04
1.122547856307109099e-01
-4.211238722252893391e-02
-2.098000160954607146e-02
2.131281928799155442e-02
4.228776171019930918e-03
5.351172892110351437e-02
-2.783833842991177612e-03
5.039607002503070088e-02
-3.155085335121297213e-02
-9.228598108536614775e-03
3.831104834125008407e-02
-5.988973112588708014e-02
-4.508693321607055993e-02
-7.958934207659155904e-04
-3.843957731578155623e-02
-3.986008825179050002e-02
-7.904749670862404320e-02
3.697587116635882298e-02
1.732080027633528529e-02
-5.543444425087222516e-02
2.832847121844025290e-02
2.667962442857381780e-02
1.984014749012117870e-02
-3.903380768682170737e-02
9.405701685550464305e-03
-4.546742893215364317e-02
3.121710708774969468e-03
2.677984757014918379e-02
6.794264454138128524e-03
-8.008053153082993550e-03
1.918850494884313113e-02
-2.358772450088723882e-02
-1.343338476592451092e-01
-7.152009837285346061e-02
-4.680708893126873027e-04
4.180720295340598774e-02
-4.750970758800619059e-02
3.298609356681445753e-02
-3.409674528843847224e-02
-3.086498124496876716e-02
-1.196318492541184435e-02
1.851387192333150272e-02
-1.836699538965539530e-02
6.673487563496555142e-02
-7.359164346685292089e-03
-4.424537902856774674e-02
2.184288123228503992e-02
-1.914447721093063062e-02
-3.271923744480516316e-02
1.009266247767759590e-02
-3.867297235697735730e-02
