8.418602971808422653e-02
1.541359095208183483e-01
-1.559730010847321102e-01
8.731234067105012042e-02
-2.337460287475696952e-02
-3.925754873643997472e-02
1.035548140988138272e-01
1.558220146814910841e-02
-2.497681465703162004e-02
-6.839749100444351970e-02
-2.415525930328734847e-02
-1.708126630555351355e-01
5.962178116265804545e-02
1.020376518483002148e-01
-1.586737753405521312e-01
8.095443654950591761e-02
-3.151150185372735696e-02
2.915471935317357974e-02
-1.460062726301588898e-01
8.051423115656779206e-02
1.844678820358021734e-02
6.266929303798128570e-02
8.231797492191933463e-02
1.402599013780229942e-01
5.567322838988863348e-02
9.533481659688236576e-02
-5.715093690689204003e-02
-1.402203031253424215e-01
-1.184024968835722530e-01
-4.304272258710938742e-02
7.173353540340463713e-03
8.202980369620737136e-03
3.512242171472666763e-02
-5.270292588133401041e-02
1.921461855574052233e-02
-1.655673036372693266e-02
1.718108930950531729e-02
4.581423897682410096e-02
-5.965830838296831695e-02
1.428445544804530891e-02
9.299862807810591048e-02
-1.108111577727376000e-02
-5.334697556407490271e-02
4.407043453738230393e-02
3.407205638449872093e-02
-2.805789110967261621e-02
1.337856954541258858e-01
-4.155995589914313754e-02
-1.352885141769805954e-01
-7.481107113637164643e-03
1.546912605627464576e-01
2.642027213065802765e-03
-3.614102895726644532e-02
-5.530044118992674673e-02
-1.672990045961928740e-01
2.229497241252968547e-03
2.045788084861593220e-02
-6.453257870152406817e-02
4.438754572696027023e-02
-6.333408122166986343e-02
-6.028436542899851674e-03
5.780755975745487801e-02
1.817935186583667373e-01
-2.696680750319374251e-02
-2.663260692171986674e-02
-6.629697712274316979e-02
-4.808839264172048988e-02
-1.577661588208542631e-02
-4.095539607970504620e-02
-1.324374038541862031e-01
1.034689335818231859e-01
9.953613339862381337e-02
-4.504727573968599769e-02
-9.749884665395905370e-02
1.399227381535566098e-02
6.172504090859536746e-02
-2.589060937126267336e-04
4.988299556954631925e-02
7.615737559771879051e-02
1.263219306409327780e-01
2.987442482160164794e-02
1.634555172602803266e-02
-1.135058622234022124e-01
-1.147892285860544759e-01
9.150122882413999625e-03
-1.627556831777777699e-02
-6.898261299546723513e-03
5.392870135459499475e-02
9.889071078376442114e-02
6.306148193656495315e-02
-2.862310558497827007e-02
-1.703787081167153911e-02
2.482853798823499505e-02
5.832811780911711236e-02
1.069532185197883539e-01
-7.445931147569817554e-02
-1.934349352591536661e-02
-1.368264871880270628e-01
1.721075186922315856e-02
2.173297348876469456e-02
1.601232664895413729e-02
1.329646820472704938e-01
-1.494190928383775339e-02
8.099660001746052107e-02
2.383204217876137149e-02
3.397757697687123907e-02
-5.067850134283192337e-02
-6.966337054748138191e-02
4.886341282260656116e-02
3.476918073255692854e-02
7.481782740758630146e-02
-7.550357087097810116e-02
1.983146250465981850e-02
-9.116619725743649316e-02
4.545232684443233778e-02
1.286984761380342568e-01
-4.268796415365079533e-02
2.024550992776150832e-02
8.565868006412478974e-03
6.495453854920335557e-02
5.478252061312372141e-03
3.749159673413942490e-02
-3.198964352888684914e-02
-4.701223063958202136e-02
-5.497509240763785677e-04
2.731415932917102135e-02
9.464155813663148453e-02
7.457481842261405591e-02
-6.109327535533566611e-02
-1.943208377735038822e-02
-4.606920692314422916e-02
-3.747804806191750576e-02
8.625337645018532617e-02
5.134000171539464946e-02
2.582391377413826780e-02
4.463749163211013643e-02
-2.764763731479306236e-02
4.110717733838306631e-02
5.915787462577970501e-02
-6.999103163649614268e-02
-5.049496199646573424e-02
1.075988940431958779e-01
2.302515552080936292e-03
5.855822845813409006e-02
2.356399524752302715e-02
-6.401693430165431888e-03
2.995297099069615943e-02
3.065063728564324311e-02
-1.807703590619604006e-02
2.907140405145695883e-02
1.281437031727876083e-02
-8.954057336956237900e-02
-4.158582483063884283e-02
7.854978207376805271e-03
5.768934307609460688e-02
6.400150688021763457e-02
-1.767874107266436193e-02
-2.579342022919081222e-03
-3.696193397474406561e-02
5.618092423538819519e-02
-5.600536957318478365e-02
1.230652995260883738e-03
1.494259574989699642e-02
4.611856021982458503e-02
-1.622939444284549407e-02
-6.467200357113571385e-02
1.403161915948809846e-02
7.175882625821887462e-02
-2.342655751650393422e-04
3.270049719812993111e-02
2.394122641197370463e-02
-6.191866046709465499e-02
4.596677896114655104e-02
-5.932945501079802016e-03
-2.214127627484429109e-02
8.265340391634132602e-03
4.838032136586200432e-02
-1.175804357127316867e-02
1.113772032332728673e-01
5.081655328032508301e-03
-3.357635563013963015e-02
4.685311503300786801e-02
3.894755511600258430e-02
4.200529172262929684e-02
-1.053299069386401214e-02
2.161432324989332257e-02
-2.575992791145824412e-02
5.901642648778292893e-02
9.909289310310796794e-02
-1.176086169509532771e-02
-3.799445118743168329e-03
7.526471681215390896e-02
1.505683815407217463e-02
-7.608609151693522012e-03
-1.889082335453307537e-03
2.455247024304127446e-02
-1.745860224640270464e-01
-2.128507245000451839e-02
-2.074756952561674847e-02
8.764748062713138832e-02
-9.905683557010137863e-02
-1.025415901953702219e-01
2.595510105103898679e-02
-3.816014241625753645e-02
4.548184488497981209e-02
-2.806497254902060035e-02
1.032884652678273119e-01
-3.361804941079053147e-03
2.528839798834304695e-02
4.981481865092565048e-02
-1.717418851912028838e-02
3.524811726315343896e-02
3.671253001648307895e-02
-2.291412866817485461e-02
5.412604228173125039e-03
-1.939440040367717069e-02
-6.177327418170537078e-03
2.366291861963929627e-02
-2.600694730340817953e-03
6.344452999762290046e-02
5.987971175197068577e-03
-5.791056579613401700e-02
-3.880444500754657439e-02
1.321989110932879352e-02
-2.264915276930680801e-02
5.498347451951914738e-02
1.564149045779220440e-02
-1.437319021865069574e-02
-1.564654862875505120e-02
-5.378432670339828442e-02
3.051720996160183635e-02
-1.001900465147422536e-01
-7.186316909922391138e-02
-2.364434790624712554e-02
3.061107516275525520e-02
-4.605858476412224428e-02
8.234145928710398521e-02
-3.120833676408981197e-02
-3.460872832365687697e-04
-1.892579699376190777e-02
3.026166393860024381e-02
-4.284834430296566993e-02
5.252924996834536925e-02
-1.055828154867824997e-01
2.846424288695225541e-02
3.369670396926281036e-02
-1.008125989708910653e-02
1.703375201531607836e-03
2.518427192609356061e-02
-2.547872973571649324e-02
