7.007044583655591685e-02
1.743874796026509966e-01
-1.514349193788400161e-01
1.167438234178343748e-01
-9.841115774068050215e-02
-2.207303897308628485e-02
1.269988718714203935e-01
-3.526705743947038119e-02
-7.250526531520773421e-02
-2.094072263198025474e-02
-1.346892241551742725e-03
-7.321994702835360469e-02
1.769498449160565590e-01
1.117327563191187478e-01
-3.989603547073101303e-02
8.118211830420564434e-02
3.389329179441234047e-02
2.506671555730791145e-02
-5.776451794599417322e-02
-1.155384964268961825e-02
7.048633232219614353e-02
1.425606976941925230e-01
6.477151796915925352e-02
1.241040167442251235e-01
7.048598954919223225e-02
8.312420158974130613e-02
-1.323497984035097164e-01
-9.398201637069758529e-02
-1.617327116260132147e-01
-1.248638416619855251e-01
4.233949282908129608e-02
3.391296696483659528e-02
8.318415258812462574e-04
-4.285053310060607523e-02
8.981989517075815443e-03
2.918777255137930404e-02
-1.711849514271488945e-02
6.849259314497170570e-02
-2.472894703925805626e-02
7.010897352219504219e-02
6.473813187857872797e-02
-9.623475482967407124e-02
-3.663736107718896379e-02
-1.282673719269786412e-02
4.854131906606908714e-02
-1.227206191777572945e-02
1.332657907018501009e-01
1.696774357559664020e-02
-9.622820786529946713e-02
-7.423242992729378598e-02
4.448514900163726138e-02
1.119161741535093096e-01
7.532152259260715965e-02
-6.120143430156780619e-03
4.830151507253582430e-03
7.870705727489514525e-02
1.148337551308636038e-02
1.275119002263678560e-02
3.033818730709161512e-02
-1.233539951343764485e-01
-1.132086683193410381e-02
4.518358327439794819e-02
2.378675660022906424e-01
-2.668151917871327758e-02
-5.866868457569978344e-03
-1.120871150505576841e-01
-1.162248650899193464e-01
7.302504629833215556e-03
6.359491535594846701e-02
-1.393492231432884587e-01
8.577106044860992665e-03
-1.958320442730739769e-02
-4.555542342903614456e-02
-8.456083180371586072e-02
-7.718199162591259099e-02
9.123242844255805006e-02
4.561009572315929267e-02
9.374807379553113523e-03
5.916234625592648594e-02
1.080423936044563604e-01
1.074764753750060732e-02
6.257184077118756529e-03
-9.920423163981986758e-02
-9.161132972107674521e-02
-1.936194445328549840e-02
-4.971062061429665918e-02
4.780757917390599313e-03
5.241064356607125219e-02
1.459407480084179941e-02
-2.643612798521633236e-02
-3.746622047793621985e-02
7.100203430657404946e-02
-3.004233992741957293e-02
1.899709686792700261e-02
7.288258983790844858e-02
-6.377816180383708011e-02
-6.383746153351298191e-02
-1.020998065903233470e-01
8.274622579833317004e-02
5.861641169260397438e-02
-1.198224734297245221e-02
1.214988390826315656e-01
-5.435999363928975536e-02
1.084636616262579234e-01
1.125495158328281052e-03
-3.251174520216561226e-02
2.182840188019793265e-02
-6.499061847325654506e-02
4.235611731977077278e-03
3.862222243361221330e-02
7.217113019099929971e-02
5.625885324903276419e-02
-3.756209408712898185e-02
-1.428548997634458140e-01
-1.821807666194781225e-02
7.467851471457821744e-02
9.282635718802549618e-03
-9.011022390506728819e-02
-6.600450674151274455e-02
6.506558292921098274e-02
-6.552688683786887791e-02
-3.313991100912537513e-02
-2.507490783210128416e-02
7.790030673289987870e-03
-6.325944341702478824e-02
-2.439107568930703324e-02
2.087247652690239503e-03
1.108873409822827838e-01
-4.693943798691099789e-02
-7.780631837522861138e-02
-2.802707460554978297e-02
-4.921226294391643774e-03
5.827435851200529066e-02
2.584635275469413310e-02
-2.399513859249417964e-03
5.018498417440341725e-02
-6.518713023639637061e-02
-2.964599150300203587e-02
-4.493137089812325458e-03
2.431761943456978506e-02
-6.816593047224843438e-02
8.613673068917782061e-02
-5.871081137787993731e-02
1.007665567143271046e-01
-1.178700383994708660e-02
-7.466692898704616402e-03
5.277192631218911856e-02
4.611753687814305891e-02
-1.714293485789345275e-02
1.243138280999165485e-02
6.257424018221491302e-02
-1.393433960022220398e-02
-7.644396707120067191e-02
9.127695465576557421e-02
1.273185762521643512e-02
-1.678672515223340878e-02
5.615752954907788502e-02
1.042886864386719827e-02
-3.808396598557722140e-02
4.485918290350045939e-02
-7.076480111057009519e-03
-2.208280800369763139e-02
-4.547802528475396872e-02
1.054959329584320531e-02
-4.396824731174566597e-02
-7.889537676324159809e-02
1.028312156260598707e-02
5.127928698937616464e-02
1.673921681389191340e-02
-5.500214458480891938e-02
-1.808035046897801812e-02
-5.734307853769065461e-02
1.122940471130162848e-01
5.706484969041942558e-03
-9.516814807341700266e-02
7.227574451179167442e-03
6.455118348224790636e-02
8.641468531804590014e-02
8.191596102826989578e-02
8.466284104967856938e-02
-8.266348039519004140e-03
8.717392752169968173e-02
5.451417293644707229e-02
1.663751606363273816e-03
9.988645274949577851e-03
1.393697895235228648e-02
3.313319265824880150e-02
1.079671206527984123e-01
-1.169071890314964113e-02
-2.003552768326293324e-02
-4.109536393410083421e-02
6.190946621843788217e-02
-1.096349169806077814e-02
-2.535402788918266620e-02
4.248020114718507184e-03
-2.162345790116200483e-02
-1.324737108444220546e-01
2.221302746788185803e-02
-2.213285286226803709e-03
5.770367573780070536e-02
-5.000317737313120237e-02
-6.091213388627039239e-03
-3.092943646153060999e-02
-6.038052723451118459e-02
1.150798661476687586e-02
-5.971887250506972139e-02
5.850312521481274702e-03
-2.037027979887840595e-02
3.659204648607247441e-03
7.008131174077976422e-02
-3.478532425977963471e-02
4.202825494153383107e-02
-1.492464508580960622e-02
-4.398202678650272451e-02
1.790111446523510660e-02
1.944091935338564461e-02
6.301432644193095955e-02
3.325820197277364748e-02
-3.487156594756260497e-02
5.967647148448643191e-02
1.493174048699047983e-02
-5.479195617881322394e-02
-2.412265014994754639e-02
-2.780060448186850042e-03
7.693300131587463286e-03
-1.428348818200176479e-02
5.411007784214123123e-02
2.453274377182175156e-02
-1.626084280963945375e-02
-2.938829475866483465e-02
-2.908086165146074251e-02
-8.986555253487854555e-02
-4.375226604198393515e-02
-1.380312609432664608e-02
3.245402222830768429e-02
-2.184338106046866679e-02
3.094897452275330654e-02
3.384760015299154851e-02
3.340768527977744373e-02
-2.286220525998111999e-02
3.239273441520913559e-03
3.774890537425823391e-03
8.942649459417420510e-02
-1.937695791085662297e-02
-4.633536912212588184e-03
6.677046729604308242e-03
-3.166399900890308396e-03
-8.320129123831997500e-03
5.108980207281643704e-02
-4.219631654534938131e-02
