1.526548004340694542e-01
9.336027496734879139e-02
-8.076130026368309733e-02
-3.089902119152411301e-03
-1.611689758604342715e-01
-5.862663003839219816e-02
-1.220107188869495526e-02
1.210378406993448119e-01
6.473945657175225743e-02
1.758007018902030538e-01
-6.227305162941382255e-02
-1.970990115452601887e-02
-1.093261904740986008e-03
1.155019111942298671e-02
-7.672290096249159697e-02
9.146760432839555477e-02
-4.974241580341742103e-02
-2.113689058372579879e-02
-9.205683198014513735e-02
3.345049942914504748e-02
2.187016233732312978e-02
4.138153244652870849e-02
-4.081312273056589973e-02
3.034102044345468596e-02
-5.459379553157447246e-02
-4.363923758260470492e-02
4.317003333756426475e-02
-4.914089756265525855e-02
-1.344200502024960886e-01
-2.230661836799129744e-02
2.060619335913057432e-02
-3.277800003424834879e-02
-4.934030936679744545e-02
4.402060615242169711e-02
8.838775086670944831e-03
-5.044714296429173017e-02
3.655113079212602561e-02
6.561236863308858580e-02
-3.685699431022406575e-02
-4.447723956700627701e-02
1.100111806304673694e-02
-6.452635297138106796e-02
9.936697006268817300e-02
3.816772357495307882e-02
8.415050024426232178e-03
-6.893218883920919360e-02
-2.448545555502891838e-02
-9.297402218952026398e-02
5.166407141450455459e-02
-3.741839799010478890e-02
-2.457477250645257599e-03
2.849779240199504932e-02
1.231864518449997115e-01
9.451783226607739577e-03
-3.809894431787291813e-02
1.459284853468698351e-01
4.229127624041087441e-02
-1.811132389305291149e-02
-9.877666147965734333e-02
4.009854708468476789e-03
-1.241447574775537133e-01
-7.838801554949859085e-02
5.269648089156111354e-02
-7.362523215191103809e-02
2.596048637450587906e-02
-2.657873903288127115e-02
2.137505577602491144e-02
-1.910205746404402063e-02
1.286600476462300240e-02
-7.305998516080813854e-02
6.148144962112161993e-02
7.974446420397472701e-02
6.953558870109055601e-02
-3.154381671802763965e-02
-4.198445189450730058e-02
-1.593568946536709843e-02
6.306485381016552205e-02
-1.506025122759203083e-01
-1.888951434655940231e-02
-5.269556009824746812e-02
6.687113312733444781e-02
-7.070571683027502066e-03
-3.891092388254102641e-02
-1.288781555580884031e-01
2.998743581101465452e-03
-9.344734998722616093e-02
2.511059414601070003e-02
-2.728738957396154713e-02
-2.155621185186177083e-02
-1.121058653155361379e-01
-9.335242820693683257e-04
3.641389255390089369e-02
-1.568219106267118926e-02
4.093106434369636615e-02
6.410855301393721117e-02
7.675572924584766685e-03
-7.662910014797540137e-02
-4.101593746651938793e-02
3.441961437451142303e-02
-2.037415344409180054e-02
-1.233074360795144084e-02
6.577554922206339805e-02
-1.040626556518552542e-01
6.914469192220190630e-02
1.214045966796191769e-02
4.844161509267902455e-02
4.944003528611448650e-02
2.347642622124058304e-02
-3.265293228156009725e-02
3.066129637863587373e-02
-5.008314936395830705e-04
-4.439408792733486736e-02
-6.991591637411820326e-02
-5.679713382765345930e-02
-1.806972805597125212e-02
4.379557227346501935e-02
-1.737204696567093420e-02
-5.636532179804541742e-02
5.400652956992786809e-03
6.947938027446624865e-02
-1.916547209920989314e-02
1.437754704071061811e-02
-1.336895808633315960e-02
1.349352941132188344e-01
-3.768799025854355222e-02
-7.654943150909908345e-02
8.716549782907423438e-03
1.319612117791263139e-01
-7.082966361719013337e-02
-6.311509709749707486e-02
-5.475945825904694059e-02
-4.298919753766258095e-02
-5.211586065556951530e-02
2.092562856998191230e-03
8.176924866619019946e-03
1.689483582225096564e-02
-4.253928991771680629e-02
8.808308838336834784e-03
-1.124688980880640156e-02
7.172491492500535082e-02
1.931592171976125732e-02
3.642438159077807103e-02
-8.164490153435609299e-02
1.625409979322585963e-01
-5.054206474458105419e-02
-1.263734376070038967e-01
-1.101762828750532802e-01
1.679086624679277176e-02
1.522311554408085563e-03
-5.003178511085362712e-02
3.425158961201699159e-02
-1.410843918962381704e-01
1.088605893333289588e-02
1.699158317537081964e-01
-5.644230812596460339e-02
1.463665027227220063e-02
-3.521710145311258283e-02
8.347631940070592005e-02
-1.641084683935272182e-01
7.788270019276647034e-03
-3.203700162371476978e-02
7.152838560427980663e-02
2.188053127072462148e-02
6.738925952147381548e-02
-5.488280452858360081e-02
2.125347102413175510e-02
-5.282627271429329169e-02
-2.653089781506357686e-02
9.367578679799415386e-02
-1.166014585141987858e-01
-6.616172193090812115e-02
-4.374056488159765166e-02
-1.936944783542841539e-02
6.086083492772426974e-03
-4.009714587746834868e-02
9.760809469565688914e-03
-3.872644494387666309e-02
7.647817011352127381e-02
8.617424380968845277e-03
7.056431500489253328e-02
3.065096747972628072e-02
1.952466156051559792e-02
-7.293063371748684243e-02
9.506634483956706572e-02
1.002710689932127669e-01
3.491872438499941250e-02
1.014742255782128018e-02
1.180410187738544225e-01
9.891057685505497132e-02
3.622212733771115745e-02
2.956403102470512440e-02
1.369345365696036099e-01
-1.226276504070923298e-02
-3.518046989302623523e-02
2.366799126497083280e-02
-3.317201950350500556e-02
-6.794894171820294211e-03
1.311872649817609759e-01
1.284983082989635088e-02
-2.549396444042258472e-03
-6.272824380229009844e-02
-4.323572993876830667e-02
6.208012541295906267e-02
-6.349914797827120594e-02
-6.192094827317400768e-03
4.211228202713648947e-04
6.143184688566043217e-02
5.656509391261468900e-02
4.370985842631214952e-02
6.104559410783192558e-02
-2.537093844682111049e-02
-5.620670514114693012e-02
1.405811182985928142e-03
-4.048824282881647446e-02
1.064362206074830480e-01
3.789496858165439935e-02
-9.791844207684745338e-02
1.769184248694935166e-02
2.707684818107181091e-02
4.608210224370731800e-02
7.484043911897227119e-02
-4.871296887876128828e-02
-2.213230819026893240e-02
3.402283252531383001e-02
-6.488986615781172640e-02
-1.389593210318190719e-02
-2.137481556907352628e-02
-3.553253321477415488e-02
4.776915573227422411e-04
-5.038573005372073976e-02
-1.003068598289692526e-01
-5.289689355800074322e-02
-8.621507899142405451e-02
-1.034494473394589747e-01
7.317404342822453334e-02
2.235810272457167472e-02
2.801421577436335672e-02
3.687837272889740725e-02
2.689929520950574277e-02
9.911907648885794064e-02
-1.934278486382457959e-02
9.262500148915657483e-03
4.572511467945598179e-02
-5.857806819972035534e-02
8.401246131619923008e-02
-4.068665377066122205e-03
2.453661963567411314e-02
-7.082902306531978047e-03
5.188390080951453542e-02
-3.068223441789834707e-02
