1.223726847475176682e-01
1.102593166577836153e-01
-1.116632537766958227e-01
4.889399261556617166e-02
-1.214407955278029305e-01
2.069379839086812195e-02
8.945146981877339157e-03
2.235357167554458957e-01
-1.167076043592146090e-01
1.515554002135565681e-01
-1.445949056913530539e-01
-1.091240687263880099e-01
7.990065262670245638e-02
-1.224482355244376451e-02
-4.590471706202998298e-02
7.331708136392238451e-02
-3.563779262543401161e-02
-3.396946390143998351e-02
-5.980956308670314775e-02
5.939638123262020591e-02
-2.138206163491258860e-02
-2.601738348923075123e-02
-3.892035109453769598e-02
7.842329546501857970e-03
-9.689351025849653187e-02
-1.193988660450913120e-01
-6.705673163720055844e-04
-7.795912044792845108e-02
-6.936763922053361398e-02
-5.368995015618456546e-02
-2.551900838335324079e-02
-7.248623950263122229e-02
8.562662145185400342e-04
-8.785876409997556147e-02
-1.027168427999847478e-01
1.832991136693199255e-02
1.200845651853301582e-02
-8.719975330779781639e-03
-8.750278704065420077e-02
3.098690557759170572e-02
-1.892835874950418718e-02
-7.108295243820493547e-02
6.318984641352454190e-02
1.401291036013094515e-01
-2.202828802220043250e-02
-1.229800884363404234e-01
3.854050258992756939e-02
-9.766577498777802291e-02
-3.832006189092204002e-02
3.483569761807607610e-04
1.300502615959750995e-02
-2.889188831186268597e-02
1.160189799737890853e-01
-1.300661518167421996e-02
-9.234836540703171559e-02
1.430918352633369361e-01
1.373138981934493227e-02
8.286381765838722602e-02
7.331224206941604205e-02
1.890329553765788401e-02
-1.177142498448109781e-01
-1.023172398618300422e-01
1.945786424242999454e-02
1.578769272902317763e-02
-1.399852609892290010e-02
8.564052539502522987e-02
-1.680690593468079849e-02
7.769353707628909311e-02
-1.665569603842651306e-02
-6.342433551225372390e-02
2.020679923849433290e-02
3.900316081321719697e-02
2.801344801654640990e-02
1.441781124234593932e-02
3.539142197526760902e-02
3.888864288127968916e-02
1.066161946338190086e-01
8.515099825298393793e-03
-4.136051117815594397e-02
1.286902753831392077e-01
1.402680346906073350e-01
6.898919916730966717e-02
-1.052438573857504833e-01
-1.214742372196900809e-02
-3.586437272791774544e-02
1.929610901784844720e-02
1.438447789287311714e-02
-5.929927031525030617e-02
3.597686826812125649e-02
-5.199912232414983376e-02
7.446746111918485511e-02
5.619811316185841649e-02
1.904020423522177416e-02
4.276007848635719061e-02
-1.035648749910148686e-02
5.709175750931777191e-03
-1.680076653120259750e-02
-1.257032027920275130e-01
1.515984843803182790e-02
4.005834370042946069e-02
1.916505081065789920e-03
5.099135730027214847e-02
-8.741773824541207438e-02
-3.265815954677241117e-02
7.840931929357114472e-02
-2.103280180527914919e-02
-6.521458556649721572e-02
-5.666254097791529470e-02
3.674068228908571043e-02
-8.197259295818104530e-03
-5.130013318108756675e-04
4.464046942931591128e-02
-5.877034264853421043e-03
-1.014322267933782939e-01
-2.129488210552213379e-02
6.808435943703712578e-02
-9.408671944481533309e-03
-6.160674705546318949e-03
-2.069816820157907578e-02
1.419614266264476732e-01
-2.090235753843643074e-02
-7.223116534518099832e-03
2.901947956179495164e-02
4.359713197940276452e-02
-4.436271559313446217e-02
-7.046507564933114642e-02
-4.283924067708787947e-02
9.635555405725365619e-02
3.517282309730553752e-02
-3.720305159927048133e-02
-5.231602388603934228e-02
6.950454791809749719e-03
2.345486870570576143e-02
2.751417005721621886e-02
6.680490775217998167e-02
2.353460872264616366e-02
-5.763809219060147399e-02
8.936985186665141398e-03
8.037382006418122143e-03
1.932225565383795945e-02
-5.074787578115430575e-02
4.211450215355527077e-02
-5.738464316936608446e-03
9.959827863202525000e-02
-1.409475221990917904e-01
1.552257884117920180e-03
-3.022013019730247427e-02
1.199513401298532012e-01
-6.500411236960923489e-02
9.885631366461557212e-02
7.377034991130417300e-04
-1.065615178287248888e-01
5.380677939296091977e-02
8.808628317005007258e-02
-3.262031193003619989e-02
3.317130533513571594e-02
-2.211738160091056282e-03
3.701193558040789117e-02
-1.135468588779460775e-01
1.302358882658454300e-02
3.511764069427793927e-02
3.692078349582565006e-02
-7.361144770363307888e-03
-4.613415018142417307e-02
-9.618126722674896767e-02
1.837880990992896146e-02
1.746743352065904115e-02
-1.126338573524613383e-02
6.136662415118931263e-02
-1.117894365752419156e-01
-1.609820208846773210e-02
-4.878749202228842979e-02
4.143999839612959313e-02
-5.539186502861816880e-02
-3.975491271205388449e-02
2.619275374387866617e-02
-3.723681831840058853e-02
4.479442400006633518e-02
4.336452081585515789e-02
-1.488772840739508579e-02
3.424176450276726624e-02
7.672231956017575710e-03
-1.233677737089197701e-01
1.394572000618274910e-01
-1.204153706903908798e-03
1.884247932908558396e-02
3.399434654259575472e-02
1.217049343339180051e-01
4.661479324549111514e-02
-4.341569454955286969e-03
7.286504069723621912e-02
1.552631665447328502e-01
3.817365517503599343e-02
-3.854982003755919734e-02
-4.769146404487707713e-02
1.403388184012971905e-02
-9.817223966059152040e-02
8.766963435870885057e-02
2.624627489655333851e-02
3.501374031894391014e-03
-3.545357440694987122e-02
-6.483354529532955879e-03
4.862978158117486904e-02
-5.423227616813838109e-02
9.759849434848455463e-02
2.120362167852557489e-02
7.968729029876589834e-03
4.353768810807853717e-02
4.595957443781460705e-03
9.064937577978477920e-03
-4.055437138733001060e-03
-4.609229389535807880e-02
-2.858946851935411509e-02
-2.274009768429070821e-02
5.712122664601313599e-02
3.335563189603418105e-02
-4.326596533296097474e-02
2.923114452524046628e-02
-2.887047262796519839e-02
7.767464938205909629e-03
5.638384817414306832e-02
-4.024989308894933587e-02
-4.523519705566307614e-02
1.763807282321492795e-02
-1.077862565943498406e-03
8.355316432657490522e-02
-3.377650606153392854e-02
-1.932099165900421148e-02
-3.982811606999690779e-02
1.160473656863412334e-02
-2.851630127554919888e-02
-7.423813634220499669e-02
-6.259269913992419887e-02
-5.261237650334592286e-02
1.627591976209260410e-02
-5.703549168214696458e-02
1.750733964326734587e-02
1.387512408901105457e-02
1.864428493915400858e-02
7.405655445580267005e-02
-2.778329261439007464e-02
3.373566097133483700e-03
8.340032929410580442e-02
-8.284326871380430501e-02
9.002817649020512791e-02
1.022286518810534318e-02
-8.699112193195329690e-02
-2.223962795840298337e-02
-6.811162561130795420e-03
-4.096823941003698705e-02
