1.004590008254356015e-01
1.343443138922167934e-01
-1.742601897046916759e-01
6.118606429170849262e-05
-1.360264824106835191e-01
-8.572634533888413844e-02
-1.611289057542730080e-02
1.918870057988482924e-01
3.499237740586137735e-02
2.202349426931002607e-01
-8.617855443187279196e-02
-4.544152278830839581e-02
3.915568192089945859e-02
-6.508004553230017919e-02
-2.346586421736952550e-03
6.087908805462104167e-02
-6.095988503695496524e-02
-7.192205203538630520e-02
2.528288114370748352e-02
1.440323315298482620e-01
9.845084281791285918e-02
1.075369360111019627e-02
5.411010887491116139e-02
-1.794096432412810999e-02
-1.081873834699002002e-01
-3.749039746901383641e-02
2.523263983938981228e-02
-3.613814062321154402e-02
-1.041350580739162646e-01
-7.127578823910372952e-02
-5.698350058645638982e-02
3.415250715584015103e-03
1.884164709714500688e-02
-9.510439840905982045e-02
-3.179318297590816300e-02
-1.571383640886544336e-02
4.402535302675329026e-02
-8.943191234975213233e-02
-8.152822677505493221e-02
6.950303595634677034e-02
-3.556639831548939062e-02
-4.599948142220659092e-02
1.069823018947385490e-01
7.661559842015623623e-02
-3.242491601577468519e-02
-7.146207328343996690e-02
5.153883736360483775e-02
-9.952327987884995730e-02
1.865577294823441909e-02
-2.381994401188790300e-02
-3.768594633749190737e-02
-5.303812006352931485e-02
4.576900644254856820e-02
7.281152856952192998e-02
-8.475887338213490552e-02
1.102476504882208275e-01
1.501550095591459508e-02
5.795844336912647082e-02
-6.690834340577860029e-02
-5.213090031783168543e-02
-1.473267789902922287e-01
-6.512076153356877173e-02
-6.106033029146070573e-02
1.589440627137223352e-02
-3.003055366227394204e-02
1.442724812290737714e-02
-8.314827537598984408e-02
8.278653798490261118e-02
6.196153602229205991e-03
-6.837311088994879604e-02
-1.931761341656194897e-02
3.026274693189376017e-02
9.561910096087632496e-03
-6.559306714828450069e-02
-2.645804206105617160e-02
-1.176797028225351829e-02
7.186258426105637809e-02
1.203411845568356890e-02
-4.112230213630230918e-02
1.263560959222252422e-01
1.317016959933664001e-02
-5.857093903224682568e-02
-2.827849556731771782e-02
-3.805612576186970936e-02
-1.759704485286207529e-02
-4.018008157116552403e-02
3.827860695779242151e-02
-7.926613539448272572e-02
6.643207825332482497e-02
-5.067330482654550800e-02
5.181626648417535924e-02
1.286659258804316412e-02
1.159520743283401212e-01
6.732073299660916617e-03
1.671940957781098414e-02
3.454831151312644233e-02
1.019058009732661495e-02
-5.028586779429056186e-02
1.437887452506991445e-02
2.370642481202068705e-03
3.373813779614056457e-02
1.248496038752871379e-01
-8.674700957618979025e-02
2.263062587941921944e-02
1.354348677060119091e-02
1.275352163773119628e-02
-3.272008834790721826e-02
-1.379734543539145632e-02
-5.327696236821868880e-02
1.543674347546135882e-02
1.759633512439959593e-02
1.411410845443522057e-02
-3.272165722135059185e-02
-7.301182141245975143e-02
8.042956711513567225e-02
2.275367038233551062e-02
-1.672773954871272645e-02
-7.949773099802887044e-02
-3.101098750199584100e-02
9.734011777413144328e-02
2.305911510010920026e-02
1.383634314669825692e-03
4.120216526539612761e-02
7.285235663317933541e-02
4.088342247748333325e-02
-7.773842620192941699e-02
-1.170215230589088766e-02
9.179123652968412816e-02
4.250899948959967721e-04
-6.068185825031077035e-02
-3.562142094839640394e-02
-2.446994322113089579e-02
2.375849646868896659e-02
3.293084034713421315e-02
-7.785235629722228948e-03
-6.585234216186737488e-03
-9.660143986120803272e-02
5.401672355090061939e-02
3.763544355426700488e-02
-2.578704983097560716e-02
-1.807325770953440713e-01
6.708435606447367416e-02
-1.309026911611321960e-02
2.672676766942891358e-02
-2.818914448930442962e-02
-4.624549571977996931e-02
-4.561193232756283189e-02
1.088419025288253073e-01
-5.608868241178735503e-02
6.559867026772513154e-02
1.208170761679934133e-02
-1.885570719152803443e-01
3.183038768899396076e-02
1.488898998977103150e-01
2.500724502135795793e-02
-6.641377472981876279e-03
-3.986645629900850696e-02
4.135509307199578682e-02
-8.455604045838399641e-02
8.589585837902806442e-02
1.270055348195241532e-02
9.404873335231501985e-02
1.934271539165597839e-02
-3.334838480785015657e-02
-4.594666268294622657e-02
9.491310791135661520e-03
-6.421959315686701260e-03
-5.453292026790129698e-02
4.767698067447279781e-02
-5.211468862558345239e-02
-8.613260885245961618e-02
9.308649097371037018e-03
-5.572003450672333505e-03
-5.473018742634117029e-02
-3.904619696702949644e-02
1.002528807382795269e-02
-5.016625987129785802e-02
2.194779239025411877e-03
2.120967478927477832e-04
-1.676453336637287927e-04
-6.094102120150483859e-03
3.047488103391611178e-02
-1.168461080662874657e-01
9.028930168655774358e-02
5.341644268816084229e-02
3.816392977990747809e-02
8.099705105208296341e-02
9.070497844079347671e-02
9.066538306341301312e-02
6.133409870733001756e-02
5.621755415892190633e-02
7.805403124295545725e-02
-9.802508044868398634e-03
8.752969065378694846e-03
-4.602432191839339604e-02
-1.495438959988209561e-02
-1.028450332080346058e-01
4.284798821575795669e-02
1.930267176472025975e-02
3.334009219107802319e-02
5.955316587018973790e-02
-1.696396706432979837e-02
9.631911734965937014e-03
-8.300924330560295605e-02
7.370223778993449659e-02
6.448245416689189768e-02
6.354695734508386540e-02
7.438428684237791133e-02
4.682377500018285871e-02
-5.101079938751961265e-03
-6.098405315880889299e-02
-4.011594453063507815e-02
1.416397621745685113e-02
-1.483818090268337539e-03
7.430472254632093654e-02
1.494097946735418146e-02
-3.196355516103299710e-02
8.431424717745590255e-03
-2.845574091228973007e-02
2.447958058656878044e-02
4.099272066070527160e-02
-7.588151506517416822e-02
-7.619349675562858693e-02
2.754078886176402133e-02
-2.107224894646086283e-02
3.105480389602159261e-02
2.412109300475710760e-02
-7.665739769118336266e-02
-5.749816578414330276e-02
-2.474748440409023365e-02
-3.223302785199782389e-02
-9.202141267630531418e-02
-5.890619234544468286e-02
-5.251038092048093686e-02
4.986242138109715089e-02
-5.940449643436494787e-02
-1.855816660757859948e-02
6.644152884811470317e-02
-3.154201380844939839e-02
2.741516692390503704e-02
-5.782430468971772736e-02
2.953591027805489667e-04
8.038817873953420234e-02
-5.052104939427871921e-02
1.283217075761287629e-01
1.915067781136069874e-02
-6.499540107461701521e-02
-2.315709498206106054e-02
3.504754945528680554e-02
1.782591360494711896e-02
