2.530582832031819107e-01
1.457887614295979850e-01
-2.763560366775974150e-02
5.878489339835230032e-02
7.557165657488609800e-02
-6.256129760574727361e-02
2.710728799054635402e-02
7.079679852903299209e-02
5.714045057667858224e-02
2.682965253419736414e-03
-6.268393178520419076e-04
-9.942724812728380435e-02
-3.016211060453147935e-02
3.393105615603302788e-02
-5.752105017577951313e-02
-1.775132349495528450e-02
-8.350315656052516300e-02
-2.165251275001829276e-02
-7.582268370997809204e-02
-2.264162418832711132e-01
1.945848493983697025e-01
2.627177976479238078e-02
4.905412277126123405e-02
1.046380732829629290e-01
3.983033259638610324e-02
9.665377295188299538e-04
7.315442761980862907e-02
-1.661033994608734909e-01
-1.341528072473683886e-01
-1.591427389411754698e-02
-8.826920298499717210e-02
-2.584240402529075845e-02
-8.337622064464597638e-02
7.670405399662089119e-02
5.409711082362704537e-02
-4.394015606792829121e-04
-4.893558217969001117e-02
8.086154348303543904e-03
1.346262410937753284e-01
6.060320963089959462e-02
-1.311210197380959508e-01
-1.563093863700907860e-01
-1.880580398117093904e-02
6.677658300248012768e-02
1.394264238782432774e-01
-5.414765622658849337e-02
1.823370772843431464e-02
-1.403006824232202743e-01
3.321394975615923895e-02
-1.574438305857684406e-01
2.174472255171460908e-02
7.078136084590475052e-02
-3.808944761943934033e-03
2.619063652695652767e-03
-1.177998603124495169e-01
-6.058301922285322209e-03
5.744344546306520173e-03
1.056645577910111794e-01
-9.207332563917744461e-02
-1.516979943082832072e-01
6.784178313832865681e-02
8.618556675118071997e-02
9.669994723557667760e-02
-4.591062888070131937e-02
1.761977361984902804e-02
4.802319776109967991e-02
-2.577444352810374928e-02
-2.149081602853351869e-02
9.369754336138204354e-02
-1.191372840426964570e-02
1.345024967887900880e-01
2.151142273365301560e-02
-1.350530149765699281e-02
2.602411769770810249e-03
-4.619228854209048163e-02
1.429724770385112365e-01
3.138390782271904128e-02
6.486775684795177341e-03
-1.131166223141058386e-01
4.828931566509232082e-02
3.512676542430500509e-02
-1.265200351031164350e-01
-3.702584328903778255e-02
-1.072367730704984062e-01
9.421080296111754987e-03
1.764506366704113316e-02
-3.712443631252194953e-02
-6.061691274288982800e-02
7.388440453752640955e-03
-3.808965576797589819e-02
-3.610322490073322732e-02
2.022163032685567532e-02
-6.997547909518790632e-02
3.826914918933659732e-02
2.764354800357180300e-02
5.334361312127792500e-03
-3.536748920683725761e-02
1.848900190852580810e-02
3.138956252462893337e-02
5.065475032598896338e-02
-3.891340360141420235e-02
7.849753117047195139e-02
5.491548148653753111e-03
9.754568943104488521e-03
8.412663081036945989e-02
-2.964583285101584156e-02
9.492374639026014693e-02
1.283093493062362755e-01
-1.375355331892818590e-02
9.811879173504154533e-03
-3.366740134305635374e-02
-4.525981778972205938e-02
1.950657072092473049e-02
-7.815585534770784493e-02
-2.175419331012811222e-02
-1.106784744311040472e-02
-1.387948318354730905e-02
-9.775834785256421258e-03
2.117713618393679553e-02
7.902997512699380667e-02
5.052528193624831153e-03
2.109262787809322234e-02
-3.840604154354790301e-02
1.321843118456926813e-01
-6.771297388562043384e-02
-3.724759086332026653e-02
7.921127250233802458e-03
4.024791325214929077e-02
4.544441085022848936e-02
-2.870375257454287066e-02
-2.732299925726858550e-02
-4.355022447610489705e-02
-3.110859669169498132e-02
4.012618104968414083e-03
2.322066913304257976e-02
-2.370898559981358608e-02
-4.525426716208044708e-02
-4.438493479913538375e-02
2.960739475459766169e-03
5.037021127651072211e-02
-2.357556238787828981e-02
6.007690605620628899e-02
-1.350148544115338176e-02
1.054522115922966984e-02
-8.472804131533835659e-02
-4.623482022639435751e-02
-3.705512284984729954e-02
2.611608465944510044e-02
1.122649131939229029e-02
1.046747768082431120e-02
-4.541742092332114178e-02
-8.476745077159382469e-02
3.073972279348695727e-02
1.158599159517053612e-01
-2.945142211786830333e-02
5.125040205477968819e-02
1.816945921348263326e-02
5.974522136319708465e-02
-6.927835495482391470e-02
2.922284033330208031e-02
-9.535978288293169361e-03
-1.877003712430528812e-02
-3.719312532958692769e-02
1.548534914311181301e-02
-5.708751146554669198e-03
-8.848949351952373546e-03
1.905565160788909654e-03
4.438798764433827398e-02
3.077819558132789332e-02
1.831623862318056822e-02
-1.210147491510497053e-01
-3.134127206414689254e-02
-2.568570286868343891e-02
-5.394412164925505015e-03
-6.952317232524186930e-02
6.351149567514610683e-02
-1.663016609419474059e-02
8.953047904228571274e-02
3.594069558510220447e-02
-2.146438116439033233e-02
-8.263885445388029216e-02
-2.091958706136589838e-02
-1.048736627349266815e-01
3.540977805118181165e-02
-3.375648891670426487e-03
3.851858051898163215e-02
2.917964951196576687e-02
4.748426650852170111e-02
-6.417188159880715670e-02
7.796425461980388549e-02
1.012281839570282858e-02
3.653825534214473481e-02
-4.659797003984696151e-02
-4.553016804729143052e-02
1.840123260894278162e-02
-5.360039903254809612e-02
-8.232160139273929367e-02
6.372151754853568051e-02
1.893978225587040088e-03
9.650688946791678713e-02
-6.222257055391777064e-02
-5.428732389462060520e-02
2.416413706642595027e-02
-1.833049679793496631e-02
2.870808900238788416e-02
-4.337302068864636040e-02
4.465771345629796635e-02
2.766984410202394731e-02
-4.221037234626474899e-02
4.565072074138274566e-02
-2.625231787662396857e-02
-5.989265990992745023e-03
6.989218498914093192e-02
-5.600017820197722429e-02
7.684465833306754201e-02
-2.446789516411328538e-02
1.518384598790388160e-02
-8.055435093449485329e-02
1.366460451097132114e-02
-2.682150004984874131e-02
2.473685776477225345e-02
5.890603584663053546e-03
1.234577538332379092e-02
-3.701331968542138830e-03
-2.253589513918119284e-03
9.880013127804969722e-03
4.096467273779547981e-03
-3.727777240112154639e-02
3.520690261088080947e-02
-3.619879977043726632e-02
-3.084900077518123659e-03
-1.165819485336110906e-01
-5.809397902266238284e-02
1.363605347003976620e-02
4.553856337159937345e-02
-5.834264714100668818e-03
4.939507007414738887e-02
-2.823389194468023042e-02
2.210974570199625983e-02
3.131053546358145145e-02
2.068989515127135290e-02
7.741661582011311049e-02
-1.737627452349596591e-02
-4.288380224488358948e-03
-6.350473084770788187e-03
3.919024115503971090e-02
-2.473061330867543789e-02
-4.815922282974199192e-02
2.758974160687090778e-03
-1.722769115981450522e-02
