2.902271804874808070e-01
1.349361419529003514e-01
-7.154116350042823147e-02
1.004744652164728767e-02
6.844189104014633540e-02
-3.595803840942483898e-02
2.709774059209615893e-02
1.151796912923985436e-02
4.089843479881882099e-02
6.122673524693575398e-02
-1.238135598983645252e-03
5.478398647129131133e-02
1.754764176808022158e-01
5.202029270120318155e-02
-1.235104034749525889e-02
-2.762150009365212447e-02
-6.333388634369335746e-02
-2.920044802792426397e-02
5.440357617972001875e-02
-1.898983356854676841e-01
1.226054766136669694e-01
1.981010375172454971e-02
-4.992308223852488791e-02
-8.270179645892324766e-03
8.675079446586140067e-03
4.947937446571352288e-02
1.548692199063476937e-01
-2.250985817843833559e-01
-1.518952586842774455e-01
1.848720943501173247e-02
-1.112897763467361606e-01
-6.723166821500126122e-02
-1.236039178505132091e-01
-1.521838662326461394e-02
-3.960532946833703050e-02
-8.006785758797625718e-02
-3.739719206245589039e-02
-4.453818809215431135e-02
-2.811073070398560983e-02
1.334182532114001063e-01
-5.629565408749027250e-02
-1.550434443307906196e-01
-1.314546817366753738e-02
-5.540126034840788492e-03
7.015530086254417874e-02
-8.016683602067979642e-02
5.018311869291730565e-02
-5.149709277176426269e-04
-3.222707486101069555e-03
-1.208611915768108974e-01
6.540012284389275232e-02
2.988855715185761638e-02
3.922590665697229390e-02
7.715255269017529116e-02
-4.371012010694543676e-02
9.863100425087195644e-02
2.465520830118611215e-02
5.861629840490472504e-02
8.794235391510260916e-03
-1.307177252585245142e-01
-1.120375292751453478e-02
4.628313144914809191e-02
1.476404039702798043e-01
-1.137878379412613911e-01
-1.169989589929389118e-02
-6.807359383910877287e-04
-2.219944377550825063e-02
-1.434976611757328262e-02
1.394345092858340907e-01
-6.980395540505243690e-02
1.084075191198478477e-01
7.286089788048006124e-03
8.968690228001376108e-03
2.367816246881520800e-02
-3.330086083761695653e-02
1.124343975701591891e-01
2.600134131875982482e-02
-1.705177529075870002e-02
-4.186185340433928870e-02
-3.078397128715343323e-02
1.089389151350011603e-01
-9.808914094552916019e-02
1.566752553721202298e-02
-5.827117407271428795e-02
-2.378283537070987816e-02
2.214654775244386670e-02
1.557466948178911140e-02
-3.809754594095050850e-02
-3.797167513062182920e-02
-5.303097869261068180e-04
-1.339515583549527600e-01
9.875226682023671709e-02
1.009823592027102312e-02
-3.479376632989140267e-02
4.722225804158733387e-02
8.345076727958719576e-02
2.533890668019685849e-02
-6.990820039885760340e-02
-3.983955977333151870e-03
3.235794890438591781e-02
-1.859336355721622966e-02
8.089971091397690772e-02
-5.159498497624059876e-02
9.654231903397690606e-02
7.769517306367641762e-02
2.977904559695083650e-02
1.929575822813772365e-02
7.250224506945983360e-02
-8.507566595947094190e-02
-1.631745209315864364e-02
1.575343631518217810e-02
-1.113049177099033060e-01
6.041887768995434643e-02
-5.835349700593396322e-04
-2.591299475628017213e-02
4.203413578437598108e-02
1.030580425968856406e-02
1.771022709248856741e-02
7.472157391768191603e-02
5.613637353017319337e-02
7.743266790876761341e-02
-2.056608568185501473e-02
2.955445968197368753e-02
3.510952958394032014e-03
1.512454308763514811e-02
-4.309133209351214029e-03
-1.941310379268316316e-02
9.568633827492946387e-02
5.479198506096439290e-03
-2.685202260069876473e-02
-6.675221365871267243e-02
-2.173174023367763219e-02
4.839446287878009650e-02
7.444119537103449299e-03
-4.814591411079058303e-02
1.694282330796896552e-02
-7.288739526602257268e-02
-2.555562566952846587e-02
-1.546087884598726543e-02
1.320438782599189613e-02
-1.292818961221888462e-02
-1.651725225495129928e-02
-5.505639934427253301e-02
-1.176783453750477118e-02
-9.614038167390275003e-02
-1.121745915278149625e-01
1.795564883982398927e-02
4.205431329659655576e-02
-1.002045539600149304e-02
1.382933113271271304e-03
-6.925099940538937196e-03
-1.211930507582266309e-01
2.186705793798234335e-02
8.619523810165440059e-02
2.566201020378116107e-02
6.181046771303640164e-02
3.344483545173245614e-02
6.682653800225925311e-02
-7.948626466232312782e-02
4.055693122738573964e-02
1.040010861941442245e-02
-1.294352847142734957e-02
-6.218557852749918846e-03
9.035443889964390584e-04
8.573039825242280074e-03
-3.563095204900744439e-02
-5.184817490120091632e-02
9.778486537788315391e-02
4.025064778331972903e-02
5.021853631632569592e-02
-5.257390702100395163e-02
3.983518194441579979e-02
-2.575480042719030527e-02
-4.404165012829232978e-02
-7.872488450706351115e-02
-7.176644065154995367e-03
-2.681413627677399492e-02
6.769064901500732034e-02
3.701187728585872416e-02
5.237071651050213134e-02
-3.747138474197494323e-02
5.176476573975402617e-02
-3.002874642518132617e-02
2.202568017516172080e-02
-1.212889021702760880e-03
7.540250735211430355e-02
9.107069120946403862e-02
2.831964859968544301e-02
2.411081046331317590e-02
1.944355109905189505e-02
5.719643353190836249e-02
5.785162664895659307e-02
-3.524372814401093706e-02
-2.720452011843147236e-02
-2.860680784375119537e-02
-2.980712295082384167e-02
-8.187027229299144448e-02
9.434543890245047915e-02
4.376884226322848986e-02
2.847366259590089922e-03
1.402978961464306862e-03
-7.957540120896802738e-02
-3.047656869885333186e-02
-3.253783488201308222e-02
-4.455313195928014940e-03
-5.074222998586788713e-02
1.035589583896633359e-01
1.841018597890056036e-02
-2.137407490286396400e-02
6.882404588008253499e-02
-6.700178282291560650e-02
-2.186893415037479901e-02
5.833927729095959164e-02
-2.735323463753842888e-02
5.526087357904287123e-02
-8.724387624900043067e-04
-4.243646813653275535e-02
-2.729879156215044705e-02
-7.963172049674846834e-03
-5.861705547306308994e-02
6.989885225290223825e-02
-3.399989807583617130e-02
-2.205876076208126285e-02
4.038642631172083969e-02
-7.989554229193267243e-02
-7.544776686158135084e-03
-1.986721302367022712e-02
-3.626563849376625986e-02
1.088891132165839895e-02
-3.748264201632965642e-02
1.290791335197765538e-02
-1.172928989344229969e-03
-1.041349226781391052e-01
7.185640009836696818e-02
1.940151735825960261e-02
-4.943194249979207186e-03
-1.034224227931038881e-02
-2.712206552118425970e-02
1.763804228938950502e-02
4.085179281706260990e-02
3.815942803389452825e-02
5.815846966513964905e-02
-9.249397934717646513e-03
-4.371245714343428352e-05
1.089677824730394054e-02
-4.067760130862657642e-03
-1.765097828009535436e-02
-4.189407817507981302e-02
-2.707753016386869882e-02
-2.880858296595695603e-02
