2.645591532913069699e-01
1.602154766870847180e-01
8.202713714475917683e-02
7.193271780767773738e-02
1.335242578009512293e-01
-1.158411869677494210e-01
-1.216023267165537020e-01
2.089276459767408847e-02
-1.172307032220102317e-02
5.393028598335865287e-02
-1.363941319129091390e-01
-1.092893328230291894e-01
-9.285906549104142038e-02
-3.613568971137727515e-02
-6.483626439023234579e-03
-1.547855356454262352e-02
-1.747414157883974209e-03
2.784217942825433292e-02
7.177779813269577480e-02
-2.286478333334594215e-01
1.159479837536588898e-01
4.693059302736379834e-02
-1.153035359196497196e-02
7.215235890833734955e-02
2.969047151403353228e-03
3.252418912377387505e-02
7.122306603239186851e-02
-2.319774804758402975e-01
-1.479530504283342041e-01
3.058698549695437925e-03
-1.741899326264600145e-01
-6.740446974970255856e-02
-1.766118070886102676e-01
-3.680423115762929825e-02
6.397671110219403656e-02
3.337853124334311944e-02
-3.766166137703206435e-02
1.587891284087677643e-02
7.444546604097085352e-02
1.539241809658183358e-01
-2.832643208339931037e-02
-1.839896314356792295e-01
-9.789382625712823860e-02
5.904189540051105883e-02
8.271005755586106900e-02
-4.118923641811804426e-02
4.629335075963282586e-02
2.821995697455581889e-02
2.629874069791614949e-02
-7.534050030938813092e-02
6.580107041426339065e-02
8.090126741378574071e-02
2.525029863672708513e-02
6.988733418356499194e-02
-8.356867798040801265e-02
9.424404609867174931e-02
1.774898246402365973e-02
2.736033935110430276e-02
1.007807814212903323e-02
-6.821220086240950553e-02
1.731298136877754395e-03
8.437621608687535454e-03
1.764060302694949456e-01
-4.316558814386881743e-02
-6.816124721515630369e-02
-1.996456542375298938e-03
-4.015662086857580554e-02
2.428906322812856081e-02
1.067788684969046276e-01
-6.548087306277454445e-02
7.803589678075174840e-02
-2.814629292644356059e-02
-1.831597046054187980e-02
-1.905209625835891166e-02
-1.942276474150196955e-02
9.309437226481488692e-02
1.851180745831806224e-02
1.956291943915486331e-02
-4.209884265762478539e-03
-8.220682595382253904e-03
1.823294560980924170e-02
-9.140553550064811628e-02
5.957205137297314629e-02
-2.404310894347076386e-02
9.363633378559889711e-03
-3.467492198699913264e-02
-1.723027819511089437e-02
2.143488695699110116e-02
-4.898556262804311390e-02
-2.686685456416534196e-02
-8.975710137597001093e-02
6.150671375097130356e-02
-7.931655751588074024e-03
2.893076678727925233e-02
-2.055011418697897524e-02
3.145660727715826610e-02
-4.387623711805925530e-02
-6.597519421008507523e-02
-1.146907411089341565e-03
4.515139717535976427e-02
3.651497913988892285e-02
5.617430519572171044e-02
-1.001907613468470543e-01
1.217206395414257153e-01
3.611423385107558059e-02
-3.165086805731107816e-02
2.835309911217007844e-02
-1.627274207277128529e-02
-6.622221002906064635e-02
-8.003750015618291136e-02
6.629925168636583918e-03
-4.326604789157825065e-02
3.179925768785337586e-02
-9.673183219164386420e-03
-1.636329416684815033e-02
3.232150040449205397e-02
4.291525905111352214e-03
-1.704450968950027914e-02
-5.577455710581293719e-02
6.254753206569635578e-03
-2.359610649256771095e-02
-5.990183470102856955e-02
7.356037159389272606e-02
6.981228692406894754e-02
-5.192771757672950267e-02
5.978143097522761566e-03
2.126832257222022876e-02
9.836521182963352261e-02
-7.186651666749649045e-03
-1.640350380009720013e-02
-7.343604340788666140e-02
-7.666574548586366222e-02
-7.269547846655893299e-03
-7.353077730382143185e-02
-2.109365192538634887e-02
-4.153378472350251205e-02
-9.591338923263936778e-02
-2.963144377242392033e-02
-4.402205333207361015e-02
1.152581794533447807e-02
-2.272648471236382757e-03
-2.737031134015006917e-02
-4.887468054339552670e-02
1.288146160454629527e-02
-1.054479618040676248e-01
-5.906666453459247235e-02
-1.070010508463855800e-02
7.644504285088628281e-02
7.167026148953452303e-02
-1.426776108814718953e-02
8.041173925475848805e-02
-8.492239157722386578e-02
1.545220821283784483e-02
1.016101292328319694e-01
1.132882291012072499e-03
2.536616671589754946e-03
4.497460345989033603e-02
2.810576161612851620e-02
-3.450134504218962950e-02
8.124510802962502110e-02
1.980501359902075119e-03
-4.898691367172028181e-03
-6.485080419361520521e-02
9.177253686523886150e-03
-3.609097659920432882e-02
-5.291114870288149419e-02
-1.454256980562450459e-02
4.492352114181074468e-02
4.444396497182925149e-02
-1.072027423667628286e-02
-6.494875486020990074e-02
-6.920766271082962051e-02
3.689684198492850647e-02
8.429772688277320861e-03
-9.204335678709787971e-02
3.010019159298806327e-02
1.010821928321252103e-02
8.827330157366680696e-02
-4.153735533893503085e-02
6.882756908965299847e-02
-1.792696638463725858e-02
5.595057879632398673e-03
-5.618865199286497691e-02
1.766328769364328111e-04
1.210895413056552010e-02
3.420102733337911094e-02
5.194286856653773654e-02
2.485756310685694956e-02
3.041263652718649308e-03
3.800698170737492471e-02
6.824990141454381765e-02
7.728635704928282779e-02
1.107765745699385192e-02
-4.414872976066142041e-02
-8.134730483349082719e-03
-2.025944679014822850e-02
-1.084034341832861015e-01
8.574237858614512653e-02
1.619396335930974387e-02
4.855297130969651528e-03
-1.549370455435086606e-02
-5.070145243345983155e-02
-3.240323854696072758e-02
-4.876132154533979746e-02
4.095492684324917448e-02
-1.758016633979084253e-02
8.351154813348775005e-03
-1.742939629896019665e-02
-4.158364466873133714e-02
3.254615966738115540e-02
-3.089347940543194643e-02
-4.555912285650514705e-04
9.866125123346634884e-03
2.471670071965887273e-03
6.934556566902057295e-02
3.690697481250727364e-03
-1.332425008588484887e-02
1.678353308586063436e-02
1.766833802357935940e-02
-4.850568478099563825e-03
1.441081087939401380e-02
-7.508531389293635061e-02
-9.316153843619407598e-03
-1.465882389727416195e-04
-4.412836760238410955e-02
1.232943159159671960e-02
-2.292737204007608623e-02
-5.415903054498585195e-02
3.497449983855786815e-02
-2.811444689691031118e-02
-1.566869687825073881e-02
-5.309582350646773613e-02
-3.411263047564439682e-02
4.793776392098603178e-02
4.309559121430886486e-02
3.161593392794430357e-02
3.463535570788206508e-02
-2.282527173933009482e-02
4.240926102630746680e-02
5.615870385802107512e-03
2.148645179066967920e-02
6.547415001209530572e-02
-2.473503631242043865e-02
3.378651426614129316e-02
-3.254812189748370471e-02
1.125821479413539015e-02
-7.027376484294167724e-02
9.927275933591791710e-04
4.693397063655671206e-03
1.336236881820494944e-02
