-2.310913142404989740e-01
7.543434217274254394e-02
-8.204098856095204395e-02
-6.444748832554877960e-02
1.574117311014500420e-01
7.367603824151398861e-02
2.390282355595415020e-01
1.326301170204146063e-01
1.905712587056542645e-02
5.253016838322759757e-02
-9.425190942852018638e-02
-8.748935705656801787e-02
-1.113368211293514903e-01
6.582972033299687442e-02
2.082627301778320304e-03
-9.508638525902496363e-02
-6.153532024669666756e-02
-4.820841697967249290e-02
-7.105017276945453479e-03
-2.949896909871057779e-02
-6.263840895021680066e-02
1.081306003245862263e-01
-5.465842755229393529e-02
-2.266628336180242023e-02
2.692346202398573571e-02
-5.080866882934712697e-02
3.819474176751246758e-02
-2.905113037679626226e-02
-1.161937825528880086e-01
7.275224489468762323e-02
2.530994282933138328e-02
-1.188328197520625851e-01
-1.349143864349157673e-01
4.367477106366111916e-02
8.245567206474543887e-02
-1.741253669163423182e-02
2.342662912915003878e-02
-1.329364378721104543e-02
-9.244050154206231301e-03
2.380448740325691592e-01
8.252517985954821444e-02
-1.332330971403287156e-01
-9.296695357989856467e-02
-1.841278861274364687e-02
1.831506065325094051e-02
-1.007137363262580881e-01
-6.149319852304618167e-02
6.962289971097423980e-02
-1.038409267683326059e-01
2.118952075342253605e-02
-1.302638631619435113e-02
-4.309740456613181392e-02
-2.817439380705138649e-02
1.001897170612399274e-01
-5.512663205808547399e-04
-2.218431631263993384e-02
7.343349079154969095e-02
3.089322595465955612e-02
1.193806801906981130e-02
-1.470600742370614840e-02
-5.079619218018002758e-02
-1.122591200585896093e-01
-1.611649434974157802e-02
5.015512178871397997e-02
1.467066271004893599e-03
6.185741936781275624e-03
-5.683318743608335027e-02
5.189935039149495832e-02
4.967221638432165604e-02
-3.365219885376634010e-04
7.068098211735956982e-02
3.127454571694761321e-02
-8.542695652307731591e-02
-6.666933974031706567e-02
4.441054582554594676e-02
-2.621093761946243286e-02
7.030060071030135027e-02
1.612712904234640462e-02
-8.154991599067039354e-02
-4.957973626333656014e-02
7.259091730295036404e-02
-3.317315113198557319e-02
2.636746917335829402e-02
-1.101356916812620546e-01
-3.273431366949821480e-02
-1.257794287646525067e-01
9.678814459918144708e-02
-9.201650399376534034e-03
-9.088734986719417333e-03
-7.471809910119726894e-02
2.526802962906531114e-02
-7.906685428303326935e-03
1.049418259763164503e-02
-2.108425119819372709e-02
4.498544479635974841e-02
1.272182401170700861e-01
8.272911572949957770e-02
1.144508398443108872e-02
4.513363541487928204e-02
-1.079877270523691146e-01
2.721563803943922652e-02
2.759966860572459282e-02
-1.142982702347187726e-02
7.056987390736730974e-03
3.849108825065412909e-02
3.428152242791071558e-02
-2.010634603311340501e-02
7.996920447516295272e-02
-4.460318667884186072e-02
1.663053924620554527e-02
4.063133751432395496e-02
-3.337441095183702605e-02
8.488854914453497491e-02
7.070179970190298979e-02
1.030466264432238210e-01
2.814693822810428528e-02
7.989921012579656590e-03
-2.644302414630891884e-02
-1.948028932532475804e-02
-1.653069129897135215e-03
5.492846533510274687e-02
-5.161356909316332925e-02
1.496530625221792303e-02
1.072524040911504856e-01
-2.532374012659973500e-02
6.400812955460039033e-02
-5.383083299347463102e-02
5.829955862914021347e-02
-4.310435534561209842e-02
2.214831127493209831e-02
-5.591804780970993649e-02
-1.732713593954979536e-01
-1.118575040202191180e-02
4.618334213199087185e-02
-2.339632373061602613e-02
7.522446338633552443e-02
-2.448790889409629967e-02
2.223241570664346006e-03
2.227829085121329437e-03
1.813927544019470692e-02
-4.982937350837074453e-02
4.737859817141949065e-02
-7.841921540495834508e-02
-2.139724479819064829e-02
-1.706475444033851707e-02
1.865366787563268319e-02
-2.839501154775540825e-02
6.090144391199270313e-02
2.006505840300055327e-02
-3.244415338009400910e-03
1.937811286696466614e-02
-1.282662091393116030e-02
-1.097235104580815551e-01
6.886401360731747578e-02
5.755384425259858078e-02
-5.264975654418577872e-02
-3.189413819981960080e-02
-1.043781177604658980e-02
-1.152802763596924573e-01
-7.432962003604454138e-02
1.693136898211198074e-02
-1.115057945785170694e-02
1.199914799375275537e-01
5.845866197144378162e-02
3.909966374804987183e-02
-8.729247622778914251e-02
-4.755031717847976735e-02
1.255564477589251986e-02
-1.641586442195715548e-02
4.067526644063931655e-03
-3.711862208837581750e-02
-2.798029329006461799e-02
-9.817207954760220900e-02
-3.367503216435904778e-02
1.061294709122141550e-01
-2.116015371011836094e-02
4.857169946920922472e-03
3.364712478474573415e-02
-2.129562440218898609e-02
4.554672023939220458e-03
-1.910157610534180331e-02
-7.263668818582801057e-02
-2.048137533997180723e-02
-3.968412004064905685e-02
8.490599560103047339e-02
-2.502162449648944950e-02
8.928370077940181448e-02
7.984575863159321107e-02
5.604983458865601259e-02
2.704339772391793975e-02
6.954428639505228632e-03
7.023710533974900083e-02
-4.453899623034149324e-02
-2.258224843788585873e-02
6.763455973284587938e-04
-3.598029293289067843e-02
-6.214945636767663789e-02
-7.523826068360388308e-02
3.869676181547555827e-02
2.780162350352407066e-02
-3.826678659682555134e-02
-6.030749980540294625e-02
-6.460488872687966677e-02
-6.084701930866212582e-02
-4.678816420846727137e-02
4.822555065109137770e-03
1.711125515506157699e-02
3.822963468050346453e-02
-1.536122265141456325e-03
2.331037734234238726e-02
-7.256794497676805067e-02
-3.636057007825669197e-03
5.370151374124405852e-02
-3.769550203134149763e-02
3.001016417558762667e-02
-2.187608399658700839e-02
-2.554672113232706043e-02
-5.133042909103419787e-02
-9.282418456937365295e-03
1.003734261629036888e-02
3.054659058197809265e-02
2.335983213834456548e-02
-3.385575243084628511e-02
9.215451172034626326e-02
1.169096780854592468e-02
9.935419861381310225e-02
-1.906584909881317569e-02
-1.096802418558168180e-01
-4.611428613785431563e-02
-3.198752192213713541e-02
2.759459453670398688e-03
-5.323598528555242848e-02
-8.602618322207208901e-02
6.684668887875635374e-03
-2.694014389473840462e-02
-7.344454253092332074e-02
4.103913974643187169e-03
-9.726931230870368428e-02
2.711655467794786209e-02
-6.736174163824496658e-03
2.851095054948644611e-02
-1.084321598923380930e-04
-2.356477587132056392e-02
-6.397254156366137534e-02
4.966422298791933060e-02
-4.104828002144843974e-02
-1.196507179735069142e-02
-4.081810495895903113e-02
3.748207834739956251e-02
8.727259699847556007e-03
