-1.623875396384249215e-01
5.467454481635922181e-02
-1.872473169365251600e-01
-2.676002996976748968e-02
2.002777677699058012e-01
4.478896143786967321e-02
2.139770826162805673e-01
8.755532026493237363e-02
-7.115250600475168941e-02
-1.576097264501550577e-01
-2.226563373615615693e-04
-9.217564644132121565e-02
-1.383515278070169552e-01
5.121201833497776579e-02
1.882064264296350736e-02
-5.604320009599619845e-02
5.230909056087001269e-02
-8.386208243800431783e-02
9.629686044387457400e-02
3.209257798098594933e-02
-1.060200177313902342e-01
1.383316720460999599e-02
6.876888654561887602e-03
-5.330668509308621184e-02
-4.626428756664010405e-02
1.448050810314099601e-01
-1.432926289389883576e-02
-6.716517750861539585e-03
-1.491077481813084249e-01
5.573276737314506596e-02
8.494072427479830434e-02
5.913924027904961939e-02
-1.597940921882992638e-01
4.664396684133704368e-02
9.405905983661810854e-02
-1.098703116438354971e-02
1.812950305177867330e-02
-7.610060140308951004e-02
-8.791438137053017576e-02
1.909029315770745527e-01
2.736263076728063723e-02
4.158910114932028168e-02
-2.237243717801695037e-02
-9.652293104396478252e-02
2.874066698237589743e-02
-5.283727369017165304e-02
-2.517909373368219100e-02
-4.017559637966541981e-03
-1.566374902770398814e-01
-1.408005486289031633e-02
-1.963128142965056902e-02
-2.490691401266450361e-02
-5.788057066672926132e-02
6.245061105127985845e-02
-4.955092979522412316e-02
4.245549517784776711e-02
1.143472719338035071e-01
-7.581897445024986248e-02
-5.271644856739617774e-02
1.879903002840943235e-02
-1.052795536456402614e-01
-1.229519432699638232e-01
-1.001728110490573455e-02
1.342478160444706033e-02
-6.493228283226998299e-02
-1.289132791423422582e-02
2.048988563544767647e-02
2.188224186509410071e-02
-3.952506331122405264e-02
-1.126807802404113518e-01
1.018144084578941205e-01
-2.224282778705614916e-02
-5.023540660186084569e-03
5.148724768872393887e-02
6.875754986743252972e-02
-5.116090383859373328e-04
4.344400710824216001e-04
1.430443490570710999e-03
-5.202583934712064206e-02
-6.382940967455724701e-02
4.514540383710279742e-02
-1.864741024471257627e-02
4.349588401280831546e-02
-1.164287788637248938e-01
-4.740070668436623808e-02
-2.941751970719139880e-02
9.087540900898426893e-03
4.344099062369549680e-02
-6.012791795035316716e-02
-1.995828824341740193e-02
1.645535412838345507e-02
3.406453016995453220e-02
-5.730359341377178235e-03
8.349602706604009050e-02
9.217183440041059467e-03
6.377332295089850611e-02
3.605358682074811388e-02
6.788061471708266292e-02
-1.526639514245454500e-02
2.411463931871204308e-03
2.531171960918965000e-02
-7.678517765427173014e-02
-5.267740000919877291e-02
-2.230067136435195593e-02
4.723347410702678772e-02
-5.141753706233248566e-02
-4.704293835785985922e-02
-1.089782940707523413e-02
-6.898965343661605208e-03
7.331443042379606756e-02
4.043696979340606623e-02
-4.857103639210590129e-02
-4.441011086771851774e-02
8.039508095207560656e-02
-1.787151075258482883e-03
-3.094160681143583169e-02
-7.533222654823748185e-03
2.692795865892539872e-02
-5.877669861435951514e-03
-5.482477237641916919e-03
5.830546406144423294e-02
-3.454464843560062920e-02
-4.542782634630637695e-02
6.831031459816319651e-02
-7.968435078542841776e-02
1.193052123421452365e-01
-4.814846337011912530e-02
-1.749030666152364896e-02
2.332011054839504618e-02
6.224628565847106776e-02
-7.224553415246051657e-02
-1.600850337802335321e-01
-2.702451931260028625e-02
7.832888848216035260e-02
4.828755314108370417e-02
-3.479809943388356697e-02
-5.463784977907185786e-02
7.735956934904634173e-03
6.589649714538195480e-02
-2.677358757613653578e-02
-4.148554622927896202e-02
-4.207332978951347502e-02
-9.247746063689618601e-02
-2.161924419044371909e-02
2.850362433409950325e-02
-5.511462007835298688e-02
-4.562452765729395343e-02
1.434988106299796805e-02
-3.024221332297497358e-02
-1.005142373219208504e-02
4.513632123528098922e-02
1.626236541376100200e-02
-7.373518029578211841e-02
4.017410471148299966e-02
6.206267787930690866e-03
-2.976192931641971628e-02
5.977561907384897066e-02
-1.456564257853859914e-02
-1.266847600259985718e-01
-6.823142192540444795e-02
1.109525666324491094e-01
-1.411681619654134561e-03
7.893742280422132163e-03
-2.170377205411380857e-03
4.476741511967925746e-02
-4.056876696436773760e-02
-3.914104162470720752e-03
-2.977996192733600375e-02
-1.159675882099045138e-02
-3.057379458583453849e-02
-6.680551973574462565e-02
-4.642137680033914249e-02
-6.565710097619553709e-02
-3.203377310641703640e-02
-1.101679823166815293e-02
1.205788317844715650e-02
-9.029564730875296605e-04
7.805859820750706002e-02
-7.545520630283200636e-03
5.032583484189692702e-02
-4.925378949328738931e-02
-5.431104185439601661e-02
1.582782589813308549e-02
-5.657466489529913885e-03
8.623187910531343592e-02
2.069334917552885511e-02
1.088721867407100030e-01
7.609370658126857201e-02
2.707745695898504043e-02
2.459077980253837614e-02
4.553005533907444197e-02
1.144110490356471388e-01
-7.268073663172505694e-02
3.198700102185291633e-02
-3.128462419702723180e-02
-7.481458454075823328e-02
-2.454009623251815486e-02
-1.038949540905423907e-01
3.472288620930810005e-02
2.780764510836727932e-02
6.401696208735933868e-02
-8.125806071787447515e-02
-6.573344123895326352e-02
-1.682346468762123057e-02
6.247093088674251365e-02
-4.609553017293641086e-03
4.020476677967705671e-03
2.041695963541858075e-02
5.320226832031728359e-02
-3.995622171230516634e-02
-6.400880763462882261e-02
2.025625724989991994e-02
-1.564935608715279161e-02
-2.133267815851120144e-02
-7.388199359311342640e-03
7.977806069546580781e-03
-2.671743455611413069e-05
-4.260469514427093346e-02
-6.753497862512658489e-02
5.790314457855644248e-02
1.084926732069222133e-01
3.761247951591552285e-02
2.343513473935002894e-02
7.391013639948829095e-02
-4.847175758752083480e-02
8.811350249879144197e-03
-1.031771633611651001e-01
-6.914445544576872105e-02
-1.495503427051213773e-02
2.915614629345075065e-02
-4.393867742571224561e-02
2.649136395602393577e-03
-8.479202153110261542e-02
8.025937229565783398e-03
-2.343884733571514542e-02
-4.944402690881783552e-02
1.987664427156664651e-02
-6.711137800950302268e-02
6.774374587430079253e-02
3.906629247467738320e-02
-2.323491972108833112e-02
-5.080406366117863615e-02
2.476315034806169518e-02
-2.234966437709877407e-02
-2.246037930441567576e-02
-4.562326802638436152e-02
1.307165402339707880e-03
-1.789381947895736513e-02
4.634613042758185114e-02
-1.897862687757199615e-02
