-2.097808508137911643e-01
8.718961066364456364e-03
-3.407803399632099994e-01
4.239490632246431696e-03
1.046097189865096838e-01
1.349019555733979858e-01
1.110210889288843900e-01
2.580668657729382615e-02
-3.306641878575097143e-02
2.435399489731818537e-02
4.826944321309031144e-02
-4.386005132639978626e-02
-1.522237774260604415e-01
-6.669425041227374472e-03
3.430557354858862484e-02
-1.654452197928623913e-01
1.355980669654518501e-02
-9.010819912301781809e-02
1.138219101278186290e-01
1.147660420506000159e-02
-1.000996872455611059e-01
1.661351862376604996e-02
7.223568540139151117e-02
8.579905485990946268e-02
-1.117144873920965925e-02
-3.109117778780731700e-02
1.042845597561884441e-01
-8.055123721759263611e-02
-8.891392208668109920e-02
3.271279014553730297e-02
-2.906779047439691024e-02
-1.195526291039478856e-01
-3.178147109150197824e-02
1.121548316975738840e-01
7.224859632780655794e-02
5.990892120631786250e-02
-1.006496273390628110e-01
-2.522468162603727724e-03
-1.321510130420824186e-02
1.742738093331409888e-01
-9.162662212709639376e-02
-1.783122163722092313e-01
-1.030550146449103407e-02
7.512132648398914779e-03
7.819991237324001865e-02
-3.659806379155621219e-03
-8.547389562958820908e-02
6.417462592207029415e-02
-5.319425889380333117e-02
-4.588062765329957438e-02
-2.506491299738726822e-02
-4.185062088787349505e-02
-4.934346886137398053e-02
6.392010089930072469e-02
5.699128063774470954e-02
2.975406341366359717e-02
1.114944459829166068e-01
-7.895430270655470761e-02
3.676391199568267154e-02
-6.767387921122411387e-02
1.561120581739279360e-02
-8.503018467747611164e-02
2.897515866310515151e-02
-7.957151036097329100e-02
-2.045613718378081272e-02
4.110100269444893345e-02
3.209188898558731212e-02
7.001356787885834598e-02
-7.557320890851580708e-02
-6.438401173122166622e-03
-1.061382746163823561e-02
-5.404543214639638549e-02
-3.022791075604067319e-04
-5.149243536285176559e-02
-1.266545538371345245e-02
-1.661861762255275460e-02
9.649476047514185528e-02
7.698138240677677990e-02
-2.737711283181883809e-02
-3.062720158410706106e-02
8.179379131295475003e-02
-1.499599200224335793e-02
2.058622702462104079e-03
-5.163524001476908765e-02
-6.318388392063609138e-02
2.373289762203024955e-02
-1.200235674021453702e-01
-4.173795262622117391e-02
8.409850607865455852e-03
-6.817838591810071458e-02
8.650974415875093554e-03
9.266057487465895193e-03
4.103193740960084379e-02
1.202803150654117026e-01
-8.799008810137754280e-03
4.061885313609862880e-02
-5.662532941712983964e-02
1.073255568723322090e-01
-7.360852545293179727e-02
-8.863723603072316826e-02
5.540817225803225388e-02
6.160041599613739344e-02
2.744634154611522072e-03
1.568671022250357761e-02
-4.800181114856776066e-02
-8.432988949154600344e-02
5.336393134701982593e-02
-7.327947660174121552e-03
-8.812985296555662929e-02
2.632041070505409044e-02
-3.994846553920591153e-02
-7.504157291322277948e-03
3.399528639806192326e-02
-1.775660955689781304e-03
6.703974026596248859e-02
5.492308096961270869e-02
-9.333485209242101122e-02
2.419487998646134563e-02
6.529692862937934439e-02
-3.581111831214181529e-02
6.408666819299967121e-02
-3.052208376296581616e-04
5.491196776712886640e-02
9.179247033122285571e-02
-2.642758773724381699e-02
6.392519989808743974e-02
9.858816096420043237e-03
7.893691381325645962e-02
-4.443316571566927053e-02
5.068522463184918503e-02
-1.708184531937983197e-01
-1.261785492260399932e-01
3.328685242560687485e-02
7.142337567160224332e-02
2.689816649065505938e-02
6.869135827039883797e-03
-2.068134296352683657e-02
4.591668018959273179e-02
-1.876987213630661525e-02
7.710967452368580610e-02
-1.444820917745909608e-02
1.761792332707744213e-02
-3.573695402850701752e-02
4.163793380386662107e-02
-2.970892420004541887e-02
-6.921779720923619539e-02
-2.700344774124459769e-03
5.866875318090080532e-02
2.619290304949687190e-02
5.201011448326068459e-02
6.359664133524171870e-02
-6.432413118136758035e-02
-7.489984689566418774e-02
5.739982157258440715e-02
-4.404358259683141021e-03
-4.917494041429554263e-02
-4.105413112867885642e-03
7.832882552205254478e-02
-4.541570355879922388e-02
-8.020859103630416376e-02
3.805925380284302245e-02
4.149865922803239876e-02
-2.656797363332642076e-02
1.997875976532063197e-02
8.305072719976654139e-02
-9.301832193696957241e-02
-4.893852337439670575e-02
-3.137763692477308491e-02
8.892980742905504457e-03
-6.392216011034920417e-03
-4.776055659699948719e-02
1.115350418578722747e-02
3.364021957870327872e-02
-1.949118434928704888e-02
-5.740217495663980235e-02
1.998144000827261832e-02
8.051972801996197873e-03
3.220851223988830531e-02
-6.299682257412135902e-03
1.907930945370220344e-02
-6.373477190493789801e-02
1.518285723342013491e-02
-1.913615021581806935e-02
2.805070364589808650e-03
6.377102055656899693e-02
-1.920220839881759192e-02
5.314431485440538130e-03
-3.743939859136210472e-03
5.272577203733022633e-02
-3.135148821304640371e-02
-5.457510698830992518e-02
2.351566719936086514e-02
-2.960230282797988652e-02
-2.091324935065281762e-02
-7.019788361064177584e-02
-1.207907052324268217e-03
-1.264945564072569029e-01
-2.655195754739382921e-02
-3.923892024650247473e-02
6.455381492799679155e-02
-8.110696271356386544e-02
1.556325561726399666e-02
-3.418725062802540487e-02
-3.554822570161971645e-02
5.375322029285075492e-02
1.644979500246738016e-02
4.267469753793978055e-02
-1.800979445819137978e-02
-6.819610167029553638e-02
5.738740093451422802e-02
-4.889005020003337615e-02
-4.425548521948648867e-02
-3.260466522254748534e-02
-3.316728744123664113e-02
1.331159005047968628e-02
5.711597730679130597e-03
3.314365554301365591e-02
-6.743308226211104650e-02
-6.341183531511340732e-02
6.079219200255541605e-02
4.983722191055299511e-02
1.392673849384980407e-02
-1.782459620738717715e-03
4.261396715495456566e-02
-6.615542352125587666e-02
2.736514979620388241e-02
-7.527563656906621770e-02
2.750870622358335058e-02
2.809319530245393392e-03
8.464305300036265023e-03
-4.070148306515494058e-02
-3.930703764055047678e-02
-6.600402248035840136e-02
2.888422651807562649e-02
3.855614469742923989e-02
5.557287645602067630e-03
2.601617044411418112e-02
-6.762370637059854361e-02
2.906952282654880378e-03
-2.000043051016412235e-02
4.263122530469417443e-02
-5.635766466671761517e-03
5.362116929863102593e-02
-5.352484398180786668e-02
-3.396943185934216819e-02
1.597937967850443161e-02
-1.643286371162435561e-02
-1.354856275050271217e-02
1.755696414286462073e-02
6.229048049860444816e-03
