9.921723117039338291e-02
1.442349328490681593e-01
-2.814520572651488806e-01
-7.871417127987355433e-02
-6.135246127050074383e-02
-1.170622807324719489e-01
-4.926296480590347526e-02
9.338286423964031746e-03
1.554599126802246045e-01
8.925252577493686390e-02
4.914537729445846853e-02
-9.184396488038383544e-02
3.000111724967012214e-02
-2.564355983506863557e-02
-1.824473669018274874e-02
5.341652201423664759e-02
5.095186049638462944e-02
1.339585442349291444e-01
6.121246685960887723e-02
-9.236955280436548454e-02
1.438169305161987321e-01
-1.037372548428682206e-01
6.333943367115968393e-02
5.954584817350533354e-02
-3.981527425985763313e-02
-6.718108034443917576e-02
-5.264890710246166589e-02
-2.600596707829601513e-03
3.646044183238653091e-02
-3.384318608192470046e-02
-5.325779023960443975e-02
2.595803579774013520e-02
-9.621210874312977057e-02
-1.080802315359455784e-01
2.345380174703893261e-01
-3.887684733200952314e-02
4.585091360042461289e-02
6.515543168690893228e-02
3.127746620019063867e-02
1.053558448271139369e-01
-7.032031943071076485e-02
-1.354805572351822128e-03
-2.974265853561575482e-02
-1.027216377701140604e-01
5.843446596094135914e-02
-1.365205296334220664e-01
9.311755356068263101e-02
3.918375690689680085e-02
-9.581748752272663261e-02
-2.217987533956005883e-02
1.145006850191867959e-01
5.282624634576495171e-02
-1.011015539925718687e-01
-1.433421315642966105e-02
-2.034012276302041844e-01
2.529011535161999544e-02
-1.046346998763656999e-01
-2.398434516791273993e-02
-9.251350901486969647e-02
-1.066653819678296672e-01
3.468042475082150355e-02
-4.694011622991292598e-02
-3.753051741292673382e-02
3.529346453018050722e-02
-9.369425519441695882e-02
7.198359331878095846e-02
1.024883786994955776e-01
1.296667786729064145e-02
-4.654279968682269175e-02
2.920820527315730764e-03
4.883242759885073579e-03
5.770331908986030961e-02
2.674555712887877537e-02
5.795395162599194239e-02
-5.669491119344993030e-02
-2.249506572511247512e-02
2.763631256630951633e-02
7.182924550273617204e-02
-7.655229516845990512e-02
-1.385367933721985134e-01
-3.134663532457005602e-02
-7.321857068974307881e-02
-1.470434915627784160e-02
4.626456444847392574e-02
5.529418771411571260e-02
5.576785008416182583e-03
8.502944223078380548e-02
1.071426489260476553e-02
-2.998819269027903564e-02
1.009934163474153143e-02
-4.835957707298748492e-02
7.011232495106280160e-02
1.735745594585463500e-02
-5.374408490513580064e-04
-2.139706270468199126e-02
-5.048040634251588915e-02
-6.039591398049127396e-02
-1.038462368059749411e-02
-3.210268957518116334e-02
-9.871732999635732947e-03
1.825681693162366226e-02
-2.368932099186249127e-02
3.537906538082095931e-02
2.409933477797260998e-02
-9.648930482092448434e-04
-7.317706921511542284e-02
1.101250721899585810e-01
-1.020417345038549528e-01
-9.086806322505504296e-02
-7.900984493127008457e-02
8.058014642351948864e-02
2.209904813271481357e-03
-7.931805345684993236e-02
-5.793362304765319742e-02
-1.948426038856887340e-07
-6.970981260520228012e-03
-7.713461476393958585e-03
-1.482005318921862658e-03
-1.388341231857280651e-02
-4.735617013674350145e-02
1.285389647340814262e-02
-6.192377225886090686e-02
9.718671144776599991e-02
5.053207210631291413e-02
5.084430737903972847e-02
5.259298727514646887e-02
-4.745781302843719851e-02
2.657750538302736804e-02
2.448369428790444363e-02
-3.221248338247074267e-02
8.556334343919791419e-02
-5.033161154068185178e-02
-5.339369295581470470e-02
-2.957067746391931970e-02
4.928608612823123965e-03
3.174115912367126216e-03
3.982969261254516724e-02
-2.366597235316352313e-02
-8.312342693203937302e-03
8.608857415173909455e-02
-6.409727397897306556e-02
4.954532421270115700e-02
-3.538874256348061020e-02
-7.209481597183237112e-02
-1.150930390087666205e-01
-4.934677959934163916e-02
-1.302204564056149219e-02
6.569894513044806372e-02
-1.460212173677248246e-02
3.159285142834693944e-02
-4.012962032745987645e-02
5.286290922906277528e-02
3.907194972603372785e-02
-2.614021363237325687e-02
-4.509245629103225683e-02
-2.766816933204482507e-02
8.410705734398896171e-04
-6.493649354767604825e-03
1.564261371528937600e-02
-4.398292508320519878e-02
-2.502279129908882918e-02
-5.919717733385189418e-02
1.685330070830041993e-02
-1.816329248175852992e-02
-6.399332544980006199e-02
-6.822722275846876405e-02
2.180093894876971097e-02
3.027870301267259964e-02
4.781122503811852109e-02
5.736815733740961015e-02
-1.786742398775811175e-02
4.859715515465876795e-02
-2.580592867164004274e-03
3.558962528808675557e-02
-6.906235063249013817e-02
1.407296169838626911e-02
-5.302738886050960970e-02
-6.999291890864818566e-02
-2.032513611940487547e-02
-4.401335300317867766e-02
2.981101581581231674e-02
-7.288925421540895511e-02
-3.787392750227525778e-02
4.868597090826332074e-02
-1.063931543764340230e-02
5.697132790082909404e-02
2.363622638230363990e-02
8.390182313456270857e-03
-1.148129527656809208e-02
5.720838640222335007e-03
-4.476359444944053023e-02
-1.085334354325837025e-01
-4.187268226182124659e-02
1.458266995015122976e-03
-6.135187674268909042e-02
-2.206358677880761870e-02
-3.872532473372109624e-02
-2.114344258195745632e-02
-5.407362869584113330e-02
-6.137730370249617345e-02
-2.972226500974238343e-03
7.279108601681787138e-02
6.032070473539139638e-02
7.083145652823756577e-02
-1.176924017134382654e-02
-1.809594188834871137e-02
5.952990355375401693e-02
3.574816222011507894e-02
-6.477013043772499035e-02
-4.275755994736810811e-02
-8.922050664036497436e-02
-8.993285120017105796e-04
-6.549699077152054683e-02
-1.882228264186724259e-02
3.401620631417519303e-02
-1.866942861911892113e-02
-6.384940171306316414e-02
-6.585667021829352819e-02
4.947040723150710612e-02
1.489571706706090300e-02
5.912355930335041337e-02
-2.867069947657132495e-02
-6.636939853041871895e-02
-4.298809122153218754e-02
-6.553456292030317154e-02
-8.759740280246255950e-02
-6.213676769867527983e-02
-7.993661377665235712e-02
6.156480723496883523e-02
8.175676843461783527e-02
-1.384038457688138539e-02
-5.305853120336400525e-02
-2.019274057006454834e-02
4.005340439557326243e-02
4.806705337702043418e-02
-7.622336837933353648e-02
6.590713445269992532e-03
1.991317390725590164e-02
-5.078205516709825146e-02
-2.305517326374920475e-02
-1.252454752530669964e-02
2.617755846478467957e-02
6.134908399870006579e-02
-2.561368396913949689e-03
-1.721385694679088488e-02
3.487312408606444564e-02
-3.896140902209591778e-02
4.651997062840074887e-02
4.814041161738339542e-02
-3.702577764756085493e-02
