1.726914406325035789e-01
4.147538490453757387e-02
-1.684385134391596650e-01
-3.763657053442625439e-02
-2.168109978171931795e-01
-6.943912962800895261e-02
8.392959423752294201e-02
8.468035555093772482e-02
-3.611739009892754593e-02
1.569047507923533036e-01
-3.752216687749334971e-03
-7.141626296343599190e-02
4.484417005729741945e-02
1.706449614967475992e-01
-4.642319084439704840e-02
-9.722406366829072777e-02
-1.192011347085358830e-01
-1.675431745888639884e-02
2.213934021301487004e-02
7.923261713153617603e-02
5.029972256444336862e-03
1.622111252607428833e-01
-1.832465479869604952e-01
5.709882458254762067e-02
-7.427875611935529088e-02
1.168148611511681499e-02
-4.402074787602578559e-02
-1.153225733553091964e-01
-1.539479135207670046e-01
-1.030166367650352660e-01
-4.509432234677666906e-02
5.257426481523234203e-04
-8.769703317412497201e-02
7.134695099032672960e-02
3.077590297651778065e-02
-7.480798297113389062e-02
-6.084505385241489178e-02
-1.579206836807820272e-02
5.770619231177004024e-03
2.840562969405521082e-02
-3.064590497131578981e-02
-9.584810768088600219e-02
1.111477870394091301e-02
3.643015657202087337e-02
9.227642686452960930e-02
-7.198472939003487669e-02
-3.121535238728517792e-02
-1.321101767983534798e-02
5.284407071934139194e-02
-1.554524129429277757e-01
4.683706687709191657e-02
8.169933181728547544e-02
6.539620181439287361e-02
5.969645060843006140e-02
-4.433963707587984526e-02
9.033765359621136193e-02
8.190950033311164558e-02
1.987995255663924099e-02
-3.039003588171186598e-02
-8.973985897015629432e-02
3.723362069368565171e-03
-1.875563725637937815e-02
-1.193995990063553142e-02
-1.593289108357544281e-02
-2.038179627409283934e-01
-2.755531487314381422e-03
-9.113350659344977844e-02
4.435063092227346099e-02
8.397116789050063090e-02
-9.855492797187177800e-03
4.982407802862623414e-02
1.889497157421102247e-02
-5.806564034801162122e-02
-7.280913256067701733e-02
-2.647020532048454874e-02
1.180326410593835335e-01
-2.843529616570812310e-02
-3.780191798418616744e-02
6.315775320699461293e-02
5.195038940280966022e-02
9.542073458754175841e-02
-6.399764924424683477e-02
-2.074440715537380700e-02
-6.761317013729899184e-02
-3.751394686311289306e-02
-1.263665516884752704e-01
6.586920782707553212e-02
-4.846033366752336424e-02
-2.646973173940913443e-02
-5.852132682422189064e-02
3.564834187094658574e-02
3.162970200105546387e-02
-2.837677507567443885e-02
1.105948811338596655e-01
3.664705670456190004e-03
5.947867096817754939e-02
1.732572685359680051e-02
-5.055586227180466907e-02
-1.444669218725757286e-02
-2.216136173302176229e-02
-4.379992378600272573e-02
5.254845464662210447e-02
-9.734059844006298645e-02
2.308541989281953991e-02
-4.197403194973210738e-02
-2.681757703930299011e-02
3.644219906222433830e-02
-5.712287573573487237e-02
-1.547422781203398358e-02
7.155289110369382477e-02
5.593313859262809967e-02
-7.699555544014449748e-02
-8.160637461762501599e-02
-2.164353465427283976e-02
-3.822543477448774041e-02
6.627976879224248274e-02
4.596013003429814253e-02
4.925141702678794559e-03
-1.619850241244508897e-03
-2.644375243470054038e-03
-4.588070372250675766e-02
7.181752144319296371e-02
-1.498512004278713906e-03
3.651976487693371631e-02
7.491951131439462779e-03
6.811107298366071705e-02
1.738634523125018663e-02
1.004253702564512629e-01
3.032444490276659660e-02
-2.239453275822533840e-02
7.027878887472346903e-02
-1.430786527772101753e-02
4.211302799536702224e-02
1.030259730776649230e-01
7.451629085589664414e-02
-2.204831116487576681e-02
-1.193434458216987085e-02
-7.900546735143432198e-02
9.163699093105751037e-02
-9.861683178387271528e-03
-1.199073455736418027e-02
2.394415769142942824e-02
-4.472093749602996243e-02
-5.079234836453616619e-02
-7.027276762962172962e-02
-8.778041727061805521e-02
1.216910548669806157e-02
3.145752145292167457e-02
4.585066515143744470e-02
-7.283118790790359121e-02
-5.856046491738314125e-02
-4.456827525364728815e-02
-1.005773897816601703e-01
1.078804497184475547e-01
2.392643222832095684e-02
-6.651277068134769238e-03
1.202828277120082147e-02
-1.563044191248228257e-02
-8.115779185754601333e-02
-1.979538450745761680e-02
3.449984010862078287e-02
-2.803904411446270575e-03
-8.943264016108927461e-02
5.373859771636494559e-02
-1.742240504742123205e-02
-7.281329330869674987e-02
-1.159453662967023652e-01
4.917875615893109453e-02
9.372731014350924039e-02
-2.571464054187624221e-02
-8.804731403383525556e-02
-4.501536961606070197e-02
1.399222349095552431e-02
2.340978910226057790e-03
1.075144053743698133e-02
1.918575035451712194e-02
2.721196859346641794e-02
4.967767382188301162e-02
5.777185094515465552e-02
1.477606782521016316e-03
-5.506195237717868146e-02
5.469976433614361783e-02
-7.352072195371088525e-02
6.249846069557467299e-02
3.824566345185198557e-02
6.361049671509336201e-02
-2.830617766821761846e-02
9.224963570654887146e-02
2.585265559814065722e-02
-2.783584400588909671e-02
1.427238052428441047e-02
3.395241421265828702e-02
-1.075211708183043506e-02
-3.983885784399444907e-02
-9.146914026704183048e-03
-2.745288605197502771e-02
-3.842518450665474011e-02
8.900956312464344822e-02
-1.749479529752070300e-02
6.087140525653988304e-02
-1.838871340459014361e-02
-2.654208816228893417e-02
-2.699425660765324142e-02
5.778676874903029143e-02
-9.151785146337042265e-03
-1.493914885125200917e-02
4.840370690179134072e-02
-1.266541845373517911e-02
3.090102986208691227e-02
-2.976112021355795806e-02
-6.489440883776878555e-02
2.777316216783567385e-03
-5.370473666947261915e-02
-3.164154152794088765e-02
8.017260791179975365e-02
-3.524241523487479238e-02
-3.195758924134245449e-02
9.537111005628198454e-03
3.542920914190716281e-02
-1.152581325018327968e-02
-9.825826325534263786e-03
-4.586805234234918316e-02
-3.140360086476347290e-02
-1.417225195405336612e-02
-4.101986756442566745e-02
1.364403991886493916e-02
-2.193756084766751435e-02
-9.236711764047197959e-02
1.097683130211584562e-02
-5.137228221860407062e-02
-3.068940677581481410e-03
-8.584093363068666382e-02
-8.400729536111102569e-02
-3.885736106519251110e-02
8.197634291918479144e-02
-6.066475477155967161e-02
4.804777689639572191e-02
3.098684951839642682e-02
-3.838746715671973592e-02
-4.533896079944927347e-03
-1.305047369526895172e-02
-1.455280817537067542e-03
6.309185778307228876e-02
-3.421389862072787141e-02
-2.438455426434765413e-02
-3.346205483628356125e-02
-1.410486813246544791e-02
-3.583117799327726477e-02
-4.863765595304739286e-02
-2.620219225901814636e-02
