1.434377216576762926e-01
1.120506660760451217e-01
-1.403388323355501677e-01
-7.790569135150804403e-02
-2.514702591970167100e-01
-4.451106595370370872e-02
-6.223217914493506947e-02
1.330691452720768608e-01
5.042704800839260121e-02
9.139381072418195640e-02
9.375467575215426508e-02
-8.292815891901744729e-02
5.662227432982198418e-03
1.394257388456635605e-01
-7.558657023496788419e-02
-9.023146276072373240e-02
-4.064275205006327718e-02
4.248589854333067323e-02
-2.281642270877804954e-02
-6.951284791318578654e-03
1.899673727155256134e-02
4.819346328961409548e-02
-1.246639768011756771e-01
5.243931947187106812e-02
-1.569753426598361201e-01
-1.169679174935006442e-02
-5.533147064534363335e-02
-1.531325855676195780e-01
-1.311007334613179254e-01
-2.010321623174566308e-01
-6.114905393857135441e-02
9.925563668256426331e-02
-6.701224321066059919e-02
-2.145922504770968534e-02
1.148644004891040959e-01
-1.863890832842328427e-02
-4.985761135332925000e-04
-1.388127783698310308e-03
1.237339237977949039e-03
8.200552780174004408e-02
-3.025724973416471508e-02
-1.162146464287995978e-01
9.345867347108982939e-03
-1.089054319447666230e-01
2.731025720319519776e-02
-8.140344828109981334e-02
-4.046506336511752552e-03
-4.870795783759537118e-02
-2.254144350780738076e-02
-1.365199193118105392e-01
9.911334468518849528e-02
5.568708309760040526e-02
3.088256882577120055e-02
-2.407780751440316645e-03
-3.230659704496507273e-02
3.165001199877826715e-02
1.002947007370381949e-01
6.537516320214602217e-02
-9.358652469459928513e-02
-1.343200857040451612e-01
1.570051309538347817e-02
-7.012869654379157158e-02
1.148320262890875111e-02
-6.368549191020202171e-02
-1.541710787077778810e-01
-3.952506973600552337e-03
-5.765025592993339859e-02
1.164248772297371039e-02
3.794095042606578094e-02
-1.176374320697770592e-01
-1.154482779180337516e-02
2.139199149124372534e-02
-2.225044512280360820e-02
-6.763208824147590170e-02
-2.149381573859876493e-02
1.101390098649003141e-01
-2.807424130711334495e-02
-6.607476832117643861e-02
2.963293813840936833e-02
6.085301807431189175e-02
6.393555238045454947e-02
-5.936682736110279052e-02
5.373244039680704146e-03
-6.083887954920091934e-02
-7.678817695342547711e-02
-3.556178255679778855e-02
3.089015862784977653e-03
-2.520798277701503942e-02
-9.750477680926112820e-03
-4.334760974480923734e-02
1.766385384369166534e-02
9.799253913399220972e-02
-4.060292238074827975e-02
1.079296386297441679e-01
-4.026383286045017579e-02
3.191353933024099893e-02
-3.747199469055595422e-02
-4.509501054902344958e-02
4.980357599251319933e-02
-2.379366010118713626e-02
1.830750935978887189e-02
1.835321608823550776e-02
-2.794773341140541906e-02
-3.445682827365940948e-02
-3.423689192935593095e-02
3.099863234782233162e-03
1.601975494741415817e-02
-8.926644965130844933e-02
-3.454481624465882000e-02
3.052396746915605336e-02
-1.917079897143421710e-02
-2.753835426389289812e-02
-6.486600838217577991e-02
5.444910577891673605e-03
-5.321787868243568753e-02
9.502952741898959554e-02
4.322694532503791251e-03
-1.191968341481688953e-02
3.239293943940762394e-02
3.465604378662448526e-02
-1.408095343972019520e-01
6.857520510772643907e-02
-1.613148623730539452e-02
3.294833831894511400e-02
-3.986906240277916791e-02
4.531890971034142207e-02
2.909728617755418661e-02
1.399573608231141630e-01
3.218878719677197020e-02
-6.654577263158358014e-03
7.431635304904779527e-02
-3.356432128233105550e-02
-2.687532124425880478e-02
8.956668341494766761e-02
6.387889753042554075e-02
1.779140281844577079e-02
-1.372209349250325648e-04
-7.312163088557301072e-02
-3.526759376826541642e-02
2.668100887776927305e-02
-4.759813399117648891e-02
9.997448497235142742e-03
-2.534436413206412470e-02
-6.350380682504676126e-03
-1.127305578595882707e-01
-7.356724630053144975e-02
1.959283898347603803e-02
4.572728136200279736e-02
8.138665668358084637e-02
-5.669917984645887754e-02
2.361402359092918454e-03
-4.680385784533411947e-02
-7.731989968046121264e-02
6.993341026464594545e-02
1.587511212638574067e-03
-6.053092165070298597e-02
2.489586056233240169e-02
2.768262766977590337e-04
-8.157418524467272003e-02
-1.134524286369288301e-02
2.410188666524537213e-02
4.458535198112763970e-02
-1.598344143861963051e-01
3.133191197537887190e-02
-3.574457588738931546e-02
-6.185665185802079885e-02
-2.742538039578526488e-02
4.613870908441262964e-02
9.388151947981257517e-02
-1.825908239254415630e-02
-7.005494784748826642e-02
-3.191447965970205941e-02
3.592585797420412563e-02
-2.954226351180692239e-02
-4.752703836728116443e-02
-2.841406965770228860e-03
1.080794532628084371e-02
6.447604032139518486e-03
-3.495244906602936602e-02
3.673245915262542127e-02
6.539319737788139644e-03
2.668550902590435467e-02
-7.240033102254807285e-02
8.155141583843698513e-03
6.739562896521375523e-02
5.296486289101983574e-02
-4.316387608475665688e-02
9.764965471265481256e-02
9.132580475423011240e-03
-5.684308383719645363e-02
-3.288973564360390262e-02
3.870406136691294241e-02
3.208363821310817460e-02
-5.736369052667464330e-02
-4.907596248882114404e-02
2.065013871285557856e-02
-7.001243152257022317e-02
7.078078144184329901e-02
1.647205341818516744e-02
4.469244879010363797e-02
-1.839888923348711102e-03
1.441347072874937449e-02
5.116164681665255620e-02
4.824588665706832508e-02
-1.263295689422774468e-02
-1.048554665391659632e-02
4.995752135856713211e-02
2.754063792115548151e-02
-4.677598379345262319e-02
-9.691015275791932393e-02
-5.462655938149722085e-02
-2.311208915789209756e-02
2.248270649968601986e-02
-1.969822304950510222e-02
1.320934527066395213e-02
-1.314392520673004008e-02
-5.649297902892590900e-02
-3.508943491858913105e-02
3.291757611229035891e-03
-9.257325253391449071e-02
5.784940427650839961e-02
-3.869714322873513135e-02
-4.072251213827839111e-02
-9.043920840522844465e-03
-4.885105583165204324e-02
-6.746561634367281672e-03
-1.154261130093087173e-02
-2.577741943207838976e-02
2.167801956338188257e-02
-4.398975401712973410e-02
-2.748435248627189090e-02
-1.270734367123678779e-02
-8.248395399825057817e-02
-2.476881533550386733e-02
3.510199503353332584e-02
-2.150426011225556669e-02
5.203457480527379220e-02
4.668137993303074496e-02
-2.406205699593037123e-02
9.446029226309647642e-02
3.535383541312284855e-02
1.344486421746504158e-02
7.305258383657499410e-02
-5.408744835155313707e-02
1.504285338695545218e-02
-5.884810133054672876e-02
-4.081184343707932455e-02
-8.299408273087692522e-02
-2.103678203732740892e-02
-1.059989743302078985e-02
