1.390476553202241172e-01
1.218852816268527900e-01
-7.103381525565338750e-02
-7.289387991281144619e-02
-1.814103176964020903e-01
-8.027145981106272032e-02
-9.318125528738736840e-03
1.501734502683522154e-01
-1.928893253284844414e-02
2.098630896524361633e-01
-8.959710409013763033e-02
-6.856230424268106027e-02
-9.636812650611163711e-03
4.626725394649960910e-02
-8.252084738361020744e-02
-2.056406201531034150e-01
-9.115132756209629039e-02
2.999502611691941614e-02
-2.824497797252793763e-02
3.905889650536615437e-02
-5.909636615127952276e-03
1.645192596261483564e-01
-1.186306742223644933e-01
3.921699256064120620e-02
-2.456878108730616364e-02
3.250433317978795172e-02
-1.319021451913177274e-02
-1.543966952441770402e-01
-4.642659750743582253e-02
-2.198113404055373199e-01
-5.986975222845998534e-02
6.316181851915229906e-02
-4.630444310174984535e-02
-9.108443428556276325e-03
8.700748463578580894e-02
-4.717206643090168100e-02
7.755621316499519691e-02
-4.870518345572828756e-02
3.644388862499126774e-02
5.955018848098783332e-03
-4.879365520856295685e-03
-1.279839322078310249e-01
-2.201540672986639774e-02
-3.320485818308285125e-02
9.758076944149711440e-02
-3.436527446254575291e-02
6.737869110119444616e-02
3.902369661589992489e-02
-1.090576192259493614e-02
-1.091931253138466451e-01
9.204767723782400490e-02
1.474824794081234895e-02
4.954590112224214332e-02
7.854541772155626544e-02
1.736393014857165278e-05
7.332319044209642533e-02
1.869019724823032039e-02
7.672463263454010196e-02
-5.583869055719217073e-02
-1.205296138532338107e-01
-1.031562094049112005e-01
-1.103536764587864389e-03
1.690596070544922447e-02
-1.005856734155381876e-01
-9.881583376241426242e-02
-1.678188446671768225e-02
-8.089568467081158232e-02
-3.545849401815212836e-03
4.621725257094556200e-02
-1.225361761346550754e-01
6.756015260033933212e-02
-5.658314798958141191e-03
-1.676249755441587899e-02
-2.013332528360733259e-02
6.000765217857195050e-02
9.295151194751870294e-02
-3.654375651062246461e-02
9.988980127119571548e-03
3.978113485043906911e-02
9.914982811591280254e-02
1.049260490580351257e-01
-1.402611074484709161e-02
7.711985591454313671e-02
-7.553168005877941571e-02
-5.398482971197068186e-02
-6.485296416651550877e-02
6.316721313822758199e-02
-2.584760925547155419e-02
-5.241789516881589089e-02
-3.865696366788824723e-02
3.895926463431949316e-02
1.145945888120828149e-01
-9.280575608337836291e-02
6.366105679820063812e-02
-5.321572561368123622e-02
4.602456352085024932e-02
4.794187857294476829e-02
-2.700023705364450535e-02
-5.481270144181151719e-04
-2.464707049663622876e-02
-7.804058252521731132e-02
6.225255547401310763e-03
-8.106531172436004518e-02
-2.057979744482556043e-03
-3.600345169386351407e-02
-2.919200335119411308e-02
3.403421343316938991e-02
-3.051827045085278231e-02
-6.261045473328900879e-02
3.165785001413738697e-02
-4.859877459446829834e-04
-5.607392966524378519e-02
-1.977397622045495504e-03
1.650922018883127854e-02
-5.723980799652040458e-02
4.421288185352364314e-02
-3.437778323552655863e-02
-4.436723539181521708e-02
2.591308644449781887e-02
3.973190895137709844e-02
-9.102512719210385794e-02
4.835544355780375253e-02
1.095964068060933765e-02
1.786077456540534347e-02
-4.829532727148355188e-04
-2.286330598302422495e-02
-1.223253476779191141e-02
3.578136196980789829e-02
-3.289642083745347029e-02
1.383601785518175607e-02
9.974650670200846912e-04
-6.321684363372019611e-02
7.665247960440818575e-02
1.902139314308355991e-02
1.038628033546658003e-01
1.820646849902341283e-02
1.529452055492333540e-02
-7.265533660057621468e-02
6.384646311254432716e-02
-4.398506034670054271e-02
-5.104226730461837447e-02
-9.738332638334170829e-03
-7.455562488621436668e-02
4.494729180788517575e-02
-4.353363187920689797e-02
-8.236470687774995886e-03
-3.672855593032017807e-02
1.016605849826578284e-01
4.011485947298385618e-02
6.403277976885696221e-03
5.080304966499872565e-02
-1.068613349349241924e-02
-2.115978642815707217e-02
1.525534213388908267e-01
4.727385614957845678e-02
-2.050663292361701653e-02
-2.224595926259636397e-02
-7.354511158430593332e-02
-2.935626950203652427e-02
-5.965133758864941266e-02
1.185379879233772540e-02
8.320522224604848249e-02
-1.208037953677351534e-01
1.571584030470304580e-02
1.196998540067166494e-02
-2.254495602484400327e-02
-8.624330312740255411e-02
-8.333944711191540802e-03
6.385044164411235457e-02
1.700508683095757617e-02
-1.389203085936781823e-01
-5.629645770209926875e-02
6.795402722557353226e-02
3.358689836272064824e-03
1.815936673122233239e-02
-4.034992999918937673e-02
2.190946989777550064e-02
7.937777372850342641e-03
-3.293947664094808159e-02
-4.391523374604482804e-02
-2.678893656773945892e-02
7.586132500064851625e-02
-5.154180903098970479e-02
2.908957302150215127e-02
7.410635426635082956e-02
2.455886847475533333e-02
-2.466473787410778523e-02
9.381822493470157176e-02
-1.461537172971424936e-02
-4.191807833163610497e-02
-3.692417830453767480e-02
2.611113639729919361e-02
5.548348860745390410e-02
7.733759622696930250e-03
5.670118899822247649e-02
-6.297206279317915656e-02
-7.623793684484179989e-02
1.907857610528157499e-02
1.515453018991970435e-02
1.177853036968981998e-01
1.472451161688109744e-02
8.444466969496428749e-03
-3.356440954445055747e-02
4.779379627932820590e-02
1.233182947514636571e-02
-6.723178888050060364e-03
2.320336928298246532e-02
7.636656479341811382e-03
-4.239742395284434862e-02
-2.657976021309530618e-02
-7.496055848055289961e-02
2.073839924563892004e-02
-1.097538622503532388e-02
-5.903655331228231662e-02
3.129519674680139758e-03
2.732452109280753688e-02
1.407611212040113351e-02
-4.308810377632684568e-02
-2.094875567320578919e-02
-3.975908434496885219e-02
8.076331420525177662e-02
-3.526519807341084445e-02
-8.260382336826194161e-02
-4.177849256306312431e-02
-5.342055255669594244e-02
-5.753573656916897983e-02
2.818037740910140504e-02
1.621723643138151070e-03
1.440730801525437477e-02
-4.508431513239739841e-02
-5.666592167601781221e-02
-8.041286626357362077e-02
-7.581924697186129269e-02
-6.358209306148616957e-02
4.746334214459781847e-02
-2.106086260086404566e-02
3.862543886266705390e-02
-2.997520089181774424e-03
-6.094570900302546945e-02
4.342418854471706557e-02
-1.638221062597755226e-02
1.562271569291594914e-02
9.592833018599905559e-02
-2.621022880643832445e-02
1.000344444951517878e-02
-4.315287292159948607e-02
-4.794649771552797479e-02
-4.318952261494219541e-02
-6.247784825314467438e-02
4.254634915569141529e-03
