1.308137609608691354e-01
1.136538207746321388e-01
-2.342188649752300067e-01
-5.923186785877259525e-02
-2.576390955618449441e-01
-1.045396479436052906e-01
-2.770815799240089819e-02
3.567168503860804890e-02
7.393593212965485911e-03
1.782787324392803574e-01
5.605108183288498580e-02
-1.460714612436298798e-01
-9.295441184865882792e-03
6.817058598766911892e-02
-2.847915272406294218e-02
-1.105540012801259631e-01
-9.682290714633648432e-02
9.929586474620614306e-03
-2.106795525114804266e-02
4.256180948140619001e-03
-8.894560504682035018e-03
1.176508043072652526e-01
-1.732117430435624328e-01
8.762989074663081468e-02
-5.918816748806329103e-02
-2.327890659254982023e-02
-2.401116542013022326e-02
-6.812783278493483863e-02
-1.122308152055487146e-01
-1.378491613744557420e-01
-3.640120034515736958e-02
-3.161780610554472404e-02
-1.059081750236430391e-01
-6.533463442661620324e-02
9.868618251897851024e-02
-2.856083779666680408e-02
2.034461286691863907e-02
-3.237616104388501333e-03
-2.857991180002572226e-02
6.995772865169876120e-02
3.360111052329639580e-02
-1.132794281367840439e-01
-3.424446620508402733e-02
-3.678803681053927077e-02
4.852357866483120175e-02
-8.055924915218072579e-02
-4.784828055961030946e-02
-7.162409106843167783e-02
3.124445861856561465e-02
-1.063880299163643406e-01
6.591181899401141187e-02
1.191978235591463139e-02
-2.419168257178217624e-02
2.843826119631402694e-02
1.269776653401299103e-02
1.138417519652609212e-02
8.912132103666792204e-02
-1.382267547868401038e-02
-8.282899022996272065e-02
-1.304499504755694816e-01
-2.468940301217012467e-02
-4.977625730323525372e-02
7.581491742629628029e-03
-1.233083692658872577e-01
-1.286982776191559208e-01
-7.417941962116297860e-02
-7.094902158996337083e-02
1.869872887502482817e-03
6.751152038188209387e-03
-6.203248025606806354e-02
8.024818612480000279e-02
3.263532579842785830e-02
-4.692221156776308494e-02
-1.507551742191133755e-02
-8.617072948967355317e-02
1.147326124372093359e-01
2.702005678903498034e-02
-1.011836685033046029e-04
7.672080194198629965e-02
6.787327322640844540e-02
6.613211720061400178e-02
-8.882181999077530185e-03
8.543389812704135083e-03
-1.325668382387628907e-01
-3.188526674511010968e-03
-1.872479232482006373e-02
1.158058843967597201e-01
-8.631933687885690737e-03
4.154370189115924594e-02
-7.392116937363049645e-02
1.934312970768144527e-02
9.340434929775549844e-02
3.468584648144092120e-02
7.957991012698009681e-02
-2.159082463432086124e-02
2.023833408792904964e-02
1.173557451525658255e-02
-1.375326113050128751e-01
-2.238794813770745087e-02
-8.383916120579833209e-02
-2.893268287927174692e-02
6.459290391928564079e-02
-9.693166815863991925e-02
-6.216002132304850221e-03
-6.373836244003437679e-02
-3.609503646247499975e-02
1.292302920724323380e-02
-3.402181640902623982e-02
-3.536333287129374541e-03
2.980639634477590897e-03
-4.450970941347109910e-03
2.657165440527711059e-03
-4.363148873484443829e-02
-4.499008688162687425e-02
-1.079422019195049910e-02
4.426380501057845807e-02
2.739213049839251193e-02
-3.385050964940718859e-02
6.336968547100102489e-02
1.108609490259600677e-01
-5.984501214825373172e-02
3.866411528132633613e-02
-2.141122198967926674e-02
1.010523714253887609e-02
1.832737370688971570e-03
-5.816244989305158208e-02
3.691205049333690091e-02
6.416269369284099966e-02
5.874237798147789041e-02
-6.573411068531985132e-03
1.929949465890145113e-02
-2.439685875174917723e-02
-1.170533046198542031e-02
3.742123493231899051e-02
2.389407586183959695e-02
-2.517066232637161019e-02
-1.726272424200843078e-02
-4.339561124810110970e-02
3.451306997841236540e-02
-1.001515820201850406e-02
2.542607106997904487e-02
2.552865915996254537e-02
1.455594679616873874e-02
-3.943589387614011843e-02
-1.729848146611347171e-01
-3.312697129938984436e-02
3.634342309868147242e-02
3.436985164839718998e-02
6.968523822357639008e-02
-3.328521367314662971e-02
-1.419226695472771381e-02
-8.006548068851611355e-02
-5.402041901638257593e-02
6.263481376624815966e-02
1.830735253555578271e-02
-1.463632543018637475e-02
3.485382182266509588e-02
-1.114506427428184170e-02
-7.142995429451830247e-02
-4.537705399086739561e-02
3.190388349496384862e-02
3.050814983136790684e-02
-1.194943851182199146e-01
3.047686062722776423e-02
-2.765122993100604248e-02
-6.929533162751685960e-02
-5.860592047114644709e-02
2.817694081810390855e-03
1.025901149633075965e-01
-6.483639141079375334e-02
-6.440758560582930670e-02
-1.814326384912563414e-02
-2.482426013523343980e-02
3.935678901974404981e-02
-4.539005305480035835e-02
-1.657347990487956181e-03
1.056000841440460011e-02
-2.854470328012689503e-03
-1.711620715456304079e-02
-2.298352082820382530e-03
2.715334618579481711e-03
3.090370677431287724e-02
-6.374309827990944088e-02
3.561214410004073100e-02
9.283872671184839609e-02
3.673757562014624833e-02
3.523549785563140357e-02
1.449520720019856490e-01
7.390402236718625339e-02
-4.157855114044685385e-02
2.257408297528018873e-02
9.512767243684794316e-02
-1.265501333127870207e-02
-2.055720308586247644e-02
-2.203096379402084276e-02
-1.229757173408691298e-02
-9.514664845731289622e-02
7.926995757239765905e-02
2.280022749455613493e-02
5.831850398217643117e-02
-2.483017176983611657e-02
-9.985110114535274660e-04
5.582585182061939461e-02
-1.336486673710530733e-03
1.108235522214293112e-02
-4.144153839371627138e-03
3.168077644540087667e-02
5.705550447894119220e-02
-6.422690514935407158e-02
-4.642115970898025301e-02
-5.904426327779035977e-02
1.139498597582712380e-02
-2.754266488449055167e-02
-2.658004827319362245e-02
6.818734106253747373e-02
-3.414253133439364152e-02
-1.054733596011819471e-02
-2.634982113333571643e-02
-4.089838655149226690e-03
-2.739275105672097158e-02
9.493164132698453384e-02
-5.610239220835906010e-02
-6.117888594479180958e-02
-3.844721381504794672e-02
-9.026249514173746713e-02
2.386533421294259605e-02
1.489653533559819748e-02
9.622116153352018586e-03
-1.112399795207892617e-03
-4.451065658144610221e-02
3.087434456708742017e-02
-1.516945035626108065e-02
-1.029423634671191440e-01
-8.769011756545590230e-03
5.539606618671526900e-02
-2.971781980862970088e-02
-1.183437393334002379e-03
3.764346013583625555e-02
-1.900796288838483075e-02
6.458555520223811797e-02
-3.285203129891831227e-03
4.657623396916544395e-02
8.770781980829928104e-02
-1.648147396744450641e-02
-9.224044316128559781e-03
-2.024506224664811976e-02
-3.304290197636612636e-02
-7.427341787744203006e-02
-5.853057162568578442e-02
2.515260081291701560e-02
