1.863123869495088847e-01
7.058459340916450886e-02
-1.695523559850028728e-01
-3.011243041349754603e-03
-2.307894893225407307e-01
8.490169617177480144e-02
-3.509119994022998068e-02
1.067843652646932179e-01
2.279086987568232359e-02
2.042169811674608426e-01
-3.751616472335504715e-02
-2.868416124456654726e-02
-1.045948276934632014e-02
1.654562127507559210e-01
-1.929391469595067021e-01
-1.680656492670371260e-01
-1.419172648467013076e-01
4.844721142315746437e-02
-7.783120424280931537e-02
1.301064298810773734e-02
1.134997813576361751e-02
1.484889735894792950e-01
-1.462689917322179123e-01
-1.224018324945391929e-02
-8.362890571360354075e-02
7.559129169829435779e-02
-3.802852528710528451e-02
-1.463085306036950861e-01
-5.875082847810805808e-02
-1.882550484512790778e-01
-6.436599323392612482e-02
8.299244598391190830e-02
-8.651385656840794580e-02
-9.518644679947079260e-03
1.691808969950566940e-02
-7.136434123508213212e-02
-4.036225396304526924e-02
-2.448868707708166600e-02
-7.088281196099925630e-02
1.524149319747988428e-04
-4.153803550979458248e-02
-7.930259206685041917e-02
4.710479256081065436e-02
-8.308323058685500957e-04
8.318481904130287097e-02
-7.187728230428636067e-02
9.743006812883067691e-02
4.244752630467848141e-03
3.360958877013810187e-02
-1.503439142670913165e-01
2.048365094880778142e-02
1.385932261165611357e-01
6.476625174445070632e-02
8.754815603589923001e-02
-6.455133572526322583e-02
6.955071319561223486e-02
1.918377023611708351e-02
3.424595174892073376e-03
-8.627842935651289236e-02
-7.514207722781679477e-02
-2.502526761838439612e-02
-1.822122769279930013e-02
-1.192996758490343610e-02
-6.448712537199158268e-02
-8.610050443486562399e-02
1.527725878350613166e-02
-4.686846234043162002e-02
-6.459961442885322341e-03
1.133728441650308366e-01
-5.665633254981704975e-02
2.241821762452515104e-02
4.496711347680355797e-02
-1.691118813466381543e-02
-4.900417415595576670e-02
2.059394698506546509e-02
1.224399201023814027e-01
-2.233604385248287583e-02
-8.689295888016498881e-02
3.832022927773415938e-02
7.510740815209252658e-03
1.019704915371963255e-01
-6.967894040033753567e-02
1.120762529832460691e-02
-2.167704116099471515e-03
-1.821922817401334244e-02
-5.359732680972530139e-02
8.569669839101111408e-02
-1.581732235753278981e-02
3.571076051114996375e-02
-1.603485065126322067e-03
3.683371606158638428e-02
7.233278558384879930e-02
-3.738542199499579610e-02
4.634442716699562620e-02
-3.821448053419938123e-02
-1.872913771473563166e-02
-2.554414274334049564e-02
-4.085471608984492936e-02
-7.522544426107003780e-03
-5.847821666685478620e-02
-3.478201628537547913e-02
1.509786647307239937e-01
-7.853022956031963098e-02
-5.571272093435986755e-02
-7.008094042722409767e-02
-1.620222972382970522e-03
9.097584723987922270e-03
-5.743975691027659175e-02
-6.147730134397379198e-02
-7.009829109023772188e-03
3.869826732949221970e-02
5.897032404032144515e-03
-2.687185546751960988e-02
-3.092739557029043282e-03
-1.969706605865430282e-02
4.175279027746706811e-02
1.612547400269131624e-03
-1.749669238561651907e-02
6.729977104747150718e-02
4.796787516967853521e-02
-7.909760914098670770e-02
7.162276291301571118e-02
-1.337574866836306955e-02
1.102121854698852148e-02
-5.628600232047582114e-02
3.886413063781773980e-02
-4.694621782096299045e-02
2.493790154755922903e-02
-1.146769174171114423e-02
4.511881890211236895e-03
2.341317172235725386e-02
-3.109758041921785801e-02
3.301044264101668426e-03
2.289977914891103833e-02
6.941958346361697119e-02
3.731443907809428584e-02
1.844498029500860059e-02
-3.775165643585610270e-02
-6.645626437252421734e-03
-2.860405149191623184e-02
1.031532391493934775e-02
-1.198776012787822155e-03
1.165577550880319418e-02
-6.670523671167899286e-03
-7.880119660611993593e-02
-8.320087969219654156e-02
-6.311574573755138196e-02
5.693468491500420364e-02
2.034955418893659787e-02
-3.635883034992135054e-02
1.518918320601498131e-02
-2.289052331195022896e-02
-9.856356952834786911e-02
1.003778103235747760e-01
3.651750184067802107e-02
-4.722357042675716376e-02
1.271377894899897339e-02
-5.086808041780161750e-03
-5.856135794798703748e-02
6.405458430816465994e-03
-1.028191260103204947e-02
9.596980665932435678e-03
-9.662581007263357225e-02
1.277240999985174152e-02
8.291617401731852036e-03
1.869498464385934908e-02
-1.059735281466842316e-01
1.953884607213962621e-03
6.063221440417954078e-02
5.442045129317701034e-03
-7.314462246125073841e-02
-4.700581638090573638e-02
4.512559146574222912e-02
-4.259133040575245610e-02
-2.448917083162665403e-02
-4.584780475110906278e-02
4.819201477552382401e-02
-4.506192936762156570e-02
-4.187482542401650687e-02
4.116493175439541602e-02
1.118453408137709201e-02
5.080851410816186742e-02
-7.959236103929932804e-02
7.225557835846842247e-02
4.115170913016569232e-02
4.160708340851612674e-02
3.550087553923037681e-02
9.287955037562625749e-02
-2.172399760216173203e-02
-2.023242108844305887e-02
8.618151719599993418e-03
5.363892970059442461e-02
4.045619909568229366e-02
3.462914984915868577e-02
-3.034753512236261280e-05
-5.301259656604457443e-02
-5.116020366236948697e-02
8.159158957253033473e-02
-6.060631741087108698e-02
8.238594678570665408e-02
-1.278034357438957540e-02
1.416046304094258903e-03
-1.031890369857227201e-02
5.518565423244194135e-02
6.173191748615344809e-03
-4.278873451041131232e-02
6.122245944967314585e-02
4.739020774235466575e-03
-4.442685640095890565e-02
-7.965992542408290022e-02
-4.017223517777326197e-02
1.318044083339917072e-02
-5.231366799944325852e-02
2.065112677228326393e-02
2.559158293905250056e-02
-6.590868647789872858e-02
-1.587798517747451496e-02
-4.143060975050383288e-02
2.220868740593855140e-02
-3.919379323507681760e-04
2.462155832543887549e-02
-1.617197893961633964e-02
-9.387073118800744187e-02
4.354855164907535381e-02
-9.639925169406332595e-02
6.657043044514181912e-03
4.329577377416665707e-02
-3.448315272748075228e-02
1.653182782048278352e-03
-4.053863087014856906e-04
2.163634127860957282e-02
-2.941263108871524853e-02
-2.247855794143688302e-02
-9.591627115634547215e-03
5.084602121055008250e-02
-4.267073065173678653e-02
1.016929131792811553e-01
2.416205600830452493e-02
-4.436880585556012002e-02
5.436407776353419097e-02
1.133998054183382558e-02
3.689125060213717389e-02
5.402948086991622018e-02
-9.994272148581090365e-03
-2.073778333644244604e-02
-2.113001152152020612e-02
-2.335050938362956754e-03
-3.958347364621762898e-02
-5.364438000180130756e-02
2.567801375109068571e-03
