1.730975582412865588e-01
1.169607072508551254e-01
-2.615094402730064882e-01
2.971983891370472489e-02
-1.621893583131614192e-01
-5.656749017431893234e-02
-2.825102446556616159e-02
1.437176889065476804e-01
6.927492647096804290e-02
1.981094069270774305e-01
-1.193803425175523902e-01
2.515526247405090385e-02
-4.437907520661073940e-02
1.234299752741173234e-01
-7.928133678553599129e-02
-1.574560734203279411e-01
-8.034487301789128288e-02
-2.129117917955051023e-02
-5.689884033928856860e-02
9.548868613534568228e-02
-3.460330051962597596e-03
2.310662004638737721e-01
-1.013841000960141320e-01
8.361196243837734285e-03
4.531590605322175641e-02
4.653721071329995282e-03
4.975838517846004755e-02
-1.625305876526343951e-01
-2.247416059893787149e-02
-1.186401337648318177e-01
-6.700981077594897473e-02
1.385145796477362523e-01
-4.406503017281810514e-02
-1.023265335617226934e-01
2.803099734751678812e-02
5.003138854099381354e-03
-8.777513939854614949e-03
-4.228117614311811823e-02
-9.519045441107686079e-02
7.125122549392955140e-02
-7.680007270876582082e-02
-7.399044211033241336e-02
-3.236460664366450773e-02
-2.174906897230295677e-02
7.340558171909736251e-02
-1.002438842306848932e-01
7.392337643912344491e-02
7.052082961252773008e-02
-7.634698989689589488e-02
-7.323034240223595670e-02
-3.776500102821223753e-02
6.735979213578734137e-02
-9.314171915895492690e-03
1.105174300759507178e-01
1.486829023390637272e-02
3.111243785116142579e-02
7.782064447750923486e-02
-5.728041516658227000e-02
7.508504138466633171e-03
-7.729572216514012106e-02
-1.051936490211923675e-02
2.501688772781945902e-02
5.258939855392252838e-02
-4.859320616413409510e-02
-1.241338167300923556e-01
-1.616604246581248260e-03
-1.074402992793041939e-01
6.775512487388268834e-02
7.490310544616175792e-02
-1.259652432947329648e-01
-4.741188232436138045e-02
1.891573498537995821e-02
-4.059296445718374446e-02
-2.298310384382170821e-02
7.891567472254297499e-02
1.153181453075083698e-02
-4.364168433923507756e-02
-2.979701582056308584e-02
2.656884636942914366e-02
-2.761617147315309148e-02
-6.861252450535940996e-03
2.637305306534603114e-02
3.717549941405613734e-02
-9.615722114552856248e-02
-3.821798438530529807e-02
-6.314211395788862924e-02
4.757691095079649019e-02
-4.215655930768830509e-03
6.165798347411065305e-03
-1.817602350654378210e-02
-3.329679626735448580e-03
9.772051763170248873e-02
5.010767035486026616e-02
1.265843824323990841e-02
-2.975806269961868075e-02
-1.121505106639016439e-02
6.272016049118192202e-03
2.274205861625849812e-02
7.037373599752320963e-02
-1.492295720959771303e-02
2.212500802890682988e-02
4.443917904343815117e-02
-7.245227453111666160e-02
1.602150152341452055e-02
-3.352464716118503524e-02
-8.395455099313432756e-02
4.257307591325895646e-02
4.737528296646979081e-03
-5.522199964951073764e-02
-2.434095991255522812e-02
2.010896024678589245e-02
-9.509865765201724191e-03
-4.695995981822170123e-02
-1.543932641115520338e-02
1.709876251497914959e-02
4.953418095978174424e-02
-1.313923578626689445e-02
-1.943827038310396924e-02
2.587743676056402861e-02
7.673748250251642700e-02
-3.997939478702285110e-02
4.888464181198282771e-02
5.955302312145958898e-02
1.613352075377294179e-02
1.440337230358778968e-02
-2.946788681227708456e-02
-3.427301120560971581e-02
-5.111813088795427729e-02
5.389560444186337895e-02
-6.525486493472858196e-02
-5.241531954279140745e-03
2.708110477354229093e-02
3.250652861027131246e-02
3.916320258476647248e-02
1.264938454338465912e-01
1.353370658296261693e-02
1.102031861326043145e-02
-3.690959049227310329e-02
2.423285257008739313e-02
8.865398811023652778e-03
-1.227324989238625687e-02
6.090501135835723473e-02
-5.574592741411105862e-02
3.833921975832120521e-02
5.662258812071008403e-03
-3.824178722857175111e-02
1.039630619152721001e-02
6.280748178528197667e-02
-2.755808988345556307e-02
-3.675374485690318521e-02
-1.414846971044606168e-02
-6.027910929586330346e-02
-3.186623875672217610e-02
8.998598593698142745e-02
6.278139148214730014e-02
-7.676145110374435476e-02
8.418681104873985271e-03
3.704498159519816619e-02
-8.188536120856754197e-02
3.777358729061615090e-03
6.699522407534001800e-02
5.600262019323661716e-02
-5.366815136714035012e-02
-2.851593883958041323e-02
1.711053133024320431e-03
-5.561312213538485705e-02
-6.848608433235349457e-02
7.544937738396762829e-03
3.428073552661400902e-02
-2.411483290152392073e-02
-1.060771389558037708e-01
3.430298024504269128e-02
-3.267785603924211035e-03
-2.214811468873512795e-02
-7.885391330610090621e-02
-4.080835035231208247e-02
3.741932937537196385e-02
-3.530541809280177135e-02
8.131190496508131429e-03
1.993143347005628396e-02
2.453144896187144097e-02
3.095228250879340781e-02
-9.727744660070505867e-02
1.238799418363117216e-01
2.365472195208783920e-02
3.212153916897141775e-02
3.804861290027979071e-02
2.402509154118646906e-02
2.534903353100413648e-02
-5.778378894396086346e-02
1.044089508316144339e-02
2.911250174289493897e-02
-4.891006908327164004e-02
-2.478502549132144406e-02
-8.000477083255624899e-02
1.486577071289209642e-02
-1.466838613237891609e-01
1.153097248030659217e-01
-6.806787699557588500e-02
9.331238355607986146e-02
-1.138037805715590677e-02
1.690419581981088271e-02
1.846702818369270679e-02
-1.776262315064869313e-02
1.529491807512641487e-02
-1.571189880298915972e-02
4.750749151653471669e-02
-1.524774335929331842e-02
-2.886771038540260695e-02
-5.135231373591281345e-02
-5.310785630579448191e-02
3.384313450834494641e-03
-2.784836522557404201e-02
-4.981431191465852254e-02
8.158398008303087423e-02
1.286202217151190090e-02
-6.739155136120414565e-03
-3.039086029330957672e-02
-5.304357536833814030e-02
-1.713144998498015992e-02
8.585065631433880240e-02
-4.477115908866136085e-02
-5.627466215959388285e-02
-2.571383365259752654e-02
-6.572899900770463877e-02
2.036817254692572382e-02
-3.776138750465228566e-02
2.370700201313407154e-02
2.640431501687843380e-02
-1.100002983877704753e-02
-2.840272615189943714e-02
-9.979216063409897253e-02
-5.934864355497256744e-02
2.608987216397827893e-02
3.398392932081378826e-02
-3.723593476680648467e-02
1.543113796785880627e-02
2.677073956649418662e-02
2.276499951812533187e-02
3.009146826331049462e-02
-6.005079427974065014e-03
1.077771526085944814e-01
8.490633320786954152e-02
2.248801796451639287e-02
8.050698430420458185e-03
-9.566455533246065110e-03
-1.317626611485829720e-02
-3.831730655581545852e-02
-1.850780464221323668e-02
5.284579296871744908e-02
