-1.865240762320993506e-01
1.282385093669240472e-01
-2.732632222399581923e-01
4.098780507056330041e-02
1.147459651466353620e-01
1.695337429186505873e-01
1.598914404328732053e-01
2.064308731830682697e-01
-7.432863511472978524e-02
5.234893529324566308e-02
-9.930531475208817863e-03
-1.361489027719580414e-01
-5.580913664907168059e-02
-4.867270585351483880e-02
1.257116466831023627e-01
1.947913503302748164e-02
-2.397161328673631103e-02
5.493670904062492033e-02
1.343505053105166769e-01
-9.220200984015310131e-02
-1.185501010594526838e-01
6.663420218975647791e-02
-5.840880867301711382e-02
-3.391921473258695946e-02
-8.000614115212426047e-02
5.417829531529674836e-02
5.506782669630740090e-02
-6.000202846753589087e-02
1.307759182504293627e-02
6.744936934222846639e-03
7.635499273856419244e-02
-1.061585192426789115e-01
-2.872930142095166464e-02
1.268373182916453235e-02
6.636466566322589238e-03
1.390676987421005095e-01
-3.714415471085429771e-02
-1.716944969846076127e-02
-6.338745997175848634e-02
2.127133660215468347e-01
-1.378842596487518113e-01
-1.572754082786492480e-01
1.274136410628199517e-02
-8.318298099529590484e-02
2.285493298946211435e-02
-3.678764583885553788e-03
-4.548626626447729165e-02
3.304144642045424296e-02
-6.771393698621579194e-02
-1.759886931634947055e-02
-4.183055459143871987e-03
-2.714591798575323456e-02
-4.077975424026536455e-02
8.220106896128701046e-02
-1.746004482243661282e-02
-3.768937971373094442e-02
6.229362977379888922e-02
-3.773683761230743616e-02
-1.273162915272784204e-02
-2.081076175270047887e-02
-8.101421587380995548e-02
-1.170702529115332999e-02
-4.413053877437335404e-02
-6.091495077861415475e-02
-4.339592160217756178e-02
4.325290566992888441e-02
2.362284505488998487e-02
-4.059036207094621207e-03
-7.256427618880590194e-03
-6.753566564925538029e-02
-2.778822210879489454e-03
1.594524548710406567e-02
-3.803537618796809516e-02
2.485495891600942794e-02
-3.197895060424707503e-02
1.172223615608169317e-02
6.556352630841004447e-02
-5.315125771533370236e-02
-2.528914460490902516e-02
4.086212952433295950e-03
3.261469715440851180e-02
7.234010184168390700e-02
9.708442706678103995e-02
-8.873464247684972883e-02
-2.058168612687933524e-02
6.873833803625792327e-02
-9.626767122397207610e-02
-1.378327455195277849e-02
3.853885581709690783e-02
5.545070106751532127e-03
5.801599653672266654e-02
-1.415016061402488839e-03
-4.847090837879856201e-02
4.195244432239800259e-02
-1.476227962066426445e-02
5.674883008242385951e-02
2.621737918668184605e-02
-4.479217759683506994e-02
3.214528986271923683e-02
-5.971214318392336490e-02
-3.351065090061113722e-02
9.271972007847045782e-02
-7.146997276393741994e-02
5.562315847388089179e-02
-3.136517530342661231e-02
9.435803163702130569e-02
4.747581359518506829e-03
-4.449188132122711831e-02
-6.195506972241560106e-02
-6.359334747904439589e-02
-4.299753214874271062e-02
3.108813475019802514e-02
-1.172747545400146252e-02
-1.486845145786423609e-03
7.952645807612783446e-03
3.467620877718848027e-02
1.893837188386315179e-02
-9.788036092559915247e-02
-5.548071717430729660e-02
1.579333964935281456e-02
4.654788323071081674e-02
1.131181321839240571e-03
6.932213103220848105e-02
1.000396953108295267e-01
-1.479668997732442801e-02
2.911312224597735129e-02
1.780029496992305629e-02
-4.181564794380892430e-02
1.515962121451516244e-02
-8.352319734086028485e-03
3.311033473761869263e-03
-1.201040768224562877e-01
3.198087731380466758e-02
3.949179960389780086e-02
-2.849944835092307199e-02
1.369670782954936217e-02
-4.157815563939409181e-02
2.093532183550273970e-02
-7.502471809577373162e-03
9.701411906888994519e-02
3.636934705332556250e-02
5.611457081683319387e-02
-3.271393959758556180e-02
-9.109854609440554141e-03
-1.436038490791147759e-01
8.845286965453232498e-04
3.396038547365973215e-02
8.634031712943718295e-02
2.206697638425085886e-02
-1.052608754003731169e-02
6.299228170091962509e-02
-1.056086971784016802e-02
2.765490732817831379e-02
1.061606825656909343e-02
5.938953763975381855e-02
1.349491035483308364e-02
2.342527282043158424e-02
4.825562393717913040e-02
-9.547146694977744208e-02
-1.052437040239651012e-01
-1.167572471132296598e-02
2.743056397144599465e-02
4.510092435295876695e-02
8.821963639229743470e-02
3.782380995777560179e-02
-5.137587936281727552e-02
-4.674390057675431587e-02
-4.065563358244992515e-02
-5.121667230990040350e-03
3.673437400968420502e-02
-7.085001171137941811e-02
6.903768785804810515e-02
5.693710678831492844e-02
-5.521452703806094264e-02
1.572505976678549924e-02
6.684336848348249038e-02
-5.242637549669205976e-02
8.224845925601936836e-02
-1.972815379286580947e-02
2.065108147287473411e-02
2.424770738614712498e-02
4.496602088200522124e-02
2.909371994271317194e-02
-2.712523120945065785e-02
5.999536948888947036e-02
-2.886288661694474955e-02
5.569826634470494142e-02
3.623461259198233059e-02
6.440892025458112846e-02
-3.271995633971278017e-02
3.300176296395224834e-02
1.200328899745915501e-01
2.325528295437661805e-02
-4.154651704034309501e-02
-3.216012890650490202e-02
-5.844071768744461826e-02
-1.033857475758487021e-01
1.193231510170341368e-02
8.852459733315007351e-02
-3.027746325336042044e-02
-7.619291252227199107e-02
-9.199368859447866476e-02
-5.945085432637615269e-02
-7.411280984235735225e-02
-5.761929717939096030e-02
1.031205038934201179e-01
-1.787236066776143328e-02
1.840670145173377986e-02
-3.392090482869011131e-02
5.409257364094491316e-02
1.322577945136725261e-02
-6.158473586429306229e-02
-4.551158390410250595e-03
-2.600841570448820736e-02
3.654095941163955363e-02
-1.607822224850001883e-02
1.942829694224468273e-02
-6.391368829443570820e-02
-2.482261047659511249e-02
1.490242238953758125e-02
4.056480781786656747e-02
2.768864164639721348e-02
6.568017674144956651e-03
8.534809550919907062e-02
2.572802876097538341e-02
2.577349234615015916e-02
5.669978349351040975e-02
-3.213785343986536730e-02
3.168257535159844235e-02
-4.423539233661286790e-02
3.049234207191509408e-02
-4.777117479017180951e-02
-6.306931628130126033e-02
5.614536436783262169e-02
-1.260186357392787705e-02
-3.257001101344118854e-02
9.396667298337554874e-02
-3.878354793091116914e-02
1.100915080824004834e-02
2.812022458729795948e-02
4.729798168321148327e-02
5.976020951709699186e-02
2.151096856823610931e-02
-1.401211356431947969e-02
-5.008647124380099375e-02
-1.278926142984530660e-02
-1.842708401073778895e-02
-2.911305464213322786e-02
2.040594993407365138e-02
-1.667807115743051918e-02
