-1.027551888437929113e-02
1.624839634735999738e-01
-2.747690801519112047e-01
1.396740244642243889e-01
-6.263187066035068307e-02
9.194511712273255311e-02
3.016651467137910353e-02
1.186888638265342771e-01
5.156183413181546216e-02
-8.181853607378428150e-03
-4.116214670167781670e-02
-5.227843641612977404e-02
-4.357108090886874577e-03
1.198156571433343504e-01
-7.335639331330880142e-02
2.274039818180303724e-03
6.708419074118870951e-02
-1.130745129738872090e-01
8.691073483945638278e-02
5.727651832299358869e-02
1.076798325446051002e-01
4.076493619420909487e-02
-2.119194716525652986e-02
-6.276325418775621084e-03
-6.967794443360958434e-02
9.000712151671744210e-02
2.430707991090446957e-03
-1.555695631154020986e-01
-2.748457715416519065e-01
-4.850825419834500080e-02
1.870815752347613353e-02
1.113758357323298281e-01
3.748205512526427141e-02
7.913820260159727671e-02
1.306659588290256246e-01
4.520189222930736522e-02
7.222905243093729992e-03
-1.225287479205891192e-02
-4.134129727275639987e-02
6.656751430992810525e-02
3.169792673573205294e-02
-6.959922383028055437e-02
-2.867285242171585188e-02
8.833611244138740715e-02
3.722415174111717157e-02
-2.574311893660878592e-02
3.462137932163733556e-02
-2.292705362218426524e-02
-4.998259060431045619e-02
-1.310495124069479059e-02
-3.213179192674760210e-02
3.543712318412135798e-02
1.294171228092739698e-02
-4.079360286236082683e-02
-6.408163103508043856e-02
-2.906345993258783317e-02
4.074799387123401867e-02
-3.455721752056065132e-02
1.307911902961873644e-02
-1.417989331885367021e-01
-1.366456969665190424e-01
8.137500796091982902e-02
1.296176928571176057e-01
-5.370838780106929750e-02
-1.072837493780187390e-01
-2.131028574816604126e-03
-8.543523888286905232e-02
1.304607183689550191e-02
-1.012750224749786182e-01
-1.106572364441667372e-01
4.103810699487745600e-02
5.388657207996297958e-03
4.570562034529044790e-03
5.721493330107661063e-02
1.152699932374359609e-01
1.568384013833809820e-01
1.684106843798824915e-01
4.614557317707079775e-02
-2.562767923025394481e-03
1.053092923468938041e-01
1.236558633347841496e-01
-6.378617109468061319e-02
3.335759798275938354e-02
-7.658883393020236852e-02
-1.007119318091038024e-01
4.237416698918517605e-03
-8.075052553156501778e-02
-6.079266232537082308e-03
6.976629574904799798e-03
3.557295165557738253e-02
-5.821005320281568557e-02
4.204150479966708986e-02
8.461627404643538505e-03
6.916684028728183053e-02
7.539111476703139192e-02
-7.131204114747682205e-03
-1.395052132195241310e-02
-8.902804206524753128e-02
-6.512857640766911427e-02
-3.807287837684543430e-02
-4.069317289461127363e-02
4.605541811622058078e-03
-3.248780617740051890e-02
7.997304683960262950e-02
5.552959089167070969e-03
-6.953892719794341204e-02
1.609675289381128430e-02
3.166378441186594710e-03
-2.193650750345366510e-02
-1.016690764279767033e-02
-5.083540787695475793e-02
8.412507551911637543e-03
-1.371297449316698919e-03
1.375578123695760796e-02
2.368163118936475464e-02
8.228006943102716964e-02
-5.561014745015102623e-02
4.300857001830486054e-02
-1.618619934039258745e-02
-4.132735045555448530e-03
-1.658244355567642728e-02
6.235612308052261576e-02
-1.876710134675441469e-02
1.250551188379836476e-01
7.331258806759378965e-02
-4.155716694686079765e-02
-1.091436685754947587e-02
1.295343662610405969e-02
3.369026017227746972e-02
-6.599173300669172737e-02
2.063194863437335918e-03
-3.529726849522830251e-02
-1.998163399394248425e-03
4.729204664470312847e-02
7.580729681106344875e-02
4.036843430100928165e-02
-4.758238523652304208e-02
1.824932978435093306e-02
2.197135844158869256e-02
-2.794964714080478557e-02
-4.544079186715163643e-02
5.381577507255005249e-02
2.298860643436174619e-02
1.408215608532600860e-01
-4.670782638971871653e-02
-2.506265598000934763e-02
-1.777285110798174084e-02
2.834202618734905921e-02
5.929941880232102169e-02
-9.209054409655848678e-03
1.158481902711345629e-01
-8.568724788468831677e-02
8.792582477968317878e-03
1.183964638113866180e-01
-1.566655961309831868e-02
5.078384008402113403e-02
-3.336275154107879587e-02
-1.684182858784036068e-03
-3.005487571428483093e-02
3.491071941153285618e-02
4.618074621260079282e-02
6.540123185250553729e-03
-7.497602785414220206e-02
-2.497047170557085277e-02
2.315525962651574909e-03
-2.501066946046227174e-02
-3.309177100269618255e-02
1.259207555869474963e-02
-9.019789980375418278e-03
-1.516379778930012322e-02
-5.437931667477782088e-02
-3.459915460138487248e-02
1.670822258840958668e-02
-1.022218277674731973e-01
-4.195898344707749313e-03
3.955932564486150382e-02
4.602092148522001630e-02
6.445410446261599924e-02
3.350241297153487563e-02
-3.074619335309453430e-02
-8.526588007259734703e-02
3.738346111266601518e-02
-6.338792987554800473e-02
3.152096642693922451e-02
6.794322449355580515e-04
-1.457071985595422220e-03
1.014079520698799586e-01
5.623572501064871831e-02
2.893220524414029382e-02
-3.462041302945245008e-02
-1.828910881262890004e-02
3.361240923191483737e-02
-2.382940947417391559e-03
1.952448116127109001e-02
-1.474864645693194261e-02
-4.790557776262920064e-02
-1.360720415060894251e-01
2.744102314441826049e-02
4.049292494416259491e-02
7.599143989176394831e-02
-5.140055996615733314e-02
-1.449270786689411429e-02
5.336255182809720998e-02
-4.108352272756728022e-04
3.962477583551804461e-02
-2.917439027541318675e-02
1.139625677015404862e-02
-1.080356535368210552e-02
-3.105083306925080985e-02
-8.149192931529150238e-03
-3.523822804273153003e-02
2.591209123000652766e-03
2.336887461885540224e-02
1.616961132455197944e-03
2.563756762027931749e-02
1.880636501920043835e-02
3.101817239340153368e-02
-2.416767615836435887e-02
-2.785514376512255794e-02
-4.599012897426151686e-02
1.110604701729212829e-01
2.949094759518310765e-02
-6.374133513730173561e-02
1.412802919631668021e-02
-3.814802369909037205e-02
-1.408390185320670951e-02
3.371883021121070689e-02
2.082340332593953999e-02
1.349034077376836359e-02
-1.805758520512928955e-02
-9.267837184236647763e-03
-4.383420227081425563e-02
-5.778414381745573120e-02
-8.559383964014897692e-03
1.091368401107215280e-01
2.699884784061265617e-03
1.525192363656207965e-02
-4.850612835553824720e-02
2.616158787214508882e-02
4.034195789514330444e-02
-3.737940268548947762e-03
2.487152338583813183e-02
1.043245439812725411e-01
-4.266953030036650663e-03
1.707277242002903581e-02
-1.297475947365062977e-02
5.904174088635039293e-03
-2.348222069214298685e-02
5.209020269851322854e-02
2.484887993897221328e-02
