2.052752011686674316e-01
1.343630078901188740e-01
-1.164745178877648127e-02
2.461149082456992663e-04
-8.071254125453236616e-02
3.005413770748258800e-02
1.242693820898159440e-01
1.271729153506389320e-01
-1.852469256896575531e-02
2.987797229273909949e-02
-6.203592712936649434e-02
2.609944108265716683e-02
1.060479033527690906e-01
4.788046142228755131e-02
-7.404448655434307802e-02
5.949250790398361022e-03
9.661012029410002977e-02
-5.901826226124775449e-02
-1.194498553635086474e-01
-1.009832884390014091e-02
1.241653189702212612e-01
2.032808457232465060e-01
4.068960712222497930e-03
-6.651322463391320938e-02
-5.066337155084963718e-03
-5.448220983176120524e-02
9.152503720467687620e-02
-6.571761538537623792e-02
-9.582322161222550649e-02
-1.610206538797297193e-01
5.943421665939843147e-03
-1.330981541226712306e-01
3.989591883515729298e-02
7.973612978770534820e-03
6.060444651447114556e-02
-2.920133017519642091e-02
9.690621332057244852e-02
-7.869483619125201834e-02
-2.874920870938266204e-02
7.278032830742742210e-02
-1.429581843843041322e-01
-1.029214723214584570e-02
-1.291419339766805389e-02
-3.162538482928103217e-02
-5.020598400100801523e-02
-3.485094409641179003e-02
-5.976306539092467868e-02
-1.238256068703859625e-01
-1.011441855220666236e-01
1.829490583320897076e-02
1.155332798878409145e-01
1.221949093031157035e-01
5.834479966613698859e-02
-5.671340657833475601e-03
-2.908666864749535723e-03
-4.032429324280766003e-03
1.334256118131335322e-01
-9.105042724166237389e-02
-9.354843891231441610e-02
-1.377053483665719447e-01
-1.669408915279368411e-01
3.262454975351145037e-03
6.864774402654122420e-02
-9.102674642354964540e-02
-5.484013794552938456e-03
1.151845260210898475e-01
-8.479415381643186367e-02
-7.818445660087840546e-03
2.062908929855387652e-01
-1.401110876466477029e-01
4.162908976080625933e-02
-3.347315104258039020e-02
-1.619337398581210258e-02
-5.138297034124855722e-02
-1.601171064686341891e-02
4.540053328546703876e-02
8.375392006078917267e-04
-4.090945785038201804e-02
-4.907559753641029497e-03
1.408594677390605514e-04
6.184588442400869301e-02
-1.308674872965030246e-02
-5.568141970899984083e-02
-1.662280823427310927e-01
-4.302735099029313115e-02
-1.016013412317309100e-01
8.102088869037779584e-02
-8.530708364875606853e-02
1.132241186016347051e-03
-6.590716129035405213e-02
9.768420271563252669e-03
1.156221409158079833e-01
-5.766865434897430059e-02
8.849660832832507984e-02
-1.759739809970682287e-02
-3.515051472554411860e-02
-5.812564445851193628e-05
-3.551844508696269664e-02
9.665768065047748714e-02
-3.558650673902095246e-02
7.407028705407707470e-03
3.981855045598061207e-03
2.500197592323992815e-03
1.787255927016911331e-03
-2.396432552957316209e-03
4.012262540855816156e-02
1.927853746555845127e-02
-4.047114743513190172e-02
-1.279919404570859787e-01
-3.653986666821654877e-02
3.719332476802648946e-02
2.839899756151696361e-02
-6.801982146626263381e-02
1.509720050738283179e-02
-6.173248145727026209e-02
1.439581773091678715e-02
1.632588720716737773e-02
-9.848878749103459618e-02
1.680904213671767511e-02
7.303482258208225664e-02
9.724840942230769669e-02
-6.627227644961937447e-02
1.003338047422313618e-02
4.599381229924785069e-02
-8.629084776120687916e-02
-6.047408609476247893e-02
-1.079235897474237205e-02
-4.367170108313663673e-02
2.661409315629865643e-02
-3.703785936911579979e-02
6.100609306167819462e-02
-2.531694736415186341e-03
1.501926908777549349e-02
7.286806325453319688e-02
8.541081556809741737e-02
-1.050898403799762921e-03
-5.489955527097586246e-02
2.944641836265681628e-02
1.881383039011835139e-03
1.335402733408345699e-01
-6.570913665889112354e-03
6.159294679054450050e-02
4.795355731819635203e-02
5.740084582413582798e-02
-2.781966207840112434e-02
-1.105524255181390969e-01
8.662343905559569471e-03
-1.543777372787677980e-02
1.171339375921346022e-02
8.512806991183398744e-03
4.939606690152741758e-02
-1.605857548270888790e-03
8.102294213194841110e-02
7.287756870180360502e-02
-1.583415419105596578e-02
3.071027852934445773e-02
-4.727810752156564461e-02
-6.360780353164624534e-02
-6.293808349939807034e-02
7.807453123679990170e-02
5.455530572767000597e-03
-1.207201739351361318e-02
1.722910341800958783e-02
4.052801451862778070e-02
-3.996755744995146575e-02
9.868310267966029503e-03
-3.701050222819116803e-02
-1.359004063460274997e-02
1.179655814282333168e-02
-1.306088198986563031e-02
-8.641084161298646926e-02
5.941162880212167569e-02
-5.635703510575721178e-03
4.727552415958970709e-03
7.098217589207613670e-03
-3.154695660929370676e-02
-4.765825917233190712e-02
-1.517774840899143579e-02
-3.180055664326454645e-02
3.892599889329546176e-02
1.972622084797765601e-02
8.646943093779965381e-03
-4.905390391981751669e-02
2.173110846145433206e-02
6.146195709035452009e-02
-3.167052742380920688e-02
1.251575949291825265e-02
8.794780950856578849e-02
-2.763167281461393829e-02
-2.628242922261914832e-02
1.308688120975163259e-02
7.936200598154959096e-02
6.767547256288078059e-03
-4.054368029061004158e-02
5.179677193775263089e-02
-6.213253824326134961e-02
-2.794366345324595519e-02
3.579705074005955917e-02
-1.613203569889633954e-02
7.681951411687601428e-02
1.201892599290563766e-02
7.945328477136592155e-03
-3.775470919741211878e-02
-3.977218242051513281e-02
-5.809066971176082839e-02
1.346855638168319332e-02
1.021867045594572615e-01
6.980419595107562047e-02
-6.481840669759926510e-02
-3.078950162993976045e-02
-8.031506783051719708e-03
-2.929562288731800759e-02
2.833421479196662068e-02
-6.899033756858045929e-02
2.828990019807175668e-02
7.563057144749045849e-03
-1.533314756785145866e-02
2.791302742981340360e-02
2.184146438586217695e-02
3.548386778051558499e-02
9.162174767864773861e-02
-2.648105001453806423e-02
-4.734868629554916247e-02
4.335802132321266850e-02
-1.999932857686933380e-02
4.927441704848120607e-02
-4.389065757060969623e-03
-5.025837988108401017e-02
3.632266554208610915e-02
-1.284321718338053697e-02
4.345777883951410653e-03
-1.827377525704684466e-02
-6.566975694877079384e-02
-4.810223311191387519e-02
-3.851898690198454767e-02
9.281092218821061432e-03
-3.047029082578527059e-02
-1.754801614193609097e-02
-3.932075647523335105e-02
2.156378609347461405e-03
2.085170554882618058e-02
-1.036878697076521610e-02
4.950589290552993849e-02
-7.965432332513410624e-03
4.482017108156589880e-02
-1.208728572519188887e-02
6.354341820239989974e-03
-9.376279171626626435e-05
4.487409048280718155e-02
4.920857443812021864e-02
