6.351735005209392659e-02
2.602594379542010339e-01
-1.944830845823461996e-01
1.838902432221455885e-01
-1.365470906925481676e-01
1.505285394350791214e-02
6.296809616242525498e-02
1.875925100409413793e-01
-3.645245588126998920e-02
2.205505765621243175e-01
6.682372807514196100e-02
-1.583388607950236560e-01
5.524529496736238499e-02
8.644394675427885533e-02
-2.849938517283287856e-02
4.605755503742223894e-02
-9.172615052772033206e-02
2.894790895073644232e-02
-8.645466490239617219e-02
-5.939652930904749245e-02
4.463931192873765719e-02
6.830163781729498007e-02
-1.019300664750264762e-01
1.711077934311093784e-01
6.355575106047609002e-02
-3.289024180682262322e-02
-5.439391901085776325e-03
5.869961074181331145e-02
-8.507161418450448487e-02
-1.267365376079939709e-01
9.297235711885284970e-02
9.428034666569355682e-02
7.790417690622175595e-02
4.759516554727338117e-02
-2.638910469175736323e-02
-6.786294469753725855e-02
5.851842625070888954e-02
7.564998651284475864e-03
-2.204903979152108076e-02
4.891107423539822058e-02
4.024541734830700684e-02
-3.129678769722640808e-02
-6.820879271258435683e-02
-6.593647704325097947e-02
3.660220274684555797e-02
7.549569979472268988e-02
2.086328492113948690e-02
-1.795478913285212252e-01
-6.482417903512574520e-02
-3.534135257118330847e-02
4.344690088356983199e-02
-9.645892974034478429e-02
2.867514232141928771e-03
-6.405619300171232211e-02
3.347427847652811178e-02
-6.649941875901853316e-02
-1.342929344334008526e-02
6.791609169313815586e-02
-1.414317330929878991e-01
-1.161633575640850374e-01
-4.555212949865373312e-02
-6.920220119875844511e-02
3.320048782032076345e-02
1.143291888668346301e-02
-5.905846389836583860e-02
-8.036358228839298595e-03
-1.595270391957120115e-01
-2.901300292672290282e-02
6.597962270955769204e-02
-7.205746124244775952e-02
-4.352189378616147519e-02
7.654187979997127689e-02
-4.533025700577906006e-03
-5.456824252179791335e-02
9.659782192088434138e-03
1.333300419485544674e-01
3.481961087063109583e-02
6.499164156590162000e-02
1.178463457581136048e-01
-1.084055346493776294e-02
1.215235239180997157e-01
-8.366917522415852349e-02
-3.559343385731860571e-02
-6.227162134017683731e-02
1.531732595501452202e-02
-8.118864075381970746e-02
-1.717941645213745885e-02
3.092475872802009224e-02
2.866558473711084201e-02
2.551881837201388364e-02
-5.459633499281880790e-03
1.034946430263193259e-02
1.901597454546496979e-02
5.580076128683154196e-02
8.250915756295039427e-02
1.023013103569503195e-02
-1.983017832585566922e-02
-7.913430627517828442e-02
6.258265244095745361e-02
-6.057334101125474990e-02
-6.860720744132790816e-02
-6.990618555153493840e-02
-8.176950294016559206e-02
6.661165210618344434e-02
-1.374011973874266282e-02
-4.324636228424079756e-03
-3.558387627301016348e-02
-1.785407950162482688e-02
-3.621590566963591579e-02
-2.556018905837759148e-02
-5.462415439000232326e-02
-1.897299955030662746e-02
-7.063245955628792705e-02
2.100221123590870556e-02
8.887392843047191987e-03
4.002313524467626671e-02
5.979955215879691893e-02
-1.400875953969235033e-01
-3.246813792268598252e-03
6.088809274306972857e-02
6.716739149948999787e-02
7.423157273301182746e-02
-6.556332164446546096e-02
-2.048139115955766726e-02
-5.504461983111465923e-02
1.294916136875929550e-03
5.198748995313907245e-02
6.998005202454736506e-02
-3.346827085210565822e-02
-8.237029951664052996e-02
-5.377813750755635995e-03
-3.260023739152059785e-02
2.269868245065811627e-02
-2.863745813186026681e-02
-1.414406421269325843e-02
-4.402202851933065264e-02
4.455435183108150121e-02
6.212163553499355784e-02
-2.137526423200520817e-02
1.511238404005767200e-02
-4.836898853396089104e-02
9.640974231538595660e-03
9.137187135794398035e-03
-3.468744313333714524e-02
-5.794889662861444496e-02
1.428589193698468103e-02
-5.749327293093888652e-02
5.981921347508857914e-03
4.560537889694365847e-03
-3.898279219270176649e-02
5.156053900838886150e-02
7.998397552019924361e-02
4.510046537162025471e-02
9.699504195158933917e-02
7.124769491191454245e-03
-1.202255357005532245e-02
4.904457320764942646e-02
9.272597624907294792e-03
-8.397317467362649945e-02
-2.476240384245962170e-02
3.472338647718283683e-02
3.836643040749592587e-02
-2.407859281941987853e-02
-6.180036416531102875e-03
3.051043744824890117e-02
-1.803874568415589699e-02
6.635192475260139056e-02
-1.426476284881707940e-02
1.664071003943775467e-02
-4.969425000101614087e-02
-6.898787237064150923e-02
1.862431839419666484e-03
4.063034905632972871e-02
-1.063182265048720661e-02
2.291195311765518647e-02
3.814913190139743865e-02
6.170311574497257950e-02
3.538060693530728495e-02
1.055218749266003710e-02
-5.352660236909583674e-02
-5.880057979318612654e-02
6.300936444609994691e-02
1.502284995562532151e-02
6.221666523040325636e-02
2.928071769004845018e-02
-2.890565077440123559e-02
7.507956940077882557e-02
4.135672546377173325e-02
2.654731684629184352e-02
-7.715216569229529919e-02
7.687847743877698412e-03
6.645111882403120784e-02
2.329077479856643193e-02
-2.522693657407983417e-02
-2.443526138527333386e-02
3.838271243504995378e-02
-6.479014720814174622e-02
-2.030382489679858141e-02
1.909612171673723616e-02
4.936560563772424137e-02
-2.707274504364873616e-02
1.643208162767621772e-02
1.189536943029362477e-02
6.024660816482454301e-02
-1.179224992245141330e-02
-4.537446083320562790e-02
7.959931688601392871e-03
2.441437123671344467e-02
-4.358688535945891285e-02
-2.666839095894206913e-03
-8.742206310555940274e-02
3.387992966196235259e-03
1.807936541746679726e-02
-1.824573565289313096e-02
4.914745377588393416e-02
1.975938393351380981e-02
8.538087030534211030e-02
-1.840445982087270116e-02
-1.878577330055008002e-02
-4.015622460617138817e-02
6.301038847299013368e-02
1.796801956027338498e-02
-5.305391155658376739e-02
-2.080460818033155398e-02
-4.465450166094216133e-02
2.535548608302845217e-02
9.844960388064601109e-03
-2.408159663163110878e-02
1.558285612764099409e-02
-4.164393087224057405e-02
-3.922340437766692195e-02
-3.610787083272078840e-02
1.226879790291653463e-02
-5.422806078887652814e-02
6.055682004409300434e-02
-5.182129038886110900e-02
1.963349689447968852e-02
1.354777335453515898e-02
-4.983153787276105307e-02
-2.323373650078280547e-02
-5.258855960345139302e-02
-3.023309683215556071e-02
5.929699389532094855e-02
-3.324083447979428452e-02
-6.126353513524334521e-02
-5.591907052687825758e-02
1.699840263218140024e-02
-1.700004107520570323e-02
-3.858393371897244489e-02
2.593764537010191662e-02
