7.887427032232199875e-02
1.436178453872456462e-01
-2.858682051885775843e-01
1.017080774160150358e-01
-3.116746042921500481e-01
-7.854221419581115804e-02
1.549469169418740411e-01
-1.620602159143848947e-02
-1.243174050463966007e-02
1.469308413944389879e-01
1.083618847967882451e-02
-4.858976027487410532e-02
3.780581120545457863e-02
1.059507197072796780e-01
-5.436237815287771336e-02
6.663296562037540616e-03
-1.499857381930166655e-01
1.418103357051777869e-01
5.003035494805456451e-02
3.935150426768978249e-02
6.362346036928895332e-02
7.983411242031347721e-02
-9.287397574762827623e-02
-6.208318037952755691e-02
-5.357692829337982326e-02
2.955361482800232531e-02
-1.550952220841082807e-01
-9.938965195370835781e-02
-1.259544681632800700e-01
-5.192995207991780299e-02
4.277012040586306019e-02
1.479838470349465751e-01
7.430628933183328066e-02
1.083449281842196847e-02
-2.480602417976815813e-02
-1.209896372209463972e-01
1.592985706866323348e-02
-8.510262977197598222e-03
-5.417967065245148095e-02
1.163119273818168792e-01
7.070157437072004981e-03
-6.324369746549385329e-02
2.610956377097619838e-02
-3.874579450141862891e-02
-1.045022989052214225e-02
1.997890049681338293e-02
1.283100351288859499e-02
-7.927568551601234248e-02
-8.642811513291218106e-02
2.365740933147017153e-02
1.766171417157902726e-02
-1.382016098530147036e-02
4.539324315247862673e-02
-4.867134766842513491e-03
4.451198843196837313e-02
-2.191179128527758618e-02
1.109957032528701218e-02
-2.080263317007182214e-02
-1.441463047397188446e-01
-1.946769123674162855e-02
-1.341369467759792877e-01
-1.270963329754209352e-03
-1.280602511822029332e-02
7.353336127853986326e-02
-7.041327934818421286e-02
1.872192637242823393e-02
-2.920006945594785450e-02
-5.064362997224092222e-02
4.857586889611601594e-02
-5.869107525292779903e-02
-6.969373201561142317e-02
5.087479425396883997e-02
1.297878691319765895e-02
-3.206834568966039634e-02
1.562212715941419666e-02
1.344783290394028497e-01
7.961445906980997578e-02
-9.335169569787712604e-03
1.088593331135832010e-01
8.462060545084434948e-02
1.333795079360898528e-01
-3.186082283891748801e-02
6.044380203285105784e-04
-7.302714117562771057e-02
-9.872498534989114505e-02
-9.393780753308345055e-02
-8.251087675861225323e-03
5.714166477947564549e-02
8.705648806405862083e-02
-3.767237570808813947e-03
-2.276200236123923984e-02
2.478698059949885433e-03
-2.856559866605079545e-02
2.193660663559426557e-02
1.215319553433073969e-02
6.710677250618535435e-03
-4.990089773286766894e-02
-1.276086183282133975e-02
7.085682520233334281e-02
-6.449317154970445054e-02
-7.203755978790062076e-03
-1.506112415435745776e-02
-9.958233776845377971e-02
4.665302163971164762e-02
7.349794804536784187e-02
2.477876316417716718e-02
-4.519067685002499044e-03
-1.410499946758295153e-02
3.513547081460963867e-02
-2.293424241429141766e-02
-4.207026883096608161e-02
-8.768010010013774225e-02
-2.386578001284151568e-02
-3.132460257530710751e-02
3.439482554293713662e-02
8.104197758599043788e-02
-7.124549032772693399e-03
-7.870447593454413249e-02
1.577082360809233669e-02
6.022923566611812496e-03
8.974746986981875507e-02
2.101909085128355476e-02
-6.407163668302411075e-02
5.703584899527376628e-02
-1.030179757369362875e-01
1.463815449738286104e-02
2.312131950334108971e-03
5.405311562672344278e-02
3.291624153582903972e-02
-6.633368140854033201e-02
1.311271154361895799e-02
-2.327839643169253916e-02
2.607030269110591561e-02
5.698510959304937951e-02
5.265008637215641552e-02
-1.229148975337547578e-02
9.907422635106282599e-03
1.548931123058391868e-02
1.153450743767057418e-01
5.871833626851879345e-02
-3.352811437859145888e-03
8.803367808106253578e-02
-7.987477568160768204e-02
-3.815286741231454365e-02
-6.381895054688224711e-02
-2.782677949111644639e-03
-1.033932386166266371e-01
-4.934700346154159787e-04
-1.387129169396974192e-02
-7.017885417942386177e-03
-1.433541374529341897e-02
-9.640812511336003393e-03
-4.070506586597506110e-02
1.048006048509467908e-01
-2.431519546364900239e-02
4.170563644300139677e-02
2.653116385539717667e-02
6.897363033224314897e-03
-4.967315738252377905e-02
-2.595832383041277169e-02
2.214556427663144297e-02
1.765757284504786140e-02
-8.140478387721697016e-04
3.905293745100182207e-02
-6.943807847227007057e-02
-1.717828766902345164e-02
7.738769714198449889e-03
-3.172728951494007549e-02
3.843454283417457873e-02
-5.912421887744354065e-02
-1.167176143375196901e-01
6.031656222084621349e-02
3.801509493519499711e-02
-3.363086492898286622e-02
4.502332812752143226e-02
2.161439838792130613e-02
6.902114145630543207e-02
2.062944745978024727e-02
6.804978842708955811e-02
-6.062174863820996018e-02
-4.031962901874357186e-02
4.435191148754710072e-02
-4.316028553929156242e-02
5.315549125331046898e-02
-1.828477185686263121e-02
3.124881956067377536e-02
4.304419796093757189e-02
3.785211580131487424e-02
1.253048016398119503e-02
1.721265741834511129e-02
-1.489397108507584631e-02
7.435288740752649117e-02
5.129179648767411698e-02
1.607441219081020417e-02
1.816940167365577521e-02
-2.136406009044277549e-02
-6.493185868217528356e-02
-1.431050056836576621e-02
1.046327343865180448e-02
4.879346788778908539e-02
-1.503973273542481316e-02
-4.593970260137079584e-03
-5.101765371485895290e-02
3.541522231312054653e-02
-5.110484983410574361e-02
1.021482645565207834e-02
6.690143444975416021e-02
-5.660775974565827873e-02
-3.213985694228126827e-02
1.126049510033671174e-02
-9.632330944164689546e-02
1.986525858373370743e-02
6.993950507124457525e-04
-3.429028150467790248e-02
7.408823381597566538e-02
-3.109369916454177499e-02
2.040858758107475229e-03
2.295742732109189166e-02
3.260375073151267761e-02
-3.068511001938013100e-02
5.001137658552590182e-02
-6.173087414454539977e-03
-5.469952126315914126e-02
-5.319110013970444750e-02
-5.149178668937214737e-02
-7.318767464423351667e-03
-1.442681640881202185e-03
2.301954721905940734e-02
3.154585376045648815e-02
-5.136451426849697466e-02
1.164198627425898358e-02
-7.760617657315632516e-03
-2.087874227340839883e-02
-6.086915213735931418e-02
6.901683708542265261e-02
-1.983408450370381312e-02
1.362365993272811803e-03
-2.907129702703776727e-02
-4.090772999503967944e-02
-2.412133572957190358e-02
-2.973094186482507298e-02
1.791492204964608217e-02
7.948138227001709522e-02
4.540925410780778659e-02
-5.432435621007974946e-02
-1.681893791805127991e-02
3.880556656072280119e-02
-7.608044013955948814e-02
-5.136301426046206708e-02
1.491412336693617377e-02
