1.107902754965950781e-01
1.376398945592578194e-01
-2.622824225454856162e-01
1.447319787376238343e-01
-1.527001692806106148e-01
-3.489241438735934953e-02
4.768462657946748173e-02
3.327415354403688574e-02
1.178830261022542208e-01
1.502012072318568425e-01
1.027690513711234516e-02
-8.935386996042177232e-02
7.260914764300253899e-02
1.286085420330049522e-01
-1.248106079645792434e-02
5.691685432191792571e-02
-1.273868755793360619e-01
1.493020565129420385e-01
-3.855997423217645548e-02
-3.539518116734470532e-02
1.249548017857401161e-01
3.737106794123300213e-02
-4.216966012785335061e-02
1.153997777075700393e-01
3.035853413659427014e-02
-1.465046402622282307e-01
-2.910551052502759542e-02
-8.691744685186013342e-02
-1.459805127337420461e-01
-4.937142420862023623e-02
1.389581929704305219e-01
1.772754824425456788e-01
3.921952680165075034e-02
2.444497401344717172e-02
-8.916551656231090292e-03
-5.661426125571632217e-02
4.745698904618263908e-02
5.033553405105482825e-02
-6.545715515849623301e-02
1.088533922569152185e-01
1.050489342160409838e-02
9.719161612955858065e-02
-7.034094481327513027e-02
-1.584188871083189870e-02
-2.062602994772754286e-02
-1.123575371144327865e-02
2.818675281364651716e-02
-6.235903989809814252e-02
-1.394197464836038902e-01
-9.360080064881347306e-02
6.335882113827552564e-02
2.815830689076608776e-03
4.274362940284151535e-02
-3.755012643236075448e-02
4.447034251934067067e-02
-1.415782694109304213e-02
8.142327994681579362e-02
9.159783588175168800e-02
-1.378705836280427754e-01
-5.736223820445273541e-02
-1.144947343683791613e-01
-6.505231811548026211e-02
4.826066528657641658e-02
-3.335093298322956701e-02
-1.069211740082872536e-01
6.371094027489286604e-02
-1.177351143183001103e-01
1.967096948643123899e-02
1.342068820465016840e-02
7.109134194533921203e-02
-8.266907808352011444e-02
-4.733647093148823232e-02
2.274698742079397581e-02
-8.544109994685361587e-02
-1.474369369701960530e-01
1.118312700035844348e-01
7.822804167722421931e-03
2.365844950707131356e-02
-4.433523315443878982e-02
2.073199188733516884e-02
1.436493851374948949e-01
-9.372370387171487238e-02
-5.065468257422259257e-02
-5.256185718667714252e-02
9.611109196155043222e-03
-6.617903621743850828e-02
-1.170246326735824120e-02
-1.324499692510875369e-02
2.152619784514236273e-02
-6.950766517101811259e-02
4.797508365390996954e-02
9.222855670201794698e-02
-2.018299609827902547e-02
3.078806406457673325e-02
1.033394079086804446e-01
1.212203186106445077e-02
2.887289232460462512e-02
-8.187950204164413937e-02
4.117752526398661683e-02
8.005300020677896811e-03
-3.083909836518219233e-02
3.255893675802590953e-02
-8.306188436013905996e-02
-1.834505977406858390e-02
2.349236881059924356e-02
4.649452773442053558e-03
4.717477462510254183e-02
-2.787784622572053728e-02
7.751836676028242556e-02
2.352351551777288538e-02
4.349848107523335977e-02
-9.343152811635851984e-02
-7.401025841412678385e-02
-1.205647646049289902e-02
6.443271610847306485e-02
1.867648458947821291e-02
4.036118690502337597e-02
-6.049311362757624905e-02
-1.195570563874754364e-03
2.580452076655253418e-02
6.767334158423884971e-02
5.166996701774539957e-02
-3.764335610315753394e-02
2.305235142153016364e-02
-1.070140880029978314e-01
-5.093247753009561701e-02
2.928983028425900109e-03
7.632581265678710369e-02
-5.067828813044765977e-03
-9.371019995024881810e-02
4.994409570414282823e-02
-3.698629386725230811e-02
5.515773179390024393e-03
5.559059385834835137e-02
6.222179095083410494e-02
-2.912087342789026687e-02
4.217611395006049674e-02
1.623444946160600491e-02
5.371582865741231921e-02
7.269003087131607754e-02
-3.999216156023295554e-02
5.710229648501143757e-02
3.022107473860608656e-02
-6.215164070945203290e-02
-1.857143460300854712e-02
2.624057466698353006e-02
-3.691586302490469651e-02
-5.527593495062904649e-03
-1.217590724644588597e-02
-3.399754283316887282e-02
-1.178348679615454260e-02
1.355022062536217521e-02
1.082063965806483175e-02
5.991525101419139382e-02
-4.580986137853145131e-03
-7.589344164402866792e-03
4.483722828176893438e-02
4.587503095277539744e-02
-3.394805183787381886e-02
-3.034362721030057705e-02
-1.506301058076668512e-03
-2.070280938692022413e-02
1.115167864714685861e-02
-4.236302926822305137e-02
-4.733945231674696608e-02
-1.600526862301075715e-02
-2.539905237136412530e-02
-1.907037819483857824e-02
3.981443592369146578e-02
-7.897559772451231974e-02
-7.796473274619658556e-02
4.825607044576588761e-02
1.256001489313345390e-02
-2.818250872404290397e-02
6.047915372954121987e-02
2.680331990335056008e-02
7.359847649721398301e-03
2.451596605772583468e-02
3.194024670415666900e-02
-7.326235161563175724e-02
-3.793016536504816710e-02
8.755960216147166963e-02
-3.154221423455476347e-02
3.994779153255879900e-02
1.948664972719982985e-02
8.863342698142782916e-03
4.887297166847988199e-03
3.637009414695212967e-02
-1.534617203010544412e-02
-1.481667800815351932e-02
1.171368730597937419e-02
5.291046881122538070e-02
-7.163251598248124470e-03
1.644304120435561428e-02
-3.552071502429793304e-02
-6.156914818013595192e-02
-3.762627451938100470e-02
-3.440665904090915023e-02
7.404729774157652045e-02
2.856289840793722196e-02
-4.289981891527871322e-02
-4.820408911690176462e-03
-2.162903809900849211e-02
2.426300428730206182e-02
-9.778207071127153344e-03
-2.788791278535886556e-02
2.564412223963241297e-02
-1.970678118465679293e-02
-2.643931030081895714e-02
7.599936850851560059e-03
-8.371326442649235089e-02
-1.779480128066756456e-02
1.091530740880994506e-02
-6.204066302758558249e-02
9.577416035219231405e-02
-6.999026375660610810e-02
1.694244077275462723e-02
1.061720395805680617e-02
3.438996328346021619e-02
-8.106439131190508462e-02
3.961036887151100222e-02
3.677728122305440328e-02
-4.920341438051015898e-02
-4.647804242769573713e-02
-4.603364064854027771e-02
7.170954094751876007e-02
-1.034386354251153918e-02
-3.723083760871023079e-02
2.896100102778051411e-02
-8.677742697006150807e-02
1.358831220643264177e-02
-1.257123893175458515e-02
-1.115862352104368335e-02
-8.963019176122578868e-02
7.682721150706549318e-02
-7.637421632334073784e-02
7.051186587640255465e-02
2.196361967528031103e-02
6.848206864201213107e-03
3.027309114259089939e-02
-4.383909557226403630e-02
1.893358522414352596e-02
1.167398226935711936e-02
-1.023776130242114515e-02
-6.845674440487320433e-02
-2.365764277929541942e-02
1.197534770633452636e-02
-2.964107254285906767e-02
1.428960416952927757e-04
-8.639352977409808787e-03
