9.846048728043606257e-02
1.391482494647719448e-01
-1.868788460936131879e-01
1.043795579245309635e-01
-2.480949558408543643e-01
9.377407852283335676e-02
5.452372684578921103e-02
7.133911407767652701e-02
-5.865303991149575791e-02
1.612610373268530684e-01
4.928000125135199860e-02
-1.088589750198163536e-01
1.105116227364133230e-01
1.523810255107453382e-01
4.542430765868119696e-02
-1.075159302169418490e-02
-6.323791155025110244e-02
7.378573530730141161e-02
3.767551538662048619e-03
3.549755366498499876e-03
1.290808788824044373e-01
4.719684752401050870e-02
-1.532859190064344013e-01
1.204687051788007161e-02
-8.571520945503936784e-02
-8.034129267616844927e-02
-9.164432639776323719e-02
-1.270962610211752442e-01
-2.107781059521411371e-01
4.938008513203289568e-03
1.168365259345571089e-01
8.363780549609557691e-02
3.640266830561245115e-02
2.087545033974901564e-03
2.749292829136054314e-02
-4.035288556337077170e-02
2.214163148047179966e-02
3.552965127318316596e-02
-2.797755162773838539e-02
6.819061040578917876e-02
3.738192968486303558e-02
-3.074957183811239791e-03
-8.203516812770500488e-02
1.002862598916451908e-01
-5.908512552894293335e-02
4.487732144968212267e-02
-4.377254452183771544e-02
-8.571005993718867899e-02
-1.097871835104367727e-01
8.322619158151495222e-02
2.444637243606323507e-02
-6.746888810334121522e-02
-2.224572756217746763e-02
-6.038801672943567428e-02
9.428735592479755082e-03
-5.502629451430933460e-02
1.025024165033511375e-01
1.437268342688506791e-02
-1.101157101124571880e-01
-8.657957024273804647e-02
-5.994714849872167378e-02
-7.761207980743667703e-03
3.311060997658683835e-02
4.541953724643915669e-02
-9.166899985445886578e-02
6.926335290970352110e-02
-1.015679527701881524e-01
6.351080440420363293e-02
1.566458688315406078e-01
-5.098904092723414300e-02
-4.168086091830183054e-02
4.941872231198009974e-02
5.640965088023585337e-03
-2.752531022876519157e-02
-3.111509282910924329e-04
1.382567194417874124e-01
6.103502363484755028e-02
9.038797041073103056e-02
8.828036437163226668e-02
1.415745569522005309e-01
1.320931256801198550e-01
-1.101870451511495746e-03
-3.088390159210708391e-02
-8.015360380775771176e-02
-4.394348955920020228e-02
-5.395674281593437066e-02
-7.818010637771527493e-02
6.161110619930973420e-02
8.240466972759255548e-02
2.689141405898544043e-02
-2.166822335168288108e-02
2.863912250694884004e-02
-1.958743903439539094e-02
8.126188746248201589e-02
-1.152446298917446377e-02
6.810787060670354942e-02
4.803457614270223788e-03
-7.274019363080697076e-02
6.601173251226614969e-02
-5.774549267654620344e-02
1.823368449807681937e-02
-6.464698391329702643e-03
-8.112360869173067257e-02
6.217856411117536619e-02
7.861225517943054575e-02
-5.833402254182538937e-02
-3.926842237772264210e-02
-2.351800598477254284e-02
5.508704618809385362e-02
-6.031390158294659687e-02
2.168863187028132605e-03
-2.684238306693469828e-02
-5.492665292350518147e-02
1.693603759183693463e-02
1.449703006651891293e-02
9.871900571339432828e-02
-1.531959446086505854e-02
-5.023161951330593067e-02
-9.754829600178064816e-03
7.136252384901004345e-03
1.692201068431726380e-02
2.935386294777102278e-02
-1.067733255138846454e-01
5.446907245387697799e-02
-1.026520052580935788e-01
-4.476131513343834835e-03
4.593414151803359297e-02
7.079787763707516557e-02
2.491902235363486692e-02
-9.271390968827224188e-02
2.443683161157913369e-02
-1.606899147274372386e-02
5.028889605234458660e-02
2.420273389824407692e-04
-8.836825368856859528e-03
-1.032304572326097486e-03
-4.840572053356057697e-02
1.245737870776883471e-02
4.535038206499644731e-02
6.632597946969445712e-02
-2.262341152478484010e-02
9.536256261516805333e-02
-6.821525227035075967e-02
-7.726226010706432890e-02
-6.681527844191219312e-02
-2.923782503939319904e-02
-1.031130292703335838e-01
2.980591479393989579e-02
3.706550287018504225e-02
-3.480015730575808375e-02
-1.387077919318006371e-02
1.738218170893783901e-02
-4.086670003161387010e-02
6.202891217216482261e-02
1.135759333710486055e-02
1.353242743746906757e-02
4.227296069472904344e-02
-3.910221616046815306e-03
-3.268639080051893159e-02
1.315022579969207274e-02
-5.880559832683921427e-04
5.678275398340550638e-03
1.467410397788774037e-02
-2.960947490439638785e-02
-2.369776522753589895e-02
4.458692655346405825e-03
5.988604931146256256e-04
-3.230542125597001685e-02
4.180154287038549688e-02
-7.921433807021861784e-02
-8.914895850529408472e-02
1.605142624621008068e-02
5.834277356295816327e-03
-3.241883701722141076e-02
3.677074825946761993e-02
1.761643738294316544e-02
6.075852927761293820e-02
7.842330262565767873e-02
4.509871912512774389e-02
-4.508908352424147864e-02
-4.700972731401271976e-02
-5.957897376846435326e-03
-5.815634837990955180e-02
8.301054367446701610e-02
-1.584051715927015797e-02
4.894986345049485987e-02
1.753489808495156026e-03
7.794035367238466572e-02
1.452353586698964388e-02
-1.780270460532150725e-02
1.750728655978896556e-02
3.573673771190264553e-02
1.830742053895725863e-02
1.217146989458634150e-02
-1.394811673734257761e-02
1.062509811694471382e-02
-2.124627880926681714e-02
-2.053949958622607042e-02
8.095955073959179571e-02
2.688250507718240728e-02
3.258084148064681329e-02
1.499163651725760049e-02
-1.946915808449978247e-02
5.286507662372210564e-02
-1.331216707884936082e-02
-2.799985567438002462e-02
1.459528160342471979e-02
-2.737758540993189341e-02
-8.172000499838913759e-03
-3.082444519581874903e-02
-6.545826991578614085e-02
-4.146473912924310973e-02
5.953325995048919933e-02
-8.919840019508754048e-02
8.248930505472137908e-02
-1.668364803288500606e-02
3.558711736502614270e-02
1.573098723050731472e-03
-3.340962952540145556e-03
-9.415391075055636050e-02
1.907953229522025770e-02
4.542282282838069202e-02
-2.319497641407740340e-02
3.903685203511185475e-02
1.953689161991008921e-03
6.563449083953551422e-02
5.390120384426864975e-02
-2.179528691484531114e-02
1.454653494058045712e-02
-1.902550974598908942e-02
-4.418993979695010066e-02
-6.552903629606555980e-02
2.788792474342913219e-02
-6.552571912198995596e-02
8.559256879064439105e-02
-4.118742337652311902e-02
1.257948230588489501e-02
3.480391676971043152e-02
-7.663746247189192652e-03
-3.681444018086334896e-02
-1.361538838149307235e-02
4.291222752729786406e-03
2.816103874232003465e-02
-3.060873410450271753e-02
-7.294197259100548836e-02
-4.568374226352701906e-02
-1.978141473748273871e-02
-6.205516523556311483e-03
-1.545528267662404226e-02
-4.313811128577905996e-03
