-1.180418255838335539e-01
7.703454914673280030e-02
-2.216758393792367388e-01
9.938146784510595855e-02
-8.836282243615359300e-02
1.050379629130356179e-01
1.087455678601794047e-02
8.466067333762047897e-02
-1.891445795749792935e-01
8.715619882448238931e-02
2.818406674110608343e-02
-7.279660860482804014e-04
-5.860706464808172061e-02
-2.869481550048228954e-02
-4.915909366834161909e-02
-7.137178493598966833e-02
7.718243314261374888e-02
-1.079002840853731104e-01
2.189709922969218861e-02
8.386096792543104583e-02
3.944815756302034841e-03
-3.483769438896175408e-02
-9.213538925774828608e-03
1.979371370890150861e-01
-9.162694483194676331e-02
1.666467948019814682e-01
1.785451873275849255e-02
-3.458479377914058794e-02
-9.971058089918383160e-02
-1.586726823540585835e-02
4.017385320275240757e-02
1.738619682096316553e-03
-6.291948938406217648e-03
1.590515419035427869e-02
-4.186703007126568038e-02
5.250661260718313128e-02
3.253197143668491720e-02
-4.433869892817796088e-02
-8.202770113048056533e-02
1.842075787784851204e-01
-3.944836088657106138e-02
-1.525102844047112327e-01
7.311345447134658636e-03
-6.135593127912466159e-03
3.338857355581388575e-02
-9.588298116986443409e-03
7.117232453274599524e-02
4.733982231113149919e-02
-6.799820669539918816e-02
-1.108932067517814785e-01
-1.085166933166001046e-01
-2.259297408198720006e-02
-3.895394578576832217e-02
1.124107459597422642e-01
-1.109270601229741943e-01
5.557330783523969919e-02
1.568071887763210562e-02
-8.344164698935611912e-02
-5.656217192410362832e-02
3.968245406795181673e-02
-7.009999612631681587e-02
-1.855266403136973663e-02
-4.414798143761470769e-03
-3.751353397804239875e-03
-8.632026793300863476e-02
-6.528719213204622028e-03
-1.139239137113628869e-01
8.051253403061135738e-02
-5.738068476473346530e-02
-6.207827208027004440e-02
4.513467674193775980e-02
4.989153287250545910e-02
-9.091260142379585518e-02
5.535785264600708716e-02
-2.403192873759971843e-02
1.149363633321088263e-01
8.024326587495826668e-02
-3.981786755272273721e-03
-4.273884756943922836e-02
-1.260145147669014531e-02
2.454779447300205544e-02
-6.262016323016288133e-02
5.786737357060933035e-02
-7.448073757533485439e-02
-5.155234740919785452e-03
-1.405311385422185894e-02
2.484915386240840740e-02
1.047242346742945779e-01
-2.180157104811830671e-02
8.629661462660970575e-03
6.801118551538599954e-02
-9.120416739550981549e-04
4.690152451032391506e-02
2.955897447824586827e-02
6.567743780037002543e-02
-1.293185224658916638e-02
-5.795690370743735581e-02
-1.628442038693990110e-02
-1.048007521038773517e-02
-1.220663102847543112e-02
-3.665300093693309863e-02
3.460014470721897717e-02
-1.833013657129836105e-01
5.707054857538825139e-03
5.481979075631922271e-02
-2.979543976771821187e-02
4.775456846731550298e-02
2.658892571129206628e-02
-5.613031270240177034e-02
1.016309379483538305e-02
-1.019066446831126543e-01
-8.738646274565815830e-02
2.597807399045106921e-02
6.534151340734346836e-02
-5.045013044081473469e-02
5.699104906706177476e-02
-2.162345961769889836e-03
-3.101836315070445171e-03
3.977496628352353986e-02
1.806563635290935402e-02
4.868229994193349480e-02
5.659080665749487149e-02
4.061418423906705544e-02
2.419618027931259505e-02
4.243301506191731604e-02
2.554170776337520710e-02
7.378825144888495613e-02
4.511908860305021557e-02
-3.979353650115478869e-02
-1.053914747931983531e-01
-1.306079326499591173e-02
-1.625069239860344184e-01
2.026434334299736031e-02
-8.529761824746887608e-04
-4.398342491057576770e-02
-5.722880207235526984e-03
2.769029549821391822e-02
-6.924996813532738327e-02
-3.838735082446456670e-02
-5.308005279469402843e-02
-1.041904086919131361e-01
6.963469018052363679e-02
-9.469591050631954998e-02
3.076705524203048395e-02
1.817912478146236147e-02
-1.438627982441049447e-01
-1.754133269015267435e-02
-1.052894063707433998e-02
-2.146730713075585550e-02
3.693111366704194404e-02
-2.302751039710669925e-02
-5.130036175535487852e-02
-2.020687055266415580e-02
7.661465212726420448e-02
7.450676298982535084e-02
-6.080356896637040265e-02
3.280944030888319207e-02
5.101187952415996846e-02
-9.126990867690511211e-02
1.869166956553647979e-02
7.670286066101263123e-02
-8.506786263516986565e-03
-2.330860520595924926e-02
-6.092657971454818952e-03
-4.977960325784120538e-02
-1.057628113713064005e-02
7.193316125949193729e-02
-4.722362290190239287e-02
5.219281659392518979e-03
-3.489872534143233923e-02
-5.787472710569323969e-02
-1.966901198652700605e-02
4.223735003162019247e-02
6.723503174782013980e-02
7.391556587888605499e-03
1.368479324211596682e-02
3.096346579201353366e-03
6.050807207267609386e-03
-8.118506056183350666e-03
2.587156633713900544e-03
6.375362425083801188e-02
4.654780930661047561e-02
-1.769765461338797599e-02
3.555020788515629582e-02
3.022509631762074211e-02
4.350500459576199519e-02
1.140652574663627572e-01
1.322486181551315310e-01
1.016066746713027991e-01
2.840985754416630246e-02
3.775538734160848592e-02
7.017586969798901564e-02
-1.329490000128005500e-01
7.813558006107013121e-02
-3.873825338572654819e-02
9.986575065563180892e-03
-1.099071891926274441e-01
5.326775431925512283e-02
3.487276770145873034e-02
5.517889403412640226e-02
-2.698947310618502946e-02
-8.830758620487817734e-02
-3.724751899920062618e-03
2.197859808626728001e-03
4.945076130183093804e-02
-8.651098542357188448e-02
-2.228598940767794606e-02
1.312931330158420042e-02
1.462912947337503984e-04
-1.017834306113841493e-02
-2.537203426031013967e-02
4.691487609015367911e-03
1.651139724404591599e-02
5.520068354131051069e-02
9.236744920362197075e-02
-5.062868240559400407e-02
4.265772147270709830e-02
1.193536352457372392e-02
-1.685254027487395959e-02
1.092806476711235576e-02
6.166566082136846344e-02
1.353385939297440353e-02
5.306785338165159738e-02
1.241019178999167808e-03
-2.900773044502049508e-02
-7.295157503772528584e-02
-3.333828486427233007e-02
5.736184344903460380e-02
1.618038650349477511e-02
-2.651915184614108550e-02
1.545936730542898669e-03
-8.191217946642048719e-02
-7.072643598604536064e-02
-6.071996909977133566e-02
4.700383014358802680e-02
1.871654281323964844e-02
3.601476831126354528e-02
1.471113663882689946e-03
2.571544773745441242e-02
6.694095811898077841e-02
-2.982573497677356786e-02
4.033671536686878056e-02
3.852076496098686548e-02
-4.391415935430155459e-02
1.937470114687849659e-02
2.321334812245297655e-02
-9.929644471365194763e-03
-6.948684007190114587e-02
2.922935311529122407e-02
4.938481669688494363e-02
