-6.938845295716576655e-02
1.515677826925475036e-01
-1.976212751236841036e-01
1.668945424027529767e-01
-1.614401173021767083e-02
1.372103465541356648e-01
9.327607126665429793e-02
7.646619483175239040e-02
-3.811525479267910410e-02
3.215723166235653213e-02
-3.102978104616838789e-02
9.337155646373460072e-02
-7.313259483049695808e-02
1.486794495633809651e-02
-5.968108775646569636e-02
9.323645397599899382e-03
4.781475127416438820e-02
-1.388238787468615565e-01
-5.533960745926421593e-02
-2.941354611945135034e-02
2.503118269415565908e-02
1.997361473658598383e-02
-2.953852190767575561e-02
7.015366879489236263e-02
-1.867821828289617861e-02
1.174754619161617469e-01
-7.257223938693618814e-02
-7.516641926476043400e-02
-1.057880874782628211e-01
-6.662523246351431672e-02
6.581718342380113440e-02
-1.731956416908402019e-02
4.185505176453083870e-02
-1.299881623642236937e-02
4.009714568012497787e-02
1.414806662601773291e-01
-1.731142175528785007e-02
4.279758747917150608e-02
-1.510389363376685445e-01
5.138817615235741210e-02
3.436994971737701576e-02
-1.387017767517416400e-01
-5.149696974845749398e-02
-9.842885072672288849e-02
3.135428018422162927e-02
-5.389593696610970111e-03
2.275086207753335837e-02
8.995735340826165050e-02
-1.230178798246529259e-01
-5.791213125333646156e-02
-9.959639759908377188e-02
2.897717432125745951e-02
5.426176398595190103e-02
1.412630106443318184e-02
-8.867523114176893706e-02
1.210591503411566489e-01
9.674658698224699455e-03
-3.149906461777369354e-02
-4.620063748045307589e-02
4.218570903066521521e-02
-2.098536096849409546e-02
-8.642354582072393765e-02
3.023428774537620378e-02
-3.831573607354277905e-02
-1.216729104399099648e-01
-2.881719983843859453e-02
-4.071477171484033653e-02
4.061791804485311713e-02
-1.001995862446311211e-02
-1.190032250694464527e-01
1.810616239598123248e-02
7.687287076786611384e-02
-9.803011193346929109e-02
3.632057099889979268e-02
-6.346826810271950781e-02
1.008206334616137817e-01
4.954843538811776887e-02
-3.263260493839762084e-03
4.614654858880708893e-02
-6.887541246436172659e-02
6.945256591285493830e-02
-2.447890124074570371e-03
-1.269840222153091093e-02
1.401336783778966803e-02
-5.574050159734621895e-02
7.096729436170122474e-02
1.520739466089942801e-02
1.167789434183624936e-01
-1.889792660810206762e-02
7.603560483159021999e-02
3.927209336454333226e-03
8.628909335761911215e-02
-2.951135772047340858e-02
1.021917406788788868e-01
1.846860244537881085e-02
-1.226017614254814453e-01
6.924849239061059425e-03
-5.388762349320016382e-02
5.751366615466423776e-02
-2.547727064998867724e-02
-6.265388987581183011e-02
3.436088358436867329e-02
-1.427991556941713980e-01
1.215597377305077317e-02
8.335265840577435470e-02
1.568988399605650112e-03
1.388503929094330944e-02
-5.134233230997561209e-02
-5.398061122722533356e-02
-6.630490716782718418e-03
-4.173808154281191327e-03
9.649547220382730800e-03
5.570156854314436967e-02
4.782433058451281832e-02
9.337330126669091471e-03
1.780403778995612654e-02
-8.560081990908405269e-02
-1.656143017865072814e-02
-4.500633696276192496e-03
1.412503522699428077e-03
8.310414372587780762e-02
2.464164688120108054e-02
2.451020505849148268e-02
9.986533673711607551e-02
-3.836130622134319157e-02
3.130340720390690362e-02
5.251730314785652692e-02
7.464978653057571800e-02
-6.678175155224320980e-02
-1.310576239409811349e-02
-4.281171696193544762e-02
-1.105416833913830388e-01
5.708745526780421853e-02
-1.506202862636192574e-02
-1.116824424065909760e-02
-3.327144230317022333e-02
4.978795235865132035e-02
-1.112111403374479585e-01
5.773357975080616045e-02
-5.982984076144782365e-02
-1.025582519351745520e-01
5.590557364174336685e-02
-9.320463698091313240e-03
8.705807249583974450e-02
1.117021484164506112e-01
-1.359165922679341498e-01
-2.026092562339368991e-02
7.288972510134146543e-02
-3.622737799393858232e-02
9.080365126572320297e-03
-6.410063943300691597e-03
-5.069422354125863173e-02
-9.524879338562382974e-03
6.552778561581037997e-02
1.270404032990741783e-01
2.845787306490426063e-02
-2.565982493577171480e-02
8.497884897288923711e-02
-9.381391533089626644e-02
-7.992463377394150650e-03
3.270763146551947109e-02
6.507878965505016489e-02
-4.211875649369418995e-02
-6.850243517358085843e-02
-8.132314466116767615e-02
-7.578363475760370623e-03
3.705010390557846728e-02
-4.301750107531343570e-02
-4.058818797095029712e-02
-4.862232134836013547e-02
-3.677740146705212043e-02
3.948201710846475226e-02
-1.652803943972189910e-02
-4.612540568239518329e-02
1.933378522895586558e-03
7.376777153024356715e-02
5.084489240831044365e-02
5.289801231056147357e-02
1.297736542360640975e-02
6.277458918620211492e-02
6.505658618213538968e-02
1.105089084652623316e-01
1.580750424240621663e-02
5.935238056422367792e-02
-2.201890013144489761e-02
9.746948279532711285e-03
1.197233155130673909e-01
1.285202356887940600e-01
7.453254261427541549e-02
-2.145204444157625123e-02
-5.322624053728606391e-02
7.127827982979864641e-02
-8.079806160678274646e-03
3.391178498814043790e-03
-3.340801589928076715e-02
4.382876602635786545e-02
-8.840721572294879538e-02
5.754739901181979422e-02
4.210685077940398702e-02
5.377356127640843531e-02
-9.727160161298659125e-02
2.606940887681266032e-03
5.088303859059081780e-02
-4.155710100087182967e-04
3.982697491647643750e-02
9.751566875593564374e-03
-1.024483293489262745e-02
-4.505351506622796987e-02
-6.708781051787571226e-02
8.883715569848017746e-02
-2.670065121695185811e-02
6.601831472929560463e-02
-3.947688533506380631e-02
6.289990709265325108e-02
5.377985625178026419e-02
-2.078997724920869303e-02
1.952639779060475790e-03
4.970232016650084905e-02
1.376841118745111316e-02
3.547050984094419351e-02
9.867767331302348954e-02
3.810239114735406579e-02
-2.965501316387725989e-02
-5.132016304888351726e-02
-3.608379097418007442e-02
-2.070608986001453919e-02
-1.744207670607597280e-02
9.571475841042984684e-03
-8.726478032842991533e-03
6.486972120669556516e-03
6.862104756278809836e-02
-3.772038193538754247e-02
-7.283669677619834804e-02
-1.584493197641045556e-02
7.089558638137866131e-02
2.123938375184099194e-03
6.773910098610128050e-02
3.878956981756358918e-02
-2.022910862830781809e-03
3.147248203155678797e-02
-2.000902397305252128e-02
1.281164335457848219e-02
-4.562728154427656696e-03
4.553104368709745553e-02
-4.283669159248672254e-02
-1.114614340321234964e-02
7.862458451236816262e-03
-5.157435689134377832e-02
7.160736335209005876e-02
7.000977386872979380e-02
