-1.217375302702156520e-01
1.119140364468879378e-01
-2.935506992984524000e-01
1.036310828803103518e-01
-2.472360574661235447e-02
-5.005325959973037225e-02
-5.525226265388188951e-02
1.095700673241731954e-01
-8.949555233752989891e-02
9.455313961127626010e-02
-5.554712087685763355e-02
-7.060429690802404179e-02
7.004902044918256965e-02
-1.090693891782303776e-01
2.581290700558255130e-02
-4.159506526540740490e-02
-9.976960182555995316e-02
-4.825308694015375405e-02
1.517534482027230736e-01
-1.671747040976240620e-02
2.132761118430940780e-02
2.171506103929723985e-02
-1.454187455736336704e-02
1.201511041973060273e-01
7.960181187382698101e-03
1.495363740325149071e-01
-5.872448302098888517e-02
-2.940648732726774614e-02
5.741877017634912025e-03
3.616653063049677513e-02
6.859365766055280922e-02
2.613164771961971888e-02
3.207083716340584228e-02
5.716190527248681680e-02
-7.185705143915135928e-02
1.333346834297098604e-02
-1.045679666963263421e-01
-9.905780792529879364e-02
-1.899102205883253236e-02
1.339447632013732459e-01
9.180781480544493445e-02
-9.527306517516061224e-02
3.705834863004636714e-02
-3.555050586105844984e-02
1.326778978421938870e-01
1.404078641157398971e-02
4.755926469983295241e-02
-1.452116956511269319e-03
-5.770816173470422195e-02
-1.660849586721534210e-01
-5.670632710966425766e-02
4.209881841019934290e-02
-1.923018863598551301e-02
6.478807325154843644e-02
-5.273366776319159815e-02
-3.039588529029575020e-02
-3.845798560619949433e-03
6.352674289029748567e-02
-7.308787097848837289e-02
-2.997249211542721628e-02
3.992014755895119393e-02
-5.892405044629610983e-02
4.160275276253017768e-02
7.433908801019112333e-02
-6.786225210096510918e-02
1.197036918647605697e-01
-2.058605812851964714e-02
7.461371957407050837e-02
-1.250964540130598823e-01
-9.056455860409597103e-02
8.922450827230782311e-03
8.820641032002145276e-02
-2.644007010418542719e-02
-5.875434467647913141e-03
5.690094037015903244e-02
1.582131666183557162e-01
2.104536045661501223e-02
-3.275584440702586364e-02
3.371442404825501088e-02
-7.047111529120370782e-03
-2.616140687514832588e-04
1.790674329798254763e-02
-6.330442047350685886e-02
-1.772873503127297273e-02
-7.213882383369146778e-02
-1.857384721496997335e-02
4.318948633532469772e-02
6.521693309103761271e-02
-3.335553751591002064e-02
6.254585242408534917e-02
8.308499973682914597e-02
5.925693615503917905e-03
5.148911322899523552e-02
8.164268860998113997e-02
6.521331142572643624e-02
1.264883693254363487e-03
-1.065165934670071930e-02
-3.771892671614290177e-02
1.728846352938821079e-02
-1.092608591065682803e-02
4.198432595305082171e-02
4.864521762672300437e-02
-6.467487912724731447e-02
4.571327455740459983e-02
-4.020280828649214211e-02
-4.659415922771291407e-02
4.444743419784162597e-02
4.089352136130994936e-02
-1.599807101234778650e-01
3.922338698639679655e-02
7.298680601631428585e-04
-3.097036340861721287e-03
7.643230806008791123e-02
4.173477271311862302e-02
6.336923461591531005e-03
4.864118596156528918e-02
-1.420673384946428107e-02
1.806148407340052789e-02
2.401949934347397814e-02
6.848671603391153634e-03
2.826614108740232306e-02
-1.459018620594826907e-03
-3.891691210110219401e-02
7.133395996826391583e-02
3.235606038998771472e-02
9.985881095883801517e-02
1.500391021776904983e-02
7.876968301860400035e-02
-3.354154077962728797e-02
5.000631461730062344e-04
9.839996317151256805e-04
-1.040819118782437269e-01
-1.375040402025639111e-02
3.119658082395005555e-02
9.100083260747690930e-03
-8.964851644694618246e-03
-1.062883602190954971e-02
-2.835986021899241510e-02
7.771786257893906896e-03
-4.730851562701499438e-03
-1.042770718052005580e-01
3.660154046768417102e-02
-7.620800397737229059e-02
7.660963299371989499e-02
-4.073990808546997661e-02
-8.122828126508277458e-02
8.070997312573838234e-02
6.096622551529766454e-02
4.181181851761577029e-02
1.405088949112600905e-01
-1.279373771164446331e-02
-1.279131187921905442e-03
-4.660977338853562052e-02
5.994512089746994316e-02
7.557247004856905426e-02
-3.612351481326311897e-02
-2.516124641614843685e-02
9.020228957301695827e-02
-6.470918244774183370e-02
-5.632659891845308991e-02
6.144428533637259771e-02
-2.505960062085841808e-02
-8.971507308870246833e-02
-1.179627641830101152e-02
-1.937177524966007813e-02
-8.237351333645288876e-02
-1.683237286675747651e-02
-2.901869580574112026e-02
-4.258227656258715271e-02
-2.974685553321031531e-02
-1.017496277511556052e-01
-2.957219559858087835e-02
5.729631688884678775e-02
-2.176480768734505994e-02
4.125777205831394207e-02
-1.990918254852282882e-02
2.126590620740393886e-02
1.009716872089847089e-01
3.712282110591604012e-02
2.623076518252269018e-03
8.033636076557154615e-02
9.957085439994582676e-02
-3.365217240488747874e-02
2.345356288862226329e-02
3.490841193471045517e-02
3.450415208601415734e-02
1.074400497880487471e-01
1.133214975867793545e-01
-1.669334875212383565e-02
6.348885207114568496e-02
-3.579776993518075240e-02
1.239930419260376615e-01
-6.691399078920741428e-02
-1.057495520874237108e-02
-2.598585860751803644e-02
-7.117084836264557686e-03
-1.016765794451622990e-01
5.229951209235117471e-02
-3.220333544714858859e-02
8.673932836911117661e-02
-5.387343316994107345e-02
-4.154412278447382201e-02
-1.059914519968870039e-01
-6.794397873704366431e-02
9.117815754110888959e-02
-3.219520378352538903e-02
2.371035945917680798e-02
-6.968049892044371994e-03
-5.399390479151842254e-02
9.001478297652904317e-03
-1.151416235722213105e-01
-3.045147443615688065e-02
2.317814549170366806e-02
2.552211461441840704e-02
5.135661494525248227e-02
4.993685380996462642e-02
3.040176195476293822e-02
-6.313843886896268465e-02
1.186484889263616192e-02
4.596689362914839483e-02
4.262942654494017436e-02
1.770290504094045037e-02
-9.877887136303066182e-03
7.000894296418251617e-02
-6.713357987368773205e-02
-4.458703914559120768e-02
8.187389435678031624e-03
8.852173436867072365e-02
-2.631249181860125311e-02
-4.044187236368348287e-02
6.268849820403016304e-02
-1.791067246317863335e-02
-6.308199555675457482e-02
1.154105151382490285e-02
1.941239940112220869e-02
-9.039779116651259355e-03
4.361715034192811119e-02
-2.429734257281798704e-02
6.283555148232536185e-03
-1.408277722919127825e-02
-1.177290642704777873e-02
-3.885910212273892706e-03
1.541626756343466957e-02
-4.060922063438281160e-02
-5.778479753935481661e-02
-2.033947738747492184e-02
6.820859947133650451e-03
-3.375672236575721213e-02
6.078954974808936651e-02
-7.337152253899179889e-03
