-6.378075617882614234e-02
9.784184184648332672e-02
-2.229220043546593921e-01
9.575577723047476453e-02
-1.053381479319306924e-01
8.194378396416245047e-02
-1.883055212068484793e-02
1.914648689833145512e-01
-9.991732144966296303e-02
9.953165557873105973e-02
-8.270378788527953107e-02
-3.117954805245563843e-02
3.302427437596464066e-02
-1.543803693881522915e-02
7.183067700542443423e-02
-1.277210674983999261e-01
-2.243324480290151413e-02
-4.615845541726659729e-02
6.093810455812245092e-02
-7.570460599883291342e-02
5.919997117082056309e-02
1.030108935850061053e-01
-3.798623126699932767e-02
4.020518421950581428e-02
8.202909545352402021e-02
1.023269531946737337e-01
-1.103091299391668750e-01
-7.431852642418160237e-02
-1.097583750084995674e-01
-1.421098511128991437e-01
3.392671171532362501e-02
1.976236751319360163e-02
1.506826715732464961e-02
2.169129111418744218e-02
2.816192802670955744e-02
6.211382093044726105e-02
9.951100551861567778e-03
-7.089284486878133507e-02
-9.502819687497049417e-02
1.522876937816751153e-01
2.505119702846478487e-04
-1.210188602174975675e-01
-3.036379639710619360e-02
-7.422500690732812545e-02
7.826109086919660895e-02
-2.497788188697599304e-02
7.008585834686216487e-02
-2.909638038732656473e-02
-1.360924384514346497e-01
-1.130867858670613624e-01
-2.799891882914404967e-02
6.390807345594042010e-02
-8.493169167319573887e-02
9.078743219134682851e-02
-4.187215660828058628e-02
1.117740214338988451e-02
1.604009018428716460e-01
2.873983258677317160e-02
-5.167087011580147327e-02
-5.526899452932354864e-03
1.709123024071445077e-02
-2.047694873013602285e-02
3.022296001588760384e-02
-1.275086615742994367e-01
-1.574248790605234372e-01
2.170451309512463206e-02
-1.536765588860182497e-02
7.885203170821795948e-02
-2.287777820132063170e-02
-1.303689920234472333e-01
1.857911164050292732e-02
4.895791275754907829e-02
-4.347617602602015657e-02
-3.046407546601183694e-02
4.794661691783363294e-02
9.697985039824960629e-02
7.037770757777347952e-02
-3.777323109656456623e-02
1.461352015003551316e-02
-6.086233815050486745e-02
-1.154397785083383955e-02
5.393361159506342845e-02
-3.975467121734824888e-02
-1.421922656513812111e-01
-4.790739665977276386e-04
-2.101489022422094871e-02
1.846895322629028488e-02
5.110730174855176999e-02
2.126469652698366811e-02
5.176981213045504099e-02
1.224411145377466981e-01
7.613339186939425962e-02
-2.777730208686258334e-03
2.065834242366755905e-02
4.085788953689386410e-02
-7.808994792493098580e-02
-2.357973168366012118e-02
-2.682372242236171975e-02
3.173290281083532977e-02
-6.180644701405352964e-03
2.734353940325185209e-02
4.735857302969177784e-02
-1.245242450624798741e-01
1.498837816576315722e-03
-3.064379784172828122e-02
-6.188403330106977823e-02
3.827752339197226100e-02
4.457382328618212514e-02
-7.491258705645779947e-02
-1.678961308568381605e-02
6.439197567400398170e-02
3.163533499082972489e-02
1.522391512842456163e-01
7.481910468000020631e-02
-9.036206323720745448e-02
3.497355091390673409e-02
2.374311228518453335e-03
-4.009194315243422291e-03
2.908118996540715734e-02
3.442669572480797080e-02
2.766346677345673730e-02
-5.300083055226150613e-03
1.905302309207181077e-02
1.072091696557304907e-01
-1.939772310633597688e-02
2.835921780968243128e-02
-5.443003012654224620e-02
3.144621609495286407e-02
-8.203459223211587853e-03
-3.004992291143153589e-03
-2.662706402611898782e-02
-3.679153615237422403e-02
8.613712036223332424e-03
5.573027824628949689e-03
7.249281598336879129e-02
-4.145573848955094037e-02
-1.150498043514831120e-02
-8.029939293608939072e-03
-3.042318389013587074e-02
-4.675236748795923158e-02
-3.589310997577146306e-02
1.135654141489083890e-01
-2.583500794334799011e-02
2.704415067197467673e-02
1.831868318451538788e-02
-5.394664787402116135e-02
-5.504076679657348564e-02
8.625908942233931342e-02
6.232288421891757357e-02
6.155615788614422768e-02
5.953754022907367313e-03
7.494151942485686828e-03
-1.854876793705999977e-02
2.663512349202733220e-02
3.753813239057467166e-02
-3.443442092715329889e-02
6.099693494521376408e-02
8.094819851190887539e-02
4.494314738292200934e-02
5.314638376375825646e-02
7.233678918023078719e-02
-5.747153142684622434e-02
-6.315445768291658157e-02
1.369563240598587785e-02
2.184601800346925790e-02
-4.035961398562049746e-02
-1.430651763760068876e-02
-3.324028291846656356e-03
2.354467114993903654e-02
1.013097148916157486e-02
-6.013687479756638782e-02
3.148194515579998826e-02
8.336080148859092986e-02
-5.342612522560909877e-02
6.705672479838988009e-02
-2.468094442182762471e-02
5.178236558426618785e-02
-5.372848518855755096e-02
-7.270355058965419226e-02
3.623294459817391622e-02
6.188511037255061548e-02
2.768953933137220311e-02
-9.541070581225167407e-03
2.131483606143649151e-02
-5.149612455313441750e-02
8.487657532569354082e-03
4.244482437252358048e-02
1.403887280269153215e-01
4.678943360305842097e-02
5.701125050056933541e-02
-1.869294695390877684e-02
1.441195179345599597e-01
-5.824000335822645397e-02
-3.523063673426408277e-02
-6.058809346724588346e-02
-8.018637471139312967e-02
-1.128668033021991007e-01
7.982317877997525957e-02
5.728259823294882397e-02
8.504084729671933240e-02
-1.184626353299051034e-02
-2.388328013927708618e-02
4.625799167825441795e-03
-1.756937569741490179e-02
-2.839450118577886012e-02
-3.961669464661326384e-02
5.297230672821724023e-02
-8.178976274240255806e-02
-3.877906729808403702e-02
-2.486341518684000162e-02
-3.041772425193989618e-02
-3.874649517088765011e-02
-1.280467144895720312e-02
-4.922744061052990866e-02
-4.869477305266149475e-04
-5.993765371400717329e-02
-2.793462880385676889e-02
-1.073528658474326991e-01
-3.834337331388696507e-02
-3.988785667701329196e-02
1.653787548233476507e-03
7.216189505598016862e-02
-1.465649158808137419e-02
4.301582081895147930e-02
-5.507920710632064476e-05
-1.182565061327101909e-02
1.600193956962795219e-02
2.218024442609217370e-03
-1.499458061187695056e-02
-3.236510662969156044e-02
4.817621884523165532e-02
-7.500644083687429964e-02
-2.146362048737574663e-02
2.292357230945421195e-02
7.722149404781224191e-02
-6.676179291461961651e-02
2.192735547047050190e-02
-9.081161058907185474e-03
3.173267996845997863e-02
1.866899139855909481e-02
-1.715388608858253033e-02
7.606315938076441824e-03
4.536543368420242750e-02
-6.453797457025141349e-02
5.123146209201531178e-04
-1.310428302260972441e-02
2.293913413533252982e-02
-6.435658087671987382e-02
1.076943717876502338e-01
6.178709686779432220e-02
