1.039383198426836047e-01
1.521532837613389089e-01
-1.556474919630495002e-01
-3.494048102127663563e-02
-4.276938543082465377e-02
1.621927109558110591e-02
-6.878184360147970855e-02
7.110293951139723401e-02
5.346337628968156341e-02
1.297670115355404052e-01
-1.543121918328966002e-01
-6.190619299125290492e-02
-3.524028489244217244e-02
-1.608847669717849635e-02
-6.106138925723838401e-02
1.124056039370375376e-01
-8.356850186389205588e-04
5.950184529821162666e-02
-1.887507954659439768e-02
5.068387350872605168e-02
1.571309538159272046e-01
8.737734055031781688e-02
4.016769759969322784e-02
9.935251091944573287e-02
-9.094877939866367889e-02
-1.159791658450700924e-01
2.654715597338504901e-02
1.732876120528796873e-02
2.682569444342658427e-02
-7.311309418785841285e-02
-1.268146012050201943e-01
1.558875717289305921e-02
-4.370186108862207652e-02
-1.443826416782746092e-01
8.600490427777653102e-02
-7.949640377631744803e-02
2.120985352957530448e-02
6.624697994409310675e-02
3.663516991085084135e-02
1.084567129198049373e-01
-8.481494672551863345e-02
9.272988725876309124e-02
5.219368218427294231e-02
-1.048801926499138941e-02
5.130930600986891715e-02
-9.664891622335347598e-02
4.598293210280702398e-02
1.035863095857799260e-01
2.690577903914888672e-03
-2.836595684398738812e-02
4.752350774168225683e-02
3.161883232655915421e-02
-7.426713374672849755e-02
-5.369252751881482561e-04
-2.910189286160930894e-02
4.343665264907234369e-02
-4.977913684388415860e-02
1.180049824372527284e-01
-4.726268463853453006e-02
-1.280010783315622402e-01
-3.381835696622113863e-02
9.080267112711122579e-02
-2.601750478794308263e-02
-7.067491675685883511e-03
1.373351624504550415e-02
1.574290522784919238e-02
1.361594746436321952e-02
1.048843691607729244e-02
-3.136096758526992628e-02
3.673763364392622442e-03
5.657268421147346182e-02
1.327159066360875939e-01
2.190545141315023217e-02
8.523754001594024965e-02
-1.464051518660271743e-02
-5.236091663992076609e-03
5.771238441639412603e-02
1.073626759002765663e-01
-5.217680211955093815e-03
-1.339814590348943346e-01
-5.013240005404553945e-03
-6.151607207276039296e-02
6.028838670574238751e-02
4.323224724677895980e-02
7.122948779042648226e-02
6.603603134145387410e-02
4.039152377748119610e-02
2.639304272268607268e-02
-4.081958133627675012e-02
-3.374881806041794136e-02
-2.733408022774455257e-02
2.207860259251504670e-02
6.158380115719132991e-02
1.428956645954238824e-01
-1.136540326413221641e-01
7.836213303551356479e-02
-8.495694809472635611e-02
3.634803478929109904e-02
9.240398019472848001e-02
2.443258852544759620e-05
-3.772182842786156454e-02
1.397805095584293000e-01
-1.261379368373396342e-02
7.629361161979712758e-02
-2.746567512406181480e-02
1.161651945995836599e-01
1.560875569905648130e-01
-4.192844496935475840e-02
-2.862514414704865270e-02
-6.185990332923175378e-02
6.286292721628997104e-02
-4.489888390508321898e-03
-1.322422555004140916e-02
-3.395994068434296520e-02
1.100907379891514354e-02
-2.724045677598749618e-02
-1.431067524150917390e-02
-4.271098388731225243e-02
3.369894355990944723e-02
-7.452708674344725448e-02
-1.030443376933037475e-01
-2.729683967258468222e-02
8.048519272219775006e-03
6.885778649060012024e-02
5.629539869468964258e-02
-5.381897138507258510e-02
1.378221088123632032e-01
9.480470824502524804e-03
7.416846367768341330e-02
-5.550659501044356847e-02
-3.080740587515989198e-02
-4.838104983381687901e-02
3.727570745960061271e-02
6.606088158106522557e-02
-6.420564065321768266e-02
-4.669453994467497732e-02
9.651916595266563439e-03
-2.237416034430721526e-02
9.721549472564089411e-02
5.380543252903782769e-02
1.816096579821101578e-02
7.725351303223566835e-02
-6.249365404783555761e-02
-1.264066257026052464e-01
-9.771330001578258304e-03
-3.133865805643116370e-02
-8.751881985566815902e-02
4.812666551824352351e-02
-1.128691618381350188e-02
2.544546201728175097e-02
1.737550332265217976e-02
3.597674297392147030e-02
-5.070214574373440274e-03
2.611885478478938316e-03
5.896293618036543144e-02
-1.878295267789516568e-02
6.734609838516665559e-02
9.379618528533593957e-02
2.640069965926099965e-02
5.747143454408405044e-02
5.264509339962201995e-02
-1.426160123891532724e-02
-2.146187115566186923e-02
4.058207708542539704e-02
2.794172775347929585e-02
-1.073821662842854574e-01
-2.881959553179462910e-02
6.797525494182551919e-02
-4.219650735799149871e-02
2.533391437308793112e-02
-1.909570373272375873e-02
7.946835154504749976e-02
5.488593069253144829e-02
-1.105347358977256944e-01
-8.706250124005969135e-03
6.530548998369156699e-02
-1.962135242859246870e-02
-4.184011176468583476e-02
-5.440079415199553653e-02
5.416134086274328359e-03
-1.853497234563902113e-02
-1.084597060859205930e-01
1.160046773655674587e-02
5.012648333032855390e-03
-9.081474820434531914e-02
6.955366280823231662e-02
1.248359095770305198e-03
3.000669913496552266e-02
3.718201439932924263e-02
-8.054561291262533895e-02
6.568273332703533640e-02
-4.060285522694916799e-02
-7.590112401181782660e-03
-2.299934921564997063e-03
-3.553204898020402569e-02
1.990716498838018475e-02
-4.035275183500633411e-02
1.225906869477191019e-01
-1.466661837947178491e-02
3.334296561768967937e-02
-7.398671584680038826e-02
8.358938441818730691e-03
1.133174058660826600e-01
8.414910648181443686e-02
4.313632671404942637e-02
1.184726472406949505e-02
7.238759944738411278e-02
3.641823497598031117e-02
-6.094350723824167732e-02
1.497306986375464104e-02
-4.004939792961061118e-02
-6.599868637352253320e-02
-1.280803624293698831e-02
2.018646915207920827e-05
4.563924006336429751e-02
-2.059103383729260495e-02
-4.215505548771542738e-02
-6.507978437601702471e-02
-1.225104631349681755e-01
8.502610415370079333e-03
-1.066050916347018908e-02
1.737386752256571756e-02
-8.464520636335537418e-02
-1.192379580513588666e-01
1.585306070175666188e-02
-1.926624459280166894e-03
-5.412684984389895537e-02
3.916711001063611503e-02
-5.830423080937879171e-02
8.286754412471468781e-03
-1.421141350009239891e-02
-2.174124492787521401e-02
4.040868227626046721e-02
1.317302848776087665e-02
1.617914178707705736e-02
-4.542790861389632041e-03
1.155901586628066587e-02
2.214734100040359130e-03
-5.940251394828053623e-03
2.099246613936171096e-02
2.370730261051625168e-02
9.301159291620605951e-03
5.998270091511702373e-02
2.008156912100271529e-02
1.050118223504882958e-01
5.589072959670476903e-02
-2.528825118769564492e-02
-1.297130301326871946e-02
6.140271460719431453e-03
-3.171617983383220180e-02
