-2.118326358172048229e-01
9.418811791927503285e-02
-2.704417132292327719e-01
2.733924758649725062e-02
4.827098281089069708e-03
1.467459026544618850e-01
4.708888770792515888e-02
9.500958451340259237e-02
-2.131324763437747807e-02
2.259018216778565721e-02
1.384411375968132296e-01
-8.633961637809349499e-02
1.420798093064940676e-02
-4.047366340204171416e-03
3.153996142940244940e-02
-3.345349030822145769e-02
-9.953035242863343679e-02
-1.916343564606805827e-01
-6.024574542993927154e-03
-5.178501409468397321e-02
8.979573627251827284e-02
7.710568346469261203e-02
2.823689069623375528e-02
1.110610172323586997e-01
-2.328127355047285643e-02
-3.660911406948911401e-02
1.065898734441368123e-01
-9.352563416625297998e-02
-3.622080610437025672e-02
-6.771677874516825180e-02
8.064136107776903248e-03
-4.782005629138311870e-02
-6.224045633083238882e-02
1.230450284362005209e-01
9.634946909169388174e-02
1.432194736261787303e-02
-1.311733079546403002e-01
1.508387826395446787e-02
1.286839469380306536e-02
1.416817886698898132e-01
-4.524298288996003725e-02
-1.202389614012584901e-01
-5.308197065395281466e-02
-7.163403506632755324e-02
-3.656519157898352468e-02
-4.004256001409816496e-02
-3.190068938538873078e-02
-1.969060166437850909e-02
-1.979445763626832763e-02
1.064087801870560249e-02
1.088685391025173838e-01
-1.299187158805534537e-01
1.875225152193191192e-02
-2.548157485598157024e-02
-1.641991755251092366e-01
-8.029992586855575973e-03
1.411602878241283443e-01
1.420549475194154282e-02
4.500311636822535571e-02
7.718785995824986590e-02
-1.557231956271123707e-01
-7.498397855540182844e-02
-1.034823158045545255e-01
-4.522823156296004385e-03
-8.057585855607918290e-02
-5.508410694192007739e-02
-5.969146017428345052e-02
1.448364842577732139e-02
-1.192215507759018280e-02
-1.159860709545375845e-01
5.733515944211865084e-02
7.155673148303770548e-02
-2.782378724213514440e-02
-1.055546617792318537e-01
3.733189594343921253e-02
2.042850944958725379e-01
1.212747366000039018e-01
7.374761845850597020e-02
-3.819383752693080586e-02
1.479670804867150476e-02
4.553025255239132041e-02
7.635737682267511317e-02
-5.557196150250178629e-02
-1.230751940711892617e-01
-4.337397318453650730e-02
-1.781297320610104873e-02
2.332980375885035373e-02
-4.440278708289989440e-02
-1.749464288434619472e-02
-4.928623874803387400e-02
5.060364827080606615e-02
-2.595063390553183427e-02
1.148614563032978588e-03
9.392494761578530638e-02
-4.792875202449091432e-02
5.442046297216769635e-02
4.091975016033132240e-02
7.356940916872632685e-02
4.354237035568246650e-02
-3.489209275573963709e-02
-6.760751947821999619e-02
1.371103358580680054e-01
-4.317050431908494440e-02
6.130091282260601709e-02
7.197626585272734467e-02
-2.577348538533419733e-02
4.660484528802883580e-02
-4.745617917570020550e-02
-4.696292132006006648e-02
-3.017607693931791818e-02
3.157675687427882738e-02
-2.989281831186865745e-03
9.971025231993443927e-02
-2.100343661832823616e-02
6.282855361691516705e-02
3.958294844363779291e-02
-4.083097700593586732e-02
-3.590854205866259030e-02
1.289962109837383165e-02
5.275803814284290086e-03
3.338957894090464201e-02
9.827963879333086183e-02
3.581078551186939185e-02
7.673799420832431994e-02
-2.436246294694857303e-02
9.999168774966460393e-02
-4.059064639750905451e-02
1.495370194681072962e-01
-3.158335353511702165e-02
3.284507265483307958e-03
-7.099618105703806026e-02
-8.790418521347677372e-02
-2.726771193780964941e-02
2.528510043996147309e-03
3.848352706997107409e-02
-7.255614217454944836e-02
-8.740582240422314908e-02
-6.787380579235691158e-02
2.335095285239191520e-02
-5.134651846871571279e-02
8.269593916194748970e-03
1.605613988397632322e-02
-2.285252374503942210e-02
7.799411113868531809e-02
-6.062457276691880781e-02
2.954617870189359813e-02
-4.472406767005474709e-02
3.197799296867857161e-02
1.587720131510901925e-02
1.865495906183085167e-03
-2.832738760119999158e-02
9.235855558268292118e-03
-2.309520793597634805e-02
5.705040910744467453e-02
4.311958737914790146e-02
-1.495675165935904209e-02
2.607955055879692188e-02
2.342000232237164553e-02
1.230041888072926776e-02
-8.654083110818325264e-02
-1.701335183555324065e-02
1.685208171003648933e-02
1.146764846074328076e-02
-1.832012051345578360e-02
6.070790947720639680e-02
-3.241682008514121249e-02
2.499086947714817403e-02
-1.381360668948336534e-02
5.231079116782295924e-02
3.907019894692800172e-02
-3.727146522631341174e-03
-1.496162456962645514e-02
-6.530700859625965249e-02
-1.875805260558359444e-02
3.188839108804717142e-03
3.115576394641392244e-02
3.598959148453894502e-02
3.428006185596250283e-02
1.555369974164180942e-02
-2.196058227180627907e-03
-1.345897815859370059e-02
3.929143570287842169e-02
4.343287904538814873e-03
6.997751076780275858e-02
-2.831787382401123113e-02
4.592217376389893385e-02
5.418676217362852071e-02
9.569248808087857383e-02
-9.161402793230138605e-03
3.569320583351216769e-02
2.467449494931017642e-03
3.783453498007036120e-02
-1.504406625557921061e-02
5.999868556447651019e-02
-6.338489411363615322e-02
2.447092663671030649e-02
1.193786772702387991e-02
-7.175376943289826261e-03
-7.915568698004862846e-02
5.448046275165079749e-02
-3.467291124085438922e-03
5.813680290468218811e-03
1.147742743032754455e-02
-1.269950028691553198e-02
2.487040583148982485e-03
-3.367001989915165833e-02
9.773002755364582766e-03
-2.943967080604872411e-04
-1.241073891725953497e-02
6.642041886878928374e-03
-6.120305682866450381e-02
-2.527724411524462367e-02
-3.758001657848399762e-02
4.264525763073696851e-02
3.043646272265482840e-03
-9.950648511303793881e-03
7.695187187529945599e-03
-5.505682527423245987e-02
-3.911342530739538720e-02
7.115052303122224031e-02
3.497042395956206223e-02
2.408232033014650469e-02
-1.022959776232608767e-02
2.031436732765676267e-02
-8.442323668102280632e-02
-1.897451589841491967e-02
-2.187310193033891945e-02
-3.817418014061395998e-02
4.696258982956568601e-02
1.870832903142632302e-03
-7.623916731237855536e-03
-5.170499228934020280e-02
-3.942635233409181456e-02
3.048631889300985540e-02
4.292934498442218041e-03
-1.090600411611217582e-02
3.399418445360762736e-02
-4.970766261354146731e-02
-3.483829184850147087e-02
-1.041705563689900374e-02
-5.299253451856859864e-02
5.552707768956249845e-02
5.657051031872812469e-02
-4.019567547345313102e-02
6.306570191659591207e-02
5.646698583733268662e-02
-5.177682627947274331e-03
-2.181920157595243839e-02
-4.522001059869937278e-02
3.261097406770063767e-02
