-2.046784270553410334e-01
8.117377409601517213e-02
-1.225280353013036144e-01
4.601874860618057617e-02
9.250557154256547343e-02
1.430924674295808163e-01
1.335429792796183901e-01
1.088099671887167580e-01
1.587965900199899555e-02
9.512266917473737038e-02
4.495463595078609542e-02
-1.593450900796289371e-01
4.492676869166989384e-02
-9.462204889117796502e-02
-6.920816725983536255e-02
-4.032846603117874046e-02
-5.645220260781441679e-02
-8.357343197476441166e-02
-8.924018447436053714e-02
1.096125852325269268e-02
9.036272958116164933e-02
6.730441681935381282e-02
-4.125573541784938875e-02
2.125745944352865069e-02
-2.478615112911833947e-03
-5.054164574200433607e-02
3.504622023549117810e-02
-8.558328973641517179e-02
-8.904958744846892815e-02
-3.345269795899445675e-02
9.643266941056894900e-03
-9.690450035658551564e-02
-9.323749690699996429e-02
7.063001219371300987e-02
8.421516440865246811e-02
-3.300610464102553959e-02
-6.924136208319436880e-02
2.400067691383309457e-02
-8.060741303574169014e-02
1.366828270775890530e-01
-7.810246746109136828e-02
-1.247459071257935731e-01
-7.759733923855728632e-02
3.718735464425306642e-02
-4.278297050078660319e-02
-4.666929201170093994e-02
4.666160802481228442e-02
1.399851655849652281e-03
-6.778697119596165110e-02
8.040250671871074922e-03
1.068844283765242320e-01
-1.583062150522820954e-01
5.225732633450433373e-02
-2.162844233051315623e-02
-6.590227704296398870e-02
1.134026007744367154e-01
1.320766696749450519e-01
6.261937048465290347e-03
4.462446357194358587e-02
-3.523514385979369806e-02
-1.688617932188664073e-01
-4.315388508566542908e-02
-5.703690278346218445e-02
-2.767567170978287028e-02
-3.785487112303417140e-02
-1.505699429017264175e-02
-1.263445862112689000e-01
5.167600711308758393e-02
5.482285587689011974e-02
-1.423112279448475459e-01
-1.016167992314515565e-02
9.294526634786100250e-02
-7.570748827658099755e-02
-1.044578594681382644e-01
-4.849111407642296701e-02
1.089252611430994860e-01
1.084504932065388227e-01
5.957210619092739162e-02
3.874638435738291670e-02
6.741117301052693134e-02
4.345714643487120360e-02
2.214251812889092563e-02
-5.061910032984203583e-02
-9.043967190320677252e-02
-2.413796414624382047e-02
-1.636224752965968060e-02
1.680764556077924896e-02
7.139858163784320103e-03
1.216802012635352951e-03
-1.551615519558612218e-02
3.373902038599234376e-02
8.528327273722903501e-02
6.245875808315348721e-02
9.831743186567232229e-02
-1.736461508152216046e-02
2.760053939353819281e-03
-6.565505757146616363e-03
8.628464990855920502e-02
8.522456707739968496e-02
2.895155504382880465e-03
1.096846439540161144e-02
1.605426308984633788e-01
-4.353798197693990735e-02
-6.050050256234170559e-02
1.801065054806785456e-02
1.384797871758446618e-02
6.988821717500820485e-02
-4.388744970063616913e-02
-1.116197109099505702e-01
2.510635140053200931e-02
6.640436582179544411e-02
-5.449073688803582338e-03
6.323897303630160449e-02
-3.539118002021275633e-02
8.479914741219062024e-02
7.857211273972626586e-02
-4.380176470906439745e-02
-4.062120885611026494e-02
2.257207007149343581e-02
4.322119681081009607e-02
3.294715992382631076e-02
-2.822143968519475604e-02
1.629094013133291705e-02
9.566830054593790378e-02
-6.435106792093414629e-02
2.403110550191219288e-02
-2.199249255377144774e-02
1.584858837412654042e-01
-3.681111249513143585e-02
1.155821892686947350e-01
-5.890363348266681315e-02
-2.839407325729331744e-02
-6.061941652832532335e-02
-3.311555876537289334e-02
-4.297264544825157156e-02
-1.081393088130745000e-02
-7.642319189091720255e-02
-9.265026955344214665e-02
6.334767583748651676e-02
-7.335249997494448781e-02
-2.517741974148890449e-02
5.002070558200603229e-02
-5.994008378526211045e-02
3.204673326468671785e-02
-4.841410345227216416e-02
1.306339242967302638e-02
-5.622953774330747417e-02
2.711303311426876625e-02
2.040627860258215943e-03
-1.075307370514926378e-02
8.860845829895416803e-02
-1.303064157000091358e-02
7.124831700535384782e-03
2.945449759898123229e-02
5.227235279775326732e-02
-4.154608766908222256e-02
5.098591678838023528e-02
-3.560520466835156213e-03
-4.261470826345136603e-02
-4.790921428710795404e-02
-1.925610529403469842e-02
9.809889927855882426e-04
-2.196250792937924981e-02
-2.136237147784849147e-02
1.321628669323093863e-02
-7.749420305898503669e-02
2.253293296494052883e-02
-8.897127908431026744e-02
6.119605705550320435e-02
5.184631841359312043e-02
9.577799372765512589e-03
2.846664424457510598e-02
-8.182964506577834751e-02
-1.406138864677218200e-02
-1.486287970583867165e-03
-2.261137793331053844e-02
1.168794511618175824e-01
3.826044902654406055e-02
2.883984694999411000e-02
4.148864559820788361e-02
-1.438647251874175526e-02
-2.936164088631337821e-02
-4.168340905254578482e-02
3.159583691406014916e-02
4.470605043717473803e-02
2.071701903235956960e-02
-2.081117348503528156e-02
4.860623727554150980e-02
-4.656810244214049793e-02
1.630685452195565141e-02
-3.953899614271139812e-02
8.643655379158479701e-02
-5.876815625605653209e-02
8.710888556881613010e-02
-1.103693725634278117e-01
4.814096333166993646e-02
1.904358329222078511e-02
1.914238228808253298e-02
-2.052153840591205980e-02
5.989111117549171526e-02
2.666876206789286705e-02
2.219135413444996239e-03
-7.448713455445044040e-02
1.035371129325597661e-02
8.188773600665661193e-03
2.406259277262927723e-02
-2.770709067839427324e-03
3.504642514180821011e-02
-2.970561029050263618e-02
2.485670720428265548e-02
-5.342355063788588321e-02
-7.569553540808753034e-02
1.508957439458056063e-02
3.916292474885396668e-02
-1.283195074458658679e-02
1.913859152121745802e-02
2.924467353034155420e-02
-4.752125832686272117e-02
-8.008350173414642559e-02
7.822257671392432443e-02
4.915815244046432136e-02
5.313664764298974864e-03
1.612920074508983294e-03
-2.405398670731397764e-02
-8.459656336675271115e-02
3.621459605520155334e-02
1.315860556498673131e-02
2.716190327088064196e-02
1.938191777269169039e-02
-7.905968732110137467e-03
-1.122003471103105443e-01
-8.678602151528106573e-03
-6.225067571820858126e-02
-3.192061342655417439e-02
4.497942961514684451e-02
3.490005372934244787e-02
1.272990739870518209e-02
-6.780623238976256351e-02
9.265590447716048894e-03
2.142483375349008706e-02
-2.645784516556235963e-02
-1.350025269758297307e-02
7.409989576631481611e-02
-1.207905663370926509e-02
5.757461111040419049e-02
2.008915192592395510e-02
-7.411242920270653955e-02
2.585268850926434291e-03
-3.465812767103459285e-02
2.630676090780488877e-02
