-2.350830778004728838e-01
8.966441055295032436e-02
-2.751862271074292932e-01
6.519510436940344211e-02
4.008478306843901023e-02
3.091330466565202495e-01
4.471157248257690009e-02
2.505985087751867457e-01
1.359165097292042851e-02
-4.224835935894752890e-03
6.281230197731926812e-02
-1.095079959035094030e-01
-1.008373280926143888e-02
-2.268878284218905569e-02
-5.140312782399979880e-02
-5.984672214049809730e-02
-3.034840591928267620e-02
3.345978029677092180e-02
3.145762654624972149e-02
6.859272492247532604e-02
9.232955212078806928e-02
3.697087081071927933e-02
-1.126998477988647301e-01
5.418227364328907780e-02
3.894858076743189235e-02
-4.581157659712431496e-02
1.163049400608611311e-01
4.459048888100594632e-02
-5.087618374435564500e-02
-3.973028127189260489e-02
-1.546337103680727951e-02
-1.119057918248559519e-01
-1.063078625042407910e-01
8.892258148265280715e-02
8.354367790464766255e-03
1.222453496400840479e-02
-1.629519467583997322e-02
6.346967974359778164e-02
6.042659438023325648e-03
1.366467513726553618e-01
-1.410259972847398811e-02
-5.198810921735887852e-02
-3.419680075189297785e-02
1.807398157282887052e-02
7.614976420915913098e-03
-1.365289403008566327e-01
-5.435037481546453088e-03
-5.466256747709907771e-02
-6.433927104765440122e-03
-2.313985766017595189e-02
3.217885203624683277e-02
1.053220296069496201e-02
1.318358654622514385e-02
8.471677964849423648e-02
-4.587926453435110102e-02
-5.263480117213636261e-02
-1.047934158692584265e-02
1.672827058007983481e-02
-1.086513277527368336e-02
8.462618400286213427e-02
-9.973111285013200322e-02
-1.560752931258825756e-02
-2.025779411886745318e-02
1.198407081207446441e-02
-1.430143930529535479e-01
4.257434339605058876e-02
-2.546639257607506354e-02
4.794446457272832918e-02
-4.534514092510469330e-02
-2.553040726559837117e-02
-7.757655379667217910e-02
8.416178531365990645e-02
-6.134640899834467587e-02
-7.460185762691420863e-02
-5.861414717701613625e-02
6.882116753647060658e-02
6.271105391334708123e-02
5.645544628800495263e-02
-1.119721774288060523e-01
-3.322519334116254535e-03
2.196094550632568185e-02
6.306836073541251253e-02
2.762362416600484816e-02
-7.311098656355595471e-02
1.820277899457712831e-02
4.566494722743372203e-02
7.911741442195863172e-03
4.445264191264275237e-03
1.038336964238228792e-02
-9.549131677813582630e-02
2.195970995937087528e-02
9.019342500857280287e-02
-8.119734084431071142e-02
1.259358616077667636e-01
1.167184475727897457e-02
7.788320319359057220e-02
2.045888773405231398e-02
9.777784668722798792e-03
-1.310387707105970662e-02
-4.449278049209347274e-02
-1.623515377246860514e-02
1.472374591513184172e-01
-6.503084341073617387e-03
1.409705646375783439e-02
4.659524729808052490e-02
-5.498671489035040355e-02
-2.276521978758230466e-02
-1.684838577998351572e-02
-7.907644101348440535e-02
1.811144869940433180e-02
9.712033534830570580e-02
-4.576215471893208681e-02
2.774360579326476395e-02
-4.163212196694796030e-02
1.148652273200640311e-01
-3.574310446241277250e-02
-1.312862140331676024e-02
-9.122737745077950933e-02
4.794406385479704769e-02
3.291096369671061422e-02
4.345522158850516348e-02
4.045885325729667303e-02
-1.257723352986401741e-02
9.444153597764322339e-02
-5.673818618168981198e-02
9.496246928831804726e-03
4.133913037285431163e-02
1.001056839364037818e-02
-4.513008896864662695e-02
2.463196427048899503e-02
-3.753842097406731582e-02
-7.796999201887544473e-02
-6.152476187092892346e-02
5.663576935708470456e-02
-3.579102364836266731e-02
-2.411998032694627134e-02
-5.950240525803859870e-02
-2.130977886798214593e-02
8.379182248359795526e-02
-6.293024662176180395e-02
4.943794030263994055e-02
2.104062999080014845e-02
-3.854656050286687369e-02
-6.310372409284871476e-03
-1.109861775657101784e-01
5.243507667655007004e-02
1.510442794985575668e-02
9.617343887667138824e-02
-4.584787496306685223e-02
1.711723411871704167e-02
-3.707525783181989110e-02
-4.001061685798972672e-02
-3.400729456355454372e-02
9.144667033867705241e-02
2.196602126678866979e-02
-9.521649106359390824e-02
5.915314618775988076e-02
-1.057708336899925577e-02
-2.597303361386727252e-02
-2.925494686427964133e-02
2.531248349729939978e-02
2.888007523955941295e-03
9.501649942272008542e-02
5.445629792196841207e-02
7.644622869199062254e-02
-8.860658200067100809e-02
-9.101072262259628926e-03
-3.039395419080578517e-02
6.131849231579825782e-02
6.978135448615933878e-02
-9.234978837631812459e-03
4.123668015508826640e-02
-8.796773743871459661e-02
-3.021459952339331304e-02
-2.195647082275963002e-02
-2.770430204283756519e-03
9.398772292045918381e-03
1.049597138107430799e-01
6.595626807988563822e-02
-2.312957256660622130e-02
-1.358741004148095871e-02
1.077854430895446199e-02
6.261484821667695141e-03
5.229358985364435108e-02
4.539953838427708555e-02
4.642884917711304765e-02
1.211437092606505467e-03
3.316672191635539058e-02
-1.265817855198425948e-02
8.654515538948007181e-02
-2.153648503760851804e-02
3.113868846610514524e-02
-1.898538111438324155e-02
4.066455512869134731e-02
-3.809394959947670634e-02
3.390871795245761072e-02
-5.179529710608730964e-02
-1.010630658605734915e-02
3.153115828664112327e-03
2.998231669588984766e-02
-1.919946466917403158e-02
-1.016940630297088338e-01
-2.984426936856101470e-02
-6.043601125161853632e-02
9.494129802428163956e-02
1.906482344426115375e-02
2.443811697122826379e-02
5.299100601989074899e-02
3.348165281718707992e-03
2.072379567979484145e-04
-7.203335586683881631e-02
9.581299309747753207e-03
-3.038009602901539305e-02
1.112413013152970670e-02
-2.250989567902975455e-02
3.232551479909835657e-02
4.268480797244240954e-03
-4.246200880264609789e-02
-1.029538868125183942e-01
6.894685939425138164e-04
1.798896258507386853e-02
-4.635972533396580733e-03
-3.307115068974312427e-02
4.970551970125772906e-02
-2.756752365562448182e-02
-3.532331903622730473e-02
-9.989731061213385013e-03
1.152384626798981862e-02
-3.400191826464309206e-03
2.263755773330603221e-03
-8.855265204575178684e-02
8.817798077999719486e-04
-2.556597098200021068e-02
-1.414985105120507118e-02
3.391492908039258486e-02
-3.882672912315929953e-02
1.649415112872463021e-02
-7.580334355756038200e-02
1.676653914251786948e-02
4.916932571603299662e-02
3.203315767506258183e-02
-5.873857009468116085e-04
6.458517828482167322e-02
-1.745256824088349534e-02
6.644260607582590239e-02
-1.510573028313244408e-03
-1.013559238820233542e-02
-1.376132162366009272e-03
7.481203418187492953e-03
4.914641800762768048e-02
