-2.033309202402212856e-01
1.517361834387678798e-01
-8.235273666001022286e-02
-3.811510175180837096e-02
-7.857793875745124057e-03
1.660034581253533592e-01
1.835528160175735335e-01
7.445220732585838830e-02
-6.472193001176787530e-02
1.312847359816634862e-01
1.188979890550058149e-01
-2.593871383453145302e-02
4.897413145594128187e-02
-6.480505466811973744e-03
-3.810357155754020425e-02
-6.814579438529301536e-02
-8.878651802563086726e-03
-7.981304378241479980e-02
-1.006351333564300260e-01
1.039095074205481813e-02
4.802520317127295657e-02
6.478219538762297613e-02
7.123950639387225878e-03
7.789088665829785318e-02
-1.499991127470602127e-02
-1.034384118378766648e-01
1.026544256636549024e-01
-9.623281133442768143e-02
-8.484426416213079747e-02
4.887595721462895289e-03
-3.867904221274385407e-02
-1.476640808177246411e-01
-5.508788289460728183e-02
9.007156488041873077e-02
7.233410393519590365e-02
-6.161943628546114049e-02
-1.002269175541278950e-01
1.110565184484717388e-01
-7.490895720170789862e-02
1.534048438790182600e-01
-8.546136418152355807e-02
-7.483126246242417789e-02
-2.942069843148970021e-02
1.387055556054492787e-02
6.560871591221187349e-02
-1.362714444486233245e-01
6.680969960646325478e-02
-4.908500902175255698e-02
-6.697564725710764000e-02
9.764130500749939115e-03
1.365218909938898939e-01
-1.173080624122435772e-01
3.353550299293305698e-02
3.198244615742364128e-02
-6.742974921043626280e-02
9.539201213902996634e-02
4.477278340147353153e-02
-2.507860826733587442e-02
4.386364099063167626e-02
2.577672130866510980e-02
-4.702740563299131343e-02
-4.301804872029107996e-02
-1.060261695369271590e-01
-1.183956546901891727e-03
-8.586274231048061922e-02
-8.246099982130718556e-03
-1.377673866008974346e-01
6.021188111657406472e-02
-1.690574512961193210e-02
-1.076817579546060638e-01
2.732025903030197919e-02
6.534365551607054790e-02
-4.650090478542075190e-02
-1.199600070939205870e-01
-4.792605690776940985e-02
1.631026757627262735e-01
7.914472824894717984e-02
1.922438675372328473e-02
7.956973657255263233e-03
5.476249008659767048e-02
5.010549825049798872e-02
-3.726307402420182130e-02
-5.271738891429579577e-02
-7.941880498886214057e-02
-2.578077698746292223e-02
-1.842444600836302265e-02
5.670207657414323525e-03
4.162648164054909977e-02
-9.776666235215903875e-03
-6.092232878432971488e-04
2.766633244837977262e-02
7.065444958878286386e-02
1.552094868720184200e-02
1.155287255142214975e-01
-8.838487175262106643e-02
7.092524156405168034e-02
-8.331001092832033064e-03
1.166110219471253179e-01
8.121962692911065262e-02
-4.654819869272416866e-02
-2.426737195375360673e-02
7.664907803201559400e-02
2.044997266481429071e-02
4.552982109839412428e-02
2.121971368623381746e-02
-2.055592308365632170e-02
5.579766020223105027e-02
-6.529780288305064850e-02
-3.841130037607504849e-02
6.555552283574800874e-03
3.858914691906011746e-02
-1.803121275500818230e-02
8.293129097182047604e-02
-1.828119004818243992e-02
-8.412349294834436117e-04
4.816369957451726441e-02
-4.415608559815989431e-02
-1.289558043295279399e-01
-4.318604096933766068e-02
1.171092335971309767e-02
7.852565066716537395e-03
3.396714788184404575e-04
-1.604144981159216776e-02
1.095954015050482622e-01
-7.585895806258721730e-02
2.157979763106769588e-02
5.239846508155873023e-02
1.597658911703310203e-01
-5.314806178101556811e-02
3.694941251849993141e-02
-9.921812610968358537e-02
-4.906154641713711406e-02
-6.555810372225570615e-02
1.834236041021556490e-02
-2.142782698917280668e-02
1.091269203268910304e-02
-1.539146862773118490e-02
-1.000255748885207907e-01
2.520014455924387414e-02
-1.545317862967046374e-01
3.552774626883699327e-02
7.230105518069471215e-02
-1.007990364086721984e-02
1.233945301935424586e-02
-4.138320794869354557e-02
1.188602142615749480e-02
-3.500687644637413918e-03
8.633993817035215401e-02
-1.017077095674217418e-02
3.423629747478977668e-03
-2.470582099800306547e-02
4.965944061875181281e-02
-3.867116548119438335e-02
6.443364163705725400e-02
5.118450991875566486e-02
-7.929589445868380493e-02
7.213621362426791972e-02
2.052250563108260970e-02
-6.444537293936498934e-02
-8.237117156363663734e-03
-3.636844491021494485e-02
-4.640705436695898023e-02
7.142972108129032327e-02
3.694579257378783482e-02
-3.003213390776816633e-04
-9.780406844751739215e-02
5.198465177215549210e-02
-5.033928634648759254e-02
6.053006755316608228e-02
1.796689170035527250e-02
-3.737626433246803853e-02
4.520114352573834787e-02
-9.822807123092504311e-02
-2.694998561146367752e-02
-1.227596991486617269e-03
-1.667668307255201418e-02
9.224785553052751441e-02
7.880090053731113320e-02
3.236408218049713348e-02
-2.236398491332901653e-02
-4.479145293114611057e-03
-5.666115108809257478e-02
-6.954674650688116855e-02
3.629148756707628598e-02
6.471425438825796628e-02
7.876114818149125563e-02
4.213059245971520483e-02
6.008099330082648792e-02
-3.886922338215532263e-02
7.888094153705638503e-03
-4.803820815783123310e-02
7.395409622987252074e-02
2.176149874481101559e-02
7.460903807870933324e-02
2.545431160324232098e-02
-1.427830211075474705e-02
-4.125027553454375939e-03
-1.973275435972676739e-02
-5.181203403819900632e-02
3.008388570994851782e-02
-8.271305523089024850e-03
-1.218071174012747178e-02
-7.646228218127006093e-02
-2.050410424546278074e-02
4.618214854271665559e-02
7.280312140145862518e-03
-1.300994722325044504e-02
3.311196946161770738e-02
-5.689446993198986335e-02
-1.309337354166164452e-02
-7.571995888924401563e-02
-2.408188330526522467e-02
1.082531058949987024e-02
3.181961568139245883e-02
-3.214641624567900202e-02
2.017743775320261432e-02
5.955385561113064885e-02
-1.786265069984951590e-02
-4.016737577752124005e-02
3.626008119489818743e-02
7.783283347087792403e-02
5.090312625340330348e-03
-4.404983351725851731e-02
8.583022984408494871e-03
-6.352986210727036565e-02
5.475220005857346639e-02
-2.869084383791642781e-02
-1.275903142589156908e-02
1.938212249275225382e-02
-4.161196834369412095e-02
-3.630935266459062172e-02
-3.091590318761875192e-02
-1.796648948427614911e-02
-1.912701694456919038e-02
1.270392782305186999e-02
3.092860651211768244e-02
-1.855858507075017552e-03
-3.997039045277128722e-02
-2.348355336956481354e-02
1.476421265234059005e-02
-4.291705896642489249e-02
1.595199025199414006e-02
2.547941659018084296e-02
-4.298097780499867543e-02
4.745171007845832428e-02
2.155670372452478042e-02
-1.194581754992028386e-02
-2.363522234940036021e-03
2.725560279558313093e-02
4.692856103154710926e-03
