-2.589083385520679070e-01
1.688945558023005333e-01
-2.389732526452609529e-01
-7.383831549771460723e-02
1.015756085451317847e-01
1.107900580564602222e-01
2.698930622990720063e-01
1.673880347149721282e-01
2.024850164745573694e-02
9.044072731009883057e-03
-1.863135930809625349e-02
-4.617317691650140582e-02
-1.253518252618904538e-01
-7.259036740946912813e-02
-1.305752204174631392e-01
4.239166795356584527e-02
1.383744865701039273e-02
4.401562803776349481e-02
3.918438689165688188e-02
1.140926204445143893e-02
-5.360565508091227199e-02
-4.907873934900354278e-03
-1.191253861071610125e-02
2.776028622608707128e-02
5.257931712022512194e-02
3.850638890375521206e-02
3.239444775792563180e-02
3.891445098451034451e-02
-1.576700412748363311e-01
1.037642717397732894e-01
2.572428704331202170e-03
-1.388248253529192899e-01
-4.017185702270289344e-02
4.270311189546241448e-02
1.186947653118678170e-01
5.185486489053395959e-02
7.713355883616308806e-02
-9.391744297438681804e-03
-9.011494605185139950e-02
1.187670534593431165e-01
9.637517314791115008e-03
-3.864454849768164668e-02
-2.734162990457851203e-02
-2.439706596116390097e-02
1.614131168722626047e-02
-4.566682568099598993e-02
3.793991451646614582e-02
7.457777345011330772e-02
-7.790489977177557368e-02
1.065545674960653999e-01
4.003857679518025431e-02
-4.075647864257590791e-02
-6.647765759632935645e-02
4.823494316432658940e-02
2.620721063601567924e-03
-5.289316732500574242e-02
7.440228336116612440e-02
-2.977703530578964392e-02
-3.559330689974039147e-02
-2.785232578140235671e-02
-8.198237906945048115e-02
-1.288429116628471149e-01
-5.039215783988614666e-02
-1.052900095098563277e-01
-2.094584999938338063e-02
8.415687204933029741e-02
5.891574254094677360e-02
8.754519097294693672e-03
3.114095189691967400e-02
-2.694894117002709366e-02
-8.072911715066936542e-03
-1.719141149389349921e-02
6.494981434622275340e-02
-5.520645488485084740e-02
6.242878609072049362e-02
-3.859712506667496539e-03
5.831013296147390113e-02
9.990676497408285117e-02
-1.930197140575656486e-02
-7.407690314673269494e-02
1.221159698282332645e-01
-1.551568333737072744e-02
-2.276234453462364776e-02
-5.482613166789807035e-02
3.389979913412984047e-02
2.184696202914592281e-02
5.486496607722136237e-02
1.151263108751250479e-02
3.240550988312874275e-02
-1.669455162865299616e-02
-2.261706641299853979e-02
2.141777830751959849e-02
-1.063733959530863971e-01
1.153448797537604820e-01
-1.722533311649517354e-02
5.970185525704196222e-02
-5.197307255471340232e-02
7.237664447691964653e-02
1.843889169768930456e-02
-7.705712656927635185e-02
5.525705324605176966e-02
2.791752882149681203e-02
-7.776303052256955395e-02
5.022271682846694840e-02
-3.566826867264241696e-02
-6.651645858533482454e-04
2.593022304180613372e-02
-1.097516553610349520e-02
-1.596625606241091483e-02
-2.775851494924186369e-02
-5.862017325002143175e-02
2.422959674849691283e-02
4.127984081985890119e-02
9.822231411460534758e-03
4.931873065137066386e-02
3.585458694456786916e-02
-2.764274696826431871e-02
-7.636211763959710463e-02
-3.539532493689080683e-02
5.106367228612798681e-02
-5.034436678538329463e-03
4.572093317556950171e-02
-8.140293759884174862e-02
1.100098273163038487e-01
2.947003626616502298e-03
5.835110627113858361e-02
-2.687635223969129378e-02
1.148189107916864210e-01
-3.629743957618836864e-02
-1.559525711413387028e-02
-1.752695148494849524e-03
-1.095190165285913342e-01
-8.541497991419738298e-03
3.126430629004556955e-02
8.162097175239184377e-02
1.076321388039923159e-02
-3.187081821809996385e-02
-5.740601310310628619e-02
8.540030839466816737e-02
5.625157506416079284e-02
-2.986172239118141565e-03
-4.934008623446669434e-02
-4.143768498098965997e-02
2.483136299141885592e-02
1.872744272186947084e-02
-3.704976435095321333e-03
2.885416664911706619e-02
8.246396584944077138e-03
-5.049322088101665384e-02
9.882688766422537130e-03
4.002771519188415283e-02
5.860453254127505340e-03
-2.760374545735185328e-02
4.917910056345953240e-02
5.614790523823922491e-02
9.402238277238607334e-03
4.772608540498362445e-02
-1.486799757774464811e-02
-5.539929011875396880e-02
-7.294542486613926624e-02
1.191801954284090262e-02
7.319544226385665819e-02
3.802894624317636196e-02
5.597505535440093494e-02
6.303730323784494105e-02
-1.309100585818435969e-02
4.959575166589804546e-02
2.828137582175734369e-02
5.983202739500602385e-02
-3.099102835111561954e-02
-5.606732885194105898e-02
1.451902261892031552e-02
-2.021641814233493539e-02
-6.555512314283512554e-02
5.367503566073598964e-02
5.625368054418435071e-02
-6.895246555226696925e-03
2.245577995913087058e-02
-4.804798990636228312e-02
8.956120480565714359e-02
1.488089782042863359e-02
2.302425956548998301e-03
-1.854333019092106391e-02
9.045660196107004059e-02
-3.642861432368745683e-02
-3.732808875787612529e-02
6.178778439466124650e-02
1.239706637867579730e-01
1.182460975449441815e-02
-2.487935456782871396e-02
-1.796746469432059998e-02
3.041740201581004735e-02
-7.847591932229008513e-03
-5.825629282944306403e-02
-4.430752109372707720e-02
-4.288832729689934231e-02
-9.810878529492270128e-02
3.533179291268806477e-02
5.854755089936779927e-02
4.995916420202673597e-02
-2.222942414644008685e-02
2.246159509443401356e-02
-1.065087816606325871e-01
-2.788928865292694334e-02
1.360547823092346682e-02
4.502883181354181558e-02
4.703171146134321051e-02
5.822350749764775707e-02
3.848225943427894397e-02
2.066712454864646012e-03
-2.121561880494074806e-02
-7.419210298230706491e-03
5.425708391613577597e-02
-8.703593216978995628e-02
9.996999621542507208e-02
-3.766646947594702588e-02
1.767032464845705742e-03
-4.612792580615394239e-02
-1.807450997234342355e-02
5.026342277558895622e-02
1.871003073627787103e-02
-5.020299884094477950e-03
-5.290138872319295055e-02
4.818010042276072574e-02
4.224237939380064144e-02
8.503719664139998413e-02
4.470361870069757687e-02
-8.201469651679611783e-02
-7.470443645470478677e-02
-1.321442709194592391e-02
-3.908352437243337724e-02
-2.089548558040730045e-02
-1.098308615143019085e-01
-8.620470202461863116e-03
-5.387418733470977078e-02
-5.826307715396340792e-02
4.843225672081949429e-02
-2.475874064076521650e-02
-5.766792813397263184e-02
5.097266876066555708e-02
2.424239673022739530e-02
2.243937058307429733e-02
-3.347719921511684710e-02
-1.117909631552755723e-04
-4.954257994022389505e-02
-2.859559365003414705e-02
-4.590825405702999434e-02
-2.507319241126685500e-02
1.812183314239660097e-03
-1.990169900929062569e-02
