-1.426296534337136712e-01
8.811905731459926394e-02
-2.680969110534294764e-01
-8.410942182846993520e-02
1.218623997265273484e-01
1.344950904981446760e-01
2.025288010299990116e-01
1.691103053610490403e-01
5.402789683037825808e-02
3.272001322262691608e-02
-4.242061137403515744e-03
-1.309805775706870679e-01
-7.102641263611562950e-02
2.659808698842435967e-02
1.021588592074084978e-01
-2.694711055321775267e-02
-5.715628381274975855e-02
8.589435439085572888e-02
5.546671910151349666e-02
-8.855711989491463210e-02
1.948410739812767500e-03
3.143562793516501558e-02
-8.133524872582448620e-03
-3.183169919338013935e-04
4.044829169962942811e-03
1.738949720672822857e-02
7.847156780501797491e-02
1.133601615783102513e-02
-1.587968817026577661e-01
4.924929107255024419e-02
-7.650524210721186937e-04
-1.061674901164540719e-01
-9.731877333205571357e-02
-2.122503948424574096e-03
6.787559009887397798e-02
3.306197126193135410e-02
1.824713814901820358e-02
-6.126356419141841536e-02
-1.552642194158872779e-01
1.508830243523860692e-01
3.351972355308800028e-02
-1.926171412332974286e-01
-6.607776546391354311e-02
-3.926875077380698881e-02
-7.611814507094479855e-03
-9.990720013191799892e-03
2.982395143382124414e-02
1.004500735879700485e-01
-1.120165732147133664e-01
8.257489684715726627e-03
4.069394428250617396e-02
-7.234763241664793169e-03
1.598054436088279864e-02
7.491981855365645315e-02
3.074478027467834190e-02
-4.281206157766509132e-03
1.525899347612681978e-01
-5.300938961107903163e-02
-1.078249418469135086e-02
-1.131767927746252511e-01
-4.688696108833459442e-02
-8.084216880722304432e-02
-5.932084605508016611e-02
-8.980597663951500609e-02
5.208799150987447439e-03
-1.402469975065036983e-02
-9.618926034500341685e-03
-3.438131583190734506e-03
5.380816233626194850e-02
-1.763682408474454011e-02
-1.722116357339651890e-02
-2.912516761437304591e-02
-1.300659436218463451e-02
-4.945995088701011372e-02
1.115649823296703362e-02
-3.828175378903433436e-03
6.136485904736199704e-02
1.638639350271297798e-02
-7.657623222112935890e-02
-1.719447530887188019e-02
9.335544884948671074e-02
-4.740793476396116396e-02
4.885958213586545640e-02
-3.846900695744311094e-02
5.660266138190170326e-02
6.302147363025165615e-03
3.981791957958379785e-02
-5.212003751884571739e-02
-1.648845853442076632e-04
-1.086081771132012654e-03
8.420328281399386272e-02
-3.578514533462570646e-02
-2.083750713124238665e-02
2.861397182236153497e-02
-1.214510254107366120e-02
1.231387149114165566e-02
1.178211535481630753e-02
7.301761835969564074e-02
2.558162240919539462e-02
-5.255327812915915053e-02
1.825986279207888682e-02
2.325398382027150934e-02
-4.586942496021631510e-02
-3.927427594776754585e-03
-7.483817992265134889e-02
1.033793533923446639e-02
2.563221960831300189e-02
-6.385825285510267346e-02
-2.949234053847930859e-02
2.010363008566894150e-02
-8.534819931633012835e-02
5.779479300717366846e-02
3.323817408241901139e-02
8.083898764645786744e-03
3.654467258173726973e-02
1.528307318882402011e-01
6.736948416408673757e-02
-1.029019783621523271e-01
1.686875793242120780e-02
9.014689661583291658e-02
1.726121271313487554e-02
-5.883741007648261856e-03
-2.299376486968056008e-02
3.978279286755575378e-02
-7.982001162451957121e-02
2.918708304863410277e-02
1.436203673536961406e-02
5.743937363494714538e-02
-7.485773568988143747e-04
-1.269370208650301944e-02
-4.219314163637407494e-02
-1.038407556469055498e-01
-5.692208340862761617e-02
4.136071557888592459e-02
2.361479442284742866e-02
4.945067529193693245e-02
3.396311039194718773e-02
-1.809186401777508960e-02
8.868721262725871857e-02
4.706872256868561283e-02
2.344860388729436487e-02
9.945982847062663414e-04
-2.839577767977362679e-02
6.028741663915013205e-02
-7.561589001497856510e-02
4.170957171416536657e-02
8.565493018589817598e-03
1.242744562763880289e-01
-1.560104862454935078e-02
-4.793319463514499751e-02
3.217995258240933382e-02
-4.941126238435161050e-02
5.526312481254258037e-03
4.244311390071089929e-02
1.373256873469934131e-04
-6.081287742575072763e-02
4.159042887203402705e-02
1.377536371846658537e-02
-9.967721895154756095e-02
1.814192544244803626e-02
4.646771758538791736e-03
2.918577709842524320e-02
4.499557684097536120e-02
3.380301429070213526e-02
2.245638310168627735e-02
-2.615195430553628533e-02
4.089318540411422676e-02
2.858808721950388543e-02
-1.630572596288881390e-02
-5.852197287218886650e-03
-4.122811140383250000e-02
2.323593491866701721e-02
-7.814762518141522840e-02
-1.246552914488331144e-02
-6.067468110493116212e-02
2.778281822917945051e-02
-4.690571319389770857e-03
1.160240656030640388e-01
-7.842897373666747607e-02
1.033711493461608039e-01
2.340098693352517939e-02
-5.072665561779823168e-02
3.664844539448740973e-02
2.309408863444320156e-02
-3.666036637588110034e-04
-5.295032047855522533e-02
1.109424793967806327e-01
1.186182519782064265e-01
-1.077603140545263516e-02
-6.900158706613318538e-02
2.197067008169892310e-02
9.850039038385120793e-02
-5.655434122417390659e-04
3.188795551006946578e-03
-5.368188699683607706e-02
-5.344088895444731868e-02
-1.052659491556047489e-01
-9.604493610397306022e-03
5.831945013210726447e-02
4.513032411380742820e-02
-5.650150046956928240e-02
-2.411872377395323647e-02
-5.436717599745938961e-02
-6.205975850208641370e-02
6.692957985911784924e-02
4.802648636032147422e-02
4.198003735101044076e-02
1.362712162680963617e-02
-3.942362307421660300e-02
-5.754117077943259745e-02
-6.086836356667586073e-02
6.612260308775106191e-03
4.774172224298452866e-02
-7.194777725141739133e-02
8.677232127613999924e-02
-1.813328607952788924e-03
-1.799904109523769308e-02
-6.330951936606214747e-02
-5.083461416839727548e-02
1.526729463142877455e-02
6.179475106739631268e-02
-2.787323016671587605e-02
-5.367555816120852738e-03
9.137398752361897136e-02
2.767599819927530486e-02
3.182145250712600792e-02
4.547894584776732835e-02
-3.540725692162623867e-02
2.254347993484636867e-02
7.820793329234231039e-02
1.841182181894566658e-02
-4.942298245032855641e-02
-9.750177379080998685e-02
-1.302759002323475822e-02
2.061891115782098216e-02
-5.303386780601943712e-02
4.614424376442425625e-03
-7.930945206466109842e-02
-4.174637272133296939e-02
1.190505549832417131e-01
3.329510011716416834e-02
1.334111853106941014e-03
-6.253190973144330360e-03
-3.576240840663044013e-02
2.102375572256742417e-02
-8.375879094034256733e-02
-1.890798244060389391e-02
-3.958335083053095976e-02
6.490023369225858541e-02
2.047662955686088107e-04
