-7.759849144018361733e-02
1.416082215978760883e-01
-2.713128640216166954e-01
2.757283547231472592e-02
1.030652958274888426e-01
2.727639213907790544e-02
3.900909134674372669e-02
1.714518818046297244e-01
-1.110046648619493898e-01
-3.570633817367629276e-02
1.450763968987629493e-01
-3.351807565300211639e-03
8.091113487844162067e-02
2.842614373693315433e-02
1.122102518030878016e-01
5.717377070927454757e-02
9.386496759794674127e-02
-1.325244926485906194e-01
1.273017710717742335e-01
4.685528019042898423e-02
5.871311275333189993e-03
-1.555020925998245587e-03
1.847501537596843782e-02
6.881997144378544651e-02
-2.260014906130253243e-02
1.168771338606326357e-02
9.632747824134647863e-02
-3.401953525263056669e-03
-1.292442323863244591e-01
-1.406483366294316306e-01
-3.723456607357301940e-02
9.962149887257340519e-02
4.690552538382183889e-02
-3.258855611413936232e-02
3.873510784649817490e-03
3.010762113056857439e-02
-2.605721021802871740e-02
-6.081891229367140939e-02
-4.214195688764151015e-02
1.110357249255411460e-01
2.566626358161653090e-02
-3.668372130361176320e-02
6.381476954554142489e-02
-2.746946731605885792e-03
9.216622358749032573e-02
-4.084848220532810714e-02
-4.905988314924409482e-02
1.586014833970004556e-03
2.096418673422969364e-02
-7.587900764285604449e-02
-3.588330445718634215e-02
-2.840586703940200380e-02
-1.580709153245703560e-02
2.794433235644580918e-02
-1.288109792309198864e-01
5.656368358159992449e-02
-4.332207391507847394e-02
1.473854595815639670e-02
4.973271888249227585e-02
6.263799337691464131e-02
-1.229644432352780953e-01
6.700009649310218265e-03
1.030895418622202186e-01
-1.851298870185059129e-03
-6.950061354019408666e-02
-6.044506688503019191e-03
-6.684754163337351673e-02
1.209176545079819476e-01
-9.100370395497435483e-02
-1.023229966932367174e-01
5.342056391960155887e-02
-3.195144441569321148e-02
3.789321142633039763e-02
9.559493706104491006e-02
3.894449038381005319e-03
8.870095913388367781e-02
9.677125014033166606e-02
1.335228801878772693e-02
-9.605875411289123422e-02
-1.320869724556957871e-02
4.776948470326086715e-02
2.651252627270455839e-02
4.146832728695327985e-02
-5.977775514605231794e-02
2.448389726309943559e-02
3.800587444719678853e-02
2.228501676541464957e-02
3.651872918732240042e-02
-2.822959538990199926e-02
-5.056383193659944042e-02
3.643381844904758360e-02
5.778786025195939424e-02
-1.143549508479895123e-02
8.062134018501516952e-02
-6.874230474590105333e-03
-6.994997558906958235e-03
-4.587184382126317794e-02
4.335578020347038986e-02
6.073251305394650190e-02
4.927005955399602066e-02
-1.090253879448670749e-01
1.268973948445012781e-02
-7.304956485310548642e-02
7.336727721817350167e-02
9.150532894365283332e-02
-1.477443538200843426e-02
6.678889467624019027e-02
1.492646099677706097e-02
-5.505189535327413564e-02
1.273552909683572654e-01
7.740703707589276228e-02
-3.646696241466945709e-02
-5.494055544480781761e-02
-1.631027117820559036e-02
5.459614928706826853e-02
7.257258283287840173e-02
-1.557931773278410995e-02
6.263151012615426720e-03
2.205548984181162492e-02
-3.300424495243295397e-02
8.632574083107888430e-02
4.789398958010793184e-02
8.714831981020557117e-02
1.843386658032610328e-02
-3.326512963991775512e-02
6.985285913890407206e-02
-3.473553752793120258e-02
1.521566028962347168e-02
-5.488402546751460637e-02
4.493898342359024106e-02
-4.815404732234268570e-02
-9.858652727542467631e-02
4.737824036655866045e-02
-6.875718976040189057e-03
-5.121979798674666795e-02
-7.165788215289650709e-02
-1.570160639636104805e-02
-1.169710748410379697e-02
-1.442377751817853354e-02
-9.003283715360925824e-03
-7.679635454763811264e-02
1.105524911992237236e-01
-3.188886119916965745e-02
1.093391309727348715e-01
-4.291515069643538766e-02
-1.229105264049750249e-03
-1.159909793306823644e-02
6.915273421240433760e-02
1.584817417247936719e-02
7.162037191635436950e-02
8.663766457939658938e-02
-6.748683646727980656e-02
-1.274914723121350034e-02
1.561326218140803579e-01
5.361585530985264053e-02
5.251165185636997440e-02
7.082253513910910514e-02
6.253128436184857489e-03
-8.327113738864554138e-02
-2.694680484021920105e-02
3.009200840424769083e-02
2.841539344868254310e-02
-4.152525419796651573e-02
5.897016041485649701e-02
-2.564472992730531045e-02
2.143670325010650982e-02
2.646013102166158357e-02
-4.400046672040697909e-02
-1.849585439626962036e-02
-7.062267901107775747e-02
2.744614746000753613e-02
-4.639447321929283941e-02
-5.052519705451725268e-02
-1.294202394133444570e-03
2.466380747169964575e-03
-1.448507070011201096e-02
3.685734672831161851e-02
8.575538015321651497e-02
9.479756337313965942e-02
3.754040350485037675e-02
4.737149249331828321e-02
1.404883723402625406e-01
1.561646411341621743e-02
1.365160912149471217e-01
-3.739909510052235719e-03
6.971088917837602039e-02
8.155496137231815768e-02
-1.038127220222912622e-02
-6.771193096434257284e-03
1.075009639931205629e-01
2.728919325154862893e-02
1.220818280309980131e-01
-3.567461655388449310e-02
6.911873022372241014e-03
2.542095854264261184e-03
-8.077465583437387631e-02
-5.555901125841291449e-02
1.223088410410408909e-02
-3.332179192845097920e-02
1.322318863413139978e-01
-4.509484606431908571e-02
-8.192579670024919408e-03
-1.053491862968784602e-02
1.276509073563440559e-02
1.057375859419204950e-01
-9.400167818668449249e-02
-9.391451815732954154e-04
-1.930090213609530689e-02
2.223573082851185156e-02
9.808000677086594135e-03
-1.848004320308872100e-02
1.046920294455711553e-01
-1.599738817339783209e-02
5.840284289551429114e-03
-1.300242402239787202e-02
3.158404918000236317e-02
-3.549814643752448318e-02
-5.748963071698246635e-02
-1.005419881693056516e-02
-2.012619349564213900e-02
5.043668083495222304e-02
3.520441548470781140e-02
-1.828442103473762112e-03
-2.751924942011168759e-02
-4.174108690822875972e-02
-2.433048238031072785e-02
2.172775490031302742e-02
-1.295459350913515800e-02
5.511550398190774580e-02
7.301016918139324741e-02
5.120051362351557556e-02
1.102202245977548616e-02
-5.634993477336779771e-02
-7.771363529680017090e-02
2.498290910478775245e-02
-3.108024105586376911e-03
8.478074248151121206e-02
3.270985244341624576e-02
5.604637971098056642e-02
9.559751713022505634e-03
-1.550062562278964329e-02
7.047359732139929847e-03
5.650162961003640100e-02
-2.267771652575693506e-02
2.381039997365121640e-03
5.093946354698075663e-02
-8.940700498837375262e-03
-1.158811610014761316e-02
7.045639686019832329e-03
2.762771155910784260e-02
