-7.082800910324971166e-02
1.780720191733591307e-01
-2.431529575988301550e-01
8.705190797155230517e-03
-8.004458060285227596e-05
1.098766749555108446e-01
5.318828744987465218e-02
9.598314932445968506e-02
-5.681739771367118330e-02
5.389254954967363787e-02
1.804695188375801673e-01
3.309206066661155021e-02
-1.518506686910026104e-02
2.618074567584352877e-02
2.887837825166576777e-02
5.655296961927383514e-02
7.778702189204819706e-02
-1.324128222894617457e-01
7.080971124107424131e-02
1.179495615378268608e-01
-8.516897571611252438e-02
3.773776451659190817e-02
6.720592329965163758e-02
7.335397072495368487e-02
-9.308917451967582690e-02
-3.233835322014736585e-02
1.212460207791522804e-01
5.380229380253840482e-02
-1.577117412179532274e-01
8.756462503472033088e-02
-1.722294843682005199e-03
9.318158900335987704e-02
-1.007855843010143021e-03
5.367030248212650801e-04
7.003489614835518851e-02
-1.486440882745578528e-02
-4.381806873305325867e-02
-1.092047939039437476e-01
-7.515997657480553984e-02
1.564137237702577510e-01
1.075233437263912878e-01
-5.764971058303902662e-02
6.670084747855316298e-02
-3.133800155656874063e-03
8.834098208211708936e-02
1.090874682857998455e-02
-6.419369770391725183e-02
1.756416587416731456e-02
-5.992789722086489662e-03
-6.984862802328793696e-02
-2.539808374709791663e-02
1.689290160447130471e-02
1.448066770666325918e-03
-6.572324821288562380e-03
-1.302743710110958186e-01
5.568961206239478323e-02
2.614685693859343865e-02
-8.161891632879321457e-02
4.906561462657321043e-02
-4.341219199622073539e-03
-9.944768162565539860e-02
2.008882540081010151e-02
9.572249045260784392e-03
-5.030890981603977630e-02
-5.053461771519687090e-02
4.806944337345415291e-02
-5.629289326363357687e-02
9.234584956804155198e-02
-8.599422985962242028e-02
-9.661045075301123719e-02
7.552346669083082054e-02
-8.982913967440385103e-03
1.963511380330908856e-02
7.116723913234569709e-02
-5.725942472128111443e-02
4.651662648168212316e-02
-3.495299436864935522e-02
-4.539308977218430019e-03
-4.713871952998896497e-02
3.838055402323955340e-02
2.256911089839437265e-02
3.099339181893051576e-02
4.933891752678226661e-02
-6.702301320921584538e-02
-3.937586863487099742e-02
2.254557039031468077e-02
-6.182504972499910934e-02
6.310079449401657936e-02
-1.095438868704017151e-03
-4.915840603251179358e-02
3.461982936128567973e-02
2.239528120772730363e-02
1.830478383870072154e-02
1.000371195004543245e-01
-1.043838212055971278e-02
4.865216517899015325e-02
-6.048872326997743742e-02
9.567218846445503522e-02
-3.873112598563158843e-02
2.864406967197300272e-02
-2.025713832029692185e-02
-3.718166712849101108e-02
-8.432162022222214337e-02
4.218308278978909025e-03
6.193860612059750789e-03
6.869442354853344535e-02
1.316990000706609598e-01
-5.268537036532496692e-02
-2.417798640911600003e-02
1.337174187437821238e-01
6.913559391465574910e-02
5.802786640133229812e-02
-2.631033840009010250e-02
1.274370716071326383e-02
5.477091546541572320e-02
4.146432631601964375e-02
-2.049936226733526171e-02
2.830716970772332447e-02
2.278076987715456705e-02
-7.399730848215339829e-02
1.196385501604703416e-01
3.329594134066419489e-04
6.463671841565281351e-02
8.572603254267956163e-02
-2.849730985231460623e-02
7.586187434409868979e-02
-3.459279375593651840e-02
-2.926184524718225977e-03
9.058435480988624028e-03
6.738064389746582783e-02
-7.786562731495184908e-02
-1.393312302717472362e-01
6.053035604627558103e-02
3.452875123832233745e-02
-8.771224149586634433e-02
-5.000668669920879661e-02
9.931627282145508509e-03
-3.978465795276141942e-02
-2.072979882750400349e-02
-6.802024669777953503e-02
-6.667220138720728051e-02
2.788686712823934197e-02
-1.387390511441879692e-01
7.227121015026638506e-02
-1.171258493489946671e-02
-6.634345664991971037e-03
1.039986751927649347e-02
2.336040777333515603e-02
4.417114208858913260e-02
3.306773204836325336e-02
9.273538158529036346e-02
-2.555320438767545027e-02
-7.189243755010202470e-03
1.292276921758669095e-01
2.967741916565460464e-02
1.681892204560077320e-02
5.874412148195790051e-02
-2.809910862321111924e-02
1.842738636840834639e-03
-7.251634667836261150e-02
-4.365273692594334558e-03
-3.070854139146840175e-02
1.109960655202086102e-02
4.238244039678711744e-02
-3.592788664721602819e-03
3.567116832620722405e-02
-4.374480875303232708e-02
-8.116304599474341575e-02
-2.031634937992094631e-02
-7.080230985862122350e-02
-7.842604217615034568e-02
-2.717290784680054597e-02
-8.082025233705893152e-02
-2.941186030449359848e-02
-4.931390359534387757e-02
-1.212428683384778397e-02
2.240977558169777312e-02
5.690258214319973695e-02
1.264616653436734239e-01
4.086498566562388884e-02
2.772054161700378966e-02
2.287667945810807277e-02
-1.585002625744741378e-02
1.706532640309868162e-02
5.273461011803314696e-02
5.671627975247297421e-02
1.159390924977107690e-01
5.423088867162250554e-02
3.119761514957820892e-02
9.667075831373941885e-02
5.777155926823754860e-03
9.924712472057471702e-02
-5.778139351251537770e-02
-8.140835385113717303e-04
-7.295984710933124673e-02
-5.690655695970227301e-02
-5.567861278569378840e-03
6.294258994408362352e-04
-6.818489319169936634e-03
6.301838558290789871e-02
9.318957290202444649e-03
2.086285238336053893e-02
-1.104735142127627641e-02
-4.046455716865259705e-02
6.380077338637747675e-02
-7.882633361048360654e-02
1.303537645441680930e-02
-2.723321540752872069e-02
-1.793108255614305618e-02
1.229942547270792969e-01
-1.074670452478251534e-02
4.437495423132276073e-02
1.032064531450175085e-02
1.302831772855885320e-02
2.484359684499374415e-02
-4.406687168671648974e-02
-8.420902326508987457e-02
-7.455035622655838135e-02
-1.541762790015828964e-02
5.443730500447849230e-02
7.470235869212098201e-02
3.137137630892626594e-02
-3.691096841840431396e-04
9.112335363389430579e-03
-3.809172877927489292e-02
-1.911492682636906429e-02
4.516104272601884073e-02
2.191155289250022037e-02
5.759474846519357927e-02
3.678949665546034364e-02
4.241632913403722144e-02
-2.383584379896211414e-02
-8.807107148219898984e-02
-7.349007392450614129e-02
2.518717861284682641e-02
-1.428388002412807681e-02
4.675758259931879490e-02
-7.548029195985495043e-02
1.672105932205550718e-02
-2.123521730519752765e-02
1.012560518060130928e-02
-5.255910141005035174e-02
9.290818330617230114e-02
-7.474967956789689560e-02
3.167054978206132465e-02
9.082774378934772852e-02
5.321165662965682275e-02
-7.353955353683083729e-02
-1.875907795241331388e-02
-1.295721648508671138e-03
