-1.327951580861454484e-01
1.362715189438646057e-01
-2.988792278893120935e-01
3.595315890976559514e-02
3.426902047428374842e-02
1.301408356279994127e-01
7.085907697043397624e-02
6.905069800350165099e-02
-2.026462645028530643e-02
-4.640621251964403143e-02
1.443216986871154184e-01
-1.385440193865656970e-02
3.309005432711204647e-02
6.579986932070849837e-02
8.625342842630462359e-02
7.086497905512866013e-02
7.159462839707862736e-02
-2.102208153538074054e-01
8.524011632106688607e-02
8.701275305442904284e-02
-2.237529766571493689e-02
9.862640710659120735e-02
1.997908425220646864e-02
1.177525247165226926e-02
-5.549021328813316667e-02
-8.428849583853186000e-02
8.962440904556422117e-02
-3.653047511601990871e-02
-1.748632394375635446e-01
-1.094516877227181585e-02
-1.350621191420939629e-02
8.614125584456511220e-02
7.386363375051917257e-02
4.804280455216632800e-02
8.937490583391727306e-02
3.260885307552284246e-03
-5.408291230011897516e-02
-2.097393173493564481e-02
-1.578956032263428011e-01
1.262445364983712237e-01
4.960491161639069696e-02
-5.307441418574954106e-02
1.063455755188358470e-01
2.465429369883423080e-02
4.965061155709938473e-02
8.203963670714976494e-03
-1.102709234563748197e-01
1.421340695628733018e-02
-5.965543645558247371e-02
-6.388653875833912033e-02
-1.155127000611537013e-03
-6.537300681535877442e-03
-5.805949956511920890e-02
3.297300180942384223e-02
-1.125583934323239332e-01
-5.079353871783919352e-03
-4.491601856558247868e-02
2.449144232281675118e-02
7.612587973321997825e-02
3.321699860685841527e-02
-1.384179653654045716e-01
-2.865847897997672936e-02
6.843820009686049644e-02
-9.409044069720212330e-03
-8.080649667643954870e-02
5.102935832530568899e-02
-9.486714185400871302e-02
7.537809549416342458e-02
-2.537167725583206954e-02
-1.276634767930738545e-01
-1.313566650751078584e-02
-2.602153305051287807e-02
2.099866114008104231e-02
-1.117713059253562687e-02
1.783283566590765715e-02
3.951709483423965913e-02
4.790735335704994491e-02
-1.910438870594372007e-02
-4.037339170307423231e-02
-1.889303472330107134e-02
3.846157787755377644e-02
7.736782343216196123e-02
3.058849364768419579e-02
-1.153176015408266253e-01
-1.151579155286677585e-02
6.567767308675005224e-03
-6.340058946096199799e-02
4.970125737883715478e-02
-4.396159541713098168e-02
-9.584692088586931058e-02
9.772599297897724413e-02
4.578876873197379460e-02
3.076746859585647101e-02
5.223664788450391172e-02
-2.343632103661319813e-02
4.009516940891842685e-02
-3.814362367246437041e-02
4.099871592785080815e-02
1.973294423965929814e-02
3.546368155058773203e-02
-9.757484685472858632e-02
-1.170765876425485484e-02
-1.659122169236762825e-02
4.486936242120816848e-02
7.601390498672162821e-02
6.041967399219579093e-02
1.055657089981706376e-01
-3.186100289138587421e-02
-2.424543420043035608e-02
7.063611665364308290e-02
-2.669516204667345821e-02
-1.457854486639414797e-02
-2.230391211619522918e-02
-5.021589278618294322e-02
9.145049426658062586e-02
6.711732013669441388e-02
-4.099228628251300882e-02
4.363388134014418995e-02
-1.586012155864914216e-02
-4.896643134807676656e-02
3.061935594530565061e-02
2.079063738399797301e-02
7.147619103270227980e-02
5.076989740652019384e-02
1.913274509051043903e-02
3.778092573033190165e-03
-4.490642355638606309e-02
-1.960876965328921359e-04
-2.850838797701427119e-02
1.531254658364969087e-02
-1.223345537645626063e-01
-1.257348469720545314e-01
2.808821889732390081e-02
2.305957679235813920e-02
-1.373017129896816069e-01
-7.517788623010629445e-02
-2.159272739675383718e-02
-4.723303193754529311e-02
-2.514377105801210086e-02
1.196639428715608145e-03
-7.654667529117403779e-02
2.068825764669603162e-02
-7.613629905592124436e-02
2.410322363457423345e-02
-3.158917727002769071e-02
-3.448370468348598006e-02
-1.445331515873786443e-02
-1.230030720169931341e-02
8.935888117938304643e-04
9.185328681758883618e-02
4.013374728094525057e-02
-9.852435709469120617e-02
-4.510610525980008646e-03
1.275347190236168216e-01
6.154990672496096077e-02
1.809457168996652862e-02
3.185180355267179519e-02
-1.421116482355414798e-05
-2.921696786578034666e-02
-2.969348701666203044e-02
-4.944891852873353408e-03
-7.626911244782211968e-03
-2.805438907108499802e-02
7.591617437758703402e-02
2.544108445294014989e-02
6.734080801412840531e-03
4.332591781473352558e-05
-9.731423189703632126e-02
-1.612258297859227654e-02
-3.788241520904860743e-02
-5.104640512858591578e-02
-4.471425959213624207e-02
-3.073766141952122624e-02
-1.205542014567950564e-03
-4.299747834186247453e-02
-1.460904446607346960e-02
6.795624047684682700e-02
5.493057036342275518e-02
6.702156787997144705e-02
2.887777934480609612e-02
4.387751543963663153e-02
5.167581794834652520e-02
2.134200420111971933e-02
9.004698512068873284e-02
6.026110904640351318e-02
6.357537689652965895e-02
7.288019476669707619e-02
1.704462709257341044e-02
6.309955016899204813e-04
4.742783370501062884e-02
4.442218883109902428e-02
2.115611161401476925e-01
-6.007303367713772574e-02
4.786175233396183781e-02
-6.843707903049389696e-02
-4.239793864351749930e-02
-4.433504240736664548e-02
-1.418524840696177257e-02
-1.309214275445488851e-02
1.030338465543046284e-01
-4.287683181729313488e-03
-8.895430811120437486e-03
3.389016598745628502e-03
-5.147610327239231232e-02
6.826954555376889278e-02
-7.672841993272260137e-03
-1.537437009651318118e-02
-1.994644143741454434e-02
2.273512699685054789e-02
4.648673146279744262e-02
-1.451101710407711951e-02
3.976198189025946517e-02
-2.263512128244256350e-02
2.922537586352978375e-02
1.291761909920878006e-02
-3.247722669506895171e-02
-4.801843784496306194e-02
-6.507308858975541233e-02
-2.999647168850342119e-02
3.928566057461894273e-02
4.963455393002497856e-02
1.555268559388158119e-02
1.530179753554649323e-02
-7.494823248765604753e-03
-6.867151379127225952e-02
-3.115634673490287262e-02
1.039363709244909943e-02
-1.018198635694470520e-02
4.235359057695675666e-02
-2.184529705463881914e-03
-5.358400479444565788e-03
-1.941871593161180118e-02
-4.914787923676358639e-02
-5.009026740804432831e-02
3.730081257256909200e-02
-2.061354187061674448e-02
5.841896619831268150e-02
-5.250600056534757143e-02
4.915559481116894835e-02
3.586472655696566064e-02
6.609015956457525362e-03
7.447860459767488561e-02
9.688357754956429535e-02
-2.757239647853113734e-02
-1.889418876220785512e-02
7.597249147623814924e-02
1.484146790189999794e-02
-4.798447612856339417e-02
5.878080685440011978e-03
-2.414595604666547671e-02
