-1.544792372612803499e-01
3.276969566920104326e-02
-1.626586230708423619e-01
-1.243482921296680532e-02
5.643139981433889507e-02
1.937079383931239462e-01
1.031299537449723164e-01
1.779657352333973153e-01
-1.180670273507094803e-01
1.280065983220927683e-01
1.888298502034754800e-01
4.450464250815144157e-02
7.577442776439936856e-02
5.281494554158235044e-02
3.689808860218454084e-02
-5.406293209336506672e-02
7.648863987178042279e-02
-8.488820317177073194e-02
3.274269338252071282e-02
9.219211050957808185e-02
-7.458470246414233840e-02
2.343902463777287545e-03
-2.593252821812806405e-02
8.118508813057082052e-02
-6.437159930349910242e-02
4.400225700350092473e-02
1.198722488173910999e-01
-4.867784428991012852e-02
-8.190797606291415345e-02
5.927365856068685102e-02
-5.259359827700183648e-02
6.669087152262694052e-02
-3.286675443010855617e-03
7.023538468502217580e-02
-1.262943414067859219e-02
-1.225861573442597365e-02
-8.793803184268421391e-02
-6.762194676033833618e-02
-1.839300886982845815e-02
2.187597566495388113e-01
-1.012868445932494851e-02
-3.982434363140692490e-02
4.000783570467265210e-02
-6.196683609008010740e-02
1.830363162585383063e-01
6.188446449352819068e-02
-6.209967044380956813e-02
6.419574325594921971e-02
-7.911491281841219469e-02
-5.639325217948606278e-02
2.336269687434075135e-02
7.581624719034110726e-02
-4.193997766686975021e-02
5.359508741993138092e-02
-9.645028338600471207e-02
-3.184580154503518709e-03
-8.076023265723110064e-03
-2.510387320618850601e-02
1.565719957133220389e-02
6.338954140898692136e-02
-7.160681490359016577e-02
-2.003121258255471243e-02
6.704843248848776915e-02
-5.667071610964651701e-02
-1.774134718586453316e-02
1.919934069169655644e-02
-1.631988637668076447e-01
1.319463326793049174e-01
-1.223652000043966293e-01
-7.511782703401499728e-02
-2.567069377039028419e-03
-7.232746076880841937e-03
-2.995824097552812412e-03
4.731024833106328015e-02
-5.161238521937738105e-03
1.663450363366467677e-01
6.778100355131332078e-02
3.875237559580634039e-02
-7.819381315472107019e-02
9.691123938943090044e-02
5.503137511649450198e-03
-2.749277948109967590e-02
4.348154503713234920e-02
-4.526197379053225472e-02
-2.825375006084293594e-02
-5.422748032411018118e-03
-3.094432809212015190e-02
3.392656981201667282e-02
-3.893836968600875720e-02
-6.420324930675927466e-02
1.715629764112405406e-02
-5.212399894233982894e-02
1.311700250606770424e-02
9.937686335249160119e-02
-2.869569723429560293e-02
5.696127501156650341e-02
-5.239629636999466183e-02
4.923784117155730750e-02
8.239109278777955250e-03
3.015313834677796692e-02
6.214119742621326131e-02
-2.598458316790169722e-03
-2.273283848082508288e-02
4.736873703867410662e-02
-5.349214729453632619e-03
7.687983184451748810e-03
3.711625148157290943e-02
-4.898247297538316225e-02
-7.199037085061137098e-02
1.205914974523719652e-01
-1.922861753922841532e-02
-1.470370366236998551e-02
1.263583540478933290e-03
-3.690244276152890995e-02
3.175641130356997993e-02
5.954992022296863585e-02
-2.200852082451794367e-02
-2.263272530963122628e-02
8.434091133716568878e-02
1.256246457046420080e-02
4.614489332564408047e-02
7.747755394257364869e-02
4.344057044807832224e-02
1.307849744022391292e-01
5.218671183438920724e-02
5.077931106064055566e-02
1.661615442633809780e-02
-1.306494755629407194e-02
-1.204997351688758813e-03
2.920776586942835928e-02
-4.286390428476205550e-02
-8.163675092823217960e-02
6.524512815166674286e-03
-3.555772238610317715e-02
-8.885737684514700974e-02
-4.009465894174827488e-02
-8.134966885504238063e-03
-1.256174970848229072e-02
-8.692685956927242996e-02
-3.998405029691091961e-02
-1.610847244427615621e-02
-3.335435528922411907e-02
-3.098478278155097215e-02
9.400275842857691577e-02
-8.896112931370331323e-02
3.602319501750598195e-03
-6.784365145590981645e-03
-4.028835404511945523e-02
2.186060938171546092e-02
4.774572925295231252e-02
1.100923520177853471e-01
-7.590765204284624645e-02
-2.641320791350968214e-02
1.683300130980522891e-01
2.265644572994006054e-02
3.242610700571390420e-02
6.044781936597412586e-02
-3.200882257063713404e-02
1.101491835453472130e-02
-6.533341360643263318e-02
5.139048556144720087e-02
-2.314063474777832558e-02
2.370794271787686133e-02
3.336985479674099003e-02
-7.129448520494837370e-03
-3.537462023755485324e-03
-6.446456385487385476e-02
-8.595143039495616380e-03
-6.731562840108988588e-02
-1.478753747661216630e-02
-3.333986308722721587e-02
4.221357484358260331e-03
-3.203653971929937283e-02
5.854654644390496626e-03
8.616621392679367844e-03
-3.287864713398942762e-02
5.564521410287008585e-02
8.280272331445394374e-02
2.841485395658430169e-02
1.731746652431832151e-02
2.583403973325672925e-02
1.103685486926142406e-01
3.364195726203711434e-02
2.539472455164654835e-02
9.083488004946893568e-02
2.872074989738890652e-02
9.485321673096473727e-02
1.438061854027308968e-02
-8.337792726007993427e-02
8.440121969345774910e-02
1.753254249969389902e-02
7.924037109623739694e-02
-1.716617573396499175e-02
-4.410600947205723342e-03
-3.690780422639323294e-02
-5.727730899502365275e-02
-9.753628871143189827e-02
2.965702413133238739e-03
1.808431846854911471e-02
3.029042434103115106e-02
-4.337168374800334791e-02
5.199395904908509641e-02
1.640094847605672382e-02
6.513464948173518058e-03
9.860354515669716990e-02
-3.104132186557476483e-02
8.315047117492672599e-03
2.832468386568428448e-02
3.781330690138812178e-02
1.077148510408582893e-01
-6.343464270130015625e-02
4.304677897722523211e-02
-5.229169906455063965e-02
1.043613035088123975e-01
4.177432464942532064e-02
2.569148975531857382e-03
-1.251339904352401049e-02
-4.340918150832717703e-02
4.569833204303544449e-02
9.751659751320291766e-03
2.738597260225702351e-02
2.407941099865848825e-02
2.039497985016758275e-02
-2.193628727061857492e-02
-4.269864119203502922e-02
-2.275698131957777648e-02
1.737368067107761260e-02
-5.478981675406179724e-02
4.330676128255533247e-02
3.191101645402125847e-02
3.614108225706823274e-02
-1.404362610325539558e-02
-3.455912518482772561e-02
-4.826416665846935961e-02
1.089699862124601099e-02
-6.641873656360436362e-02
5.441386433903000475e-02
-8.051526245352109978e-02
1.840711114710795807e-02
2.137216368571218453e-02
-5.366982299076743929e-02
-1.801098012795043085e-02
3.424156399622740876e-02
-5.447358780824594626e-02
-4.394815494896091301e-02
4.931771075117252767e-02
-3.537527011208386335e-02
4.548751274582487486e-02
3.765113071267389006e-02
3.622761305060580306e-02
