-2.258114370473550125e-01
3.216677557269681520e-02
-2.263425688632058619e-01
-7.122822140701812188e-02
8.490986162917618651e-02
2.549384727407583151e-01
1.912052942158633806e-01
1.508615223905140079e-01
8.348380955206467779e-02
-1.282449390481916682e-02
4.392283587312289378e-02
5.022152105038476394e-03
-6.843596598790162300e-02
1.427783097227706272e-02
-8.344582994238652907e-02
1.045603677106150264e-01
-1.310101151427181254e-01
2.219222633165868208e-02
-5.689143291791216861e-02
-7.939832785683195726e-02
-7.798742649044042470e-03
3.081987053416546801e-02
1.013704575515381873e-01
1.566148162594827031e-02
3.782155554435957107e-02
-5.820412888563234605e-02
1.042749379183859210e-01
1.138222851057971424e-03
-7.009366626194891980e-02
5.056464008727840076e-02
-1.188011102914915927e-02
-1.406183393940177717e-01
-1.850226045251997242e-01
1.405379240832732753e-02
1.484745313443439074e-01
-5.410531319386100574e-02
1.014511470832911988e-01
-3.150778821162985438e-02
-5.051510891761692990e-02
3.352468372919448214e-02
-1.005811809338046266e-02
-6.720378816380413733e-02
-9.065609430717583295e-02
1.970408201097579096e-02
-6.440522566149199657e-02
-9.974254453453990088e-02
-3.449254677871784868e-03
8.319563754975051184e-02
-1.035802332709609974e-01
-1.002384046731716188e-01
2.240317084245223994e-02
-4.385030441637294968e-02
4.505279781629960463e-03
3.359958034214279715e-02
-1.872017703245480377e-02
5.768197780781008505e-02
9.664439558043450007e-02
-3.458314254440315177e-02
-4.060986903647879204e-02
1.954541087992877138e-02
-3.359221065253918670e-02
-1.016053964005760556e-02
3.332755310170443935e-02
-8.193446085400346579e-02
1.666461635269076910e-02
8.890166257237788749e-02
-1.292653839760961147e-02
1.626301968573313703e-02
3.242392632342370323e-02
-5.946619679965702010e-02
-2.645865961487956289e-02
9.980307882216768456e-02
-5.778052598274207446e-02
-3.829801454663945420e-02
4.966690906068054953e-03
8.069158841057424980e-03
5.227697889727059982e-02
4.156145021362209202e-02
-4.399906931348767508e-02
-1.204721445620775266e-03
6.814097273800084897e-02
-7.630679448455678082e-02
1.932236636713487513e-02
-7.293305341690245469e-02
6.139945490962719910e-02
5.647855891197971212e-02
-5.610047669650150386e-03
-6.641070672957753718e-02
1.100610011978711382e-02
-3.596377676698078729e-02
7.422645108114898915e-02
3.317772559818175232e-02
1.245672925478600798e-02
5.456867814298471675e-02
8.076117199148274972e-03
5.722992447528726630e-04
3.331788681115459283e-02
9.811075814579646448e-02
6.745634571263853241e-02
-6.300584157745772740e-02
2.176673815933492795e-02
7.726499124353029824e-02
1.078165022432461817e-02
-3.595544730384740706e-02
6.101273473238103678e-02
-2.679492312656054503e-02
-9.428369547345495996e-03
-3.843327405908524008e-02
-1.261133848714452721e-01
2.401288244001091240e-02
2.941729863090732436e-02
-2.929379634420124778e-02
-5.843615413645483064e-02
3.165607322197969836e-02
1.101167366178500556e-01
3.170714688481401228e-02
9.976126011837045324e-03
-1.152339748575881284e-01
-1.654731831630215644e-02
5.399569334571056867e-02
1.961828511293935151e-02
-3.156863099789221361e-02
2.980857773241990180e-02
4.681706722977770768e-02
-6.418482052590496201e-02
-1.954733042698831788e-02
1.845096055735363783e-02
6.869575611583537966e-02
-4.647230286683302208e-02
-3.989535192118928014e-02
-2.388118780067570793e-02
-8.360635206524097418e-02
4.175549585476643483e-02
1.065199853150278764e-01
-3.088698612599741211e-02
4.278217931061442658e-02
-2.892414642473460987e-02
-1.052360825532008826e-02
6.609984293880946660e-02
1.013246626431176173e-04
3.227690958523820458e-02
-6.293450983762000073e-02
-1.042026464050184315e-01
-2.673534861246252767e-02
1.969798059353652670e-03
4.140353319034846546e-02
-3.155015535744409155e-02
1.303540413798665587e-01
-3.437874506018769039e-02
1.440085337221824920e-02
-4.100200507864295435e-02
-2.766146151344079165e-02
-3.284903744186076086e-02
-3.289726606173182591e-03
-3.371434183420272956e-02
2.470182844625720079e-03
-5.407021290477218370e-03
-2.386432320865256723e-02
-6.715082923153634087e-02
-1.502100418295549029e-02
-4.633313570501602224e-02
-4.226047384193098305e-02
1.063927124894548520e-01
1.505867529399905827e-02
2.722980336842564450e-02
-9.328758766005543213e-03
4.079064923633663603e-02
-4.913042993516382462e-02
-1.126051894371675050e-01
4.026839532563618318e-02
1.810372820533239857e-03
2.302729785781282290e-02
3.164249928205862400e-02
5.978497872204572607e-03
2.177355940692152561e-02
-4.728742481461832570e-02
-1.055380684388185740e-02
1.174665451983430420e-01
3.265200964724890298e-02
4.501632642216825408e-02
7.556992835707400380e-02
3.875596363084515827e-02
-7.180895294778255611e-02
5.376654741547740729e-02
-1.952655818559395975e-02
2.171230528914640592e-02
4.390000697416473335e-02
1.163366175327923968e-01
-2.912693286052510031e-02
-7.744241223603394279e-03
-2.194295943492635681e-02
8.430582130268868268e-02
-1.989483700001806396e-02
1.547405156663413800e-02
-1.011652716819232654e-02
3.356811348141668788e-02
-1.460925448315790742e-01
-4.217306589546956225e-02
6.725218817180551867e-02
-4.253030731430128795e-03
-6.946247805561928113e-02
-5.637233254880954364e-02
-8.142996275360381286e-02
-6.457013532048254574e-03
4.047399252676386894e-03
-7.615185961475066240e-03
5.983396144969017894e-02
3.742088437330565176e-03
1.702473709211180936e-02
-9.613160229452752739e-04
-5.195178705880806186e-02
2.944444651074945227e-02
2.346207526679972705e-02
-2.846160413863642671e-02
5.084475684746769808e-02
7.242862387175490755e-05
3.595428186456125358e-02
-7.442347887576082621e-02
-6.779665398419500166e-02
6.130258633837230853e-02
1.878132831735173161e-02
3.098248359220976897e-02
-1.034496012380337754e-01
-4.887098258349069878e-03
-4.283503541000403120e-02
1.073471729871874752e-01
3.223378833165057439e-02
1.768002246956393644e-02
-1.738348672649031937e-02
4.086911072239553244e-02
-3.457789806761547152e-02
3.453196604869064514e-03
-1.167234405429167510e-01
1.417684908589457796e-02
-7.405475445219791494e-03
3.133417203561923714e-02
1.023631718799574430e-01
-3.120614510227280938e-02
2.997955453122364347e-03
4.616510678205372475e-02
6.333237024333674206e-03
-3.849891571299646296e-03
2.598350316239008556e-02
-7.283183158713753269e-02
3.538438205363281935e-02
1.076776778576898214e-02
-3.844146641171437839e-02
1.147981691198193301e-02
-5.827127875509035583e-03
1.703885947404989304e-02
