-1.799199658140890890e-01
1.717751918534574929e-01
-1.583173343338680483e-01
-7.235635598044898309e-02
9.322698677915162990e-02
2.887375269905110842e-01
1.397323989645753994e-01
2.025736241078779920e-01
-1.976388332059772143e-02
-8.031931172419115583e-02
9.794433200895898139e-02
-6.427902090895709630e-02
-1.632051847971588143e-01
5.090464307587408421e-02
-4.106221243224696116e-02
3.233622128534423355e-03
-5.223795415299666879e-03
1.389599079334934151e-02
1.300754337086073853e-01
-3.842213357638125937e-02
-7.953831062797986351e-02
9.322151602299708073e-02
-1.854454633002821512e-02
-1.460090785489275012e-02
1.356566180892378182e-01
-6.675902949215269111e-02
4.869682149641710658e-03
-5.334095315003273274e-02
-7.132359879082933451e-02
1.487681632362044815e-01
5.365423836512989847e-02
-1.414092870362434751e-01
-5.863742181992862706e-02
-4.068418993598764410e-02
8.717038693467106525e-02
1.090871141123825327e-01
4.557433676605933404e-02
1.677914682699550505e-02
-5.179722058155837583e-02
5.904766099132027074e-02
9.357248866938112919e-02
-9.512753422126149494e-02
-2.685648228427099660e-02
7.836554260492347226e-03
-3.557129552816658963e-02
-6.112590669815379241e-02
8.032454608964767137e-03
1.258793975081688894e-02
-1.013248878413726545e-01
-2.089058892763682659e-02
7.296796625646760626e-02
-1.041610358962093696e-01
-2.088204509240780896e-02
7.993358964519581278e-02
7.906441481861709031e-02
1.174861769239014391e-04
1.017458996745747996e-01
1.095637115297228579e-03
1.552131192274584966e-02
-1.641915756398636822e-02
-3.220029663397352276e-02
4.288363653071420624e-03
5.563623928776304309e-03
-9.118582064181005031e-02
1.189754383215283623e-02
7.994993437346002707e-02
-9.538888102299017402e-02
-1.352171677815888415e-02
2.749821548923934988e-02
-1.237187865281196841e-01
-4.321660971394779976e-02
2.787465079081185085e-02
-6.495695566082466954e-02
2.397487967521192559e-02
3.397866385529849098e-02
3.952965776677973275e-02
8.639755820259187313e-02
1.670404212521949157e-03
-1.107512033162569437e-01
-7.495510023425809402e-03
-8.765806094471936469e-03
-8.967221100228540964e-02
4.754185031591284111e-02
4.297934099331907759e-02
3.933500691199692811e-02
1.774622117266086083e-02
5.581258674849791379e-02
-1.129609835614976514e-02
3.870671420671691065e-02
-2.567665631037322621e-02
3.281302132328288435e-02
-1.133780442930326302e-02
-1.037539035739919006e-02
7.511807473550408121e-02
1.098825012710743024e-02
-3.551787123041045408e-02
2.858449828691429426e-02
1.129109362737134581e-01
-1.269080347456227756e-03
-7.757194526151683922e-02
4.119290271816116594e-02
2.971637071921047479e-02
-5.272525669194806641e-02
1.496272070328673667e-02
9.979706098986613691e-03
2.224399321409247302e-02
5.031177520519975604e-02
-3.430778724716407324e-02
-9.356232386936556844e-02
3.418445884298870665e-03
-5.403317265408164038e-02
-6.695165414095231859e-02
-1.340782036283515721e-01
-1.698477296418712118e-02
6.953763329706749707e-02
8.548968284173468282e-03
4.702540418090357666e-02
-1.032681206895278841e-01
-7.040349865387371397e-02
-1.521194403921614056e-02
6.541268315653839531e-05
-3.787343699613993780e-02
-1.927793158563510453e-02
3.678381095859277472e-02
-6.463431612810523197e-02
3.824041666979099974e-02
-7.405107466476892018e-04
4.146806149067508440e-02
-3.192378705747082185e-02
-6.523613307520521876e-02
-1.031050448779827489e-01
-1.097732212283822201e-01
5.884946427606693037e-02
4.955265713360665347e-02
-3.189616311590032227e-02
1.165190012679369336e-02
7.313252795240039955e-04
-1.687434473810458385e-02
5.209878757205289174e-02
5.611189114231123626e-02
3.096762045401484087e-02
-6.961263668854435205e-02
-4.460871453468191750e-02
3.595684875666333574e-02
-3.404698076703090853e-02
-1.051634675362809589e-03
-1.067307378642597809e-02
1.008682485529664996e-01
3.146613466607308535e-02
-4.392142546519204466e-02
-6.404499411790143563e-04
-3.850703160707590750e-02
5.281545662829866677e-02
1.779177703718237387e-03
1.003748673960656000e-02
-7.647320129704542058e-02
6.430468618474386236e-03
2.951898448635039904e-02
-8.144162721826674056e-02
-5.727378519325798667e-02
9.191072960238735531e-03
-3.209240116536993953e-03
6.619587930923144514e-02
7.637786830553745798e-02
1.045013034209823499e-01
-3.732281552021460974e-02
3.024078659775352243e-02
-4.631363178911712675e-02
3.615041896825511858e-02
-2.630062644288915646e-02
-2.107754019968359829e-02
-4.328570333797375491e-02
1.315689839088986755e-02
-2.730947440190744507e-02
-2.038606363782852204e-02
1.728606979388388684e-02
2.557423159792418868e-02
1.291591833630197639e-01
2.385671809629363524e-02
6.494574398771782442e-02
6.325436854327011471e-02
3.018256694583722199e-02
-1.117634958254466217e-02
7.136834417295757904e-02
-1.987775609685164466e-02
-1.231349015039707138e-02
4.653033451901671114e-02
1.067346214257275105e-01
-3.709375293381771133e-02
1.732345329427330272e-02
-4.402628162482088298e-02
6.263681472970086817e-02
-2.587127339505631120e-04
7.699704308389322682e-02
-4.125953112490759328e-02
-4.711942013852247146e-04
-5.905748809033862373e-02
-1.650344773288606745e-03
7.150146590605158115e-02
3.641747291683638393e-02
-7.237438921369915810e-03
-1.170226147650528098e-01
-7.863171853091201202e-02
-6.676112323833529108e-03
1.345110349964555307e-02
-2.964150240813249321e-02
7.083994342264764155e-02
-1.173213788372706214e-02
6.838235818566575086e-02
-4.329482126489800353e-02
-5.473201109767555222e-02
-1.813258488355087503e-02
2.249179820583366296e-02
-6.348086460208833548e-02
7.594790739590966122e-02
-5.561901653690613963e-03
6.514792557473805812e-02
-1.280558804350862522e-02
-2.570610383732857204e-02
3.197548908014126445e-02
4.166858834280907226e-03
3.753040032318996026e-03
-7.556866917606044898e-02
4.435071097282546060e-02
-1.794722080619091248e-02
6.458953697587725695e-02
3.056879557632835587e-02
5.621857088732491736e-02
-3.023774728877877340e-04
-5.549440486894142944e-04
-8.807937670881899050e-02
-1.937866779309816920e-02
-8.766728018194278049e-02
4.843142228272209748e-02
-3.334071290149871747e-02
-1.840909446005357594e-02
4.035844355409401452e-02
-3.937384252667427281e-02
-1.264112765787499433e-02
2.641000779588039554e-02
-1.139565261012264949e-02
5.760706230738904532e-03
9.554574313618694956e-03
-6.039579714221968848e-02
9.044375647057525947e-03
-4.075682942048414192e-02
-4.999828736950426983e-02
-1.498176703952849506e-03
4.481798784264323134e-03
-1.106494202357025634e-02
