9.969908646137128072e-02
2.016774110972827938e-01
-1.728282078894530782e-01
9.304734272739402512e-02
-1.054356531355520876e-01
1.190210512265499759e-01
-7.617851502683213594e-02
2.420002877121389950e-01
-1.597021138088181580e-01
1.565459156670577223e-01
7.973746985993176994e-02
4.889694328223188197e-02
3.465102167598519550e-02
-9.618378107565292434e-02
3.428438537887639609e-02
-1.542627064729230890e-01
6.524540857514779524e-02
-3.634620228858578134e-02
1.876484660016723705e-02
-1.603361744494901098e-01
-2.021115547274958749e-02
1.773638429338267319e-02
2.980443991329414719e-02
1.321822491203990813e-01
-4.287274771679179530e-02
2.086240268622594277e-02
8.249021241090445655e-02
-2.116353304410606082e-02
-3.188042542091624326e-02
-4.899316902904260820e-03
1.432441119114112038e-01
5.213373723767964624e-02
5.819376728393930304e-02
2.199538222873427540e-02
6.846098140188325298e-02
-1.791308195806934622e-01
8.516061189956831978e-02
-5.156677094407415007e-02
-1.533544231031424947e-02
1.549168128205073991e-01
3.081244352712853019e-02
-3.895366905871809615e-02
4.264954464743155732e-02
-6.678800673085437400e-02
3.127937189511269950e-02
5.204230848253891401e-02
-3.203996510413957555e-02
-1.696882750439511478e-01
7.790711574033891418e-02
-3.680010571230042660e-02
-3.248052590201714468e-02
6.446947134640827748e-02
2.384517846026117278e-03
2.429558738673277124e-02
3.286479352612495242e-02
1.018302850254334743e-02
9.677079307617078574e-02
-3.403170146004756702e-02
-7.785892344654166131e-02
-1.327829531964783427e-01
-8.820762288656204542e-02
4.289644676173098858e-02
-1.041042496859523791e-04
-1.640037446105349281e-02
6.090486178140624984e-02
-2.193016220291637772e-02
-2.902720019012768049e-03
5.468284590385313025e-03
4.332769948967935686e-02
-6.436609776432769547e-02
1.740078548542343950e-02
1.498681855808549172e-02
1.277683496527103751e-02
3.169585243017002119e-02
3.758932203056350452e-02
1.572391603837640928e-01
2.276048651602035483e-02
2.710274879022666478e-02
-5.109780941405766240e-03
6.028230121347960546e-02
-2.128498270738021347e-03
-4.939182762816040489e-02
-1.888435840587934095e-02
-4.373827114758025575e-02
-1.229488025914177718e-01
-6.221161314136412768e-02
-2.372093319919258564e-02
-5.329384678605669778e-02
9.608056633435611490e-03
-1.518549661043091213e-02
3.963156975571185264e-02
2.560380008190137405e-02
-2.791753847467747657e-02
-4.626333131909025204e-03
6.253488590450244355e-02
3.265607673624496693e-03
7.288574557918216235e-02
-2.942925798201825524e-02
2.012951130988938075e-02
3.666343910194065636e-02
-7.583834160430018290e-02
9.085089236935716892e-03
-6.865174918319669195e-02
5.768449196300078768e-02
1.536568559554495582e-02
1.188298386910419668e-01
4.445489722765828822e-02
5.141368019667207773e-02
-8.980232081934673427e-02
4.159338050795668290e-02
-4.586870727588033408e-02
1.813882330315430558e-02
4.184854234301239179e-02
4.399130451613338100e-02
-2.296866324723550318e-02
-8.546618979939413219e-03
3.224131168165240979e-02
-3.671423638459181404e-02
-2.866806117801303649e-02
-2.088498984567870725e-02
2.063872309451438014e-02
2.715224357845087352e-03
5.066757326712545417e-02
-4.292224250501600058e-02
-6.121923946065317701e-02
-9.789535405713904737e-02
-5.131955114820717714e-03
6.024954824386525437e-02
-7.894799939641466285e-03
-5.615657069571499543e-02
-2.671247698449217417e-02
-5.265390903638510200e-02
9.289009035145704904e-03
5.883796196661605915e-02
2.006597499637949311e-02
-4.203460843712610029e-02
-5.111178740302983921e-03
-1.249307225868884902e-01
6.065284499386927597e-02
-3.833955882048827035e-02
-5.927229620576966035e-02
2.584339552014716548e-04
5.657336891233985705e-03
-2.362315081270086742e-02
1.255969961385099316e-02
-7.459893873666278985e-02
-4.126524721683486746e-02
6.551905947743487391e-02
6.086623170279223394e-02
2.038244937397224387e-04
4.164033384364049240e-02
-4.572689422412625632e-02
8.018063564666326470e-02
8.985505595955994851e-02
-6.895068753826072427e-02
4.296471653059736467e-02
-4.954180509620050021e-03
6.770972803094232884e-02
-5.249808622750209985e-02
-2.456037497328523306e-02
-6.202796142716379517e-03
2.656294427064665245e-02
-4.459489949447732748e-02
4.797077444019823972e-02
-9.389971414128593652e-02
6.437902740412695946e-02
-5.649108938634455485e-02
-5.155206228749661945e-02
2.333571253038212862e-02
-1.349720968784615463e-02
-6.104492758453879814e-02
2.439797615595395985e-02
3.751628703818389587e-02
2.762527143253199098e-03
-7.042870103128449910e-02
4.572022291120771825e-02
1.099730989648607833e-02
3.559923761880677551e-02
-2.387046591303810736e-02
3.292575661893769323e-02
6.239043609573771340e-03
2.564033346216956430e-02
3.622986729854917737e-02
1.074329806870489429e-01
-1.303860457693177847e-03
-7.686940889993865243e-04
2.929986627955536924e-02
4.922580724095906857e-02
2.205154832987701874e-02
1.151576621472676955e-02
3.958820622174135523e-02
1.514403281223435926e-01
-1.746352759501445737e-02
4.155465512487240692e-03
7.000669283695182266e-02
-6.302713349342030369e-02
-1.256789579829376870e-02
6.464168652417683070e-02
2.167617578966059624e-02
1.302361000694344378e-02
-4.879493573089176313e-03
-8.224785314302097972e-02
-2.585902545327059890e-02
-7.314192399525402954e-02
-2.139153310513629280e-02
6.104372039458210580e-02
1.810445015754545695e-02
-5.089195175828562998e-03
-2.393466935783985020e-02
-3.992018345983052580e-02
-7.916570657465628325e-02
-1.475618174004459521e-02
1.017143312532779210e-02
2.091428008620676779e-02
8.062249893896778277e-03
-6.812630387046990366e-02
-1.162288843930444314e-02
-7.166765914472732202e-02
-3.278718391917261749e-02
-5.087285909607591056e-02
1.737537096001948514e-02
-4.175854315492563695e-02
-4.024529877606062428e-02
7.929500297264890918e-02
7.291332033924544792e-03
-6.193843876142836324e-02
2.652088323110310744e-02
-4.210484783171129092e-02
6.703776797926173925e-02
6.528098891071333620e-02
3.299065896318803537e-02
-5.675892671594549160e-02
-1.200252744297305302e-01
-4.475656764420323647e-02
5.817257792338375623e-03
9.184558512551124765e-02
-2.752040474708391735e-02
-1.977513752128797625e-02
-5.521394594848227921e-02
-1.829429666231300114e-02
4.968889166197588275e-02
1.079060403092868270e-01
-2.343759300909523374e-03
4.270856988268224852e-02
3.225300236333823733e-02
7.697586399322448036e-02
-3.769371219366025871e-02
6.964945991424246682e-03
3.585544780303540069e-03
3.580890745338941028e-02
