7.550499453839529251e-02
1.218416513515466759e-01
-3.133572845449357769e-01
3.722818193052405272e-02
-1.662078244453231157e-01
-1.021096795374555194e-01
-1.556134274116590110e-01
4.362964226818655256e-02
-3.505410236220667108e-02
1.902459949983923149e-01
1.353098701642456436e-01
-5.751632726524017608e-02
4.351351850540278315e-02
1.010597731536881788e-01
-2.298185115864933084e-02
-1.339840319296592697e-01
1.426616283492496140e-01
4.496896161656400298e-02
-1.139660950061475303e-01
-2.416612735486347585e-01
1.417309832764885105e-02
-3.807790584198659373e-02
-1.708101939450827958e-02
7.857403387826200625e-02
3.912270940007339659e-02
1.699140963813209060e-01
1.994991074062209269e-02
-1.670244489469660532e-02
-2.925460306208624295e-02
6.492690585977772995e-03
3.856888042097731534e-02
9.447430078455985869e-02
-1.325593436867887782e-02
7.109467057269308610e-02
1.786871639111096283e-02
-1.275085461410773169e-01
1.300977474742155138e-01
-4.767614855428831122e-02
6.253881791984548799e-02
4.685052515060066786e-02
-1.170905413789101804e-02
-7.561870480254637324e-03
6.075451838070580063e-02
-5.970840463764696265e-02
-1.838465344167397554e-03
3.475827638694399535e-02
-1.804431565591431766e-02
-7.082715148853654941e-02
-7.014040769188364943e-03
-1.613494861762918842e-01
-2.809046923588939815e-02
1.332360542248401114e-01
3.803891059979287725e-02
-3.112116842604840256e-02
4.682876918435466447e-03
-3.920097571287599336e-02
1.592769459433064916e-01
-2.384450452707265189e-02
-4.701605667825056040e-02
-1.973538863858400050e-01
-5.348392270686364025e-02
-4.876656723653275544e-02
5.716402542197281111e-02
-2.513210604760697780e-03
7.752367927332003139e-02
1.560713025808301534e-02
-1.286515446149622856e-02
-3.878502646280967969e-02
7.970565443002146366e-02
-4.244875186576853310e-02
-2.158984858297568338e-02
-2.704332113627370623e-02
-3.022427785559293756e-02
2.528805253782994561e-02
-2.258348597004969024e-02
1.553966262773406326e-01
-3.205443386875353462e-02
-3.624864627117526522e-02
-1.966225618215863141e-02
-2.777461122197549120e-02
1.580355456823120258e-02
-7.633592763907481871e-02
-2.417415396174472930e-02
-6.800315121699057608e-02
-6.859966464333316916e-02
-8.232202486205325576e-02
-6.715697859637326239e-02
-3.640979902273444591e-02
5.040226421700320231e-02
1.172725881329179758e-02
1.030571156649896652e-01
5.758193994949714622e-03
8.823847541020292395e-02
3.462811985353879407e-02
7.706121845674680781e-02
5.236033565769580150e-02
6.788095922907322333e-02
2.631454798486028770e-02
-1.278557796372160708e-02
-3.784252076819658028e-02
-1.634373004077669181e-02
6.844364919600641473e-02
-1.689218036577708193e-02
-2.023370370127326387e-02
-8.089806066877255203e-03
4.328740816207263947e-02
6.178128965615130308e-02
-2.740382887489218114e-02
-4.229856329371209367e-02
-4.755002601145488089e-02
9.863279340721791463e-04
1.071745098537884022e-01
6.841189444971072786e-02
-3.312533769062517286e-02
3.824102387100380279e-02
-3.543895195846330504e-02
1.841968365039971939e-02
-3.459433087268128787e-02
-3.626964370927957676e-02
-2.715634182938688260e-02
1.638562148132962498e-02
2.860371695940457093e-02
9.917048642402694070e-02
-1.854118606727916474e-03
5.511775784553174171e-03
-6.128552255844711000e-02
-4.919737674246598552e-02
-1.424805469946948712e-02
5.227393240664589269e-02
-2.424607622099856849e-02
-3.566182131791527377e-02
-9.181555621224860020e-02
-1.406735260898561019e-02
1.047045698316564494e-01
2.382854095754507323e-02
-2.783987912071351351e-02
4.004266612174689488e-02
-6.964081347491905827e-02
5.638501702044777103e-02
1.861269458391025949e-02
-6.564785237991087839e-03
4.048712913423070658e-02
4.811937033890389265e-02
7.327402535945047590e-02
7.084101186639851777e-02
1.480433165575013692e-02
-6.220103154692610548e-03
7.861713206813127075e-02
2.339283549724269565e-02
6.473713591014536306e-02
-3.832222086071750567e-03
-5.138155852648872840e-02
7.292979149732664590e-02
9.107885299389922862e-02
2.926122294405016089e-02
4.384489186766963448e-02
-1.731016385040521494e-02
2.967886164315934258e-02
-3.407598032348559819e-02
-8.918032601233001622e-02
-5.250049097115066761e-04
1.268100451582280901e-02
-1.343378853077619450e-01
6.681991627304366410e-02
-5.808787822001049844e-02
1.335081934349506387e-02
6.117874248322699784e-04
-1.260142801804818580e-02
1.474427001834832142e-02
-7.896226237260439706e-02
-4.162650736016664660e-02
-1.107751050282267460e-02
-1.851349979010714561e-02
-5.909558285625782920e-02
-5.741523615108281436e-02
1.911373690005445380e-02
-7.346862230634820280e-03
1.594250313236972999e-02
-2.755656885978887555e-02
1.226933060619153637e-02
-7.545148382585360747e-02
1.168019558995455308e-02
-4.129172062126214293e-02
2.758970274816037113e-02
4.482073832196560408e-03
-4.130951155404018194e-02
2.118586339041708677e-02
3.152373999797928456e-02
8.285947652899899873e-02
1.587564922024451873e-03
-2.123113372905576987e-02
7.604561823211543337e-02
6.596712377046244288e-03
2.233520591785079831e-03
1.735719259519056352e-03
-1.380786702742070604e-02
-1.581751838174884697e-02
2.633723487200747421e-02
1.632993862001852481e-02
-3.127066742706692982e-03
-1.500996173925440123e-02
-5.056679586664813292e-02
-8.827543641783480721e-03
3.031712859584729039e-02
1.327631119284906945e-03
1.696537833145105034e-02
1.366567747940400888e-02
-1.806607162216032625e-02
2.442791610369499447e-02
-3.893735270508363183e-02
-8.041156830152822177e-03
1.016551832663701270e-02
1.693445107040086189e-02
3.349356862486822101e-02
4.934518629444163001e-02
1.133551350665607665e-03
2.912817021228575158e-03
-5.603726634603059531e-02
-1.795918811128453547e-03
-7.609657753181684262e-03
-1.818109207128343688e-02
-7.537838929583532376e-03
-3.330931524353911155e-02
-2.662737188620739950e-02
-4.250757227530211485e-02
-4.290890261936476310e-03
-4.140460340016773738e-02
-9.189137454786661108e-02
4.861579252909409288e-02
-4.088463235903296716e-02
3.415821166975616108e-02
-1.658249401265245171e-02
-7.279318747471699713e-02
-4.111677644894479872e-02
6.153394052485357951e-02
4.594932476115826808e-02
-3.791178817895447112e-02
-4.645850401554978831e-02
-5.165897295503924652e-02
4.280105370903589806e-02
2.516637772819102156e-02
2.461499672627952273e-02
-4.204728360749830640e-03
-3.844851579631041599e-02
2.000979998526443079e-02
2.988221614223850534e-02
-4.817301896565315961e-02
-5.208816196903338219e-02
-3.004109330937258793e-02
-3.891897563692337664e-02
