1.046625369109918657e-01
1.580533235629871525e-01
-2.390183132306191172e-01
4.467308192357408170e-02
-1.705343465284483162e-01
-5.842785492360048211e-02
-2.295549362786503469e-02
6.714467206891440443e-02
5.580880200089882726e-02
6.430444026344184216e-02
-1.163241499793778722e-01
3.552585524685475653e-03
-2.200830590115387519e-03
-5.716257106636619956e-02
1.940243017381410029e-02
-3.716033953890417879e-02
5.623436396302602946e-02
1.017281871583362030e-01
-5.208610775992265907e-02
-1.370677523660983679e-02
6.599893882866787742e-02
2.545079698272526350e-02
-3.061888617608918284e-02
1.158325654891940309e-01
-4.636160637173190879e-02
2.220299384195376438e-02
3.399573024553393524e-02
-1.010492884947052222e-01
4.079867924687728686e-02
-5.750889916726307192e-03
-3.483627144812465395e-03
-7.951007026574691272e-02
3.866021843895396659e-02
-9.319622626401849463e-02
1.830582807233651355e-01
-1.452360431511154903e-01
-1.021768604190644025e-02
2.871894625934048179e-02
1.499363760469447637e-01
4.913602047601874079e-02
-5.726734001083663012e-02
1.054953288302998282e-01
-1.071060873431355365e-01
-4.166499449739083372e-02
4.315046724085329355e-02
-3.403908526654320088e-02
4.237943062312467257e-02
1.081117872793032897e-01
-1.365264973597188902e-01
-3.505014483916644302e-02
1.228466568566337069e-01
1.089678953240831577e-04
-4.949238509359019794e-02
-9.053108729536211638e-03
-4.176880758313035458e-02
-2.801727767522669416e-02
-5.686178280643496702e-02
7.268868684602167174e-02
3.836646256825731235e-03
-9.920530045152675669e-02
-1.464044438984093803e-02
6.754879548521969257e-02
1.168837711285156296e-02
6.490891849730887064e-02
2.305176225719269764e-02
4.881389608370105548e-02
6.959648385151809280e-02
-3.367247930542625195e-02
-1.074317279300704975e-01
-8.269543534870270329e-03
-2.939866423045508700e-02
-2.992237240155996153e-02
3.710947419929488261e-02
-3.384610421633423016e-02
-6.881247486529851187e-02
-1.280331121927558713e-01
8.778613412267448346e-02
8.787816966333668323e-02
2.001988077617208872e-02
7.760514622847274231e-03
-4.560828727833701052e-02
-2.855965922939619067e-02
-6.247028391006705095e-02
1.956140996345202485e-02
6.226730048099531067e-02
1.200121602035466098e-02
2.465285976928381292e-02
4.346289649461457412e-03
5.599021033290139254e-02
4.145525178157906561e-03
-1.117820799791383324e-01
1.144521347926965582e-01
2.315608741010949032e-02
1.157958673414893336e-01
-6.534127388398791592e-02
-6.649557571500082365e-02
-1.050034712376214478e-02
1.123573021082770462e-01
5.711317365266508489e-02
-4.082117606486555805e-02
7.880679720447766878e-02
5.352361687778036531e-02
-3.140398757228694826e-02
-1.485360088683453962e-02
5.879627018874380301e-02
-1.639912204128542075e-03
2.794432517137094424e-02
-9.388034801285766867e-03
3.125446395652269754e-02
3.495609516760696950e-02
-5.257455157141920077e-02
-4.002197575238682775e-02
3.003820199705952657e-03
-1.068653474941927244e-02
8.932206255200442202e-02
5.330213075470309481e-02
-7.792846544420406474e-02
-2.367412870445252324e-02
3.364899249089524369e-02
-3.170726789248091981e-02
5.938914156659259869e-02
-2.994804403604733878e-02
5.885621618629677948e-02
1.992275870154896003e-02
1.398813908161644463e-02
-2.090360631071298391e-03
8.329742152230698582e-02
1.027630066479849960e-02
1.346309953585065611e-01
-1.205750927204307481e-02
2.590155264997438464e-02
-4.949470646479384867e-02
-3.800723037449311309e-02
-1.377861143401913069e-01
-1.026609004528363789e-01
3.071348205263775208e-02
-1.627451902814854717e-02
-7.155305839807338253e-02
5.636664798382202794e-03
5.690790299020152126e-02
-3.876618220683803601e-02
-1.742568018047417622e-02
-9.427624421651473186e-02
-8.825655316953096019e-02
-2.213338684365620534e-02
-1.329856552422989113e-01
2.628297442142049634e-02
-2.621142156784929400e-02
-4.187634169035806680e-02
6.617512407546224072e-03
-2.688390232285841133e-02
-6.887859980679060523e-02
3.287843380253208103e-02
-7.996304489076423716e-02
-3.627343918786418708e-02
-5.266416332744230239e-02
-2.455874182210069853e-02
1.115299381010482170e-02
2.619872230185287670e-02
-4.468025086405592351e-03
2.031291975282055809e-02
-5.051225222166256384e-02
-9.124122205680683384e-02
-1.752942499059005664e-03
1.038526856012258193e-01
-8.954470936068351095e-02
-3.466380722281849763e-02
2.077019574212698311e-02
4.030852854478981367e-02
1.255653580520330395e-02
-1.510441139026375001e-01
-2.917123812812142530e-02
4.648709696797605900e-02
-2.000745461267021755e-02
-4.582823719988245170e-02
-1.752976636870823821e-04
6.288341970869237851e-02
-3.378936717309218019e-02
-3.854445711907804328e-02
-4.963634424602806489e-02
5.175940890082131665e-03
-1.300403813898613758e-01
5.351876930850216901e-02
5.915099619134799036e-02
1.563375230031864571e-02
-1.297574813433229578e-02
7.811362893550664876e-02
-9.425279153979554750e-03
8.147354065028951375e-02
-1.812919220642614931e-02
9.044710827828903593e-03
1.018037341358901324e-02
6.452800879304003423e-02
-7.658135325204128152e-02
2.849015464453408947e-02
3.840056624226381027e-02
3.217871107369194017e-02
2.049006085834583282e-02
-9.340644690919572279e-02
2.811620905387619482e-02
-6.007800847127451466e-02
9.320578485132761590e-03
4.107266932453113722e-02
5.977001713304961467e-02
-1.109396953347094143e-02
-5.167399609565187513e-02
1.024924986271366079e-01
6.474307700749545869e-02
-9.293749578824743451e-02
2.997552497456108800e-02
-6.961273344994362011e-02
1.399561526240465821e-02
3.720079284590889490e-02
4.373292658609750048e-03
6.611691910631201097e-02
7.685001783105147033e-03
3.572856557343194461e-02
1.743609221307876322e-02
-1.507501873428817446e-02
-2.709521537801382399e-02
1.027695269700422964e-01
-8.056018349509032339e-02
-1.123877530364189858e-01
-1.054919833247416339e-01
2.864046342997015812e-02
-6.010149528580552292e-02
6.044174685619873449e-02
2.968122289887533891e-02
3.664100100771205265e-02
1.106997406554384444e-01
-1.263276553899361603e-02
7.907375489289695039e-03
-2.466456903873749077e-04
1.680502062380526910e-03
-2.048002434167124283e-02
2.864056584340561248e-02
5.889523570520512064e-02
-8.867296619809086206e-04
-2.495402354514504595e-02
-6.678919503445021610e-02
-2.706810995543007872e-02
1.269868565361479545e-02
4.882594673127292617e-02
-1.884492556900908486e-02
6.335499944115067887e-03
3.096309773265331841e-02
-6.825616508390714571e-03
-4.512953860539686141e-02
-3.469261953599315357e-02
-1.541383651658501802e-02
