1.346452394749732828e-01
4.822606274607822707e-02
-2.538353445958694832e-01
1.096610931308087261e-01
-1.454139953719343903e-01
-1.674080649656223231e-03
-8.394987946357315711e-02
2.344229513709721047e-02
9.327370051505402826e-02
1.491728923869470869e-01
2.693567175147114356e-02
3.026373502472244972e-02
4.272985414378386443e-02
-4.129252682577393835e-02
7.974309369172609407e-02
-6.197951704851368399e-02
6.149288297735368281e-02
2.084968515905863060e-02
2.603412667046440046e-02
2.008143103610175381e-02
-4.215737885567961626e-03
9.421271709183322296e-02
2.187461372047945843e-02
7.346943116581305944e-02
2.325426536510969561e-02
-2.108647387455363231e-02
5.888601330828933250e-02
-1.437755108740695620e-01
1.808468507015758837e-04
9.265632312295050965e-02
-4.309222013831230658e-02
-2.282965918071937564e-03
3.831083604743903970e-02
-1.477068333837933956e-01
1.378136508228938184e-01
-1.245405322665499130e-02
8.172763222986903497e-02
2.383586968617833549e-02
4.309328165377328268e-02
-3.281512281902646683e-02
-1.135994924102724096e-02
1.048810536261860216e-01
-9.932168485396361546e-02
2.181605345088229522e-02
5.069500617291312905e-02
3.415220769367157544e-02
4.982325429251110299e-02
1.371765292432161609e-01
-1.645800108583393151e-01
-7.304648802231160365e-02
9.876576920705058826e-02
1.189601454882001710e-02
1.968424733445330727e-02
-6.389367711159393837e-02
-2.330942878523173736e-02
-2.716860362745793234e-02
-5.680353227694701773e-02
8.229646298155726680e-02
-6.171470432484892077e-02
-5.141750897950194549e-02
6.660708754909155926e-02
6.365720685073722462e-02
-7.752601249993205197e-04
1.646028334407503152e-02
-1.920706075089598924e-02
7.107815528687289053e-02
2.809052980531540761e-03
-4.699307715430614540e-02
4.804086368198665080e-02
-3.059167253446656853e-02
-3.368963463962702798e-02
-7.312288175165317095e-02
3.736276120539286372e-02
2.068490257566649171e-02
-6.530559882623783452e-02
-1.533196317675516139e-02
4.530098612566203081e-02
8.774242651869877674e-02
-3.649822763012547377e-02
-1.297419580253312806e-03
4.958052109043464134e-02
1.404958173219900651e-02
-1.581084818505003875e-01
-5.469741483467364940e-02
1.387613718264530116e-01
1.123883386531477208e-01
3.382766703340257114e-02
4.454490404665767400e-02
8.920020570125682113e-02
4.369848700192428131e-02
-6.352342051880557894e-02
4.973341470066385168e-03
5.265222837986028616e-03
8.554346185743871844e-02
-3.518244383239727685e-02
-5.662127007229747488e-02
6.834464682331413410e-02
4.364912653298889944e-02
5.818880995352042340e-02
-7.323395165271993044e-03
5.200820694968627533e-02
7.914492972946624016e-02
-1.844011583034097998e-02
-6.956110815774369221e-04
3.244062016439420298e-02
3.001258046665557623e-04
3.720845224121567540e-02
6.107252285480727245e-03
-8.281851628526516740e-02
-8.477198780425021507e-02
1.677803030539378251e-02
-2.109411678587265818e-02
9.410369945399101044e-03
-8.488624225169989768e-02
5.845769181978559964e-02
2.140223934034523115e-02
-6.625519517377807810e-02
-6.000764592820505283e-02
-3.209205387085845712e-02
-2.983290128296107666e-02
7.775699826424038730e-02
-9.690118191599790543e-02
3.242115904760965034e-02
-3.287902604977720796e-03
-7.183590040676611499e-02
2.264849387537951151e-03
1.512185742156422208e-01
-2.156213895261688274e-02
9.517551161493827128e-02
-1.395564115228751789e-01
-9.497576978903132794e-02
-8.481175925018810680e-02
-8.292420784132964462e-02
-1.014226716381756016e-01
3.053739371056200802e-02
7.258469341293843913e-02
-2.140312393656270892e-02
-2.098623143118881831e-02
3.304876237198724198e-02
7.995663521862572676e-02
1.448749224370022085e-02
8.176924363593927880e-02
-1.242147531715764308e-01
-3.137538939930500231e-02
-4.083855204696329455e-02
-7.256091546661258551e-02
5.624475053828935540e-03
-1.103958741328961712e-01
-1.065611141462724232e-01
8.999068088119680647e-03
-5.340031370905862912e-02
2.029532640148837275e-02
-5.917014561334385525e-02
-1.472891624337481324e-02
-1.843569284925358417e-02
3.682942045394992092e-02
3.826098020462187499e-02
-1.845267709662919619e-04
6.409069438115104489e-02
2.704882929961116393e-03
3.199761437868030647e-03
-1.277802774534480233e-02
-4.011130780464877699e-02
1.001677834440587063e-02
8.944453117652476082e-02
-3.859592371640843678e-02
-1.066635503882565859e-02
4.420868671631793950e-02
6.122527492964168622e-02
-1.118571917003241371e-02
-1.156414589348541549e-01
-2.381566550857109471e-02
2.707151034662734837e-02
-8.129708155889725507e-02
-2.712745221142076960e-02
1.571761174372766565e-02
2.925242924505081291e-02
-1.625870155803572567e-02
7.726063363468810199e-04
-8.986556359219646795e-02
-9.328527103357867056e-03
-1.550672400548047669e-01
-5.187342986999105010e-02
1.057577592454059384e-01
-4.942493830770428725e-02
5.873895803309548726e-03
2.102165066373671079e-02
2.839978464294635671e-02
4.405646539921401206e-02
1.410371902070877044e-02
-3.698298635730441764e-02
2.399392933831763150e-02
4.510223504751866702e-02
4.826098660474432284e-02
-3.448856655940610305e-02
-2.586371805512908961e-02
-3.098457479042240892e-02
1.474735122854709327e-02
-6.346567407772849001e-02
-8.759271745485248950e-03
-7.791785324042692362e-02
3.511164075115019712e-02
-2.926000138867243874e-02
6.998684662529237877e-02
-2.027664372937519957e-02
-1.223623025406275940e-02
5.326543047781730385e-03
6.678018533692800518e-02
-7.064049246231257628e-02
-3.583923883195170353e-03
-2.099582045418630152e-02
-1.763293947381499097e-02
7.104489446909564854e-02
-6.574439393395652143e-02
6.875042880019648084e-02
2.773955741006811290e-02
-2.527185241793768536e-03
1.353230524806550185e-02
-4.499488045056531521e-02
-7.687781577561153545e-02
-9.128643742056125401e-03
-1.576767988963702696e-02
-8.730352525943398112e-02
-8.688157286369610488e-02
3.169387942144643450e-02
1.524728962681799228e-02
9.453400243802188851e-02
-2.276409290907977639e-02
3.999330266923697280e-03
-2.068178879698095995e-02
-2.012371473529728574e-02
3.521414776083175296e-02
6.665298040085440578e-02
-1.204374211713914872e-02
4.939758659265981039e-02
4.724607167250537837e-02
6.348923972096216046e-04
3.701387645721881947e-02
1.098346509086782670e-02
-2.867436330885209540e-03
-3.740486798534490426e-02
-6.902691819393197425e-02
2.789439713197577886e-02
2.124846113389853783e-02
8.962339653169917181e-03
9.208972155373033874e-02
3.712756476308932269e-02
-2.543437043501308240e-02
-7.685145480833063814e-02
-1.032200296166998210e-01
