4.590914308463340567e-03
1.588411964872872284e-01
-1.734369579259060212e-01
9.096703126842227427e-02
-2.075548071357229407e-01
8.272042807008929410e-02
5.647636773270106603e-02
1.788632462656036121e-02
-3.306074735002791695e-03
1.182770572067773501e-01
-1.805255334842205059e-02
1.819517900192002416e-03
-1.209306397218932322e-02
1.039378742154352803e-01
-8.102070497490689027e-02
-1.481711322966903221e-01
-5.591717981862179276e-02
4.386480847638528358e-02
5.540919343975542893e-02
-1.302271597776968326e-01
3.111142936122405708e-02
1.063882621790046279e-01
-2.662123938432708198e-02
2.127073267422231462e-01
1.355709213150643570e-02
8.733101719798527784e-02
1.802609642399728707e-02
-5.351124486005041925e-02
-1.677996856863541164e-01
-1.253113087756003996e-01
-3.529179129422289635e-03
-8.527254760854065252e-03
1.583869969014773185e-02
1.592314025477753470e-02
6.870651752015220770e-02
-5.831277374581902984e-02
-8.392455387918799914e-02
4.637542959023130407e-02
-4.739684146186862179e-02
1.011581848371983228e-01
-1.478968935166123135e-02
-5.566953226207729810e-02
4.433908577895410985e-02
2.067158741781066969e-02
-1.570063013391427842e-01
-8.394735115289918281e-02
1.213425015136681134e-01
-5.289125302448224875e-02
-1.736181945731711182e-02
8.001373025746076270e-03
-2.109469675994377763e-03
-5.208629774138105739e-02
3.857976922432092889e-03
4.184001438846102205e-02
4.487876674748669109e-02
6.565927074249779116e-02
3.595156924075977589e-02
1.553813828475369800e-02
2.224698311306299442e-02
-1.491763611257226341e-01
5.872295679873445334e-03
1.805063958612229333e-02
5.397897508106742209e-02
2.119313800666130371e-02
-1.344843072261264205e-01
2.392206232178882910e-02
-1.483086545840556214e-01
6.912160249053719840e-02
2.944306510793597790e-03
-6.783562137465222464e-02
-1.126862188840775242e-01
4.427277559400624729e-02
-4.061070749647073541e-02
2.168980968561505171e-02
-1.755490800092983144e-03
1.621874266558078204e-01
6.940440283879836803e-02
3.613099285005666461e-02
-9.072042452997063078e-02
3.154185800478432472e-02
4.067735342919048119e-02
-8.132039343609401283e-02
6.615144340130824085e-02
-9.066636913869668968e-02
-8.787858823915721540e-02
-1.290412986473888322e-02
1.093990467486320207e-02
2.907028435680886549e-02
2.896945930091093455e-02
-3.898149143338478645e-02
-2.840634313790057694e-02
3.839158259817777169e-02
2.160479834977304184e-02
-1.855442911784005834e-03
3.170919469429324400e-02
-4.537933310059433061e-03
-1.793299356685277429e-02
-1.109891481962930332e-01
-2.379313517738388187e-02
9.987623269457601358e-03
4.868413199406394776e-02
8.087116291730803153e-02
-1.873299321284090935e-01
4.465079401037481271e-02
-2.733984034049872017e-02
-6.715583286091082738e-02
-2.805864274533348413e-02
-5.996059023546756322e-02
-1.728583973653888273e-02
-3.613982301645730921e-02
-1.043698808735234358e-02
-1.710923640852585539e-02
-8.472678960533690240e-02
2.009779447565427854e-02
-4.521236573363448391e-02
7.425652891379047604e-02
1.263747898430552657e-02
4.889830549775123604e-04
-6.206401645156795627e-02
6.999827349771364782e-02
5.692355019007853956e-02
-1.412390152000755905e-02
-3.760143379181683093e-02
2.912366825253903668e-02
5.573124270255028212e-02
1.641803247054027248e-02
9.877027953397732318e-04
1.699827176991691030e-02
6.143442222972380490e-02
-4.631731165091750729e-02
-4.877092279309697131e-02
-5.321558537212594392e-02
-6.564365847110500973e-02
6.859417631567851781e-02
2.192211356898427638e-02
3.121900294733693723e-02
-2.435715785937833666e-03
-2.903580306063597780e-02
1.866196912917574696e-02
3.220724293911172986e-02
-5.989710033180357246e-02
2.066614830390608656e-02
-2.670927245011608595e-02
1.584786560432027008e-02
-1.410235994296323292e-01
-5.902086579673056915e-02
-6.434105784051158405e-02
8.951535862711064440e-02
2.308333081283570759e-02
4.257066868964343859e-02
2.588346723038065234e-02
-5.096197917766009944e-02
3.003767441194942194e-03
-6.704547256829129082e-03
1.606287847743726946e-02
-2.372578417434317161e-02
4.671644860213782641e-02
9.286662501220954713e-02
-7.573170389913426448e-02
3.900297929078561099e-02
-4.315849588866474407e-02
5.619024348149821019e-02
-9.653329285421992367e-02
-7.869088403622249983e-02
-8.016642834411535912e-02
5.684075478953097907e-03
-4.559098849599244746e-02
-3.648070772925508104e-02
6.735879238901705535e-02
-8.490382940545339319e-02
-5.915674292001359830e-02
6.996815692257530792e-03
-2.714604672656503390e-02
-3.051977463760323014e-02
-5.822181967441460160e-02
3.620891990791184206e-02
2.265693114253809586e-03
8.854125361653232551e-02
3.699678562942394777e-02
1.068401451051885220e-01
-2.861296231672037782e-02
5.466198677341894269e-02
-2.187332941772896638e-02
7.529026272865607661e-02
3.209926645567259124e-02
5.428239034252250322e-02
4.152548587575646127e-02
5.628280914220770009e-02
7.951041077262362144e-02
2.183753870524571955e-02
8.771756360775978534e-02
5.104665476573021915e-02
5.441595080617950275e-02
8.947577396480506373e-02
-1.002058027074611557e-01
-6.052860831594747675e-04
-6.032306352999772248e-02
7.272948089769000479e-02
-3.689935162602207830e-03
5.615660155475504095e-02
9.454892279803096822e-03
4.528398073337817041e-03
-1.724064808644277386e-02
4.959229614224348361e-03
-5.725842501775951169e-04
9.117566493387341525e-04
4.009838997134701488e-02
-4.211102998992892477e-02
-3.852839981522208912e-02
-3.007134991346977620e-02
-7.634246267097552496e-02
-1.876769610254324164e-02
-7.587291941199029999e-02
-4.882628760068127849e-02
1.214877795745639977e-01
2.200484181997745120e-02
2.374885004627187018e-02
-5.024300889893938693e-02
-2.596485249028627346e-02
-1.123835086929434249e-02
8.937407596470023363e-02
3.742264810328653490e-02
-1.066120044941907055e-02
1.490545518340817381e-02
-2.844730436607089893e-02
4.353406334629852936e-02
2.984092621762312030e-03
-4.293754027998532979e-02
3.649390261669026997e-02
-3.840595260281457618e-02
-1.200623959837911724e-02
-5.900921534904605970e-02
-5.658021451854598934e-03
5.412408526807736819e-02
7.481104993384049551e-02
-3.744359876425233657e-02
-5.747776903713385649e-02
5.679509309255423473e-03
1.976345684440832667e-02
2.838341156508063581e-02
9.143553370931464808e-03
-1.673709357816532961e-02
8.164385283953080885e-02
-9.328046771583855395e-03
5.128987045168580811e-02
-8.147087558745417027e-03
-1.314543178839470451e-02
3.299860043745147381e-02
-2.381640249797571315e-02
2.616260792792823517e-02
