1.019136499756836123e-01
1.609987812148630237e-01
-3.696528767418260086e-01
8.145208800024196505e-02
-2.174538102610402701e-01
-7.005140397070094838e-02
8.254379700841862899e-02
1.002824203624142069e-01
5.641417008143344292e-02
1.388136392523072749e-01
6.315483601972327055e-02
-1.163172704542123626e-01
3.894633989600749385e-02
1.216998087071485546e-01
-7.851197410819857336e-02
-7.419337899446076801e-02
-1.337182377538382594e-01
-8.953976312492915868e-03
2.731159019854759173e-02
-1.561886330092893405e-01
5.200173605164092744e-02
4.063024567646332519e-02
-7.317445666251168324e-02
1.869886066877583519e-01
3.338575376770822750e-02
1.144047671200784377e-01
-1.284996821713013104e-01
-1.201150884433384303e-01
-5.666330344192699320e-02
-8.136149957431929036e-02
-2.222423897937752732e-02
2.740746446823636578e-02
3.874614615796913991e-02
-3.361863467754161450e-02
2.242980969641933733e-02
-6.455552386091786832e-02
-1.048917976401130339e-02
-1.268034427553912241e-02
-1.270571024993396789e-02
2.043409989058784029e-02
-2.782358796196161485e-02
-7.124642995961638636e-02
7.206397379544159099e-02
6.265143534703229711e-02
-7.147396426885875564e-02
-6.705399639277892510e-02
5.975084376958496313e-02
-4.743422022629670276e-02
-4.203114616654506086e-02
8.175058628096500135e-02
3.649361725329451633e-02
-6.620042375978929527e-02
-3.324142593016342351e-02
6.077426210657646544e-02
-5.467871213505180565e-03
-3.001991680360574857e-02
-3.003878179773652318e-03
-3.032980698899713284e-04
4.617977406263119172e-02
-1.756753213508328304e-01
-1.930487354303675419e-03
8.966765624133909290e-03
7.014846299847524169e-02
-5.681914469778993199e-02
-1.116382354767681689e-01
-7.559105937282291354e-02
-1.426330866710969481e-01
6.933720749402694228e-02
6.322747080388864405e-02
-8.932301315210615378e-02
-2.622632141381009072e-02
2.959103437665195832e-02
5.622588468107506295e-03
7.370386125625894014e-02
-2.780074339580002746e-02
1.966239707914804180e-01
-2.608806925875507311e-03
3.187858959088018390e-02
-1.463510398138948140e-03
1.688426088228228011e-02
4.944527113041490007e-02
-8.032577798028596450e-02
-2.121856163525618136e-02
-9.960890058000930469e-02
-4.611819702059723886e-02
-5.247448490617094563e-02
1.546571053456772746e-02
-6.085212197768304770e-02
7.407001226150572437e-02
-8.774998857708886379e-02
1.319304074243946717e-02
-8.120757215844063692e-04
-5.848889413804456150e-02
2.693055377120084568e-02
7.164648327315614740e-02
-7.701738659412439569e-02
-5.478503657862300591e-02
-7.701963459664561140e-02
1.015668803975792490e-02
-9.506286229226647289e-03
5.819006169478458529e-02
3.653903297990564181e-02
-1.058183088413925110e-01
-1.605101140722097960e-02
1.187048617806348710e-02
-4.122368796365288163e-02
-1.166925957400187204e-03
7.897232857044945986e-03
1.916856560637847373e-02
2.466818226089277036e-03
-2.381628044058783575e-02
5.112717193564910757e-03
-5.395230353657333444e-02
2.171804349274124996e-02
5.901914932734038388e-02
7.925302510147741453e-02
1.726405179471861989e-04
-1.153046060752277620e-02
-4.772123546711405651e-02
4.165967893911972503e-02
3.035599318052809720e-02
3.515316980398612567e-02
-2.868642601074815682e-02
6.991582511594143790e-02
-1.307234730977992719e-02
-1.183992549513987816e-02
-5.651934014533158482e-03
1.433830689176357779e-03
1.601106379485065651e-02
-1.258856197800721499e-01
1.041441849097452313e-02
-5.339309772021369992e-03
5.947473437883676883e-02
1.509494201062871327e-02
1.144369986156867566e-02
-5.625474417290152835e-04
-7.609063236554532150e-03
-3.396513084993393883e-02
1.195631734459665224e-01
1.165446528713924915e-02
-5.094803043743784815e-02
4.196944761086131293e-02
-3.800126748472174021e-03
5.503596226545104213e-03
-1.119175649792359395e-01
1.137261437643821184e-02
-1.010589837198458407e-01
7.237213241132338382e-02
3.568275666820806824e-02
3.630220287645390310e-05
1.284034737390755965e-02
2.298136015284184611e-02
-4.984793698742527764e-04
5.476103763278836190e-02
-8.267819110509262368e-03
5.105001076802885736e-03
7.339925691463367041e-02
-2.037872004469346715e-02
-6.945799206192383723e-02
4.605579976142716581e-02
-5.472048245216905998e-02
1.055677173171014165e-02
-5.680450230298954989e-02
-5.195045729142715868e-02
1.552115113728699813e-02
-4.520815091886507681e-02
-5.275691300670851819e-02
-9.473781327906306837e-03
3.449976053062240450e-02
-8.701671445739693478e-02
-4.053816870833066438e-02
3.006469458355544647e-02
-3.192935191808232015e-02
-1.383384297463688926e-02
-7.039796089991817718e-02
-1.864180393451428039e-02
-8.253328607771129310e-03
3.629959033298329335e-02
2.722555853449226335e-02
3.581025486525616502e-02
-1.570685437258721685e-03
2.476609188421562482e-02
-2.682419894921719145e-02
8.075487305612689959e-02
-1.815978966418733964e-02
-6.297748684784650573e-03
-4.537076656070412536e-03
6.452110511961324513e-02
-6.873206951804455324e-03
-1.737991505979878323e-02
-5.056669022596661268e-03
-5.136017435913227923e-03
3.892574333236712564e-02
2.775629977838726253e-02
-3.536223403845956126e-02
-3.453256921606722568e-02
-8.612210058918881583e-02
7.626667526568679800e-02
8.384532971137996504e-03
4.905742993867959895e-02
2.542080742931464993e-02
-2.083685688283555895e-02
-1.089464043496697621e-02
-1.266986372324424570e-02
6.472761756744097039e-02
-3.283830439696631964e-02
5.100596206997792814e-02
5.735031123945921738e-02
3.564848981896568542e-02
1.537257032199935286e-02
-6.056452954702915698e-02
-4.541827839777422965e-02
-7.844593143953462744e-02
-2.811087660849100403e-02
1.019505597468090517e-02
-4.373470677985533822e-02
3.055822227220052548e-02
-4.001210573995279268e-02
-8.718634751251168324e-03
-3.931492117425018640e-02
6.301160180502664299e-02
3.043236450942466906e-02
-6.729887677552963410e-02
-1.881818099719268292e-02
1.771425986721154736e-03
-5.135221521507066927e-02
1.838136980458972888e-03
4.944056247648532382e-03
2.469430769559883762e-02
-6.273932009424701417e-02
6.277455905268775234e-03
-2.775942875486950290e-02
-2.765848129030175698e-02
-2.060728721995910492e-02
2.826772035196475560e-02
-3.260332737667396251e-03
-5.392013279778994084e-02
4.694421643349569462e-02
-3.328031029809803976e-02
7.561733669959122550e-02
1.603971063778998271e-02
1.841351016496067805e-02
-1.208541344613956250e-02
-2.971977808861046497e-02
-2.546582823656394143e-02
1.557479941367177941e-02
1.400475192307448595e-02
-2.270181800148692378e-02
-5.948026324990247221e-02
1.214911697704493948e-02
