1.143754627314168687e-01
1.461499043284562593e-01
-1.189338211634942966e-01
4.622199436631104635e-02
-1.776374633766470978e-01
-6.877336135626654912e-02
1.363735915362666307e-01
2.000467894032299278e-03
2.327593735078338499e-02
1.183990011872786546e-01
-1.264981696701208275e-02
5.270190904610259908e-02
1.035898386817473565e-01
9.530951937157440546e-02
-4.240438400626910659e-02
-1.781060898257424141e-01
-1.002782842614969305e-01
8.634565057726087400e-02
7.101056418925334734e-02
-6.022141465058339360e-02
5.056780205500705644e-02
1.872903511053261583e-01
-2.836624923998262715e-02
2.099899533757766390e-01
5.508055976954612243e-02
1.076226686132925325e-01
-5.996329613815896270e-02
-1.171084086251565209e-01
-1.106853300998112549e-01
-1.371770076464219890e-01
2.418907195039157396e-02
9.032556522530418852e-02
-1.205664520556493612e-02
7.276016223983407943e-03
3.021060716313582126e-02
-1.498394438871459011e-01
-4.657032585895222454e-02
2.035027570785168799e-02
2.551666567277061440e-02
1.151813499787220779e-02
9.918749137506304228e-03
-9.972165238137205290e-02
3.986300066438490386e-02
3.740510880966990172e-03
-2.432290873842680654e-02
-1.703243800954161169e-01
9.458247787359667924e-02
-8.527070591708128117e-03
4.140242026324806625e-03
-3.289478928378533097e-03
3.885339287044703438e-02
-4.238682245825758921e-02
6.966540891886278952e-02
3.956356473881517816e-02
-1.087227859239051249e-02
-2.249822106698632414e-03
5.113972203696558888e-02
-2.454106072601451929e-02
4.346308505825042384e-02
-1.457460546211820362e-01
-1.127350559943636615e-01
1.076959131184137275e-01
3.797403047855330005e-02
3.661309287889910613e-02
-8.997934243636419860e-02
-1.138836405416084191e-01
-1.405876711406286173e-01
5.854647789042310285e-02
6.218204781376030638e-02
-9.608239222655776124e-02
-1.279515277991789476e-02
6.823962868039685310e-04
-9.448079881700465962e-03
4.645428125839583255e-02
2.828536068394459438e-02
1.390757305868716154e-01
6.734033244882775548e-02
4.568239685827239077e-02
-7.596789595129596617e-02
1.479848719304400735e-03
1.250965406787326317e-01
1.804750536915585707e-02
3.887757706602011643e-02
-7.144907571361595877e-02
-9.205941389511661244e-02
2.147912410639307799e-03
-5.642693413426393655e-03
-3.180692881343592099e-02
-1.631487579367068078e-02
-6.368225870317936743e-02
-4.962956070195650993e-02
4.150031024287699488e-02
-3.077059978978447397e-03
4.310453953205657662e-02
-1.126683682398133511e-02
2.486477969264331428e-02
-5.091511214429297189e-02
-8.124700271874285562e-02
-2.078542648569051826e-02
-1.937615344338549511e-02
-2.614736577039996832e-02
6.233150218858250768e-02
-1.240818258680184277e-01
-1.608743233039957926e-03
-6.098324975963081984e-02
-2.726761461165992315e-02
-5.093178408293053952e-04
-2.919833054107612291e-02
-5.232389095916802763e-02
1.217578696468246549e-03
-3.280226990889539146e-02
-3.567966200616691508e-02
-1.116275252723015338e-01
1.098334797015190420e-02
-3.215921412551685232e-02
3.816401150263285663e-02
-9.410815133480908076e-03
-1.773521953040697874e-02
-2.848074526125846107e-02
2.647507150496383743e-02
1.730356129307325519e-02
5.829807918412137357e-02
3.829886969402335195e-02
3.207153817944059099e-02
5.962188382953732824e-02
8.509436557006883062e-02
-4.088311902833341449e-02
6.808025680847996919e-02
6.235176551321118532e-02
-5.913414725314994347e-02
-1.218773738393908179e-01
-2.779765705605253753e-02
3.514408421455866849e-02
2.121260372765920374e-02
-2.941361600957002539e-02
2.390528656010416225e-02
1.974735119178651355e-03
-7.666063806563393201e-02
4.126680425646495065e-02
4.133925799769820608e-02
-2.710857222469634231e-02
1.046457391116255159e-01
-4.018470977279849782e-02
-4.372064344625422455e-02
-1.209790001656909919e-01
-7.875072586696701959e-02
-2.666953352440843208e-02
6.280708077019269732e-03
6.033923846988767381e-02
-2.901902482948387138e-02
9.153750972907079980e-04
-2.433701069442854859e-02
2.559834499269659711e-02
2.674307456598761651e-02
3.182468805241942672e-02
-5.147006365115595894e-02
9.511996667793413962e-02
6.233097501265721235e-02
-7.315623610221014261e-02
-4.860894811057802495e-02
-6.138996598599884801e-03
3.966689122017374308e-02
-4.502635936773335956e-02
-3.894459430552372342e-02
2.732372589920891229e-02
-7.616351116807715260e-02
-5.411279656467885002e-02
-5.752418492578272730e-02
2.759060871139143098e-02
-1.015982998299498063e-01
-5.890752750226212198e-02
3.271683446050165783e-02
-2.041399809782218355e-02
2.401879412652006308e-03
-7.952073220285657551e-02
-2.361342878846061158e-02
4.959868796183119523e-03
5.011611113251197847e-02
1.784365302854187471e-02
3.077099517172844287e-02
-1.439018943890008409e-02
4.612351131376615787e-02
1.028306065038310860e-02
3.574114389845488987e-02
1.964343163751198704e-02
5.206465219790233634e-02
3.999855077417736188e-02
1.201399996805779524e-01
-1.749169720141426380e-03
2.041814960823390770e-02
6.526681774064624353e-02
6.851870243585189701e-02
1.549547966327968589e-02
8.256336100421396429e-02
-1.058846354845730392e-01
-1.432271092046183869e-04
-7.168244990604666356e-02
6.860795990970405822e-02
4.710956093354223828e-02
6.912198938536572024e-02
-1.359365956426892598e-02
3.099936119286882119e-02
-1.297890653837985991e-02
4.083481653417791318e-02
9.292991314176626133e-03
-1.790302621712865083e-02
-1.967156965252481095e-03
4.180218435710121583e-02
-3.718534234581095943e-02
2.137632480095981446e-02
-5.786319199424518750e-02
-3.232609825436925238e-02
-2.862163302729456293e-02
-1.670913748880352434e-02
1.081415744662632059e-02
-6.085761714693305180e-02
5.319732262190214611e-02
-2.660785394114847241e-02
-3.468932908199778842e-02
-4.285380148258632893e-02
1.002359124965010312e-01
-4.239202832051991443e-02
1.108855251574434805e-02
4.787235154895427142e-02
-3.881642465868545555e-02
-1.173997721693701042e-02
-3.960676021619435189e-02
1.644637323853739841e-02
1.080361392812034457e-02
-4.916429499938498870e-02
-3.318111170821324857e-03
-3.115481219384130460e-02
-6.183444118801640363e-04
6.451315385844094523e-04
8.521877908843936145e-02
-8.263910959498032421e-03
-8.374080843336884072e-02
-6.999874884612828849e-03
1.853283670538406411e-02
1.762312874929032255e-02
-5.686383118235531324e-03
-5.005601307702791346e-03
3.694603742422063186e-02
-1.861916176315174531e-02
4.596753313686837566e-02
3.256299793580040049e-03
-3.200083070845988892e-02
1.315593880379426275e-02
4.903395075185485721e-04
8.455368076168424951e-02
