1.094202034925477601e-01
8.543551946689482979e-02
-3.642543349831957322e-02
1.331873818991809524e-02
-2.603751969263206623e-01
1.878405624692142464e-02
1.205446507646510818e-01
1.367441724076059739e-01
1.019054507407581439e-01
8.878712819948136881e-02
-1.377564637805207826e-01
1.458681739637568420e-01
2.412736144767701346e-02
1.522298984152521406e-01
1.191322089697675612e-01
-3.871443417229540607e-02
-8.977681451197525465e-04
-1.358724136994765228e-02
6.155102624367969621e-02
2.025491714373606894e-02
2.108275939412008679e-02
-9.757964560906855298e-04
-3.570608872920272292e-02
3.162512636038525976e-02
4.244617559262253703e-02
4.847457753420668369e-02
3.253007774006647090e-02
-8.209541752711289886e-02
-1.304765449244892073e-01
-1.332109401850412878e-01
3.142099994128329243e-02
9.191813333036998046e-02
-3.708918479805790869e-02
-1.170427047627592837e-01
-1.200905750178228454e-01
-2.524995462144076497e-02
-3.051775074988678435e-02
3.079500317769973475e-02
-5.735788966690009288e-02
-6.081578303598369995e-04
-8.192747963094379471e-02
-2.163379859439832076e-01
-9.548074532272871062e-02
-2.474130671820485433e-02
-6.808337804883396460e-02
-4.591315864714646394e-02
3.696655915402767556e-02
1.298017294009002655e-02
-5.653774130756294286e-02
8.024234727285033120e-02
2.863744548306891222e-02
-5.643656323592000784e-02
5.411031868227480363e-02
-1.060647137706721005e-02
7.601513288661090884e-02
6.503693763192955335e-02
-1.059983284275685562e-02
-6.960537268172117820e-02
2.804028378902827592e-02
-9.609938863292233346e-02
-1.619665515788344945e-01
4.981896584146765228e-03
-5.710909782720744246e-03
-4.594972165150195548e-02
1.112238081552567731e-01
-5.484688959683287415e-03
-1.346221904481255116e-01
8.841965979257898622e-02
2.826085334696050791e-02
-5.952681797927275587e-02
-3.117697422878780780e-02
-5.761692868006668827e-02
-5.797462652621485080e-02
-1.649788120549820075e-02
-6.581875271109512149e-02
-5.558175832310624509e-02
-7.535417317565948347e-02
4.427003629591955147e-02
-1.251833521468353853e-02
5.243311852158807213e-02
1.642049972607545483e-02
1.558867435510522155e-02
2.167515496096354341e-02
-5.584746991434887814e-02
7.054351673295415626e-02
-1.207669565546337087e-01
-1.800380718097778845e-02
-2.165929056615008286e-02
9.319402558105437107e-02
6.045958311552607212e-02
3.216465195910574171e-02
2.498267701697619476e-03
3.772675644197746869e-02
1.267156960844936231e-01
3.409255041036400591e-02
4.010988812809755666e-02
6.798778315476486193e-03
2.100721627804482544e-02
1.363929428769396993e-03
1.843827371876620436e-02
-8.156035166169835551e-03
3.192920527556518395e-02
-3.721749575095906204e-02
-1.420731451830043422e-02
-3.015804432156266729e-02
8.547538471652264477e-03
2.812229522058542000e-02
-5.743098163184538058e-02
-3.840354650397666270e-02
3.136101482613024710e-02
4.220218392389275125e-02
4.142074332614981841e-02
-1.112797761060579232e-01
2.585862310828601282e-02
2.191594651571808841e-02
-2.709965454289961842e-02
-6.003049549271732843e-02
-6.259521662504988204e-02
2.945466607855636368e-03
5.993932628818846725e-02
1.011556708451107484e-01
2.530650131625870533e-02
2.121675565589216036e-02
-1.316428162496385314e-02
-3.203674953139291903e-02
-1.490899057302202957e-02
2.966726939531617174e-02
-4.705348862283685596e-02
-7.082604594444970314e-02
-4.928641921471446641e-02
-2.381807383634589395e-02
-8.307533327885256724e-02
5.286894681000424770e-03
5.525718506097845872e-02
-4.331994288292793233e-02
4.529230249218271775e-02
-5.121836887409032812e-02
3.767296729218075346e-02
-7.810967557094190827e-02
-3.615257271628116026e-02
-2.549292497719973100e-02
-1.633603714338833363e-02
3.467442645360797188e-02
3.006445800966952089e-02
-5.168871754092035226e-02
2.728638459773189209e-02
-1.230713109669376026e-01
2.761327283592687407e-02
2.799476727429522915e-02
9.487078317278707651e-02
-4.135051103752283852e-02
-1.060537516781185907e-01
2.275495512124977790e-02
7.989693922611773580e-02
-4.383172281260770686e-02
2.477998043603337960e-02
6.501695394146710105e-02
5.006418308576243009e-02
-2.419701499228719271e-02
-5.090475770451605153e-02
3.717776667639401816e-02
5.839945867831182469e-02
9.210540808545336286e-03
-5.204951336974667636e-02
-2.224903071926939702e-02
2.014767928179957493e-02
-1.160720489152884116e-01
-6.496132642832290471e-02
5.335645353474411171e-03
-7.236036442051818618e-02
-1.141029915513059600e-01
-1.565059996490283586e-02
-8.540025012563570717e-02
-6.733788766766403075e-03
-1.124052970436713733e-01
-1.026028032372365908e-02
1.287211802777687812e-02
4.908736531670092849e-03
5.549814683456146848e-03
4.675223534020954419e-02
5.046889537233418405e-02
-5.834386520893332373e-03
-2.569259166299576666e-02
1.231376622662754515e-02
6.347708633159047931e-02
2.635276836733622952e-02
3.040952561874516596e-02
-3.071258322095425999e-02
1.193948906658634165e-02
-4.307567886407259045e-02
7.825330621840541345e-02
1.088026155390906524e-01
-6.265404425216931916e-02
-5.513932554414540353e-03
5.397387126937275292e-02
8.711207279603336295e-02
-1.459225078138046694e-01
1.119346079391843884e-01
-2.634303185034770831e-02
8.475597185987442106e-02
5.868494969742275164e-02
3.376031730095504363e-02
-7.990636934921502288e-02
-3.788111087563462986e-02
-7.058055635002937096e-03
2.300047875943580372e-02
8.098531841535888676e-02
5.391695009313218073e-02
2.885604050259088504e-02
-2.708593490532489045e-02
-3.580798171992523315e-02
4.150265262640988329e-02
-1.680740712318918098e-02
-7.927335956989846333e-02
1.067894714985343080e-01
7.588597083956739875e-02
-1.628435870706465213e-02
-2.445319432913548030e-02
-3.917804217351798790e-02
3.978892350513335563e-02
2.096881491034185280e-02
-2.981420228805201078e-02
-1.146764247406577807e-02
3.366591393868523935e-02
3.641896518283768008e-02
3.345862144937371274e-02
-7.286339510241457429e-02
-8.434741262777922799e-02
2.637516916516296009e-02
6.036875434865414392e-02
-3.025282216525511034e-02
4.976051269577083658e-02
-9.023538403587509985e-03
-1.318950805534319787e-02
-2.255171384005585922e-02
2.122669643547484344e-02
-8.756056536528775689e-05
-1.996615792311850698e-02
9.475911962131034622e-03
2.499292419045012759e-02
-3.243424453963751619e-02
1.569329084708326674e-02
-2.703037547971207447e-02
-8.078520916060882850e-02
-2.684378159994258231e-02
9.521081230453998234e-02
2.523664350905436074e-02
-3.365008358763747071e-02
-4.660043418897943934e-02
4.074191063820897796e-02
