9.778512528776303614e-02
1.694028177061725204e-01
-1.329749257357902281e-01
-3.518585661519017110e-02
-2.810736344361659533e-01
1.138275153163454539e-02
-3.124508364846737690e-02
1.383100816003147993e-01
1.341982278850064603e-01
1.199993077192628432e-01
-1.284632149687898496e-02
7.963849644927287197e-02
5.609422239492663958e-04
7.985119143400083719e-02
9.007544206975857948e-02
8.558049259231556224e-03
-6.885014172358445289e-03
2.068451926767622337e-02
7.524255077546281034e-02
-6.971676499096228323e-03
1.238125520914021109e-02
1.548654758847412341e-02
-1.239087340146430571e-01
2.797758414443124453e-02
3.201066319867584917e-03
-5.468301021044963406e-02
3.597720707307508481e-02
-9.635677782958032567e-02
-1.270317056446257087e-01
-7.000415480968118220e-02
9.088712366588955205e-02
5.301541489300690135e-02
7.736644075243782545e-03
-2.275173364689843380e-02
-2.231082333528645323e-01
-4.442533899125397645e-02
-5.110530785464593301e-02
-6.495128898003453555e-02
-3.486776609774855373e-02
8.385574569729487004e-02
-1.379869932947090094e-01
-1.734303549953099266e-01
4.891423672520570087e-02
2.101818112511231323e-02
-8.073236608460494790e-02
-7.624224440253137003e-02
-1.403174925143617531e-02
-1.129241736053125250e-01
-8.285928193332560421e-02
3.474917912416621013e-02
-2.310375472616206863e-02
-1.030682633571095574e-01
4.859148840518930784e-02
-2.400631447033936203e-02
3.338495294814413511e-02
2.540137733931991867e-02
-1.371501867635214773e-03
-4.119340197986896823e-02
-1.955777302584928504e-02
-8.723010267207909063e-02
-1.603901737153556883e-01
-4.501399004073925597e-02
-5.466220309237841690e-02
-9.811236141755948215e-03
1.169639163771093587e-01
2.553805154625828425e-02
-1.161277898171006046e-01
1.592683572645750278e-01
8.074735944909743057e-02
-1.086938009135397371e-01
5.887306061131971496e-02
-6.857594334573421935e-02
-4.820944659838175689e-02
-1.875775293543470446e-02
-8.673263575767059530e-02
1.934025024575185964e-02
-7.604345482840983717e-02
-1.068265320594430356e-02
-2.085305012434126096e-02
9.904623383452042240e-02
-1.135514470177535241e-02
1.030744510948366360e-02
1.452741424222084819e-02
-8.386087947969479706e-02
-1.286665263512503862e-02
-1.039617454860499168e-01
-2.045863284207958578e-03
-7.278292502895637728e-02
4.612111911405786940e-02
6.855245034150676819e-02
1.027188261683253598e-02
-1.599224215414606770e-02
5.174750663446154447e-03
1.180815850036993353e-01
4.487184206581156659e-02
-3.802881611374388238e-02
5.912838978895829795e-02
1.883696957776465064e-02
-4.548966387886727025e-02
-1.882833394379391720e-02
1.371087085216148027e-02
5.571241857803166386e-02
-1.487736480924504445e-01
-5.033843635919774129e-02
-3.391492248489915567e-03
1.423856248546753224e-02
2.727809779280191901e-02
-5.749356908233362734e-02
-2.358299841297877356e-02
-5.766634975886614917e-02
9.392455492157944508e-02
6.633492833321129496e-03
-1.522492187771987138e-01
5.249295903777759925e-02
9.598150173600179802e-02
1.697269259685465007e-02
4.993286754960378493e-02
-5.177164561130885578e-02
-1.989918655472367251e-02
2.304918703906354283e-02
-4.442601896243277004e-02
4.570218887080052667e-02
5.049499972311593914e-03
2.204769148837116416e-02
-1.364025584524332542e-02
3.287881640120596943e-02
-2.398448739549995101e-02
-1.216733627629041498e-02
-6.954537825534630457e-02
-6.232027649791211515e-02
6.022174944590626827e-02
-9.230391161403270206e-02
5.311227678742665853e-02
9.898231654371342225e-02
-2.620710918763640568e-02
-2.134395531687435267e-03
-1.445159745578489252e-02
-5.148874360237003234e-02
-7.838717948749018838e-02
2.087582915883099202e-02
-3.137992193322298312e-02
-1.476380622252991374e-02
-2.425151207741385682e-03
4.931728964143810602e-03
-5.859485040351458673e-02
-3.240946629504077095e-03
-1.935303370391325967e-02
5.675848623949423383e-02
-2.019449803767556922e-02
9.442521770052827654e-03
3.384349151256644400e-02
-7.240560902184146885e-02
1.704541551442707858e-02
2.831964364592548869e-02
-2.240362240191288642e-02
1.769332605214458953e-02
1.513323456397077174e-02
5.240758865627952873e-02
-6.126455324571061095e-02
-5.661372037552818426e-02
3.959951553820792447e-02
5.158472153425734674e-02
5.095401426736341499e-02
-5.188101897541849000e-02
-4.183308486632301981e-02
-3.923739688693914270e-03
-9.836830256925900573e-02
-4.404125727091001696e-02
3.685926568621162441e-02
-3.261930540081778296e-02
-7.158814767069071605e-02
-4.218673787641576828e-02
-5.598746691985538246e-03
-7.869986423406036616e-03
-8.910406924228694847e-02
3.494031902252627626e-04
-2.010650976713912810e-02
-1.011933108286924496e-02
-9.266443233303131230e-03
5.240493676868222123e-02
4.116854903328390214e-02
2.410681421056567672e-02
-2.847719296805294609e-04
1.226617008712868086e-02
4.059662527479705740e-02
4.738294163055299657e-02
-2.011976920512568642e-02
2.645509467654397207e-02
-1.164297650176047277e-02
-5.289570596697954624e-02
4.669195491865864300e-02
7.802859668635114820e-02
-5.419961869944225907e-02
3.098924449244469526e-02
-4.036271518929060442e-02
-4.623838014384156099e-03
-1.347575041795676665e-01
1.033052673114795428e-01
1.467877582662124522e-02
-2.373432599882023195e-02
-1.257994278758493671e-02
-3.311524238007397536e-02
-5.805015949073858567e-02
-9.814669996208879102e-03
-2.063457538459352245e-02
2.365014556688505715e-02
4.894599137925555871e-02
5.608412482292149392e-02
-2.558935537169858103e-03
6.239381538089909009e-03
1.567316567849518644e-02
-3.304404939765384630e-02
-2.583003117043407293e-02
-7.405283920247919538e-02
8.223445641712828769e-02
2.193678818910923742e-02
-6.445117017802873272e-02
-3.348552068548833055e-02
-1.223431343740200190e-02
-3.784722981044592871e-02
1.084520031623592258e-03
-3.623682006914009240e-02
-3.621944680552181134e-02
3.826938991680255836e-02
1.810984239771719698e-02
1.529618965696967134e-02
-8.644871379196357453e-02
1.569295283979820280e-02
3.570753050356386543e-02
-7.571003096088631604e-03
-5.691793948092233046e-02
6.408728360169507754e-02
-6.076973821889943006e-02
-6.886986088776959197e-03
5.160988046787286232e-02
4.762824123330430641e-03
-1.007472497354010635e-02
1.963709166385605234e-02
-5.057384238129755683e-02
4.108066275842429255e-02
6.285211595540883718e-03
9.757926401338198885e-03
3.282999447056828696e-02
-3.445012779973092437e-02
7.923221366994118164e-02
9.617522552484131237e-02
7.666981027975945141e-03
-6.105947393818518532e-02
1.310086870766195150e-02
5.924932266310749263e-02
