2.192164899228808972e-01
7.820461333929235037e-02
-1.906028453114694821e-01
8.933647492147482605e-02
-2.627740562847785677e-01
8.771541965873573543e-02
7.601292339809921639e-02
1.166008276901551871e-01
9.910498512017201778e-02
5.713507037894302587e-02
-1.005524980237173932e-01
1.869826929813492300e-01
1.399984479232368800e-03
4.031457507632587450e-02
1.272072017038693437e-01
-1.539728159143330666e-01
2.808574310787162465e-02
-1.725017574534261355e-02
1.005931760917464501e-01
-6.904562174614672920e-02
1.335779678064655807e-01
9.770062946121559067e-02
-9.427701711495663217e-02
-7.239600052165569288e-02
4.718147007760202516e-02
1.017411653219616255e-02
1.429171890113678511e-01
-1.312327646430233308e-01
-4.218331964984650684e-02
-4.933832106397956913e-02
3.368740992424419656e-02
-5.877116380476261545e-03
-2.919282592484830421e-02
4.596761956482816464e-02
2.403496433344384006e-03
-2.786173645738606458e-02
-4.633525535206745732e-02
-3.948639962233908146e-02
-3.008089306520345466e-02
7.879606005255193613e-02
-1.419149492662799827e-01
-8.873817785193124918e-02
-7.752646068792432010e-03
-4.385359961559748970e-02
-1.414262578972798334e-02
-1.344192894203687649e-01
-3.535912520274039211e-02
-6.992661018500845316e-02
-4.488529589270637971e-02
8.795792227118797921e-03
-2.885790874405098211e-02
9.406844007648209466e-03
9.178763026210905174e-02
4.498074419026291113e-04
6.618954510764191168e-02
8.176767936704625039e-02
-7.539913147505623858e-02
1.037215707029108536e-02
1.087539729120861644e-02
-1.964016392850991000e-01
-1.583655253295631893e-01
-3.864338172973703217e-02
-8.097943170397167711e-02
-1.327743883936126357e-01
3.144574500292236091e-02
-4.256061117737176130e-03
-1.298126531646137949e-01
1.928499252763300753e-02
8.323453637190776633e-02
-5.793949793114542418e-02
2.848371618722560922e-02
5.937334274286709505e-03
-1.124726072689744283e-01
1.263544954502371365e-02
-3.315807310795918644e-02
3.945410508557183060e-02
-4.240908782051936582e-02
-3.440128229052145936e-02
-3.242214911859641474e-02
-1.703739063086506800e-02
5.087863998480052219e-02
5.888044329786392252e-04
4.251791062320173231e-02
-7.238595333243921792e-02
-3.299001103379265408e-03
-1.768080545172457108e-01
6.797344312547404233e-02
-1.298243313910407148e-01
1.973245127595256443e-02
2.642348784519613775e-02
-3.723560089263863119e-03
1.945778460970989596e-02
-9.873774078186321745e-02
4.282157713104650827e-03
-1.613581850240725091e-02
-2.157960091680660459e-03
-4.261423968085192165e-02
-3.568014594650453786e-02
-1.134592216775860002e-01
1.217220235650683449e-02
-5.209859057674152971e-02
-9.223287079982237999e-03
-1.064259608808422047e-01
3.062928039610671865e-02
-1.101762373596135332e-02
1.430132571030643708e-02
3.705785045744192097e-02
4.710950871587621380e-02
-7.978926385149380518e-02
-5.142497220881860759e-03
2.263090226118530390e-02
9.559509090547934707e-04
-4.542960563058347223e-02
3.757257318032114382e-04
1.845854597308930339e-02
4.036317998519779737e-02
8.181315268447406433e-03
-3.350855038374436767e-02
-3.447135164908312482e-02
1.708469070996861822e-02
2.710591381405559261e-02
7.459914034406631145e-02
-2.567908246233893341e-02
1.407236070670105955e-02
1.639101058435694230e-02
-7.067672419810228090e-02
-2.383173709701963579e-03
3.144868086990120284e-03
-2.038228912134688181e-02
-4.978010380280670222e-02
1.789414185677925401e-02
-2.830351919621319767e-02
1.383188058038978090e-02
7.330057375858077540e-02
-4.607432201913692210e-02
-3.291922401885838054e-03
1.942519648624475848e-02
-1.582305080692807467e-02
-1.483986157645847750e-02
-5.071873309668632930e-03
-8.681684863874516902e-04
-7.244385515341081327e-02
-6.477742571156366869e-02
1.361978050154063341e-02
-2.491455008030456567e-02
-5.956779499909898440e-02
-1.616217606372840135e-02
1.860582863319448776e-02
1.268235817519674895e-02
-1.060076324571015971e-03
-4.953632898133027845e-02
-8.769144341174185675e-02
3.409957302732924411e-02
8.034463202165786910e-02
-7.156306243901434071e-03
-9.628893413481207086e-03
-3.260557556328554790e-02
8.045789124555270677e-02
-6.018266340670088040e-03
4.805518409050506257e-02
-4.753171900817773632e-02
6.285355208032926411e-02
-1.948838286777826098e-02
3.978151949520100650e-02
-5.989348050928506445e-02
-3.165735577060836692e-02
-9.496270515823702907e-02
-2.035632300895624455e-02
3.071751950919299201e-02
-3.807392139807452835e-02
-1.014343998434169836e-01
1.159005255534690040e-02
-4.808353151722297852e-02
-5.667599864568494822e-02
-9.837258417118384390e-02
2.559580170237248098e-02
-2.855469892662513762e-02
6.584872357214270611e-02
1.700154043297900236e-02
7.120159197243061677e-02
5.276225961768061384e-02
-2.846499188004944503e-02
-3.324119076420459229e-02
6.347236759798048633e-02
1.769352427989179591e-02
1.228321074905122830e-02
5.628448447368441208e-03
-6.939965468305072001e-03
1.480603386471338913e-02
5.477238249660452973e-02
7.942913083542266217e-02
5.092799517078926141e-02
-1.716216497746580680e-02
-4.936510269497543235e-02
-3.478796859237900940e-02
2.797744223709660791e-02
-2.895776084207578056e-03
4.109770128255957333e-02
6.366851613291126845e-03
-6.017157235366971113e-03
-9.799434664207649914e-03
2.633159520875841958e-02
-1.910900361262360056e-02
-4.937237712093411890e-02
4.101079961998588090e-03
2.453517082514990524e-02
2.777450858737028419e-02
5.787481099537829937e-02
8.620618830714627326e-03
-2.088885665817376627e-02
1.005459412541313130e-02
-3.572372726076821631e-02
3.726313280075131684e-02
-8.295827128919884552e-02
6.280113054438483944e-02
-9.175497689715549771e-03
-6.573993339020454962e-02
-3.490537065078842816e-02
6.450947891862812179e-03
-2.344821500735039255e-02
-3.942461593280658511e-02
-2.741157018729713582e-02
-3.506664761015942239e-02
9.683608187743537876e-02
-3.098318285003387506e-04
-2.285099442236574255e-02
-2.665848768648024572e-02
-4.949757553720957742e-02
2.354865427877095643e-02
-9.234606478222879720e-04
4.360643223672329774e-03
1.486380520270813403e-02
-6.097120465647332815e-02
7.644834509180553281e-03
6.291429190604705401e-02
4.031786977149101614e-02
-2.226479964892385047e-02
-1.902043829209523404e-02
7.337416615751705951e-03
4.835862225314037366e-02
-7.072046861608701288e-03
-1.243861597446453693e-02
1.345279491193300883e-03
-1.354475278985914702e-02
8.617392639112322894e-02
2.386540170504367758e-02
1.661084177958370087e-02
3.532144824317860060e-02
-6.916113180139200900e-02
1.200400653728904143e-01
