7.576570447239049100e-02
9.524587072016321709e-02
-1.462536179693615657e-01
7.965390888083945242e-02
-2.673656262262353311e-01
7.289469301009582347e-02
-9.681972307068036424e-03
1.328243080269147225e-01
1.209709451081905501e-01
1.286214116986075517e-01
-2.277194519022313068e-02
1.545721543952591481e-01
4.362500607785991386e-02
1.755219630015751875e-01
1.312116714928269201e-01
-7.216247380769662267e-02
-7.563773303124168845e-02
1.533199325695934825e-02
3.522729755064801793e-02
5.508185390463585934e-02
1.146250999028457056e-02
-7.441130186941877570e-03
-1.210648781097499044e-01
-2.474155985950528616e-02
-5.654112108495813228e-03
9.322670393786333318e-03
4.679103916944236941e-02
-1.154072966987574750e-01
-1.202620946037402799e-01
-1.918861392098157245e-02
6.282638441368752769e-02
4.898370380584191747e-02
-4.287596403127902356e-02
1.372240054487328456e-02
-1.280577482307138082e-01
-4.009132510944259098e-02
-3.275332484860296600e-02
-4.032668128164232368e-02
-1.447697383788746316e-02
5.700158916821193578e-02
-1.303382582246692123e-01
-1.094274956360745399e-01
-7.489615325795540013e-02
1.224248119591548993e-02
-9.119618009927737967e-02
-6.743977123173594546e-02
-9.470704876731600441e-03
-3.843388220631827751e-02
-1.603193812735934087e-01
9.973230070439676256e-03
-1.540043015809544266e-02
-2.754822557926835461e-04
7.475021344821564107e-02
-7.402692933620869109e-02
1.241639143880250429e-01
6.899624434050116717e-02
6.769463404816195018e-02
-3.653777747484179828e-02
3.952540332199915712e-02
-1.068468255176241027e-01
-1.789608600074434341e-01
-6.437663896137391095e-02
-1.047555888853473303e-02
-1.126449464089983588e-01
9.467386128871629891e-02
-8.525434498844421116e-02
-7.934029702685281571e-02
7.494197423432581717e-02
4.738622092322517659e-02
-1.500447800957117883e-01
-2.709963822060202504e-02
-1.942190814924464257e-02
-6.250328107173845626e-02
-1.962443686480186411e-02
-4.936990917810681057e-02
1.315913310113246415e-01
-1.673382057047442806e-02
2.088853941505501924e-02
-2.871744597916592659e-02
1.303201262097340718e-01
-4.496150577077832194e-02
-1.000969047592299016e-02
3.061227426915780203e-02
-1.897348443692249004e-02
2.891981104837896763e-02
-5.958700503064359028e-02
-2.626491094820846556e-02
-3.952451963174058794e-03
2.525266012164839244e-02
8.938778980828139542e-02
8.163137857464225489e-03
-2.582250942135213764e-02
-2.098826549719833706e-02
1.112948313402441630e-01
-9.180265345080861408e-03
-6.370801272832309070e-02
3.947889503098319514e-02
-5.849574574911339808e-02
-4.415286372564705686e-02
4.319052503406190305e-03
-5.028541228598764484e-02
-7.505312283129290073e-03
-1.080362398763934917e-01
4.852811238364467677e-02
-3.470448021026161824e-03
8.892201958347617508e-02
-3.793747738588254016e-03
-3.763473164914946101e-03
-4.888620331397944968e-02
-1.271865932821057699e-02
1.001677636262598425e-01
-5.763984263978293859e-03
-3.118840758847805927e-02
-6.435523401955516032e-03
3.331234076032199565e-02
4.256562510417599698e-02
2.643942340964206342e-02
-3.930258245976361864e-02
-7.387306904341062186e-02
5.059342743500332834e-02
1.857785303523281847e-02
4.213287871162629122e-02
-4.200192890701342358e-02
2.864531067065136452e-02
-3.997948919782994687e-02
-2.847567487027433120e-02
-7.833652308092128175e-03
9.145012649617596800e-02
-4.146029223704630895e-02
-6.231908074672939946e-02
8.946414719247579653e-03
-2.460249319622108410e-02
-2.953096468535375534e-03
9.389438102211792800e-03
4.377736082429153908e-03
6.731844383216087357e-02
-1.799782493292107974e-02
1.191548307097492834e-02
-8.105354333334251205e-02
-9.996238746431389960e-03
-1.006136999141504645e-01
-5.701497543916586586e-02
-6.182915632152318625e-02
5.940594671544279642e-02
-7.887413405082153994e-02
-2.509699971906433763e-02
-3.728613220677713669e-02
6.378378098567845378e-02
1.006173001337224218e-02
3.404694919934620617e-02
3.111293389454222388e-02
2.173092533635620667e-03
2.220101582464779899e-02
1.254183290747027391e-01
-5.166455821619937716e-02
-2.186753730447770633e-02
4.601021700282170723e-02
4.970132575434024064e-02
-6.955601302540341535e-02
-1.021621216227820358e-02
3.728950332146724334e-02
6.070071659059528973e-02
-9.499866655264484205e-03
-5.564774296281044946e-02
-4.561671300360637532e-02
-6.497093702489814548e-02
-3.532512533519884673e-02
7.097760881729545113e-02
3.151668215490322639e-02
-1.397421953929753498e-02
-3.925541958337092768e-02
-7.521840563891474263e-02
-5.455517451052681321e-02
-6.920770814645062219e-02
-1.510999062644470363e-02
2.738572475949757612e-02
1.635972502767885127e-03
8.007212347802597496e-02
3.025614709495319174e-02
5.376505723155673017e-02
4.970695518858003759e-02
6.150350009660490724e-02
2.978622025300578166e-02
2.056324321209393111e-02
4.165601326468564708e-02
4.152218328441520390e-02
1.386447830089039893e-02
1.520647651097325678e-02
-1.941238393201336369e-03
-7.688498000804430514e-03
1.041894052637532403e-01
1.057199240623314940e-01
2.400430034970535767e-02
-1.031158525166632998e-02
-5.368909259858834805e-03
8.457799464794810498e-03
-1.208212414325346568e-01
6.137955435552294031e-02
2.876447793848327036e-02
3.545993719353436602e-02
5.878209412215963658e-02
1.796218275915866663e-02
-4.842223319896019063e-02
-4.998796869080600336e-02
-3.201472343878077054e-02
5.024574441215840653e-02
4.006062505527441253e-02
4.544282239828066616e-02
3.036248448940138608e-02
-1.041301325578912126e-02
-1.674707592435301096e-02
1.831022580396077584e-02
5.195800884058302677e-02
-6.927977799642751067e-02
6.464658997073331748e-02
6.937125630282416078e-02
1.081008474530757713e-02
6.933204663875861505e-03
2.992185034306220348e-02
-4.281119280825256695e-02
5.803203746824482645e-02
-1.736857201027997705e-02
-4.090821493032052031e-02
4.498428534188818328e-02
3.489329536217655042e-02
2.496591899737612280e-02
-9.401554477534881937e-02
-3.969297717843952439e-02
5.488960217949314171e-03
8.469778377188787871e-03
-4.209697470371318723e-02
-1.693759299824741660e-02
-2.378390145336367958e-02
-1.181935720840357126e-02
1.997153076080773401e-02
2.099909888518305609e-02
-1.397464501979240291e-02
-7.758198251717593474e-02
-1.847112288955859646e-02
1.138418230410623566e-01
-2.120519509104340158e-02
2.356605543999120388e-03
-2.300042821596730638e-02
-7.760659492734060805e-02
7.657974684687968159e-02
1.460078866189408291e-02
-6.296581109892893102e-02
-5.364981747598513914e-04
3.662480460067674831e-02
2.454119127569124106e-02
