7.995328615446829768e-02
1.709342206576572043e-01
-1.083693716672092522e-01
-1.068602215314867626e-01
-2.677666623607659613e-01
-5.174111437384008860e-02
-1.405402347827854504e-04
1.377810526236260547e-01
7.768220874544319587e-02
1.511298613534808044e-01
-9.543750210917824328e-02
8.823290633091705748e-02
8.392627344444111848e-02
6.065525501562269578e-02
5.996260813974822745e-02
7.176789360245808269e-02
2.422991568465026994e-03
3.083819733012752723e-02
8.682071733191257246e-02
4.909278085056572455e-02
1.054260387555209511e-01
1.521535774119857874e-02
-1.157266985166260642e-01
-6.993223013790421383e-02
-1.223209041448480860e-02
-9.950239196716796630e-02
5.795485908031278166e-02
-1.946493248630059084e-02
-1.532799415695373368e-01
-3.292996261755518767e-02
1.063939220402255609e-01
4.916071020169480998e-02
-3.800801152110846320e-02
5.361947718538027929e-02
-1.990180116201941130e-01
-1.627338094979505490e-01
-5.876793759489111479e-02
-5.858768288285248066e-02
4.619321555503043755e-04
1.469262536022279686e-01
-3.585161594909591631e-02
-1.227117964008133527e-01
1.433507252816274176e-02
6.024906137482863994e-02
-2.256781454000252388e-02
-1.096504463358429493e-01
-1.849547821752731830e-02
-7.369153217485721608e-02
-3.765076974389400255e-02
4.259911820273827934e-03
2.443414361357673908e-03
-9.902192219960741226e-02
1.048843006092824576e-01
2.309032384124055839e-03
1.085997721907196872e-01
2.992429305802225478e-02
1.399416270132612383e-01
-3.630914934925395798e-02
1.732107336715598897e-02
-6.993411531878661325e-02
-1.695374587222070184e-01
-6.506770938896391798e-02
-2.616514811947613650e-02
3.063670291348053430e-03
2.224277793619570606e-02
2.118569417607229013e-02
-1.053430907966954322e-01
7.909882791952131675e-02
6.061516350219036363e-03
-7.254298572225609254e-02
-6.022304587865154150e-03
-2.888980004880624744e-02
-2.134348381592901869e-02
-5.146474685648051023e-02
-8.647330991496794683e-02
-2.167291917512810182e-02
-2.777226482172059571e-02
2.082719561160290001e-02
-1.339813762961083836e-02
3.832070019013558010e-02
3.329710159440223832e-02
6.906379014474611777e-02
6.321083763948306955e-02
-1.300004398267481098e-01
2.433334927573118159e-02
-1.372650786161136727e-01
5.166793793592166367e-02
-8.858311009950389781e-02
5.741324661279977731e-02
6.450906745414657084e-02
5.094274027014444872e-02
8.498561942162341509e-02
9.090719251100574938e-03
3.866188651016827516e-02
4.668600183768932543e-02
1.300033304374344743e-02
5.608164909651781188e-02
-5.205590816151921263e-02
-3.466341785860170555e-02
-3.762013555455503283e-02
1.615298387274069492e-02
8.347125361879295657e-02
-1.127581984401577475e-01
-2.284559594302389834e-02
-2.276443890603665685e-02
7.337277950732504217e-02
3.196572401588988754e-02
-1.813088423487150755e-02
-3.722286510327098286e-02
-4.569480514940572891e-02
7.382239514777701184e-02
4.456473346945212521e-02
-1.032902230748079242e-01
-3.877502878279354311e-03
8.861830014264199251e-02
3.544781020408621641e-02
2.122553433205363535e-02
-5.343488655731212095e-02
-4.347723545775936116e-02
-3.912912859187067140e-03
-4.264420544550897446e-02
7.386559720966530407e-02
-3.227429670665710008e-03
7.159461405968432779e-02
-8.512747928302387412e-02
3.786992202147279607e-02
-9.995826012421323709e-03
2.232242682847702595e-02
-2.475019418851079692e-02
-3.437765585651151451e-02
1.016586932801363981e-02
-5.923162925259832512e-02
-2.382969178331712998e-02
4.624109914944335431e-02
5.849590599356106410e-03
2.062079972466167310e-02
1.679064630621188159e-02
-2.553072191318639730e-02
-5.222843363194002581e-02
-5.990099414457518250e-03
-3.580178433443785557e-02
3.299540981385578470e-02
-2.016235515374380227e-02
8.282133750958617022e-03
-7.110387005631470247e-02
-4.377974415002152536e-02
-2.814989797214632536e-02
2.534405758614759890e-02
-1.408032175158799824e-02
8.238457251881588228e-02
3.915395014015557451e-02
-7.864179723426524549e-02
-2.356652053213434059e-02
5.331404646275039738e-02
-2.077852652515565016e-02
9.825091463838793102e-03
-8.842440928888734182e-04
-1.486559384815096599e-02
-2.231777671563377891e-02
-2.671467834669520938e-02
1.477453961153113275e-02
3.088293895640311162e-02
6.113314836931064283e-02
-4.018715494243528530e-02
-6.394885453526058527e-02
1.440268768247809049e-02
-1.323846280887171212e-01
-1.796203486717137462e-02
8.536809120298063935e-02
-3.748741882043420126e-02
-1.032024364850509107e-01
-3.102935467160270605e-02
2.374441876806998586e-02
-4.569131756477329276e-02
-7.162952132569005981e-02
2.417819888910981152e-02
-2.901786667008382850e-02
-4.483453427340469005e-02
-3.992184715291910956e-03
7.366557951804286741e-02
5.685686689504131780e-02
3.677142712129936875e-02
-5.389970932354876815e-02
2.525737068523865869e-02
4.778305143251958265e-02
1.239390177355731947e-02
-3.346918718928382479e-03
5.253521540086895231e-02
-2.575197930941719796e-02
-3.047240939957953157e-02
4.030969169979117112e-02
9.262239291717437595e-02
-5.180414225467493139e-02
-2.159914576326358790e-02
-2.469568104132811512e-02
-1.431241893789258861e-02
-1.132485968270322690e-01
8.844184721204952082e-02
-7.733608953543488415e-03
6.039484869640076442e-02
-3.128011514864303955e-02
-2.144267575002453338e-02
-4.106564923363284492e-02
-5.340013638971324167e-02
3.355999006845267110e-03
-1.123291312713239204e-02
7.891461432762963968e-02
7.205695467109246577e-02
2.844841636487408301e-02
4.279988996671368678e-04
-4.554873505070124173e-02
-6.594277893489178255e-02
-2.326655683406341629e-02
-9.693662936654265372e-02
4.782666195026573364e-02
3.281440102946418108e-02
-5.412008696870111712e-02
-3.702184198184459152e-02
-2.729663368509152935e-02
-1.735868272575983445e-02
3.028624778744270704e-02
-4.472843000940704417e-02
-2.170578416184457474e-02
9.620398523627995968e-02
-4.697902178617674798e-03
-2.655352680093153728e-02
-1.029812419281828512e-01
9.770389798567872403e-03
1.207087602935839020e-02
-9.530217754150342334e-04
-4.836076511393051086e-02
3.744581916229594576e-02
-1.594033546920617730e-02
1.274671337569814253e-02
1.270325995635886336e-02
-1.925398074556023287e-03
-1.001206998769131953e-02
6.371282988878432946e-03
-1.357066310003164807e-02
8.135812294803142913e-03
4.049682732205055896e-04
3.903216745515265124e-02
-6.134472850367846640e-03
-3.869038416117386026e-02
3.725463040113939639e-02
6.375929959753544318e-02
2.998065996640596285e-04
-1.052760411966447915e-02
1.128975133073669736e-02
6.369482641135743028e-02
