-2.292831153763067176e-01
1.310146552256047925e-01
-1.012378850694916343e-01
8.356221156499324398e-02
3.203763059781513517e-02
1.188690219036438595e-01
2.716435222481784414e-02
-8.443737497791335700e-03
7.092596124449944417e-02
-3.127181395527877522e-02
-9.324577471025058406e-02
4.326807264727316332e-02
-1.731674621774361711e-01
-1.716872423100609391e-01
-7.285861918761263323e-02
4.062827747652253234e-03
4.992933776910551957e-02
1.572055584503584125e-01
-1.302776430719740364e-01
-1.565626150104959535e-01
9.094744897047882248e-02
1.194250977519644655e-03
1.567620731211722129e-01
-3.546974383839478911e-03
-2.194765817159129856e-02
8.935162189763112828e-02
5.492574884467674168e-02
2.303619537732789352e-02
-3.516843201694871274e-02
-6.379782336498884820e-02
2.766022409632673540e-02
-1.169131387194761833e-02
-3.286254834258799107e-02
-1.152007637540183003e-02
-1.015231727721096003e-02
-6.455773638479905818e-02
2.769635945740875696e-02
-1.069718597359812368e-01
-2.500005818342214067e-02
6.134551687202464965e-02
-4.861137021423683063e-02
-2.318671829435215159e-01
2.962408690242098255e-02
-1.996527356013095417e-02
-9.855611578990784369e-03
2.269972131942498556e-02
-1.520917885449893925e-01
5.872988762946621671e-02
-1.685704214480425733e-01
2.706856432421172326e-02
-1.744718384250397089e-02
1.040206971226575738e-01
-5.868009608614403738e-02
-4.215605070058200954e-02
-5.521187992196986694e-02
4.147917764878793212e-02
1.254636604261382717e-02
-2.122255057587534542e-03
-1.067632866913156842e-01
-5.158841794259051705e-02
-6.405787470232689185e-02
-5.639730790288779300e-02
4.149004420710254715e-02
-6.280614449694607582e-02
-1.333701682558501855e-01
1.285838547868572712e-01
-7.097484453817144712e-03
1.270117719548641833e-01
-3.277730262542141726e-02
-3.059442190368459949e-02
3.324158038409916888e-02
-3.664771119718627373e-02
-5.992611729372374074e-02
-7.830104571639555366e-02
-3.278090318653461427e-02
7.322474110909629741e-02
9.487335808336695708e-02
-6.975386507094660793e-02
-4.250219112976179152e-03
4.698576552785833221e-02
1.445210087109677355e-02
-7.547356724293342867e-02
-8.609810946326118541e-02
-9.188534648423613352e-03
-1.709614535271073571e-02
2.558659283251115205e-02
9.876744602101142356e-02
-4.038564506997536531e-03
1.105554560432153305e-01
-2.917197320155809695e-02
5.370609931443966201e-02
5.334993570162043560e-04
-1.030110803240238126e-01
5.152526215441574631e-02
-1.204348767380357399e-02
-1.478409855572380797e-02
-2.629081068627303966e-02
-1.130875587554450307e-01
-7.022995007507665255e-02
-1.377253550783967551e-02
-3.156660584173607426e-02
7.557182039259004169e-02
-6.007779498530322476e-03
4.295440214308719751e-02
8.519232506213511580e-02
-3.853758409427862630e-02
-9.522060138712196142e-02
-2.257814561625135288e-02
-4.252064806015287690e-02
-2.894698678821436277e-02
-2.630754842982629613e-02
4.172602692871091312e-02
5.531036013403900498e-02
-7.544275162980243477e-02
-1.019086923111220261e-01
-3.097021019644514636e-02
2.992390659944176370e-02
-6.435558596265976428e-02
3.853810309407872808e-02
5.371518181094142759e-03
6.263938337367615759e-03
-9.792131415940943939e-03
-6.553439669612640128e-02
1.415547626659536262e-01
-3.644838283646002070e-02
5.921116263159726528e-02
7.856044830398348222e-02
3.712363401387877571e-02
-1.120183218547746856e-02
2.449127619188573839e-03
1.955296065643830419e-02
-8.407306955573004559e-02
4.724669267735905065e-02
3.040849022529845680e-02
1.263422297752465340e-01
-3.283569010293276719e-02
-1.610300679773018356e-02
-6.946682574400332016e-03
-3.931575941955489650e-02
2.873646749429844063e-02
-2.853931244523511684e-02
2.083693372440039229e-02
-6.839765371830798524e-02
6.952748384564010758e-03
1.652677013451255700e-02
2.158033606306989597e-03
-2.091692456859093815e-02
4.294651983362316600e-02
-3.364325379188974618e-02
3.765006199861860997e-02
-1.074653961083896615e-04
-1.313124637984001697e-01
-3.397171579037859546e-02
-3.205449809131841882e-02
2.736809208384494846e-02
-1.242673658869057271e-02
-2.196436347765704303e-02
1.030377763762415078e-01
-7.832498458217521109e-02
-2.701069584650047295e-04
2.737230895722076937e-02
-3.437942257084534298e-02
-6.546193134903732780e-02
-4.135302825987591246e-02
-2.966116295064068643e-03
-1.312430475751366794e-02
-3.244540225325689975e-02
-6.222158853459494599e-02
-3.924086126090283594e-02
1.983549117261822550e-02
-4.914701044542844725e-03
2.440142435149327341e-02
-3.602374368751497941e-02
-6.837196322820299210e-02
9.275921239765600942e-03
2.853516044683430605e-02
-2.695058918215129107e-02
3.384877771272969821e-02
-8.636481048553803011e-04
9.911923057301730636e-03
2.153518308046111635e-02
8.108736101821217845e-02
2.923266374068239160e-04
3.989833669516814479e-02
1.957569933518022234e-02
-1.860675914587937504e-02
1.105670037887675761e-01
8.300143228098423587e-02
6.761506689473086029e-02
8.195947530730669783e-02
-1.698199783417604983e-02
8.568290962318048098e-02
-2.552376141921143971e-03
1.494232861977956529e-03
-4.102560426098726676e-02
1.872982697347829600e-02
4.179862202575003113e-03
3.908198244709695096e-03
-2.720791577053880989e-03
1.038053770805907189e-01
-4.976449045759847450e-02
-5.791784756723336591e-02
4.673755387346007623e-03
-2.987272024415681126e-02
7.765433952798234118e-02
-5.035076560678743846e-02
5.214922966408702676e-02
8.418351920068901928e-02
-5.018303135889233546e-02
7.580125074172214261e-02
-2.617543054321311291e-02
-2.603335434793549279e-03
3.092914433726216394e-03
-4.280444363834554761e-02
3.709216965099766672e-02
-2.824562343335302803e-02
-2.433557625185547163e-02
-6.037609012041120909e-02
2.290531011523995117e-02
3.905483227005417113e-02
1.903600441805031532e-02
-3.941998106691265574e-03
-1.922537447011212625e-02
4.893182015331161427e-02
-3.575551810332533876e-03
3.508503523657000717e-02
4.472762983510688434e-02
2.167722683825122967e-02
-2.475003002972353539e-02
-3.195254706808609707e-02
-3.586055068787075834e-02
3.407457506326109359e-02
1.600368321098587579e-02
1.916487855591286760e-02
1.253728354611206158e-02
6.210277001785934753e-02
1.100461226143913257e-01
-8.186342790680052606e-02
4.063249434989835152e-02
1.579585622853297774e-02
1.315816949447025028e-02
-3.588692236521338202e-02
-3.220653259526046891e-03
1.342590851634729680e-02
3.334940259257012513e-02
-5.582517549825158354e-02
-2.558510070808586029e-02
-1.288481878725461667e-02
7.016835128630218021e-02
2.716707697376837330e-02
