-1.507253488233258887e-01
1.725870766380871446e-01
-7.329764680405900790e-03
-7.507906970305125438e-02
9.122438394525313188e-02
4.019447406175710724e-02
2.065713111681673764e-01
-1.737376385182014607e-02
7.721938768657923835e-02
1.334100747438938805e-01
-1.309456793649583783e-01
7.081056567866603202e-02
-1.645692762821517885e-01
-7.825826336275730488e-02
-8.290769066026740242e-02
1.515539703711047403e-01
1.130098021693944216e-01
-1.250293682004260075e-02
-1.479657428394026142e-01
-2.379613155182098982e-02
8.060709294633343347e-02
9.667287556436053586e-02
1.081228978477361546e-01
1.122255000219411769e-01
9.135122685805440942e-03
8.446784533656585825e-02
1.338950565496823120e-01
-3.465050504016786714e-02
-2.389259529110532645e-02
-9.354056578066656524e-02
-1.880582625536748268e-03
-6.914171668673226023e-02
-2.970165876731270874e-02
-5.800876880746642927e-02
-3.817517960389568525e-03
-1.562649450850907007e-01
2.877147740676994081e-02
1.350423306404549897e-02
-1.351344544978083095e-01
6.699084489941754816e-02
5.287149932744066722e-02
-1.710648959286848736e-01
3.214044226727667992e-03
-9.312541662049501900e-02
-3.053087211717306348e-02
3.569003827421429048e-02
-1.359826383921700355e-01
4.588267840176502715e-02
-6.775482850873933149e-02
-9.375460086680871205e-03
-1.549094552953106559e-02
9.942919375894214429e-02
2.138319007608247349e-02
4.264867729373347099e-02
-5.060522613423365512e-02
1.302366347155357318e-01
-5.125841124274146954e-02
6.844020107490202121e-02
-3.446408738449568965e-02
-7.542280807872192572e-02
-4.298439346341050016e-02
-1.090671509466612302e-02
2.483717716896456998e-02
-3.203243838740311294e-02
-1.042733568191588078e-01
-1.352974630933678930e-02
-1.222700252396500820e-01
6.958879028141133627e-02
-1.238957384354212599e-02
-8.417953908919559303e-02
5.869739628507735646e-02
-1.240055505994327317e-02
-8.334200763230083242e-02
-7.415464197385640555e-02
-6.715073009510252877e-02
3.775950439742946363e-02
8.948593245295639875e-02
-2.100364767448111361e-02
7.220547606265259599e-02
4.893447022448171868e-02
4.213538762171333690e-02
-1.312807708546604724e-01
-1.254193000163470080e-02
6.681136447925627164e-02
3.231850893802105246e-02
8.602073399841923471e-03
4.621839457144204244e-02
-2.300949507393514754e-02
2.509816188690562958e-02
-8.683173299532677414e-02
5.989014050244517717e-02
-2.444326712794014922e-02
-9.066407888564724515e-02
3.704108954838308820e-02
6.532202878537719803e-02
-8.440642943166360920e-03
-7.076055840277936659e-02
-7.685592257485858447e-02
6.346301405792173500e-02
-3.787138786872619369e-03
-2.486015881646278305e-02
9.556446314360632355e-02
4.310696225006762500e-02
2.984589408573138161e-02
-2.485042696001146280e-03
-6.027546941328786045e-02
-7.761671702851898058e-02
-1.423159070010118939e-02
-6.718449569164137991e-02
5.596376383695321304e-03
1.751267295150532588e-02
3.080004343057485619e-02
-4.189597080185357252e-03
-1.699221589872037044e-02
-4.501134847043799375e-02
1.351389916470998112e-02
6.297612533431513893e-02
-1.172416802205135528e-01
5.722219808536742336e-02
-1.510574813026204942e-03
3.203967152395476720e-02
-3.000216271314053509e-02
8.590960671867108739e-03
1.402307252447435593e-01
3.467388122238708459e-02
4.983913833973319801e-02
9.207569123948945722e-02
6.450149519937882318e-03
5.308901947028497187e-02
6.147311243677476555e-03
-7.600694961105486369e-02
-8.365960808270529736e-02
7.952968437907108334e-02
1.702601437315264671e-02
2.743768702664485526e-02
-8.350636422149046445e-02
3.379623873552405761e-02
4.091147516138656653e-02
4.708117625048076349e-02
1.214742815852878390e-02
3.250578141892206119e-02
2.360376299744039799e-02
1.162825334358707314e-03
1.425624912016364675e-02
9.652423460822404794e-03
3.367025064795160717e-04
4.980464942953916757e-02
3.563963646360662220e-04
2.050094468414112581e-02
-1.257224341936481748e-02
3.520400437583652564e-02
-1.873736790569541510e-01
-9.128570121647511248e-02
-4.147092539576362896e-02
-1.766890870102106378e-03
1.639160254178571603e-03
-8.328420829567442785e-02
8.886263334956429061e-02
-4.471580908651608122e-02
-3.904956717931046262e-02
1.756235144845782678e-02
-6.399514276286959180e-02
-4.180410996764756526e-02
3.178457194893528209e-02
-3.643360471172436832e-02
-5.014519864954843087e-02
-6.666384137149593270e-02
-3.984981510507078217e-02
-7.775503432612265731e-02
9.986331346361508252e-03
-2.534773797583112637e-02
1.905793394208605759e-02
5.747493045206091000e-02
1.881818834329213042e-02
1.891892620872062322e-02
2.631194795606008746e-02
-4.880039417512877647e-02
1.165735027926077631e-02
2.106213744686926195e-02
4.906844764015440979e-02
1.073627609519441171e-03
2.555039731085111815e-02
-2.703532736701236630e-02
3.122387235460839100e-02
1.243116437871413966e-02
-3.667509283886937616e-02
1.172628207059804306e-01
5.257411878148741946e-02
5.179586616642281593e-02
8.344402773557257902e-02
-4.696390080466370659e-02
9.080404007792175491e-02
1.333458313401578339e-02
-1.947722571682810114e-02
-3.982920066589856062e-02
1.677199976861590844e-03
-6.806802332142597445e-02
4.327243668763342682e-02
-8.999468497568505546e-03
3.485217803838536188e-02
-6.833666858853311432e-02
-2.452154939216510260e-02
-1.471519163436612460e-02
-1.404408807394625508e-02
5.277658084914690906e-02
1.124466696109547095e-02
5.814774366293844893e-02
-1.105338337719762726e-02
-5.603139366371117508e-02
2.779806161638433137e-02
-2.735693892041365580e-02
-7.780487721254224741e-03
4.695492513976097515e-02
-3.486128521486176607e-02
9.482214606604606744e-02
1.554687082623272196e-02
-6.343953924202228034e-03
-4.932213346575698570e-02
-4.929832987092335611e-02
3.116755252318573893e-02
1.098238027857511290e-01
3.067632391764815031e-02
-4.936385551250266519e-03
3.286398606769604797e-02
1.989927923461714057e-02
6.974338213625623506e-02
2.408506247916616938e-02
-1.001355424211046279e-02
-4.907706164822956546e-02
6.182447848371808857e-02
-9.257658594569152799e-03
-3.009547017465687840e-02
-3.898785537336747764e-02
2.526255135398868673e-02
2.873764605444424636e-02
9.441774797702175148e-03
2.995807345806885888e-02
2.205541148487850586e-02
3.349599781284356200e-03
4.861091887536884981e-02
1.480820319484171810e-02
2.500067893292537771e-02
1.664696513995253535e-02
-1.631716699109050928e-02
-8.454320146827672827e-03
-4.145705092474181314e-02
7.604919770409520816e-03
3.405656589559678381e-03
1.153839806087947686e-02
2.916242843738686696e-02
