-2.357950450068199144e-01
1.049702186900493550e-01
-2.431885655712809347e-01
5.933314286270230387e-02
4.080684995405285675e-02
2.787520561137805594e-02
1.430866258160322091e-01
2.290144855068649080e-02
4.525243313187969629e-02
1.681866993243752439e-02
-1.273664687912334954e-02
1.308258380190919015e-02
-1.158265678515966457e-01
-1.674890489849042152e-01
-1.296050723083629341e-01
3.546950013328987322e-02
1.146612825907484118e-01
7.015584476317485163e-02
-4.389443489659275444e-02
-2.342103928159907505e-02
4.661627313218349999e-02
-1.230402991228852876e-02
6.647138808659437681e-02
1.666858226128659914e-01
8.278335833382690495e-03
-6.120146333021586789e-04
6.018310335487536689e-02
-5.225543660029775828e-02
-2.458505175565592338e-02
-4.760917737169637065e-02
-1.076997915530646666e-01
-7.286834922896214158e-03
4.005058615106075331e-02
-7.968967054180012277e-02
2.197309744638780565e-02
-2.835661273854917994e-02
8.069141901773516697e-04
-1.839146562477160241e-01
-1.078747507835415287e-01
1.039298623481090672e-01
3.900021069258317874e-02
-1.264221262631456677e-01
6.516779332774931544e-02
-3.315332189300364968e-02
7.147167785655243744e-02
2.174951123336839320e-02
-1.556749767161801912e-01
1.179484992461827392e-02
-9.239286597320126027e-02
2.828086560668258143e-02
4.904373862781875523e-03
-1.173816195906365011e-02
2.211483367805374203e-02
5.479138269322925137e-02
-8.125689534425499516e-02
5.962640599366018923e-02
7.445988752268828392e-02
5.674279329332892335e-02
-2.556359634931730865e-02
-7.990656646527509455e-02
-8.891554718802847923e-02
4.115288478351495499e-02
6.095375943927770768e-02
-1.023579053896349483e-01
2.368222165830238465e-02
1.108724573972746236e-02
-9.213719900592726164e-02
2.839394781776305096e-02
-2.130488438091232561e-02
-3.185922408175582282e-02
1.609024752461792884e-01
-3.404169443782944365e-02
-4.183673028163331642e-02
-6.866766328402067188e-02
3.485441775746490195e-02
-1.630247329963529362e-02
1.009697845336186284e-01
-5.523238699866368784e-02
-7.349534358373210896e-02
2.762942721840634316e-02
4.425832137669295785e-02
-2.606771782538078869e-02
8.276965139915049008e-03
-2.455107813899365041e-02
-4.921964428949947637e-03
9.736231514013737529e-03
1.431653427837453751e-01
-6.411581872689281481e-03
1.244325320593045285e-02
-1.004965689316946048e-01
3.362415509913868616e-02
-9.483642079930193480e-02
-5.763873728778549921e-02
8.922039594234381851e-03
4.789304146173328780e-02
3.261640168039302290e-02
-8.522482448416735662e-03
-9.948747745504005202e-02
-6.724729849595600939e-02
-9.608110837459714337e-02
-2.168303260018775505e-02
-2.157536789186035101e-02
-2.292990675791943891e-02
5.530216182327841318e-02
1.016378996924178525e-02
5.492042369254010979e-03
-5.858614755839616078e-02
1.496536182195051107e-02
-8.805550230820062552e-02
7.107091319506091132e-02
-9.871897531751543109e-03
-9.022916106341084125e-03
1.789502329568279024e-02
2.017024390973351858e-02
4.944740785403932415e-02
1.349520822545169363e-01
6.973895813565916812e-02
-5.752226097859468312e-02
1.015393403049826421e-01
-1.386159458935240160e-02
1.648598304650555554e-02
-3.754678608350134339e-02
-3.494351283286162985e-02
2.382213029867813123e-02
-5.537027223439672241e-02
6.341539436492775461e-02
2.533113326431697329e-02
7.681986268282155195e-02
-1.311466455616376592e-02
-2.197874339805214183e-02
6.310816321482341784e-02
-1.259882365095194579e-01
5.110444571418350929e-02
6.353604802563900256e-02
7.855042845683708752e-02
-3.352011293783290630e-02
1.123322459403133626e-02
3.795450211900733631e-03
5.276125512541641506e-03
1.642547672057678720e-04
-1.773324883094228033e-02
-5.050989110481440836e-02
-5.181195199239805455e-02
2.354887276523606743e-02
1.842114113834605101e-03
8.561870304276190946e-02
1.213390074450715079e-03
6.601860234444996423e-02
-3.515502388914229157e-03
5.970943085512878806e-02
2.432612123250659647e-02
-1.354283329634050070e-01
-9.227975112656204570e-02
-1.484075925863010022e-02
-2.096188465841429191e-02
-4.291106024023586679e-02
-2.606895797661341538e-02
-2.044366462096934567e-02
-1.430241287210194945e-01
-4.827233192556508456e-02
-1.694464318922557500e-02
-5.784783331271841494e-03
-5.807781609525349692e-02
1.847469609026035006e-02
-1.111857587613070825e-02
-6.945972829496523115e-02
3.613735420761906409e-04
-6.818612561461453656e-03
-2.323890022819645115e-02
-6.977296438788017918e-02
-3.959629917321368792e-02
5.691576175472184800e-03
-5.816691117065022482e-02
-6.151809352124117808e-02
-1.962695976316598118e-02
9.432972111409693161e-02
1.249481738876079620e-02
6.361394910438332440e-02
1.127751104725967408e-02
-1.470646393435993612e-02
3.221808468580800167e-02
7.368247587762398465e-02
3.278812999055331218e-02
6.838585523418522216e-02
1.071715850346411682e-02
5.399918714004967035e-02
6.884686513713549061e-02
5.205626178522586994e-02
5.575184718734125383e-02
3.455012380764836688e-02
9.422701701070004474e-03
1.506089589308928223e-01
-1.206676940015144646e-02
2.095052748396811215e-02
-2.309386780509642412e-02
9.538492663527001550e-03
-6.906966809674482122e-02
2.115492398844054031e-02
-1.384987842375993679e-03
5.994205711792289018e-03
-4.156033973455092873e-02
-4.733268891793773053e-02
-1.392748578247548011e-02
-6.879477878536509328e-02
7.866961351740443809e-02
1.808388527418861025e-02
6.683445867772573601e-02
8.787871548643355624e-02
-6.663410898253874226e-02
4.898505989318017312e-02
-9.421872757877668147e-02
1.088523163104402995e-02
4.380119510523434317e-02
-4.594156559051609801e-02
6.996336023764741785e-02
-5.085599120539401052e-03
-6.830981438228984209e-03
-1.121230520087041806e-02
-5.397660333339233257e-03
5.049141937855999157e-02
2.524536701591308455e-02
5.359966262979077613e-03
-2.676341003132661628e-02
3.048686620061739211e-02
1.446065290582946965e-02
2.889601325362506704e-02
-5.451394780826675224e-02
-6.701679354448088384e-03
4.544406913287955818e-02
3.034317183542625113e-02
-4.125816709605336502e-02
-3.052573515109266444e-02
-5.500103352266097478e-02
5.522951506949339007e-02
2.682815897989332399e-02
-2.064659252529787298e-02
3.874336884519406776e-02
-1.026271487493503470e-01
1.323342535446732013e-02
3.604852021669236600e-02
-2.495810882776582432e-02
-6.656178858434123879e-02
1.975410790006915454e-02
-5.213223736600374608e-02
6.674134942860234301e-03
-3.656272608041064021e-02
-5.544092821909779589e-02
7.251575465219060879e-02
5.463225170874775639e-03
-4.821218459078260160e-03
