8.230439543094474064e-02
1.980439709562026585e-01
-2.172464243107716519e-01
1.327972767636657059e-01
-1.492120185673705968e-01
4.238020526893230416e-02
1.480137188742459975e-01
1.057247367401663862e-01
9.405075445855165875e-03
-6.037956467356130064e-02
6.076631241128213623e-02
3.160572475740355131e-02
5.673916975020148329e-02
-3.375312198077324438e-02
6.470166985222830514e-02
-2.353077453517594606e-02
1.193845993862325816e-01
-6.342517417725281048e-02
1.253806275979501839e-01
-5.330846570079444957e-02
2.361002855991022054e-02
-7.249789190236165248e-02
1.611177783681289402e-02
1.484312490471056123e-01
-4.599586843989277030e-02
1.071650637428675223e-01
7.295404064046514744e-03
-2.277483595883059847e-02
-1.310203929325247652e-01
-9.390874526529605082e-02
7.099190011320982707e-02
5.387911451718530725e-02
-1.411230823407781275e-03
7.402752433718930158e-02
1.162745815220144058e-01
5.334883664956396876e-02
-4.148143090332868238e-02
-4.756534280204825771e-02
-1.311789671096735277e-01
1.255211158545609107e-01
7.948428131677671982e-02
-7.391927332468199718e-02
-5.897458291593356966e-02
-6.812705062337827411e-02
5.234167901609261542e-02
8.026604275224492879e-02
3.573691932329804005e-02
-8.163726632912433889e-03
-8.882679997715117737e-02
-4.892102637407781673e-02
8.171724775834095233e-02
7.332508305413559802e-02
3.175990144381820451e-02
1.474952778613826676e-01
7.896405485654763370e-03
2.855257669816785304e-02
3.546939979299972706e-02
3.440494252462453911e-02
1.049515719031257621e-02
-5.801566542517698488e-02
-1.212255940033392029e-02
-7.156297875952208343e-02
1.385826883139075483e-01
-3.470126065965523782e-02
-5.449988811517699622e-02
-2.417363477835849078e-03
-1.207626671780139549e-01
1.147235237187980150e-01
-3.144754734633604942e-02
-1.151512706182503953e-01
-4.246752687065246182e-03
-2.553126911695431656e-02
-5.056664675999761327e-02
-2.017287706168249123e-02
2.132128342008703104e-02
1.591765011239806016e-01
1.153657226851784318e-01
-2.179019480047148308e-02
-4.142432965146548157e-02
3.531231348865573882e-02
1.190599786040710678e-01
2.590462599943219035e-02
-3.935205347281680449e-02
-8.503288964417882179e-02
-9.242774973926444482e-02
8.126662068153515592e-03
8.530364943080753770e-02
1.409420578161973414e-01
-7.752147951271929098e-04
-6.702619006704628457e-02
-5.565107183615043869e-03
3.334977619531914739e-02
-2.236322421334998450e-02
1.057453024487123583e-01
3.610085301134568353e-02
1.609144357514765561e-02
4.069513972176595079e-02
-9.202351123012747491e-02
4.625399783960094414e-03
3.806299353860100043e-02
-3.930361494706140213e-02
-7.599558329182360371e-03
1.000865584699169031e-02
1.019837946790439764e-01
-7.727317007352260333e-03
-2.002402365352491317e-02
-3.082442621569683652e-03
-2.858167287746120333e-02
-6.617899529200815811e-02
2.591299115097903116e-02
7.891677356519592864e-04
-5.027594947778494389e-02
3.092831280131014618e-02
-3.056272592125720139e-02
-1.639778005373050337e-02
2.028334335147691410e-03
2.364934146579635368e-02
-8.426058446698096727e-02
5.497286634789449317e-02
-1.385596428173536260e-02
4.289639794066844869e-02
-3.225374295964264504e-02
8.863059914996168631e-03
5.332711370661427641e-02
1.645012011261843057e-02
-4.448544609616674611e-02
3.242240160802376588e-03
5.496830353795985336e-02
2.692553819038767237e-03
1.993597464732241656e-02
3.729654066110191235e-02
-6.427699788990579033e-02
1.306534173711873525e-02
1.435242445369620257e-01
6.844085952982509324e-02
-4.904151100742438346e-02
-4.925920333068282975e-02
-2.978744499844979479e-02
-4.179798410850430607e-02
3.450003412876962577e-02
-2.732997508256527000e-02
8.301926871787834727e-02
-1.774698311309927737e-02
1.135257199832749864e-01
-3.927607276825303279e-02
-2.951609006269918442e-02
5.712638038168380700e-02
-1.163318150292380442e-02
3.028912264437937183e-03
6.991163832926393373e-02
1.049354367491539958e-01
-4.641716789052446196e-02
-2.811491064668365097e-02
7.934078425071633411e-02
-1.476326911808635220e-02
-4.478067312447394505e-02
-4.683721091523212338e-02
1.299448592777140143e-02
-6.999661239833655790e-02
-9.482444831703398455e-03
-1.826916033989462243e-02
1.317468385634954810e-02
4.984043257590764324e-03
-5.719482253070340416e-03
1.639275435003437892e-02
-1.705994957953500119e-03
-2.027425079544773953e-02
4.775307928617059106e-02
-1.523542075480119849e-02
-4.161778617992616808e-02
-2.988309868787668994e-02
-1.267604808370973064e-02
1.045574509290612616e-02
-6.933996453382977598e-02
-4.808639585827999795e-03
8.050985550918716982e-02
3.990947675316524473e-02
2.688262132592998330e-02
8.050079601699809684e-02
1.423395010182808978e-02
3.343180758262233321e-02
1.156816807412321679e-01
-3.228135126613122796e-02
4.499165348819085530e-02
1.976209191220453312e-02
-7.486281612978924575e-03
9.361884151524592357e-02
4.910462987818689506e-02
4.128774292798725876e-02
6.961525406655301972e-03
-1.592817433270382263e-02
8.836182319373936389e-02
-2.785135877719806946e-02
3.853590564363828380e-02
-3.051944535455834023e-02
-8.386798442956136523e-02
-1.295365869800841063e-01
9.064822080091500256e-02
1.752310785174099328e-02
7.501755490148571959e-02
-9.037193935298858116e-02
-7.223582790568083833e-02
-4.380571967126591082e-02
5.867750431258042521e-02
1.655790823136425727e-02
2.042300501208500416e-02
4.579890714438083349e-02
-1.746881702628681060e-02
2.637605023166470289e-02
3.050407066890900923e-02
-6.537861891456021868e-02
7.117140370114574677e-02
1.465455521181755578e-03
-1.299005537319718705e-02
1.070262948059422931e-01
3.313846519320117617e-02
-4.438466751152340267e-02
3.932051056935560208e-03
-2.949879767432370126e-02
2.458028694782319473e-02
3.026406025357896226e-02
2.082876445786683781e-02
-2.156688162439500400e-02
1.123568801716848947e-02
-1.084821287496531839e-01
-7.635763234098520355e-04
-2.411534322825147070e-02
-4.150917146517768552e-02
-1.976371204036973458e-02
-1.639424222283915322e-02
2.426052655015727491e-02
-3.086010209917130001e-02
-5.835083357233233903e-02
3.060389040218927312e-03
5.700682153586021650e-02
-1.553375578407837493e-02
-4.776775963117768642e-02
-4.740022198455848268e-02
1.203358460660845265e-03
-6.471916062364442036e-03
-7.516204388274928816e-02
2.206316986438729491e-02
3.058864797190036927e-02
-8.619114902693496977e-03
-6.383956328530233926e-02
6.814864131096753930e-02
-2.582117286700444034e-02
-5.027730509522929103e-02
4.441174679657029084e-02
1.794513470685502043e-02
