8.537822535161107562e-02
1.251621121429483119e-01
-2.202899236911982361e-01
1.483188890133238513e-01
-1.284185242000023541e-01
-5.262103235697489917e-02
5.583142038732146623e-02
1.405307750244201848e-01
-4.957322991317444916e-02
9.611771981630529149e-02
5.378863906573638082e-02
-1.233936797181550520e-02
8.722130809490082071e-02
4.286047873269513420e-02
1.708872764472247063e-01
4.972931991013559982e-02
6.900405173061842368e-02
-6.598578953091036037e-02
2.679133669296596479e-02
-1.110842110431225771e-01
2.160655055802169350e-02
-2.123884796166715730e-02
4.513246623551427084e-02
9.661820662588399555e-02
-1.003215087181524301e-01
7.129177226951770308e-02
2.273577127003990547e-02
-1.202317311598892768e-01
-1.271133350284238128e-01
-5.772098413347039741e-02
1.512764713083161461e-01
2.683631620275527332e-02
-8.402188749219517694e-02
-9.680386950809124818e-04
9.931368045671944145e-02
2.125533174428225272e-02
-7.656348179674711540e-02
2.044968278882529009e-02
-2.857677515883341388e-02
3.574114934181261971e-02
7.472849405957331104e-02
-6.463183447571407836e-02
-4.052464513325199601e-03
3.706762054559918380e-03
2.320821932859610387e-02
2.155259473096673983e-02
-2.010185865506994643e-02
7.745647847948723859e-03
-1.706890140796918642e-01
-7.575587437206857122e-02
1.977058358623708795e-02
-2.612265001840590947e-02
-3.277671240454474444e-02
9.133255932602757365e-02
-3.179264690300044605e-02
-1.625836280768897663e-02
6.818606441906541193e-02
-1.177323980215966119e-02
-5.205046499041677405e-02
-7.066388703707422725e-02
-4.682680324142382555e-02
-6.019028741036527115e-04
1.017461318710946305e-01
-8.348043603473144503e-02
-7.538314503804527389e-02
2.484742542591776050e-03
-1.239097689991991297e-01
-4.336311985841759947e-02
-6.859672277368027149e-02
-1.203505776004864247e-01
1.001094391426073441e-02
-1.790429298267144295e-02
2.850597649647274023e-02
-4.736032289854011368e-02
-2.430009856078923017e-02
8.529707944352964144e-02
1.852336510361774977e-02
-3.836327850029930958e-02
1.812948430200122044e-02
1.240822122141606032e-01
1.510488319024593518e-01
-4.152454159433752873e-02
-9.644125893171286157e-02
-9.572788651774673252e-02
-2.186004175760352525e-02
-1.722401869855028078e-02
8.726938851429097421e-03
1.034941309336759041e-01
3.761964773685954472e-02
-5.859358009515222565e-02
3.640797547061216249e-02
9.234247662129692336e-02
2.495461897464641698e-02
5.862533993769576679e-02
1.073884490573572686e-01
1.798625491959521174e-03
2.360973816017685259e-02
-6.853506363435370174e-02
1.077034035493435078e-02
8.409284936032432323e-02
5.031271525009517465e-02
2.907860025571354021e-02
-2.073274687365321209e-02
1.948872722409581565e-02
3.034200875056473207e-02
-9.416320017430679021e-03
4.912722118910978208e-02
1.325798469608945873e-01
-6.448586323639783624e-02
2.328616640361559978e-02
9.141266071719081343e-02
-2.778349720062619696e-02
1.901236222709642987e-02
-6.033547526199287137e-02
1.982427828406249561e-03
3.090679863291915033e-02
-4.239279628257815874e-02
1.962885569690096810e-02
5.916480028478422054e-02
2.201195368689194340e-02
1.800038853914439491e-02
-3.453101120978882554e-02
1.816747860490017241e-02
6.109020401768834943e-03
-7.979479280661105900e-02
-7.764253305553879547e-02
-2.712146932141956679e-02
3.035806819818181318e-02
-2.448132224609419344e-02
-5.381471934753729452e-02
-4.729703170152888502e-05
-8.020868263544154997e-02
7.178116108684069741e-02
1.282074991413754694e-01
2.704355488755376055e-02
2.408848596139585158e-02
-3.611025550777597053e-03
2.419133823668330116e-03
-3.095236568347493888e-02
-2.107055017322472662e-02
-1.290569198839350631e-02
7.380817673119194344e-02
-4.897406889598102803e-02
2.165763396355164030e-02
-6.118212150648856540e-02
-2.922839051001189375e-02
2.515732053908153673e-02
4.722669001531991373e-02
3.402778254329988372e-02
2.134170023695460688e-02
5.129730301009857024e-02
-9.166749020407406745e-02
-1.777643758365496027e-02
1.151254796407309711e-01
7.910485674099670267e-03
-7.820004396061962931e-03
-4.826396059738422700e-02
1.975507903823278850e-03
-2.118466364653635164e-02
5.371167122532768956e-02
-3.647322513684498084e-04
-7.511773981736539520e-03
2.973119484150282127e-03
2.552443559466959638e-02
-1.310437869092436099e-02
-4.755643094992919456e-02
2.334629140871858147e-02
6.374330963102993464e-02
1.420138258424733131e-02
-5.507969461776576064e-02
-6.149044984427506216e-02
2.852709532291227562e-02
3.819625371685092530e-02
-8.411736286674795227e-02
-5.173795858495753436e-02
7.165066175437505291e-02
6.338680295039218759e-02
2.927790714016456283e-02
5.393261919467733090e-02
8.728965867073450180e-02
2.292518788492187674e-03
9.489844216124738996e-02
-5.411217818114394396e-02
4.820119165883209045e-02
2.404007913046875278e-02
-7.038810192951990008e-02
1.043637239092179564e-01
1.115398489075267313e-01
5.528419144565401705e-02
9.315328287903741969e-03
-8.348918386392123470e-02
6.577381787882635722e-02
-5.269297345971483970e-02
-6.506100036447301678e-03
2.709679260922746510e-02
-7.143620937461035714e-02
-1.581369563504111397e-01
-1.752121640292738508e-02
3.371694083667900466e-02
2.793619251760325051e-02
-5.102820933905136136e-02
-8.621181513462947837e-03
-3.356166686856017906e-02
3.998182274733313654e-03
-4.504642415437883421e-03
-7.795311363293012941e-02
9.828985802997676491e-02
-2.881688348540100905e-02
1.495405494726013626e-02
2.804563830593673895e-02
-7.875311566879816816e-02
7.090530100978954808e-02
5.438434012063831507e-02
1.257516766609559182e-02
3.625955614476892436e-02
-2.972760431459656270e-03
-7.286758924636706214e-02
-1.941084543138370602e-02
-7.368557655792006000e-02
1.169095145369896012e-02
5.577805210103298911e-02
-5.876886309048501983e-02
-5.879644486535581804e-02
1.674393261002986516e-03
-2.496072287038705179e-02
-3.588930753842631272e-02
1.477674820039836558e-02
-1.543688289269078834e-02
4.145263313275127787e-03
1.403380290118614974e-02
7.437734052814125307e-02
-1.116120184983425273e-01
-5.739170017501282750e-02
-4.468678392298654212e-02
3.827217704034142909e-02
-1.776155321757083225e-02
5.481990367552113524e-02
2.436436899241125470e-02
4.533170783765790544e-03
6.121097628635339787e-03
-4.235937174119625698e-02
1.927300183933708042e-02
1.173432828284193125e-01
-6.478860993690278847e-02
-1.053936828728549713e-01
5.376487630584769056e-02
3.260524842419406689e-04
-2.629688849682051618e-02
6.706125026279579271e-04
5.778639700547168190e-02
