6.384926786010955424e-02
1.486531162539100615e-01
-2.605232781672247033e-01
5.293561069559434007e-02
-1.282128288910141523e-01
3.190593634526551342e-02
2.433902883900828512e-02
1.417696400344135577e-01
-8.981679058080858924e-02
7.667587846498501170e-02
-5.761519972980407717e-03
1.243890126329392186e-02
-9.512636514543820407e-03
1.758146205432349965e-02
1.235847298693801000e-01
3.696021890910249769e-02
1.020241048065323175e-01
-4.165970257816466182e-02
6.634735960317150738e-02
-5.620976179650104959e-02
4.209654155191563940e-02
5.263007631186931816e-03
-4.818682879576228345e-02
9.589126327593355814e-02
-5.301842632813254241e-02
7.018776596353018538e-02
1.129217788237254216e-01
1.774432830235261882e-03
-1.594040083295564514e-01
-3.700796603274830732e-02
-2.811988617369005818e-03
3.738080497777065275e-02
-9.165215494524439621e-02
5.641477769464122403e-03
1.030043033497949484e-01
-3.906709445969367561e-02
-5.606045087594763859e-02
-4.379827466563935429e-02
-2.293790365790461250e-01
1.323900278156202315e-01
8.031029105532093426e-02
-1.501449103903606530e-01
-4.772689181375044422e-03
-8.732463350848226544e-03
8.807762857778625443e-02
3.512279764174127718e-03
-1.580379213095970889e-02
3.085681469414129977e-02
-5.770749060368724620e-02
-1.470436740140695364e-01
-6.418926379776537794e-02
6.147374729957055806e-02
-1.764519232529141585e-02
9.088519991182363034e-02
-1.205475946809778653e-01
-5.571634113244098435e-02
5.714720373469101000e-02
2.278572993311566569e-02
-4.605752963131202332e-02
-3.941997133042343671e-02
-3.851264110227280938e-03
-5.833039499288847352e-02
3.989053002426325850e-02
-6.198409526311521311e-02
-8.754532907646374318e-02
3.693293965555061870e-02
-4.949282727452331693e-02
5.772333887212900694e-02
-2.487271084885442698e-02
-5.352334541674289708e-02
3.389836716587515952e-02
-2.160152708331553387e-03
-6.052308723110575578e-02
1.701116042846087528e-02
-1.707849870947829654e-02
1.571263086769951745e-01
1.417924345651936160e-02
-5.627140144482345452e-02
-2.099726969932344534e-02
-5.755821340285393120e-03
3.775708333424207530e-02
-3.536598426302201698e-02
-4.852871303774307365e-02
-9.031827025796988762e-02
-3.996562384090111830e-02
-4.296128377359405628e-03
5.930715412470202730e-02
4.656079645363803143e-02
-1.114568255844655860e-02
-7.080827625260509295e-02
2.772769210933670805e-02
1.141061839918460913e-01
6.402208142556488346e-02
-9.928164625198653004e-03
4.654420635135431139e-02
1.552644743322896190e-02
2.519604924478635512e-03
-3.717251826678186905e-02
1.066473481884736008e-01
5.638277768027690623e-02
-5.784921458722065701e-03
1.324028413092539699e-02
-5.772883518650348718e-03
1.279754420615887046e-02
3.564073254230592375e-02
-2.204173802907540003e-02
2.904313210972261743e-03
2.706223343338336543e-02
-6.753722736594656127e-03
4.870118940599751228e-02
8.175501246252746268e-02
-1.191617479050464390e-01
5.842629387682114761e-02
-4.809308797391529527e-02
-5.911282737783001701e-02
-6.572985036918450224e-04
-4.778731755214965515e-02
1.255145768895048197e-02
3.575372732432364337e-02
1.110757927474616442e-02
8.472248270922613789e-02
-9.926074002553143035e-04
-1.326918193104153695e-02
2.541209149139558518e-02
9.745032825396137549e-03
4.195225486965547396e-02
-1.989001525076605770e-02
8.291857884363322551e-02
9.582503774567907237e-03
-3.290559116701939624e-02
-2.800601467895003083e-02
-6.478043793036299125e-02
3.266628231354887224e-02
1.394715062314784426e-01
3.508243513679493164e-02
-3.081736262163735016e-02
-1.102446016472716228e-02
-2.447974123093903109e-02
-4.250647218903572805e-02
-1.670380517985105631e-02
-7.599430176282920280e-02
7.557668302952885719e-02
-2.489975406436567909e-02
4.808489408193371284e-02
-8.390977001564481341e-02
-8.310164320399555937e-02
2.836553433453729151e-02
2.423122689388424941e-02
3.159783926281374555e-02
8.482654176542031577e-02
4.214014114999051902e-02
-7.842889927296385622e-02
-4.959769560399962529e-02
8.687083351552658816e-02
3.212154023551358484e-02
-3.473282907891379195e-02
1.367172794946216151e-02
-2.247857700282637761e-02
-4.675131287213999537e-02
3.147658314937425844e-02
-5.029997621428999172e-02
1.465924367198406277e-02
2.303936966762395316e-02
3.481965735814256807e-02
1.707876846723900902e-02
2.176152715513710381e-02
-3.287490622173854654e-02
8.614201548552631593e-02
-4.137133153196486529e-02
-4.258004861826958365e-02
-8.149617989112550170e-03
-3.794645328226101816e-02
4.462063119916609422e-02
-8.624742333052405618e-02
-7.599571799107293635e-02
2.987924628904560509e-02
8.356835784974527004e-02
4.618627152261122609e-02
3.479773954008481395e-03
2.272260661710934909e-02
-3.176802269010214116e-03
1.069480269325058380e-01
-3.872787407559990375e-02
-5.690337643872857114e-03
4.588967286470976154e-02
1.494178120660848846e-02
1.345065809258768896e-01
1.411440717873252981e-01
3.839984863857562325e-02
4.022550172362583665e-02
-3.932535379585413993e-02
1.251173585868582683e-01
-1.423053115077449297e-02
2.898186337832118695e-02
-5.103118834441657675e-02
-4.093455999765405889e-02
-1.447110786572036178e-01
-3.387530287733438172e-02
2.066907566369872301e-02
8.028955342746628421e-02
-5.242013733459616881e-02
-8.404963941457332943e-02
-2.245251165919770475e-02
4.946065866155856250e-02
3.885675084577946276e-02
-6.676797939155974804e-02
9.846289772850928823e-02
-5.452178632857358070e-02
1.141375433315287152e-02
1.118624738171343676e-02
-1.170021347122363192e-01
5.773804067008774660e-02
1.395561427289014438e-02
3.832101193300790909e-02
9.190694115023570476e-02
7.089773467000079835e-03
-9.787142011843086298e-02
-1.956957675076176871e-03
-3.394840723048700437e-02
-7.476403777538770737e-03
2.934306901991289018e-02
-1.895092104629174032e-02
6.364428568168946886e-03
-3.439950964583556037e-03
-9.249336080230079193e-02
-2.906761262650712010e-02
3.092030892706859255e-02
-5.283509221000948913e-02
1.779753802065281790e-02
4.853549070148093468e-03
3.323041323063523345e-02
2.550222430319306222e-03
-6.803000735532492571e-02
-4.722021929969547061e-02
8.350054749264659848e-02
-6.858054922521548968e-02
5.365795453933756842e-02
3.095234266115299161e-03
-2.993319784118775653e-02
2.738884264216391237e-02
-1.253648613323103504e-02
-2.161339642478680989e-02
6.669342509044332012e-02
-8.802988145414043786e-02
-3.525835091649843350e-02
8.179190183630467847e-03
1.673988528034612080e-02
-5.423203277385013621e-02
1.453046806096476400e-02
1.153581971987448912e-02
