5.327020380487875600e-02
1.598116889623485415e-01
-1.573372802323704800e-01
1.572627008694959250e-01
-1.437442117596557378e-01
1.215134881723000798e-01
8.459996884549936258e-02
1.888277631469264528e-01
-2.678512593165438896e-02
8.363471466601846149e-02
1.319956763996467906e-02
1.175468064726505890e-01
-3.763449670520260283e-03
-4.366203738403942602e-02
-1.541657307855046760e-02
-4.505027802003381404e-02
4.096836402109174484e-03
-7.355441908239322701e-02
5.896484754654134075e-02
-2.138827719411431905e-02
-4.554901934601707225e-02
-9.737766022962380391e-04
-3.351163589319369057e-02
1.590490464057383035e-01
-6.393554249035300618e-02
7.605674609400780994e-02
7.026884549579107131e-02
-8.617756400220717705e-02
-1.387310679665721969e-01
-1.034838618914574598e-01
-1.595139592641479920e-02
7.685641710836750573e-02
-7.407980522453481986e-02
-4.728161810848909713e-02
1.230931731185105071e-01
3.921979796070130739e-03
-9.247285896106642936e-03
-1.162523451405860220e-01
-1.583325751359514477e-01
1.680417045121357922e-01
6.777331030005999402e-02
-7.800632378218094742e-02
-3.489151737117762025e-02
-2.991977753261463799e-02
-2.930113453391888952e-03
5.437514735142500583e-02
5.823175591961649022e-02
2.748102583602490129e-02
-6.430115769442755480e-02
-4.535953421345972902e-02
-4.123229790467971417e-02
6.140879106392663905e-03
4.202367506695091348e-02
6.305218193700581897e-02
3.352188892294089007e-02
3.506092093273328186e-02
4.622438053793220814e-02
7.994391783367502807e-03
6.117724891762917755e-02
-1.370623057428128344e-01
-5.011471961481431953e-02
-5.512639402465381588e-02
1.673138700119284616e-01
-1.037142285311596912e-01
-7.364943919884021917e-02
2.004539152091885587e-02
-9.854990152874643083e-02
8.088135169040236438e-02
-3.507473313522711800e-02
-1.122663655409983363e-01
-6.148820306502596894e-02
-8.951515375564784993e-02
-6.895489034602240996e-02
-3.572403726428153431e-02
4.589909174066592046e-02
1.172183176852084202e-01
7.912027954595722556e-02
7.041604504388145058e-02
1.033962539971525554e-02
3.997450584779382865e-02
7.943505408978848714e-02
6.022185593236374949e-04
-7.109940621123628235e-02
-3.175262088529018367e-02
-3.683476038492095733e-02
3.388005925191237000e-02
5.704312283408273510e-02
7.883943142858246267e-02
-2.493749078765565216e-02
-6.902022892094009099e-02
3.359976623487424818e-02
1.832340497076479641e-02
1.826897248481389180e-02
1.066197216519739061e-01
-2.772749038548946027e-02
-2.000078757622243686e-02
3.421811535692118739e-02
-5.303340453186378839e-02
1.896392545331603355e-02
4.917160414287674586e-02
-5.743064817497374464e-02
5.437439633332250694e-02
-5.010009108829602612e-03
5.937327078245849266e-02
-4.642297584660250859e-02
-7.884188040065584491e-02
5.224986408022739420e-02
-1.307803331920327425e-02
-5.432587403330868536e-02
4.418216639946350582e-02
2.100333143714059811e-02
-6.290903135607674168e-02
2.147059530874072947e-02
-6.717602233784408794e-02
-4.398693434577397726e-02
-3.379712073102737052e-02
-8.756577198524058067e-03
6.544404398163064344e-03
-1.724174298539610326e-03
1.567466208212331749e-02
2.680755851584651350e-02
-4.026632536005730206e-02
5.267774848088764561e-02
3.316120431597407991e-02
-1.081867699022857204e-02
3.740592597835418372e-03
3.163320900699237263e-03
3.729013857872497117e-02
3.075262395532833357e-02
-5.189861617898332800e-03
8.023485571599209276e-03
-8.569511650375209733e-02
-6.046293274326688255e-02
7.858764444647843572e-02
-1.085560748909508190e-02
-6.444101032629780124e-02
-2.105815575862324263e-02
-3.772732907326404456e-02
-5.158949059740132459e-02
-4.286834186153877513e-02
-4.002315875965156006e-02
1.461416574606078655e-01
-4.791237535570781053e-02
7.393629546103498706e-02
-5.689696818074365531e-02
-1.958073988619699404e-02
5.110985125359039649e-02
1.059088993444362928e-02
-1.293230315435691530e-02
1.199751092217272580e-01
1.400890393077396621e-02
-9.029872686024521811e-02
-5.870607283078794342e-02
1.001135865240774664e-01
-3.234576192146184498e-02
-6.880827855122964576e-02
-5.860684048237475331e-03
1.360234191363257975e-02
-4.567241488555424250e-02
-2.670195884004254120e-03
1.133119786574469413e-02
2.996888758592606769e-02
-1.925734496066745099e-02
-4.590843048750572856e-03
-4.514297977625134073e-02
1.496152141435623528e-02
2.929463659468420356e-02
1.120505947748534278e-02
-1.852781250648924405e-02
-1.148325290913255747e-01
-1.256348796010649596e-02
8.411010912490220551e-03
1.317494730738700583e-02
-9.195400341112051207e-04
-5.928132004434347180e-02
8.126662397698587725e-02
6.684155805854288812e-02
7.953425378524070499e-02
3.595949776589638797e-02
2.386915121036612200e-02
3.955857243085164621e-02
9.186639551681560767e-02
-5.764161895585483836e-02
2.926544484756955777e-02
3.685516848553241354e-02
-1.287117681140545304e-02
4.897278026347959279e-02
6.167873309233461859e-02
1.907501082656436545e-02
2.946537892763997218e-02
-6.528659140379305947e-02
6.238047787672026251e-02
-2.962639067822419800e-02
9.565077573532299038e-02
-1.769519465450239415e-02
-1.048032700857094990e-01
-1.194256251943836417e-01
6.487010288651424983e-02
2.370222927384481662e-02
1.165663360133537968e-01
-9.499915324603912248e-02
-9.108798158005282364e-02
-8.713602636580455862e-02
4.543310133454394467e-02
2.750721351072953416e-02
-3.063533451949411457e-02
4.824040700169627410e-02
-5.111703490500563163e-02
5.826623744640962305e-02
-6.337613196287198054e-04
-7.337544820327090989e-02
5.320496318884401776e-02
-4.423829683938528684e-02
-2.210563009384760441e-02
7.125584654728353562e-02
7.065868919691153938e-02
-6.472959719542443341e-03
-1.661787551294382353e-02
-3.481262781745393404e-03
1.964291112389976446e-02
4.687211732485965787e-02
-4.359813553940480174e-02
-5.293818849765093149e-02
2.639208224035803456e-03
-7.556678841452772744e-02
1.956836441398619730e-02
-1.371199055659786531e-02
7.693070259459324454e-03
-8.484610686535413657e-03
4.240803307062702976e-02
5.634823517150255173e-02
-1.571312727015580779e-02
-9.176461623744609775e-02
2.035523546764238245e-02
6.568485956884594079e-02
-2.810175862422326087e-02
-3.278641362986461916e-02
-2.610398516564608681e-02
-5.446024096773458001e-02
1.659521435802484637e-02
-5.933787497275797018e-02
4.462934870006195903e-02
3.301567006889358918e-02
-3.084300735131639479e-02
-4.729621398204641308e-02
4.161492530142398005e-02
9.289146992080882584e-03
-3.707799229124865426e-02
-1.376093734510440642e-03
3.516975325167411015e-02
