-3.644190999424006261e-01
-7.744287030821001006e-03
7.895644150001114581e-02
-1.445964233561981005e-01
-1.426310265429595395e-02
-1.750592498380556042e-02
-3.953903418484109450e-02
3.814296924600840688e-02
-3.609364920592736392e-02
5.141873779989467041e-02
-3.899758515012263088e-02
-1.184223003999090029e-01
1.141994580646367718e-01
1.162357294851596758e-02
-3.248522515948171208e-02
1.512914296821807059e-01
-1.530881559183938645e-01
-3.330248080549258471e-02
-9.170868570183515756e-02
-6.144004328208654830e-02
-1.378603825555523715e-02
-2.555987635982513370e-02
-3.528381066998112492e-03
1.126693357290802916e-01
2.438694281543692458e-02
-2.946615231692197370e-02
8.454015183978155767e-02
-1.081253256603148180e-02
-4.391420198421853993e-02
-6.239571731083144723e-02
-1.067901084947901619e-01
4.282625615932095231e-03
5.444780313795815480e-02
-9.289827340539627554e-02
-1.478137665390968081e-01
-4.708113628945570506e-02
-3.570583049726993446e-02
5.114581562029405642e-02
-4.177745619309784081e-02
-1.554977552121701023e-01
7.809530128611784708e-03
-8.237404665465501707e-02
-7.117448516483410037e-02
-3.701357688477741048e-02
5.569161128963066171e-02
3.100214653127962919e-02
1.532210114685793843e-02
-2.743067068126707822e-02
-1.884937308119360722e-01
-1.611525805285324853e-01
-4.280726698401658009e-02
-4.226252145593606402e-02
2.393158033132977702e-02
2.087573098469954966e-02
1.912172180830310625e-02
-7.420554213430384516e-02
6.185801116961781726e-03
1.052375631366771341e-01
-5.249645075998084914e-02
6.467943176434401420e-02
-8.716450394070705820e-02
2.289459279965404964e-02
-6.891594081167977739e-03
-2.939486564796741155e-02
-1.128448396621374999e-01
3.327758541291452044e-02
5.253714184991879060e-02
-4.146978347930550812e-02
-7.586566992682659827e-02
4.085460974408346851e-02
3.752971846524755933e-02
4.996350767290749263e-03
-2.463761366484362378e-02
-6.599174516869683871e-02
-1.303444807054716381e-01
-2.153262596403517689e-03
-3.806333832823113189e-02
-4.164254033456100262e-02
-7.291671624515569036e-03
8.843598890123188089e-03
1.395858907997559991e-03
-1.232014603285014748e-01
-5.824436767534890702e-02
4.154055507117225543e-02
-2.452340390523722810e-02
2.778037368542567859e-02
5.447032917593223195e-02
-9.058420374217474036e-02
-6.047554426590362985e-03
-1.090307281652882765e-01
1.215571282333386127e-01
1.461462559749819243e-02
5.920732146026835840e-02
1.058366664667591411e-01
3.938025308790183560e-02
2.679994161799281044e-02
2.303009241222375367e-02
-5.933372137761987186e-02
8.017607536702855975e-02
-8.243736679798460698e-02
4.500194177828099364e-03
-2.607759751003126472e-02
5.411822247869713109e-02
8.561161519786884833e-02
4.807283137587562739e-03
4.814597232234634622e-03
-3.080785945375318427e-02
1.462509883161723992e-02
-5.063200905595538481e-02
2.265298730699302071e-02
1.609014976174555009e-02
-3.997770817130281290e-02
-3.412653546906270485e-02
-1.150590187087940919e-01
6.450104339959499694e-03
-4.833503995204952580e-02
-1.517715845434483568e-02
5.793381052986478277e-03
-3.250102085684158926e-02
6.792496683318281769e-02
2.325796251587619601e-02
2.710242922243439462e-02
6.418935308451766131e-02
5.202467448600844174e-02
-1.167020459420011619e-01
4.007533244868133337e-02
4.581026942143628065e-03
3.809482670753330802e-02
2.229696602389047086e-02
3.231765341357696608e-03
-6.244451228028444472e-04
-8.290127956174958568e-02
5.679586788897594829e-02
-3.351603176610357809e-02
3.198652752305247010e-02
8.228620884194511043e-02
1.086082275993841550e-01
3.256025472194111481e-02
4.904220645515658221e-03
5.714931378663938577e-02
-9.839600020997293917e-02
7.035726385729575150e-02
1.401026504727315158e-01
-7.234353846182738079e-02
-5.325859315759477047e-02
5.193738608885888064e-02
5.765910274969305964e-03
1.884323679615402050e-02
1.013998954476781900e-01
-8.710399955212425396e-03
-6.384373635858911489e-02
-5.629205382014100534e-02
-4.148108083676507740e-02
1.329295839323050843e-01
2.046336026818927276e-02
1.551731536314246776e-02
6.223906519918851604e-02
3.658262905463301878e-02
-3.302114570012421729e-02
-4.738561552530354271e-02
-6.044755841079864356e-02
-1.502232628174554781e-02
2.902455956029592957e-02
4.233734498756033110e-02
-5.415390015164693593e-02
-4.931162611055999595e-02
2.425607889665762004e-02
-2.282306576139183675e-03
-4.076814547027441532e-02
5.095726306767869862e-03
-7.581896960419740039e-02
2.540696714168705003e-02
-1.762298483663123430e-02
2.233820652938874919e-03
-1.038797169177608365e-02
-1.265482595528060958e-02
1.441992645830148488e-02
-3.641934961779345892e-02
-3.230539457888680077e-02
1.933905000089146051e-02
-4.225438323794847295e-02
-6.926255335331144014e-02
-7.072276255881423945e-02
2.128851376288008052e-02
-5.731976996423593373e-02
-1.364586861072261507e-02
-5.658894425356159746e-02
9.223348057738070538e-03
-3.539489562858806615e-02
-3.920461180095453912e-02
4.588244889067639998e-02
6.828291107074656308e-02
-2.110363542682451229e-02
-4.692668184005415605e-02
-4.566522371350560661e-02
-3.514336631736833267e-03
1.924310830866648309e-02
4.625797442617114730e-02
5.655130928767806986e-02
5.389433563785718528e-02
-2.674173790706892498e-02
-2.493931148441721687e-02
2.248500349941801382e-02
4.886055593551803106e-02
1.630445960259926663e-01
1.434585837307268338e-02
-8.356679349768811674e-03
-1.785810035798570880e-02
1.971574304445192910e-02
3.119375520794940779e-02
-3.455277892847165300e-02
-7.347135125332239503e-02
6.146195122755524626e-02
-1.095785298174231995e-02
1.809943114286656496e-02
5.462856085731115224e-02
8.484202135171775572e-02
1.633869162585591464e-02
6.696410769508717720e-02
1.422869550482944515e-02
6.125811805466782785e-03
-2.817639928901573970e-02
-5.048538377828872686e-02
5.364490097346125141e-02
9.183446752668128835e-03
-9.675551402373246818e-03
7.341713080521100609e-02
-2.370676635173174507e-02
-1.593188374189411644e-02
6.451780057418547709e-02
-6.392992592461799184e-02
-4.207118748704645472e-02
1.009715916799179547e-02
2.639529705779986371e-03
7.293594578976770638e-03
7.648894754156370865e-03
-1.006381651117345226e-02
-6.728009031922969896e-02
1.789353766162786116e-02
4.865212140731273865e-02
6.786326059806174760e-02
3.924544024478256871e-02
-7.954891750489652413e-02
-1.170495512839184009e-02
4.150412195182698327e-02
-6.120479040684199262e-02
-8.708566280779778124e-02
-1.473549702077374922e-02
1.060578062297973809e-03
4.176554074313289927e-02
