-3.487667928579931131e-01
-7.655980117636365656e-02
-9.002620962503489477e-02
-2.011242835261010664e-01
-9.974539691879605319e-02
7.339719439309158600e-02
3.487589444935093597e-02
-1.264016388722485375e-02
-1.002531612418236517e-01
-1.315935628125192713e-01
-5.308367389618551951e-02
-8.964622093735861996e-02
-1.837611088417902966e-02
-2.782721083184034119e-02
3.097635820271714066e-02
2.041939884021805041e-01
-3.273659365069494370e-02
1.616521595520945334e-02
-8.245108186676607109e-02
-9.837250134151780123e-02
-5.810275625300573635e-03
-7.726832027055334506e-02
-7.969779747734043185e-02
-7.918726314331854532e-02
-4.901285863640567758e-02
1.841048743087721901e-02
4.279290548764402152e-02
-6.982086160875143610e-02
2.656930622378599408e-02
2.569632660505156985e-02
-2.920188205719184693e-02
-1.998108366463153401e-02
2.573418342197333897e-02
-8.078975001646848675e-02
-1.721334549988961377e-02
-8.796020757884281949e-02
1.314895808613495212e-02
1.316219376687298437e-01
-2.850341313109679402e-03
-9.911379889913973784e-02
1.570954914665110419e-02
-2.852330038951723240e-02
-6.635039296253865404e-02
6.879709395563630980e-02
1.008729334453121046e-01
3.877848481067072001e-02
-3.357661724118977259e-02
2.500616771193934704e-02
-9.265850135474903992e-02
-2.236896098835844948e-01
3.850041832239919914e-02
-6.036652998159680594e-02
-1.765047454256319509e-02
-1.635041604924980865e-02
1.365373932039949841e-02
5.155874733087528750e-02
1.187621971407664678e-01
6.754891989902339633e-02
-3.970718426594384287e-02
6.311661820449059046e-02
-1.093485633674508017e-01
-1.700843571223614042e-02
-8.375408793588105805e-02
-1.328215655070200119e-01
9.076917629184569347e-02
5.585872773098923827e-02
8.695121331769717354e-02
-8.192428259639318588e-02
-8.934563923151823614e-03
2.017136211216139652e-05
6.701295828459251369e-02
-2.575336042116447774e-02
5.439431525201549739e-02
-1.935278835039146508e-02
-1.055176736753289934e-01
-7.282948419111094640e-02
-6.198545935590508288e-02
-7.712072840270449425e-02
-7.394618926438016604e-02
-5.616175983117071419e-02
7.291837313365802375e-02
-1.055132700681073177e-01
-2.378835723737906388e-02
1.728980490592391464e-02
-1.267243451530816467e-01
1.385623422667334528e-02
3.653516654788353107e-02
1.382991912222772402e-02
8.717320483981533252e-02
-4.758999632234606897e-02
6.472592356624182197e-02
4.037852128947957975e-02
1.053119115766003727e-01
1.071594023708978410e-01
6.213408109963641096e-02
1.508072113798905600e-02
-6.178598305135576257e-02
-4.236717610560072900e-02
1.654484951327108225e-02
-1.691617303834988192e-02
-3.194941334686014073e-02
3.421872709743976199e-02
7.636813772333666747e-03
2.960218415882614681e-02
2.132549784681479765e-02
8.132244443844459381e-02
5.503315791581069039e-02
-5.572725874764554443e-02
1.020392501257480350e-01
-5.886202336912899589e-03
1.299135156315295823e-02
-7.868287255163010363e-02
3.615020604560214429e-02
1.874569427414604292e-02
1.803632286888121224e-03
1.058460265170350564e-02
1.487009376353970978e-02
-3.572007305633718294e-02
-3.949847459141361122e-02
4.813160449764989496e-02
6.650114548395788527e-02
9.406921823598759017e-03
-4.073340231340005085e-02
2.122059255864697236e-02
-1.193533814102755268e-02
1.814250662366178072e-03
8.773548155869184684e-03
2.479688983002567224e-02
2.230494532402151064e-02
-1.193327483796643163e-01
-3.771480058886885617e-02
-5.858892869546258181e-02
5.385746581354799306e-02
1.089903441251526134e-01
-4.616542938613613437e-03
3.281106433088720048e-02
4.921705816482985218e-02
-6.880455167754398471e-02
1.081927230106470746e-02
8.497566278435662868e-02
-1.801434034573433027e-02
-7.085794662241595709e-02
1.304809062168570677e-01
1.597969624451591256e-02
-1.475229727036006348e-02
3.105803801408680773e-02
1.872012494189119122e-02
1.225262159264495360e-01
5.836857076957180368e-02
-9.857155149052953397e-03
-1.314572640664163176e-02
-1.273413118326143650e-02
-4.454724578401862700e-02
3.917108059966710465e-02
3.171311010127154245e-02
9.060578115614488504e-02
-3.599831710941603369e-02
2.361413064843141674e-02
-6.110715279295089730e-02
3.073057299641737336e-02
-3.824930617187966703e-02
3.749976960719784286e-02
-1.784252863816630785e-02
2.640949789719316751e-02
5.460931072072504333e-02
-5.188599927077593849e-02
6.285573998956815733e-02
1.304877602184198286e-02
-2.052581698054428347e-02
6.368954881180660665e-02
5.756011820181942441e-03
2.790271138791508218e-02
3.781583496423698842e-02
-6.372161701600956296e-02
-2.099061062019915921e-02
2.220799493922185827e-02
-3.767896801075060198e-02
-5.706336289684597884e-02
-9.730338363661177395e-03
-2.475661813172427839e-02
-6.169737821250040853e-03
1.485137843284761727e-02
-1.371180301239489224e-02
1.829308158027368944e-03
-9.454395550485268640e-02
-3.002517904283662914e-02
-1.569537947502653782e-02
-1.086483543062439529e-02
-5.151147957916527714e-02
-3.718757516295839033e-02
1.474494608733679241e-02
5.519854177735353945e-02
-1.952037401554514162e-02
-7.255944363213052972e-02
-7.310485169431112616e-03
9.749657414698176955e-03
-6.580015513759880641e-02
5.926147315968813278e-02
6.003377353266906719e-02
-5.421834852795606209e-03
-9.267916989832171437e-02
2.701439016982775179e-02
-7.528481483384460993e-02
-2.340062672410339953e-02
1.387651923026219369e-01
-8.806788287800491194e-03
3.150052951394161777e-02
-4.012534938719507921e-02
-3.825012296999336786e-02
-5.766889440278693407e-02
1.679525140456130869e-02
-8.930373393698946838e-03
5.549134614463305942e-02
4.460886077216053014e-02
-3.891538727711857382e-02
-2.942941360129856451e-02
5.316947321108513036e-02
4.257279615248350108e-02
4.223165864465001224e-02
1.465619919663557584e-02
-6.214572935099695744e-02
-2.157767538617827961e-03
-2.814398644810878897e-02
4.871146013245160333e-02
-1.591864946375745257e-02
2.602709432813726104e-02
5.303825281847168727e-02
-6.955316490522771289e-02
1.782782627211976917e-02
4.838743987204428137e-02
1.235527891035203933e-02
-4.643273544708374084e-02
2.903745704560855775e-02
-2.679974983073284828e-02
2.487682950628355072e-04
4.526325811307742308e-02
1.793937248408156247e-03
-2.788477734237522162e-04
3.180434289927531414e-03
3.636225393851009319e-02
4.845115012491262030e-02
-8.911409472276596647e-03
-6.671443633051711564e-02
-6.408789770056032287e-02
1.052980615216289779e-02
-5.686811263471101136e-02
-6.264575184842517686e-02
-1.621035292923156054e-02
-3.037064913196885901e-02
4.409417142164722553e-02
