-3.149102511882306832e-01
-1.932457468080908403e-01
-2.290637581280051318e-03
-1.860280895212780283e-01
-6.514220355823983899e-02
1.199186828450862913e-01
-4.393426315302189494e-02
9.480915426698922899e-02
-2.433101680644359638e-02
-3.168233638829828780e-02
-7.541205357172685309e-02
-1.446236696897853224e-01
5.038201140100045244e-02
4.144729130165773073e-02
-9.357565746495256909e-02
1.422812735176592625e-01
-1.479726922472041073e-02
3.452952101510374516e-02
-8.486631474607939096e-02
3.404958094984834871e-02
-1.121704289051365100e-01
3.287395707768620001e-02
2.296748365460290001e-02
5.157629822659264701e-02
7.812447390052598695e-02
-3.946969365924436063e-02
8.900621994713954488e-02
-3.016050584288805861e-02
-3.760926381588896444e-02
-8.670100748794268286e-02
-4.766959107220131164e-02
5.633073004850087939e-02
1.096534896828360861e-01
-8.841444435523473921e-02
-9.228087507869990602e-02
8.513826063891723889e-03
-5.136730869665883520e-02
1.470288089339190640e-01
-8.223121236720473681e-02
-1.112631960775398166e-01
-8.605079019043979788e-03
-1.018090415486354317e-01
-7.016125828554478638e-02
-2.324707247122638834e-02
1.239136924305637988e-01
5.634114575393898289e-03
-4.560329996539180114e-02
-4.537756710009502314e-02
-2.127370865310543036e-01
-5.828906041327790166e-02
4.468071019325838000e-02
-1.135459063471724317e-01
-3.298586370130103529e-02
2.375171873197489281e-03
-2.808813594553275991e-02
-9.091524456637850495e-04
4.505276061344673511e-02
1.009937726458454837e-01
-8.316304474484637055e-02
-2.615021040983926334e-02
-1.406584852813131670e-01
-2.850120931478450012e-02
5.779792257596447387e-03
-1.396806176185440562e-01
3.018190602948784759e-02
-8.188984028760710673e-03
-2.294053790469818138e-02
-2.945952531205544081e-02
-6.594051583477049394e-02
1.062356452628638454e-01
5.964861213505351367e-02
6.441673012281044775e-02
2.153431102510608083e-02
-5.449095387360807646e-02
-2.982631455680065727e-02
-1.387033187314985760e-01
-7.001053271879544015e-02
-1.160812596835238270e-01
1.188478203515114760e-02
-4.510722088897975435e-02
-4.112607521176455533e-02
-3.698741420759975307e-02
-3.059551262598044288e-02
-2.319129690183258444e-02
-8.918652185151516518e-03
4.584783797804951877e-02
5.296052059537866008e-02
-3.687536539005401709e-02
-2.223877530724564094e-02
-1.218836607761326629e-01
4.410226528237504856e-02
2.697987644813240778e-03
-9.247653392761226096e-03
6.826936803497873907e-02
1.144568717654551315e-01
8.292860250128224198e-02
-3.855414248669027100e-02
1.705278490506924663e-02
2.532004669278798900e-02
-2.942948684415374466e-02
-9.024611547606649353e-02
-2.809361041187224441e-03
7.268054370770497818e-02
9.232893662734262263e-02
5.434644929133541913e-02
-2.574965010650634087e-02
4.124889521957563615e-02
4.553618443000906520e-03
-9.808181868351708698e-04
3.965586106326943194e-02
-4.990910993532438750e-02
-1.898644462283587825e-02
4.817039809681563506e-02
2.947605535652205594e-02
9.163652328084645818e-03
-1.043902524277006555e-02
3.631945821721763862e-02
1.667927699708921310e-02
1.398288903399854712e-02
2.303612777474275519e-03
1.832929537120183208e-02
7.795721828931002906e-02
-1.069692948493197217e-02
3.372200168154759325e-03
-4.084495781038394169e-02
-1.053301543109206185e-04
4.206860768270608703e-02
3.237290121369280210e-02
9.473883936816137469e-03
-3.324636298270178692e-03
-8.946806583468846011e-03
-7.099838950520995229e-02
5.174049666829435429e-02
1.896522217864970647e-02
-3.550404712049678307e-02
1.103943911597676450e-02
1.211686030461413960e-01
4.178411317546669446e-02
-2.034965783833205671e-02
8.745890113961626855e-02
-6.858795353715034689e-03
2.410084038080633276e-02
4.449955512529737978e-02
-2.433702450002393422e-02
-2.629787880707434855e-02
3.548805030327102845e-04
-5.944470603814921983e-02
2.615348087024986154e-02
2.684560982888423153e-02
-3.773435892659437324e-02
-1.569529499529161501e-02
-4.375897358471033533e-02
-3.899099779088430109e-03
9.640190403543365261e-02
-4.754040788598264816e-02
-1.053905867315512584e-02
2.126499571998980223e-02
-3.996324879338300842e-03
-1.188258513891880946e-01
-2.185634473010190926e-02
9.511565328503472291e-03
-9.147335574514374804e-03
-4.047336952047100173e-02
-7.294442009496448706e-03
-6.508074023161019954e-03
-7.263745894664359881e-02
9.856278965477145715e-03
-2.266546374538062902e-02
-7.511867194380648927e-02
-1.322705719432295049e-02
-6.833698124911960492e-02
4.355332561215256165e-02
4.468817537463039280e-02
-4.080190859780529616e-02
-3.537536161303626164e-02
-1.039686474225951862e-03
4.264410206952332777e-02
-9.931581316431187245e-02
-2.931949983860599254e-02
-3.863569070605890610e-02
-2.343661698111023164e-02
8.071272337917055617e-02
-1.164941553103619465e-01
5.986851504918357103e-02
5.362488618900565669e-03
6.552125702952478481e-02
1.083055623149111954e-02
6.043302495483912629e-02
2.179793857298653603e-02
-6.018685171197611650e-02
1.549238425590358272e-02
1.082741374561832642e-01
-4.873409038736854076e-02
-1.951082029149614830e-02
2.779457657519878236e-02
-2.920414501216693232e-03
-5.838233963194541451e-03
8.152543279120438857e-02
2.796776878302963121e-02
-1.940630775228788241e-02
-4.777716078092383856e-02
4.327814480738684244e-02
4.466112297927750385e-02
-4.842936879345925705e-02
1.017512752642091012e-01
4.771583964822510848e-02
5.085743680894991292e-02
-7.940393489072467004e-03
-4.895011851688169796e-02
7.597350630786814385e-02
3.941900152288007643e-03
-6.929892319162837648e-03
6.953027271719552926e-02
-3.610470983308254611e-02
1.948078182359445215e-02
2.313004686609930124e-02
3.628142134070306418e-02
2.669726601047738360e-02
1.060371425353335839e-01
-3.612131097451461159e-02
2.087755280678199599e-02
-1.558125546271333685e-02
2.400660135310526966e-02
-1.721502818022113343e-02
-2.424406521770093321e-03
3.751253639439722492e-03
1.769596360299280011e-02
-3.823445498155422090e-02
6.300257593157091232e-03
7.533821937310930528e-02
-6.323445868437892192e-02
-6.416771300132950717e-02
2.726017623441037013e-02
-1.411758223503940986e-02
1.682054666743399568e-02
1.392711346460474495e-02
3.400503870099529785e-02
-2.575871496960093626e-02
4.400617773357234225e-02
4.991749937724723057e-02
4.385993127564621202e-02
5.437453259268729133e-02
5.711539170766556130e-03
-1.063636553491526110e-01
3.107797663350923487e-02
-3.016203442764518738e-02
-1.105223656975736976e-02
-2.189185766434308469e-02
-3.385050944659449834e-02
5.733031783421426580e-02
