7.825797753594423978e-02
7.990498189299670428e-02
-1.726713111837060999e-01
1.492043230282647792e-01
-1.698551625440919421e-01
1.079962682221300152e-01
-4.973314515089553856e-02
2.365065238438984405e-02
-3.755442914226719137e-02
3.648919109607105804e-02
-6.262685916021474425e-03
-1.102294196059273867e-01
-5.260302091760598459e-02
1.544756275957157900e-02
-2.952732844252656252e-02
-1.653296658056060686e-01
1.875676640308507892e-01
1.919836066678585682e-02
-7.599941075914039279e-02
-5.872208452015636321e-02
-3.071207676267482829e-03
-2.829366816233306811e-02
-1.966728190860814185e-01
3.569631772450135732e-03
-6.594577640763657489e-02
-8.654701608241119684e-03
1.675475389901887047e-02
-4.996481623330076283e-02
-1.436860329749302737e-02
-5.547890659206439895e-02
-9.922140466319300314e-04
-2.890396343286048483e-02
6.406532695926531185e-02
7.486245206686756130e-03
4.980895687875247502e-02
2.009213532084710291e-02
1.048433475230482609e-01
2.325932049976441734e-02
-1.526540824841273458e-01
5.357351240611271659e-02
-1.071940541505664729e-01
-4.144635126876817371e-02
7.486361060330090633e-02
3.185938987432066372e-03
5.267141077143680690e-03
-6.214103414774471007e-02
9.170033095497886685e-03
-9.602427855832647297e-02
-1.208194201218058816e-02
-1.028537422200978824e-01
1.808906203185911554e-02
2.189597654756349210e-02
-7.018391990638965516e-02
5.169096311045602576e-02
-1.097868948926535720e-02
6.725647936064743648e-02
3.791458915598296814e-02
-4.855907708849216409e-02
-6.764339432512073147e-02
-1.499015447355565300e-01
-1.119272547489928160e-01
6.133038448277588171e-03
1.050190830182810980e-01
-4.759459550773340042e-02
-1.515488025224537849e-01
3.634618425508017586e-02
-6.673274848424892713e-02
1.177771758563720024e-02
6.833178219210823967e-02
-7.492403551915249871e-02
-7.362897280799177505e-03
-1.107387049811726226e-02
3.672100699553045716e-02
-7.791725921175052250e-02
-5.311867824323462939e-02
1.366167884757202300e-02
6.256342929048916424e-02
-5.589836918946195637e-02
-5.783489904205976057e-02
-1.490384712969789090e-02
3.094461674740506610e-02
-7.536120200142210068e-02
-1.463376332367460116e-03
-1.923615791792370258e-02
-5.074744379828808466e-02
-8.710858041421110087e-02
-6.650437198982601938e-02
-8.266664311598012627e-02
4.529989687591463865e-02
1.062334464260067217e-02
1.811212414773536936e-02
1.827290728212536963e-02
-5.184146423400010084e-02
3.093248831911849656e-02
-8.973777023689435972e-02
-7.794872071676851866e-02
-3.471663035305495772e-03
4.883719824102177032e-02
-6.123585515066774093e-02
-6.717487495062376968e-02
2.413557229027133572e-02
1.287156424088422013e-01
-4.561556184973729333e-02
2.468975095230866237e-02
-1.334141593227952845e-02
-4.060938110420431874e-02
4.161075482951237525e-02
1.026050913380914670e-01
-1.560448651946800547e-01
-1.519782574965889213e-02
3.012969497933828608e-02
2.789900548546177250e-02
4.113488598951638153e-02
1.275494668758909711e-01
5.984952149111764930e-02
5.537985172701349879e-02
3.042943007720247048e-02
3.880025405501080077e-02
1.990427139732768927e-02
7.548125533932734110e-02
-9.318144737648190179e-02
5.931706538720551806e-03
-1.852282531335576465e-03
1.668817425836513837e-02
-3.681318305050837458e-02
-6.084130108658707126e-02
-4.445778570592781587e-02
4.625829614039834309e-02
3.320734701451624749e-02
-9.511229315970359810e-02
5.154364796210364821e-03
-2.770578333093814266e-02
-2.632661811556936265e-02
3.903456804865459984e-02
1.119880779117433667e-01
-6.751856202442793609e-02
1.042098091153268735e-01
9.247799853586091690e-03
-5.487987084749854083e-02
-8.041814112444094220e-02
6.757775599531909427e-02
3.593341944643788782e-02
1.165114748029438298e-02
-6.194980322771589248e-02
-9.122123993552762322e-02
-8.974743677526006436e-02
9.277143409186879019e-02
1.395244614935685079e-01
-1.681398407417357410e-02
4.987162645894367002e-02
1.029543176642175595e-01
-5.484446307775446561e-02
-2.168146628607716536e-02
1.504572077723990708e-01
1.270335199161540078e-02
-2.695367596011672556e-02
-1.703454044767141115e-02
6.045862202094817728e-02
-9.760441364061685221e-02
-2.730221440523552048e-02
3.899517780992090704e-02
1.009625763097181939e-01
-1.711853433908884156e-02
-1.415869097747653703e-02
-9.301360441070120888e-02
1.885695446158484195e-02
-8.549640455868603994e-02
-3.781372407775496214e-02
3.085656797847093416e-02
-2.167791826825005153e-02
-1.542989507896308510e-02
3.124927562511095602e-02
-4.769325212588533536e-02
-8.035011331324554140e-02
9.878311584875361373e-02
-1.073195743322665797e-02
-5.510621990316309782e-02
5.800969322644051324e-02
1.773480331310069158e-02
2.582341505659916867e-03
3.083332484127697046e-02
5.937549906856229992e-02
1.654958433752638097e-02
6.954085977735673108e-02
6.232897047979121113e-02
-2.864231522024248550e-02
7.410006268520022421e-02
9.007276828744845143e-02
3.234959560267929024e-02
1.143562349942888259e-02
-3.582705132015150118e-02
1.064357558506793811e-01
-2.488159734481769358e-02
-4.218766976905407445e-02
-2.940484941896399571e-02
-2.952765428089844379e-02
-1.386515404953074515e-01
4.426257231690938765e-02
5.750359382638695928e-03
-6.059616201814421732e-02
4.329374622452557969e-02
-5.594934479252909251e-03
1.877589311551431175e-03
-2.599889712198722239e-02
1.930881987485248696e-02
2.309607547545355910e-02
-6.333754885354411779e-03
3.329572162182225376e-02
-8.972973289038803715e-03
1.312842624986196999e-02
-1.109932209538728662e-02
-5.898757038470981567e-02
1.987262887099198669e-02
5.130589456342336124e-02
-1.593711681118644167e-03
-1.593219303134473311e-02
-2.710482876040455971e-02
-4.295186936389851912e-02
-4.339033919965562536e-02
8.163087534030717685e-02
4.494183670948430354e-02
-4.387598319080794618e-02
5.790944362069273127e-03
5.758816698602105960e-02
-7.408148989800318607e-02
-3.719191585142119384e-03
1.962307288239701145e-03
2.965856889786629841e-02
1.452739519738822059e-02
8.355545778593612138e-03
3.958733474441378936e-02
-5.073053640721396362e-02
-4.426076210373228181e-02
-1.685598101988229017e-03
8.763571449138254921e-02
3.424278895181732257e-02
-4.119350069219087501e-02
-5.308757878085204607e-02
2.789820899166384899e-02
1.725343142504631722e-02
-3.418334155108136273e-03
2.265268185985474039e-02
3.084447575444790313e-02
-2.094293551408400039e-02
-5.966006458000238516e-02
-5.036038401676061482e-02
-8.463224499220214914e-02
7.469591245457438480e-03
-9.802956030739051752e-03
-1.997197337015121921e-02
