4.744462689593307442e-02
3.773367644597976772e-02
-1.439763853234976299e-01
3.135442525557149973e-02
-1.583873352281769398e-01
-3.303617216470945694e-02
-9.437967132202822185e-02
1.422958481954290921e-01
-3.213859022251105979e-02
1.134117958836286383e-01
-5.026213139531298529e-02
-5.619334772779045056e-02
-2.488678443577817603e-02
-3.607710810534926760e-02
-4.027353618992605272e-02
-4.360890259833779398e-02
-2.367155935153820653e-02
-4.775901875135055846e-02
-1.326866327722829586e-01
8.925008617068017069e-02
2.809451894136530577e-03
-8.080158007233292916e-02
-2.200969821872895971e-01
-1.813892807577870137e-02
6.215023410233483543e-03
1.980710275354402236e-02
8.305044966342346735e-02
-5.579313702776045325e-02
-4.295305003607438610e-02
2.730400262381124220e-03
-6.839553984496241079e-02
1.896290240103411240e-02
1.129229687202630700e-01
1.033190838949540934e-03
5.743840147652348738e-02
3.130584498450229847e-02
3.308770127713538817e-02
-1.969035888034426779e-02
-7.409841000058542404e-02
-2.938255772372144053e-02
-8.459915846058281563e-02
-3.888073792808918044e-02
9.165978103268773713e-02
2.380437062956630018e-02
-7.977413569346315791e-02
-1.262659843859052083e-02
3.737985328883063063e-02
-1.545608733168944704e-01
-6.620042990014456119e-02
-1.884780307397561083e-01
1.314686856806367710e-01
-5.144181916063851612e-02
-2.950417852685733103e-02
1.128005161926419475e-01
-7.156233082248111659e-03
7.654379340414112221e-02
3.951840596865275473e-02
-5.719217322323656011e-02
-6.314974009963249257e-02
-1.606388890210152728e-02
-7.121920666666471667e-02
-1.117667582688161056e-02
7.038154669306140310e-02
-5.765911091037716901e-02
-1.525327509653160163e-01
1.398404840980506381e-02
-6.863549235895169409e-02
5.053032473614169767e-02
6.119518755933862214e-02
-6.667572263779590613e-02
-3.614292775665780416e-02
1.097452897131195350e-02
6.038149637317334617e-02
-1.293401893059542840e-01
-5.918676195579680027e-02
2.417203065769701897e-02
4.878759729997290268e-02
-6.177588247266384280e-02
1.965807284805391741e-02
5.856708940864095714e-02
5.943907692008928295e-02
-4.975012936333619157e-02
7.059412791035488133e-03
-5.847423871156239711e-02
-5.947775210865254708e-03
-8.117385239079083492e-02
6.049888294256623202e-03
-3.181024807913674507e-02
6.138935742098174803e-02
5.393245593732246684e-02
6.147460918071796093e-02
5.811236294916988232e-02
-4.910663925137600389e-02
9.213590549482431058e-02
-1.328422408623380624e-01
-1.051091818211226728e-02
-4.588453859558941361e-02
4.375944473016468023e-02
5.796393793421449059e-02
-6.758003398719299171e-02
1.751090047811212566e-02
1.282492692265979964e-02
-5.764705090534131410e-02
4.956775486711999246e-02
4.504355172404517216e-02
-1.013875928062961916e-02
3.265698141076076727e-02
5.007370799374964015e-02
-7.402215598755307324e-02
-4.356349800257584143e-02
8.593490798386451204e-03
1.582529739181536346e-02
4.151590573691130333e-03
1.004970805222222680e-01
1.273604960028113797e-01
8.233509099480759708e-02
-1.974150993618599761e-02
1.388840009400344779e-02
4.027153249002982105e-02
8.243039905968344017e-02
-7.670344669964712647e-02
3.838877289507478668e-02
6.032856845138588608e-02
1.744545888338778009e-02
-8.957672705942560992e-04
2.245036097326794447e-02
-8.295317570430981282e-04
1.009243222680222818e-01
-2.435705155000258970e-02
-6.266125318719270587e-02
2.902741136852761764e-02
-3.168065028207431993e-02
5.586281285622778786e-02
3.301655102798967817e-02
4.276451321753578505e-02
-6.100362628812645155e-02
-8.969581488344738687e-03
5.043607522970160878e-02
-3.594864447803942931e-02
-1.852061400318309042e-02
-6.117859087529241291e-02
1.082006639270695070e-01
-3.369089055722027798e-02
-6.237616071705041898e-02
-1.872744876039678097e-02
-5.621739212654531387e-02
1.187793298490697098e-02
1.158850042517811374e-01
4.120983112634613726e-02
4.679104267317484717e-02
1.320077565640420114e-01
-1.188533911339137300e-01
-1.559740488286195069e-02
1.021181115439383363e-01
3.231657926235059070e-02
-4.993148310677506668e-02
1.603368218102425857e-02
7.928738784131068862e-02
-1.242818678207271987e-01
1.271241728320303584e-02
2.017820309659091801e-02
9.874308699984442328e-02
-1.945112467386497096e-02
-1.185050119915770084e-01
-8.362944332211981469e-02
1.068191317514416774e-02
-7.498381852077272425e-02
-9.216134870294070969e-02
-3.072632204658808444e-02
-2.601199424732104915e-02
-8.014149327632652531e-02
3.164299584628838674e-02
-1.183672481722959462e-02
-8.421040287505396349e-02
1.169452639421591361e-01
-2.966912461454209241e-02
3.048326946860840936e-02
5.319017963991183595e-02
5.421354100767226958e-02
-2.711100473757913076e-02
2.383060775650951493e-02
1.430002810287617047e-02
-7.674662076156232859e-02
6.810235696391833682e-02
6.597166786104749492e-02
4.517235560228079205e-02
1.003804500659977589e-01
8.662278193880933175e-02
8.913893753492651076e-03
-2.719701261048374907e-03
-5.734868864909375280e-02
1.263684377202223541e-01
-2.474323635075891328e-02
-2.380716824828935096e-02
-5.655023314327157352e-02
3.531498383726833917e-02
-1.530066448936058532e-01
7.512574096247993938e-02
-5.214659224489689299e-02
-2.160173735872294304e-02
2.873003205939896488e-03
2.394470523361989789e-02
-2.130375315905956926e-02
-4.427390412993874313e-02
-3.270049572360173712e-02
6.076866412104857396e-02
9.760698915867668801e-02
7.074572860061752178e-04
9.725014154885400219e-03
-1.034311776721682508e-01
-2.039343070997376439e-02
-5.568660068233398548e-03
-1.327511670312052361e-02
4.365612186570388964e-02
2.681808649614398840e-02
9.541354266282931623e-03
-6.565784309050630430e-03
-3.125412684378427175e-02
-1.212714788520904453e-02
3.523604562248818656e-02
3.159895225422953979e-02
-4.846946268437187649e-02
-5.677619756364558901e-02
1.652273617834034217e-02
-4.251582759645158860e-02
-1.176232328145980152e-02
-1.530596106210517157e-02
5.919269744416867998e-03
4.800846048560315077e-02
2.040284431892024769e-02
-2.160340080769340351e-02
-7.639695622683934095e-02
-5.632252966261026145e-02
-2.114651942569240745e-02
4.820939756010338140e-02
-1.942484974126333988e-02
5.560115989430567014e-03
4.913669474981958996e-02
4.255851018480732995e-02
3.326708912633644100e-02
-2.830880141328765906e-02
2.872269776166555891e-02
2.467272879780633976e-02
2.116674545294690291e-02
1.807998905430252892e-02
1.538266874303856335e-02
-7.641642614092544750e-02
-8.791936479996829978e-02
-1.016972211487528113e-03
1.067159223039561289e-02
