8.428485730206834725e-02
2.163889290631195589e-02
-1.813034208188658847e-01
8.669100640124956236e-02
-1.952365023570047653e-01
-8.638971699900120649e-02
-3.360563819780670175e-02
1.465553681978719325e-01
-5.688533544684348797e-02
1.745286292593093980e-01
3.436527249831392017e-02
-1.567607790198155548e-01
-3.324390415805875826e-02
2.014533931447736945e-02
3.979139083898493995e-02
-1.311458644357459125e-01
9.616156414661630736e-02
-6.373296225586473629e-02
2.122149089976404363e-02
-6.076571596615710363e-02
1.641558553887929178e-02
-7.190221842635188820e-02
-8.967294185122894057e-02
-3.987280972978205634e-02
-3.767618767467247748e-02
-6.296750975495649105e-02
-1.250794567324233462e-02
-2.384521196208991972e-02
-4.785494970218671928e-02
-1.141802434700656121e-01
2.594206265476703410e-02
-2.058590637817753199e-02
5.243139529540371407e-02
-6.291952755905664413e-03
8.629152588852950778e-02
-7.846701604921199613e-02
1.462778903194870139e-01
-7.831322880157491617e-02
-6.050870953362769145e-02
9.655343071807080679e-02
-1.184204904586280693e-01
-2.756896796320051912e-02
4.497612569264781285e-02
1.730997223385973352e-02
-3.926297613219268540e-02
-3.700253344675824563e-02
-1.457775250849984924e-02
-7.366563595530582764e-02
5.044483900662512926e-02
-1.061914951712795291e-01
-2.820965238884225266e-03
-6.818740521474657423e-02
-1.511044107854964125e-02
4.895132132960783311e-02
3.098479032086405051e-03
-2.174886407685486939e-02
-1.071274353098648595e-02
-6.732124756615631180e-03
-1.092434286001576910e-01
-9.860617801511542546e-02
-5.942580596269044640e-02
4.040991582235855389e-02
5.423360082703117951e-02
-2.631694151764322424e-03
-8.275757969679817250e-02
2.533459943511882917e-02
-7.096311778384502278e-02
8.329630195615274346e-02
2.285719533843365292e-02
-3.670300387055711044e-02
-6.400738737477995989e-04
-7.574111733169520445e-03
5.307434235453474536e-02
-1.376616024181874509e-01
-1.243669067573837175e-02
4.256667243027589115e-02
7.077029112981338133e-02
-1.502801657286839329e-02
-1.273912935214002382e-02
1.382052450075107845e-02
4.252396971251772712e-02
-7.943175987126413484e-02
-1.188151583858312182e-01
-8.675475520193987045e-02
-4.773628714585955585e-02
-5.981688240816456642e-02
1.751781128151872358e-03
1.658057820951094885e-02
6.243679649985766494e-02
1.401076528793781910e-02
4.535262072230207553e-02
7.627315943503377993e-02
-1.833864443068862482e-02
1.030522169067513427e-01
-1.208269627911649075e-01
-3.578530845915525727e-02
-1.159685858822190156e-02
9.187297581398108995e-03
2.421728946921746645e-02
-5.539397265886360916e-02
7.931597050032020146e-02
-8.687722472889979064e-03
1.038182440447362256e-02
1.022954917064446412e-01
-3.338709653459519949e-02
-2.319673402109618740e-02
9.205750614521868158e-02
-5.182220816452558221e-02
-1.026290326146196835e-01
-5.106465692342119361e-02
3.665588363027223046e-02
1.071414420886080722e-02
-2.176078779619524881e-03
3.510931976811715316e-02
3.681232857438879440e-03
1.618169029127618785e-01
4.139735780893817607e-02
-2.460423571070320670e-02
4.394343103628241265e-02
1.295198569977446812e-01
-7.035910238665668559e-02
-4.054125630918919282e-02
-4.095438445247956416e-03
2.790861439031492447e-02
1.994985496396624661e-02
-1.237765030759484242e-01
-6.134448324679036418e-02
1.247708766222650617e-01
1.328546555276012911e-02
-3.787881907382437824e-02
3.677946651656816696e-02
-8.034317018964019785e-02
-6.644492602427289583e-03
1.466785201063603716e-01
8.092599584462724371e-02
-4.798855282250664989e-02
1.314518227642420085e-03
3.901128509262224292e-02
-1.356552929798992072e-02
1.330780456911469754e-02
-5.351225172175542305e-02
6.160511707586609209e-02
-5.826960024966368334e-02
1.238702048342588125e-04
-5.150202756838252044e-02
-2.838053508950951973e-02
2.648599256262868656e-02
7.018660351921135465e-02
-1.923777188155138471e-02
-1.321629361465900343e-03
3.439350154470410120e-02
-1.366599022491435944e-01
-1.138790618122691167e-02
1.078860639954879463e-01
3.799960060437166526e-02
-4.496966102553555389e-02
-4.482003989670415439e-02
5.283611937144815779e-02
-7.307505269978405160e-02
-1.683212558981223711e-02
-1.093103379047695358e-03
6.966727526119355363e-02
-4.938395121868683485e-03
-5.401613660833839287e-02
-3.560990049150940945e-02
-1.146153155667203535e-02
-6.377200166225929778e-02
-4.580802060554312743e-02
-2.390957131467414190e-03
-3.448885538460986361e-02
4.629168544999165934e-03
2.413037561137493237e-02
-7.295567184711110320e-02
-9.448850829796477668e-02
6.043745453612373031e-03
-2.383411428354721695e-02
2.029488861367419877e-02
4.334882532122413812e-02
5.807799469941991172e-02
-2.027599741977949982e-02
6.024768064156175995e-02
5.028027731380096260e-02
-8.113559471833345360e-02
7.533050322561515855e-02
7.878522133040408160e-02
2.531319420401380652e-02
2.668919859885723195e-02
3.034938537336398859e-02
4.414035197948514705e-02
2.141640061319852531e-02
4.031642955295189346e-02
1.053240445892668076e-01
-6.044025589187237285e-02
-3.700353906164236678e-02
-5.453542895153890013e-02
-5.286646739205846934e-02
-1.320046236319743771e-01
2.309915346251843055e-02
-4.714150185671482640e-02
4.623583790910523045e-02
-2.902635533402376719e-03
-6.721892625169623159e-02
-7.274330753247353065e-02
-2.196719025116262991e-02
-3.179294553953047192e-02
-3.538543288344500951e-03
3.738818675482152853e-02
3.145882999427877108e-02
-1.218734846521870585e-01
-7.594152201217510383e-03
-7.268156996155149263e-02
-8.525825659508746990e-02
5.819834525215971527e-02
6.315584705682684985e-02
3.523046044683735001e-02
-4.257223922695589635e-02
-7.698014261339340691e-02
-7.455481500177917054e-02
3.655065321561163511e-02
4.158379162549214608e-02
1.560233041615764586e-02
-8.835576592710701893e-02
-3.563263457085417280e-02
6.037568105038439853e-02
-5.162237812112233093e-02
4.015348402690578113e-03
3.937639512519547358e-02
-4.962903393187587109e-02
-1.462487274878473010e-03
-3.570960002430729335e-02
4.769293796139015967e-02
-3.428187829256583441e-02
-9.594295065377023146e-02
6.101984921330329964e-02
6.656567164000289083e-02
-4.228035950683758926e-02
4.505463548324441930e-02
6.556393555614173363e-03
1.028963106848941253e-02
1.460702308459144866e-02
-4.657587939920983244e-02
1.545665991722817122e-02
7.917421471647537179e-02
-2.640780600538769445e-03
4.752140879401166654e-03
-9.433026761298370436e-04
-7.537317002855603576e-02
1.168316189417050073e-02
4.723725075961078546e-02
4.041505164123106175e-02
