-1.677063892830270575e-01
1.328286569109076998e-01
-2.036443031342282939e-01
-1.367844898402697899e-02
1.219709961933243825e-01
2.297632240888735633e-01
1.111180800703625154e-01
2.282063089057191629e-01
1.171429546557615706e-02
-3.157266948976953508e-02
1.070062550109646959e-01
-1.106202235996239097e-01
-1.037987641737312811e-01
-4.965996964381032795e-03
-6.023386014109415737e-02
4.088916997580413493e-02
-7.147681091656467312e-02
1.231468588572993093e-02
8.673854199126078413e-02
-1.042304136294465791e-02
-8.656371635585738411e-02
1.445192656216560609e-02
2.234671470261799867e-02
-3.764709068159739769e-02
3.311198258906105502e-02
-1.015280229188624261e-01
-6.674731931766618442e-02
4.013934293421376337e-02
-1.519175373677133234e-01
-9.081950907647925661e-03
1.166713926559785966e-02
-5.392123132464474861e-02
-1.155667351296052990e-02
2.635738210722366956e-02
4.034441083304411008e-02
-6.671392606391811364e-02
-6.096333250957561810e-03
-8.089541073265980875e-02
-5.959996781235365332e-02
9.751069135081895378e-02
-7.621923244126366237e-02
-8.207554715362201658e-02
-5.782335254542941838e-02
6.115235571056388403e-02
-6.030419603998651845e-02
1.876193804727866940e-02
-7.006563809033246326e-02
-6.762112153016723581e-02
1.875480304620668476e-02
8.109526319923447690e-03
2.568259934086758109e-02
-1.047364554313642143e-01
4.438600864838823656e-02
2.951387760684614017e-02
-2.827923267515633325e-04
1.828624716362663898e-03
1.839974076443461892e-01
-8.689670721806970130e-03
4.007708371166177758e-02
5.501734133704348773e-02
-5.885615300516911647e-02
-8.597915332386836529e-02
-6.505925774424958265e-03
3.472691945605970582e-02
-5.202361078573319170e-02
5.979674172516631116e-03
-3.362291385871837152e-02
1.086256105080688344e-01
-6.114913228368365483e-03
-5.715896442530509630e-02
1.098366411214899384e-02
4.017353299011200418e-02
-9.153279187400044370e-02
-4.291619842755935860e-02
-2.995251719051522307e-02
6.185821376077663830e-02
3.194426903798560508e-02
3.313791487722116558e-03
-4.704356112888551621e-03
5.451644253082241209e-02
-3.388690889838180762e-03
-2.553062743986225791e-02
-5.480405188875455899e-03
-9.241912561122690717e-02
3.815088695018272868e-03
1.477705805771488867e-04
-2.013374160363653250e-04
-8.682590048154316398e-02
3.556895823739258250e-02
-2.148529914172414568e-02
-2.465030593704162221e-02
1.541649178322703449e-02
-2.034942145837597555e-02
4.389677212818330482e-02
-4.825078882295353450e-02
2.409714415342525257e-02
1.154393192221370712e-01
5.180104945787863957e-02
-3.033501844087680907e-02
-8.927914564708069878e-02
1.327853760668416261e-01
1.252754071466422210e-03
-1.161148263540842385e-01
-3.028112564090161204e-02
3.661197225196629289e-03
-3.611353628875484112e-02
2.908458233930179271e-02
-8.454070813313256313e-03
-1.099266797644592453e-01
-5.417990227721386498e-02
-1.446847831592142824e-03
9.130863694184554458e-02
2.112050863006408735e-02
2.278151514865443469e-02
1.664914470954141981e-02
2.728094823583085415e-02
4.689387097949204025e-02
-9.874979113089381311e-02
5.345991909797535163e-02
2.800654524840012066e-02
4.118956438641856177e-02
-2.907422391134956846e-02
5.762665106917586738e-02
7.014600645266105827e-02
-1.205960054283658142e-02
2.188706851680804685e-02
4.817157944557063504e-02
-4.127467734336864175e-02
-1.386972496200346017e-01
5.326734650559086792e-02
-6.343968493746811321e-02
-8.319107016386127762e-02
3.352994153510524544e-02
1.378648086827833352e-01
-5.524845017887260179e-02
5.254149596506473008e-02
-2.670935134792188845e-02
1.046157761238928827e-02
1.002826211581453117e-02
-7.686420756354744865e-02
3.230471335609927386e-02
-1.270287340598137346e-02
-2.890302010390148960e-02
8.233436297930935011e-02
1.713222412222230318e-02
-3.957498970221544864e-03
2.253073978102792391e-02
2.957490540789332531e-02
3.316833823204586897e-03
2.476729097999853454e-02
-2.293558770987384407e-03
-6.125959803632098633e-03
-3.996864618267942371e-02
3.205694410567568042e-02
-2.806297332794403798e-02
-2.816355149026333882e-02
7.841800797466026707e-03
1.051308362774192595e-01
-1.180411679886815002e-01
-5.237438482320615207e-02
2.601794439125086969e-02
-1.827929325395242013e-02
8.063884044030478204e-02
9.525153994540713417e-03
-2.694046018975100598e-02
-1.467781997173905548e-03
3.214781576907471683e-02
-6.470265256376854512e-02
4.310779312639589911e-02
-6.632037823829278755e-02
-9.487208103052802155e-02
-3.035425034731956823e-02
-5.947635482423849901e-02
-4.644157710443139880e-02
-1.704345311903735297e-02
4.803369645531151144e-02
-2.360207649021224888e-02
7.473381214194733946e-02
1.810367081639884315e-02
3.397481066285748530e-02
9.145351006005843220e-02
3.431848591753801359e-02
7.731371263108249500e-03
1.601126837005005868e-02
4.939916181274756762e-02
-3.169193628433829985e-02
3.679172357338893889e-02
3.916322408197485394e-02
5.874967126328263858e-03
-2.231940611983486769e-02
7.268465432138509867e-03
1.400620992667182541e-01
-3.609948359628819409e-02
1.648743009133627965e-02
-4.636801777865880159e-02
2.259586024766461511e-03
-9.380903830736136984e-02
-4.776629689737007384e-02
3.496244692799431453e-02
2.198677744041806909e-02
-2.413108068136662204e-02
-1.203732630091135097e-01
-9.908850448127554111e-02
-1.108573446758588654e-01
2.590950686226851929e-02
-1.189375704076237571e-02
-3.779486126217454760e-03
7.592072138118599600e-02
-3.570180688679380071e-03
-3.947951831731315309e-02
-4.968405479971321759e-02
6.698798978529735271e-02
8.259810449101591401e-02
-5.896296071157156732e-02
8.945922293301933337e-02
6.960537619377009898e-03
-1.169557061504714057e-02
7.863821511434386166e-03
-3.231800546469530688e-02
6.632675265549416166e-02
6.882885628014900892e-02
-1.050330107043460047e-02
-8.496895307056986923e-02
9.874095387068283769e-02
6.327094397302965301e-02
8.710865659001516825e-02
4.727083083308197820e-02
8.772864109940723201e-03
-3.574468932978482061e-02
-8.653271350855982428e-04
-3.514237934081472503e-02
-2.042167692608465486e-03
-4.565263432092354218e-02
-2.385951602127655766e-02
4.662621789359372437e-02
-5.211484463192776403e-03
1.066289329745792186e-01
-3.808102188892455858e-02
-5.511893361119027390e-02
6.795490919452973344e-03
6.498312692062870044e-02
-2.946132488321441534e-02
-5.890722077933915890e-02
-7.542923932764876438e-02
-2.992625893783913693e-02
-4.333267242414186315e-02
-4.318207681775956125e-02
-6.250242829918982446e-02
-4.958452696750095812e-02
1.635639235591271681e-02
