-2.645561903114730939e-01
1.970763337723775155e-01
-2.900570979939418592e-01
1.143856553491607586e-01
1.186526884607928406e-01
1.542139653857527992e-01
2.263083150662416609e-01
1.546768676021518241e-01
-2.143281570294201799e-02
-4.465871201023915299e-02
-6.406873055296966046e-02
-5.946347690821589260e-02
-3.439514253681997397e-02
-7.941539708099218386e-02
1.277386171097365155e-03
1.336220125721529484e-01
-7.460244367348968508e-02
1.194917309288640039e-01
1.652165915476232483e-01
-1.205381640315435349e-01
-1.101761887667773998e-01
3.025282545603637241e-02
-2.188733711198023735e-02
1.789164981243929631e-04
-6.775882751198214309e-03
-5.714659584381143881e-02
-7.299274475150856201e-02
7.327937523276178977e-02
-2.205017894680606771e-02
-1.727459569671560558e-02
1.014153255312046781e-02
-9.244734644159277592e-02
2.046771764874750522e-03
-7.868341599219800999e-04
7.891189603549296494e-02
-1.486250316508119784e-02
1.493504523535163671e-02
-4.736372062864737525e-02
-8.799009648092770419e-02
1.767433616452545042e-01
4.769445339125819722e-02
-3.483348623984617448e-02
1.859069158049989068e-02
-6.452548455413267825e-02
-3.630881746348546546e-02
5.345581193337593622e-03
-5.924839241766973602e-02
2.794779430367893419e-02
5.707443159682365486e-02
3.091040970571798038e-02
3.937148734028672603e-02
-3.940813619870460471e-02
2.957679656064679530e-02
1.137785963766419495e-01
3.149071192031034638e-02
2.824211864086993706e-02
1.395365612816031609e-01
-6.455866430786433643e-03
4.031539294308120885e-02
-1.505776910707335922e-02
-2.260812089257927676e-02
-1.352133011959972542e-01
-1.970011812866996267e-02
-2.677235172375707142e-02
-1.582275821174344843e-02
3.510909115076000370e-02
2.410921279458164493e-02
5.804056007815269064e-02
1.976039811603957572e-02
-4.553093423204195717e-02
2.122508159262212132e-02
5.004430812396740147e-02
4.545299959310085403e-02
-8.674630223441580357e-02
-1.504420181646880413e-02
8.431250203781411046e-02
4.748345626167898084e-03
3.213215281155108478e-03
-2.828412572038733336e-02
-5.702795933305666171e-02
4.282530735735302213e-02
-1.781028041638310633e-02
-2.840564742711878046e-02
-1.550799706971773412e-02
-5.279173599274682854e-02
-5.246735753079890402e-02
7.568624693358127348e-03
-8.772352498122654163e-02
8.401158296696215055e-02
-4.650317658103583513e-04
3.405417419800622209e-02
-5.691433756768989050e-02
-3.011938514211560947e-03
9.893398829613030132e-02
1.219084603826037748e-02
2.014636177306084602e-02
2.265057449052163691e-02
-6.525111134226397464e-03
2.632123072426278184e-03
-1.444686320658565386e-02
1.679455404231235474e-02
-5.860485632458879018e-02
-6.495063878983697858e-02
-8.465680209102948231e-03
2.220577344411908335e-02
-7.189262639512035424e-02
-1.685459359668391166e-02
1.212331871337794971e-03
-4.203521017817171690e-02
-6.189020150516052685e-03
-3.768333856579723223e-02
-3.152763555929742503e-04
-9.292185813704074288e-03
4.769922770364815739e-02
-7.419384496708004983e-02
-1.216968793443149637e-03
3.777927133202135107e-02
-9.826214980442113389e-02
-1.360518284505011499e-01
3.488617541399147148e-02
4.139874968474784034e-02
1.175601952652001042e-01
-1.287024099562272816e-02
9.810748269152917700e-02
-5.032516821326729617e-02
6.678469604657498448e-02
3.397551826007094711e-02
-2.820467978831558975e-02
3.118031291982078027e-02
4.639477564648397667e-02
8.581912389877174516e-03
-1.056199834536269422e-01
-2.801940898952830217e-02
7.545495038945194965e-02
3.522425855682856377e-02
-2.528980751017612452e-02
-5.127687071471299929e-02
-4.642867669920979629e-02
7.416004695706769623e-02
-8.292108193049615994e-02
-8.022287413117579549e-03
-1.837121060084643057e-02
-5.297360638199019589e-02
1.477701206048691492e-02
-1.350907147145601409e-02
-3.065369595893708068e-02
1.120097308099481381e-01
9.248636528242006050e-02
7.586516343170567056e-02
3.332167789564476762e-02
-5.902801840116636035e-03
-1.432695583569829588e-02
9.877124950401793002e-03
1.333479189543697492e-02
-6.226252917643494006e-03
-2.912832032413111005e-02
-4.134829310272734176e-02
2.567790071660874113e-02
-1.862964172618487499e-02
-9.531571210839409614e-02
1.359518083233100978e-02
-6.359373799152558127e-02
8.232467070503408924e-02
1.083607478936031258e-02
-2.228700544989066848e-02
1.982541806822799534e-03
-2.249140784580893823e-02
1.817165121246042125e-02
1.270325684371611530e-01
2.132654431780151710e-02
-4.713846925704058555e-02
-7.253489162806872614e-02
-1.067556858937273624e-03
-6.477752703123706990e-02
1.078977426344906662e-02
6.122660643052753315e-02
-1.714163624879094794e-02
5.105433280122712025e-02
-3.452762111874851936e-02
7.494059551146907416e-02
8.680077748226093515e-03
4.712328763059193959e-02
2.263000029540232147e-02
9.120138829809837019e-03
-1.782103120615330036e-02
-4.162345149521621407e-02
8.436402339454027177e-02
6.619560085376802183e-02
3.348094758307091495e-02
-3.392825600216747839e-02
1.781869557131504980e-02
7.341096077784040053e-02
-1.251419407307378245e-02
-3.015565617725082456e-02
5.407417125680336056e-02
-1.031364823215700707e-02
-1.227006871111964159e-01
-4.996733521701850894e-02
6.015647350375395025e-02
1.848867929418208933e-02
-4.063005104239346410e-02
-4.323562344232019516e-02
-1.223068922079527734e-02
-1.431036595883247026e-02
8.498653877407693485e-03
1.673901401976155001e-02
1.874281697312667888e-02
2.727760449538499041e-02
2.092921161472933653e-02
1.022836321298962970e-03
-1.151282498374405459e-02
-1.779338141137692605e-02
3.540774328191600984e-02
-4.810195297539100745e-02
4.058838743858757953e-02
1.408882412490996411e-02
2.821385058981284652e-02
-1.084091779689257302e-02
7.229820251526871680e-04
3.987193145195352950e-02
3.849782252049557818e-02
-7.278099197536402887e-02
-3.964540922021416586e-02
1.327928622045732032e-02
4.921605079323757709e-02
-3.142023070430895182e-02
2.123916409679394227e-02
-1.186725757044891465e-02
-4.962499297535872406e-02
2.140966543998639240e-02
-1.011079147694052272e-02
2.978851498922018004e-02
-3.051469133848988893e-02
-3.949987856124832775e-02
-5.624991815134927631e-02
-1.586723831638370275e-02
3.046505909817701779e-02
-6.640563625135501025e-02
-5.280289895337084149e-02
5.750020408880868183e-02
7.471352371859130148e-02
3.550869079352814150e-02
-3.465429496115258155e-03
2.449263473133776042e-02
-5.892947521953477430e-02
-8.672555630144072880e-02
-3.412688800613241508e-02
-5.104921501312565529e-02
4.830298930933649842e-03
2.797403584803812970e-03
