-1.549985858061889432e-01
1.915616332986474490e-01
-1.878383386955778944e-01
-1.025422306321071841e-01
9.349498616658089012e-02
1.876072307274959661e-01
2.159824435036770129e-01
1.811051188140265500e-01
4.051751699322714978e-02
-3.075171615778257359e-02
-9.735280930015861867e-02
-5.186131741264748268e-02
-1.200296010058266027e-01
2.664588532778791596e-02
-6.571494501106846242e-02
-4.932076953936660214e-03
-1.490430546113240828e-01
7.932966734100738160e-03
2.436980983674735812e-02
-7.900572799391308854e-02
-5.457189997834428763e-02
-5.790951266248182266e-03
8.667987789842420895e-03
1.042358176649324925e-01
1.285159083498658115e-02
-4.134275917291162922e-03
5.973066754562979946e-02
2.233876367415975339e-02
-7.365393541071434125e-02
3.900102572742902840e-02
5.674630938090627352e-02
-9.588300144233534439e-02
-9.698131646006626083e-02
-3.824073874120632877e-02
1.440598768946794450e-01
-1.205036969490378695e-01
-5.674426802758264152e-03
4.444829340951825768e-03
-5.313903726919789322e-02
9.561829480643492529e-02
1.442186004817939439e-02
-1.440022504942975734e-01
-1.054266963432070880e-01
-7.670883739193319617e-02
6.471247320512246715e-02
6.088453414561036288e-03
-4.900024360274786439e-02
-2.068797813151354234e-02
-5.882587951594086401e-02
-2.158008299874909428e-02
5.420596229647690889e-02
-2.598468763978280596e-02
2.755826986902544778e-03
2.879763905493845297e-02
8.262698839560962683e-02
6.842569490080820105e-02
1.421663041657554027e-01
-2.497187520798431828e-02
2.752687987857354093e-02
-1.880052946256040650e-04
-4.237591820832926903e-02
2.456547857253872646e-02
-8.739133972892266372e-03
-5.687521582357232125e-02
-2.172665886034755647e-02
6.022156282275030470e-02
-1.954405057968245860e-02
6.733377166151684190e-02
-5.078294742083269697e-02
-4.421775434318223758e-02
3.969254253201134897e-02
-9.167858328625186348e-02
-6.647921430951266031e-02
-8.865493743625056655e-02
-2.460131938253232002e-03
-3.985123265431726042e-02
3.490520087520102011e-02
4.115967320514789252e-02
-2.933960162995832496e-02
2.952114821652719254e-02
9.700698396825027658e-02
3.585640459439613792e-02
-5.599157755290855298e-02
-5.749595455799922511e-02
3.763944306056680317e-02
4.451103992561349088e-02
2.126845870121374035e-02
-7.916903625980360737e-02
-4.497315546735165120e-02
-4.532707928293733951e-02
5.082705403854656523e-02
4.819283816603872617e-02
-3.889541079153752828e-02
1.176015952838141282e-01
-1.429961310242159125e-02
1.221964138968399845e-02
5.198082024410138891e-02
2.802125549578679542e-02
5.768047951253207906e-02
-6.213404316852436104e-02
1.044585928956770077e-01
1.717825593682786867e-02
-5.265523653149721539e-02
-2.182772258227161019e-02
4.285479961916806996e-02
-4.503145116390519509e-02
-5.016140553099977806e-03
-8.119496230667783143e-02
-4.689567525570094431e-02
5.081724884963142314e-02
2.987035349410251898e-03
4.446311831972103029e-02
-2.047443918793825229e-03
5.237707704254598862e-02
-1.978158379101256290e-02
-6.705206490285568754e-02
-9.860208406941252390e-02
-1.093144704804676071e-01
1.097618949712373358e-02
1.398681753658579177e-02
3.737497067832647873e-02
-9.202052670036443491e-03
1.431932387467763947e-02
9.521112848039189891e-02
-7.386138375912733312e-02
3.303846692276145736e-03
5.823529257404825438e-02
-1.551006869371791136e-02
1.104151280347994216e-02
8.292221493693875678e-02
-1.801163006499828870e-02
-1.024442791373814526e-01
-7.115116930632493786e-02
9.623491736940598118e-02
6.386470920926087813e-02
-7.886835495467525714e-02
7.290305203570378312e-02
2.947761050055925161e-02
-2.809705328722983311e-04
-5.598602239468358083e-02
4.565898325447467071e-02
-2.880275917065181976e-02
-4.017470349409139885e-02
7.050114886438692274e-02
-4.950342046461874562e-02
-4.084734614663227542e-02
-3.394984751974147036e-02
9.556093612452173924e-02
2.743542055671313248e-02
2.289956693641248889e-02
3.746151067332502416e-02
-5.200538341360213396e-02
-1.956878107322612345e-02
1.294566041191655241e-02
-2.700225207440024033e-02
-8.129271301255205657e-04
-3.637487487378995854e-02
3.448732581041107775e-02
-3.496523674180094382e-02
-1.011908547318631224e-01
8.401674843129969261e-02
-5.849467830538379598e-02
2.271162857140405708e-02
4.023025507634104408e-02
4.841541260793173068e-02
1.540813488677067293e-02
-1.599755056036283526e-02
-5.449322421336301459e-02
2.161816595091782880e-02
-7.632174995104064330e-02
-8.238075433404765113e-02
1.280206291828207832e-02
-3.457650952528776300e-02
-2.489119155448799720e-02
-1.373328814675247450e-03
-5.042176174178424931e-03
-1.409939315266278389e-03
5.862917337108338595e-02
5.574674901330710364e-02
8.005983599950436402e-02
-1.804837442482365786e-02
3.240460998336958803e-02
-2.626241208622244472e-02
2.307067250270311218e-02
-5.185238230875552183e-03
-1.426464237745118414e-02
3.951738772388204562e-02
5.613775183680400072e-02
3.883624500996080576e-03
2.487238433206372112e-02
-1.130307374737344987e-03
1.666750598877440592e-01
-2.579484178068507452e-02
-4.792669254336919676e-02
-2.142875513433169232e-02
3.336317596045321188e-02
-9.053268131071430525e-02
-4.413496240674512350e-02
9.419309553845428562e-02
1.130027608937581723e-01
-3.466669718442197401e-02
-1.096404177160769655e-01
-4.418485843634404470e-02
-8.056850108998304949e-02
2.328879612505442565e-02
1.158217025096503665e-03
-1.029424362779647086e-02
1.315695721331670495e-02
6.258695588790187669e-02
2.592940377600183588e-02
-6.980531509949726432e-02
4.626881246130314790e-02
5.516034517248751684e-02
-5.734506173609341118e-02
2.227641873576753292e-02
1.318935114802613669e-02
-2.323130358390690028e-02
1.807096317061793883e-02
-4.440847028730315893e-02
7.040808323171447725e-02
1.337858794760763692e-01
-8.078689243080303117e-02
-6.118468001380137494e-02
7.729156010380852648e-02
6.316653290777031471e-02
4.491954484399988956e-02
1.069562054195444430e-02
2.498328670771150783e-02
-6.047040713938184320e-02
4.290195153446309945e-02
-2.453750199256240008e-02
2.004575498997563515e-03
-3.557148521411090947e-02
-7.434669041321427529e-02
4.084346422883651691e-03
3.180103869574633924e-02
5.543917395761042977e-02
-3.824281355933854820e-02
6.999352118297437475e-02
2.923683120279648232e-02
2.577790858754150718e-02
-9.785243889231957926e-03
-1.050523924591936775e-02
-1.879045655517658578e-02
-8.176088568464393372e-03
-2.491495156858272372e-02
-1.246008603936092467e-02
-1.054051115416703398e-02
-4.142869680135566335e-02
-9.933626850493959201e-03
