-1.861729267075373229e-01
2.859484110616442032e-01
-2.020615361683048283e-01
-7.904698841268005538e-02
4.902738050560143807e-02
2.023103837262568427e-01
3.381280755582071196e-01
1.426347507207588183e-01
4.361979038427948874e-02
-8.160985017071255287e-02
-2.699648166950117251e-02
2.843326835382279510e-02
-4.357211128719471610e-02
-6.893223277062657250e-02
-9.619537803079827865e-02
3.045730541184680715e-02
-1.673020491108934971e-01
3.704360425782516480e-02
-1.699120130659036512e-02
-1.859542476316553353e-02
-5.000845004063386723e-02
1.519972286231859038e-02
1.063562856814177955e-02
-1.987027219390103197e-02
4.371677747286898535e-02
5.168448059288972135e-03
4.871222337063615959e-02
-7.522594145641643693e-02
-1.431660417840748822e-01
4.133177062431783039e-02
2.171852439576911140e-02
-2.090109087934361592e-02
-3.421899952768249660e-03
-1.916838837539270451e-02
1.068883911919438559e-02
-6.989148190749139289e-02
4.661739727594394617e-02
-4.145631317684528999e-02
-2.828921300355601021e-02
1.150498988126415212e-01
-4.800972871672034431e-02
-1.634618287098947020e-01
-8.390401222004953072e-03
-8.895385640438388530e-02
-3.464746663073747790e-02
5.900571623998178417e-02
-9.325047266068017815e-03
1.064099034560753998e-01
-6.186354362923190270e-02
-1.793616368197995664e-02
9.877717568646299587e-03
-3.163479246568821901e-02
-5.135496882584838357e-03
2.373003932793955190e-02
7.059170289627933470e-02
3.312964244902196626e-02
7.006719889304648119e-02
-5.084020425383500158e-02
1.208867365489280227e-01
-5.999652520623365709e-02
-3.645859361395023535e-02
-1.097399744859173937e-02
3.389250800237821049e-02
-4.419489192043287579e-02
5.978931626189232240e-02
6.288479255995711725e-02
-1.494069471424171180e-03
1.851014535321961543e-02
-9.413245111849729771e-03
-4.338767292943265103e-02
1.299640561219577578e-02
-3.500853822716587516e-02
-1.136557688009430696e-02
-9.336894079443314176e-02
-2.461018527953419063e-02
-2.446945558870819784e-02
6.496061488641625969e-02
-3.201422305964178594e-02
-4.642936177633776723e-02
1.402610443272462454e-02
2.636559049946354122e-02
3.778990938457830323e-02
3.897978282307162316e-03
3.006660829815506128e-02
4.645698511087655025e-02
-1.107685534415325107e-02
-2.027257518033511591e-02
-3.685689223493521238e-02
3.194234809336027325e-02
-1.069691572069344197e-02
-8.996651970410379784e-02
8.041105174820975185e-03
-2.887741356567006049e-02
5.977910173646704822e-02
-5.318934148984624105e-02
3.184838124650780228e-02
1.677628904905455187e-02
1.886028978291399982e-02
-2.099319128467318912e-02
-8.405027336484337253e-02
8.990455384554381368e-02
1.458084818215834022e-01
-5.202485165606424156e-02
-6.148194117605170449e-03
7.731683105626037042e-03
-9.268409249673374012e-03
-2.766157962235833712e-02
-1.213461865812629978e-02
-8.870629838784768739e-02
8.129058686439691317e-02
-1.937193230728909144e-02
5.666211045793838330e-03
-3.225716587532138219e-02
6.289806126241985484e-02
-5.806024483508594181e-03
-2.543050329649506822e-02
-3.047108314381578517e-02
-1.351639622047325628e-01
4.136034414726826470e-04
5.227091651938212125e-02
6.165212670763895592e-02
7.095226546320147765e-02
-2.870828002839570514e-02
4.562214278533754247e-02
-2.433164433371799718e-02
8.817134231208664796e-02
8.724450138711931091e-02
1.732570156279287718e-02
7.559580229565261711e-02
3.922581375108909196e-02
-4.552261054921682287e-02
-9.474915733296095099e-02
-4.682827123273023556e-02
6.552940445669223901e-03
5.175150281121172063e-02
1.169753198876560471e-02
-3.384001009263434140e-02
8.014941058200083027e-03
2.351448229969582693e-02
-1.141844807814275213e-02
-4.853450420235650570e-02
-2.194578910265642877e-02
-2.999473333187354512e-02
2.044761345988189635e-02
2.763276855230497805e-02
-1.103039791788346970e-02
3.759108245943976190e-02
6.906491979525393454e-02
2.517052496000653575e-02
2.661070517436977742e-02
3.874535776779649415e-02
-3.374804542850643602e-02
-2.999208637844108169e-02
5.583714330482048233e-04
-1.684558493250443850e-02
8.070102889026621595e-02
-1.082035198242733975e-01
8.510318393085690436e-02
-1.500880286217703280e-02
-1.155080932388610898e-01
1.501545418105860834e-02
1.609877077624505617e-02
8.055374968645989675e-02
3.785367381406034432e-02
5.316283802022118976e-02
-1.529613305080102306e-02
-3.865994261664890824e-02
-2.536860530853591103e-02
4.457181130215563669e-02
-3.856112302183692386e-02
-3.063723037465351795e-02
-3.922991992243945319e-02
-3.073910414650295880e-02
-8.496014663960260727e-02
-7.226430598319313892e-02
1.859427096295138138e-02
-5.780053798100074497e-02
6.250770350173226464e-02
-4.273811734416610615e-03
2.913518610763153605e-02
2.148128271055943853e-02
4.708234482694634293e-02
-1.411884960876210772e-02
6.672039776009928980e-02
2.905133198030309880e-02
-1.015988959160702906e-03
1.115336247894158084e-01
2.112285806756350470e-02
7.665112226799571105e-02
5.005361792548783384e-02
-2.332885620641919969e-02
1.096048101843596634e-01
2.801946130054761355e-02
-1.718313936574441007e-03
-7.162045152839651221e-03
4.498314107850043958e-02
-9.138067154304781170e-02
-5.143553122903645608e-02
4.897579884896881286e-02
2.962181831559988765e-02
-2.705712405134493015e-02
-8.336837743828018343e-02
-4.242105983237752509e-02
-1.182911611612943170e-01
2.701986309148793688e-02
1.082054202010966810e-02
-2.916881599034399503e-02
3.262607652614593276e-03
6.284040518701272671e-02
3.509989205588630312e-02
5.389638347401783103e-03
-5.210459961204231411e-03
3.840267910419367658e-02
-4.628907324441718096e-02
3.371641772851853135e-03
-3.199287775567999370e-02
-3.389658023842815476e-02
2.869579183784254015e-02
-5.409032371589643506e-02
7.188521474224372765e-02
6.601542582925309932e-02
-5.956086381949044634e-03
3.493367695444773643e-03
-5.284337110210305354e-03
3.837288391042825014e-02
-6.175885322744791711e-03
4.574828029698457116e-02
-5.867243765459424429e-03
-6.602889814351832476e-02
-1.053524794951064998e-02
-5.966596144487942843e-02
-4.710355438970647429e-03
-4.377002195922201355e-02
-8.258019615081345355e-03
-1.067092128057462938e-02
-3.850957530050471561e-02
6.698543245634984433e-02
-2.225225880071515783e-02
8.907076351431769679e-02
-1.172308526997900557e-02
4.034072411096303185e-02
-5.779385272681875942e-03
-3.069447922645565305e-03
-1.148617275718336744e-01
6.352029893085135714e-02
-3.095900489319995327e-02
-2.384626773186504858e-02
-3.321200342313208875e-02
-1.776876084502682779e-02
1.967086836865542324e-02
