-1.319232265595713105e-01
2.225710427573753536e-01
-2.182653445572291240e-01
4.218838880371943850e-02
1.089957930622479781e-01
2.724947548449840884e-01
1.872159056373400576e-01
2.511423220178318760e-01
-1.744330212074023806e-02
-1.952222524057298583e-02
1.195831401338547269e-02
-3.679843190965337990e-02
-5.304633099444090727e-02
-3.186356381126355386e-02
-2.141016330068960458e-02
-2.713566209659993775e-02
-7.880819234747889201e-02
7.381895479627133272e-02
7.709552163253655110e-02
-7.148861414613594256e-02
-7.196393496849709526e-02
-1.933740205217619745e-02
5.593918129854698329e-02
-1.326947455706467896e-02
7.507136337972385512e-03
-2.699328003258450945e-02
3.499880302138617949e-02
-3.952204493517041256e-02
-1.693750145361762674e-02
2.068774155306770529e-02
-4.303424568482936861e-05
-7.320112010516065248e-02
-7.123067228149518315e-02
-3.662085798163228212e-02
9.881707361754593633e-02
-1.006199317217986722e-01
6.665276435424145884e-02
-1.430302137953815347e-02
8.866043146580628379e-03
1.089434006804417820e-01
6.527474585918820182e-02
-1.198404229748249727e-01
-3.683332721300730528e-02
1.367177555673242985e-02
-5.538003266529593210e-02
-1.712888192753607430e-02
-8.119603281286698337e-02
-2.199260842069346300e-03
-1.170986208960016336e-03
3.018489871771995459e-02
-1.207891534509027750e-03
-6.961741528725048922e-02
1.021486689302994157e-04
8.490159110745593152e-02
-5.492764586666881547e-03
7.069406225777584429e-02
9.693687908555791155e-02
-4.439239461621651700e-02
3.159474805605923947e-02
7.301685708688381016e-03
-2.714541564692360409e-02
-5.400142104893920075e-02
2.717984963370817519e-02
-1.740468333364788081e-02
-9.314488983658052168e-02
6.378304578097057642e-02
-2.350895598418847182e-02
7.934789978244964626e-02
-2.023663985059809527e-03
-3.588433312746130283e-02
8.961766334723375235e-03
-5.557006214068981736e-02
-8.600542280439014975e-02
-6.188499170751150108e-02
3.751360439689957471e-02
2.827860684837940966e-02
-3.779599603971656348e-03
-5.462910814392412523e-03
-1.208305071862277869e-01
5.537492523184942006e-02
5.261612034232671098e-03
-7.573071656207718168e-03
-2.846267215955510313e-02
-3.828139992423663929e-02
6.815761195468593436e-02
1.398095651175597712e-02
6.654975895453948964e-02
-6.860989989976247483e-02
6.850465381958074917e-02
-3.115695863173409061e-02
2.839581420818104718e-02
-2.509492939847371082e-02
-9.859896973378799723e-02
1.119053825675852126e-01
7.530762336560458195e-03
4.889352628585486721e-02
5.540352685914989861e-02
4.372516610100050244e-02
-2.621886131735873607e-02
-3.962577526090995533e-03
9.198111993681268306e-02
1.654610729569695390e-02
-1.490946484650393367e-01
1.173556401275036888e-02
8.072914749348847341e-02
-6.208464292849494998e-02
1.160428649758316923e-02
-2.839274974811313926e-02
-3.288745593696393993e-02
2.419579045360239350e-02
-3.197619095655509364e-02
5.614865197222114468e-02
2.312428386770707875e-02
6.235227244109234346e-02
1.323912651703732304e-02
5.214524792974155852e-03
9.134990706519047210e-03
-1.309766708616062203e-01
-1.004879292805938972e-03
-3.541461400629955080e-03
-2.147069462482668889e-02
-4.541246440462789330e-02
3.558928823017035864e-02
1.239187580086424517e-01
-6.764525400204167427e-02
-8.865746585928892948e-03
6.833633917413044212e-02
-3.936223169506978398e-02
-6.922816295625899841e-02
2.858637090251134327e-02
-1.944413093561659853e-02
-1.311636688281157259e-01
-4.651181474060259863e-02
1.526729492888512507e-01
5.277296797591001648e-02
-4.904025790609571091e-03
-2.506319740873826432e-02
-4.555830634291353895e-04
3.037736658069475210e-02
-8.190174831044125248e-02
2.977001036594530831e-02
2.847242570987877294e-02
-7.897897833169363613e-02
2.129615220568998116e-02
-3.422211067449712138e-03
-5.226047821853164327e-02
-9.184944700744317181e-03
2.345000631686063389e-02
-2.968245907131698141e-02
-3.233486458923454793e-02
-1.345232067444991630e-02
-2.319466759571840817e-03
-4.982159636986192852e-02
7.550631900226577320e-02
-4.087821679554600601e-02
-4.006508043967729749e-02
-3.205323082363865234e-02
6.723731834999098489e-02
-9.121622411362588501e-02
-5.726668562925503470e-02
2.378017717579017712e-02
-4.725776363326199270e-02
-6.481665850581110055e-02
6.084732598709729177e-03
6.142430121063585527e-04
4.558272316990623352e-02
3.799172606986042557e-03
-8.156462475178773153e-02
-7.945518883600998948e-04
-2.145342820465911265e-02
-5.424321683365228297e-02
3.234455223719116378e-03
-1.076704964608361514e-01
-8.086688344062674394e-02
6.422307588577548521e-02
1.194150890978726152e-04
-2.399327247965219248e-02
8.791273616042000194e-02
-1.982217986420928627e-02
1.106489539397425143e-01
3.443224037184180325e-02
8.255592815698099829e-02
3.950629426944503308e-02
3.566606448778571886e-02
3.089908266946037388e-02
-6.950175663307456286e-02
6.767065936454014219e-02
6.266201356623582464e-02
-9.941042557929687454e-03
-4.626863500618143971e-02
-4.046777685354736170e-02
9.326740233692981663e-02
-2.953048821289551776e-02
-3.804461271941950162e-02
-5.098381756400405251e-02
1.006856363817493260e-03
-6.370103028517459798e-02
-4.624145027977256267e-02
2.466373021085374248e-02
9.338540052513608081e-02
5.233208114033343142e-03
-7.478923534637507697e-02
-4.518618862735552383e-02
-7.126082261442139021e-02
4.480181307152585751e-02
-5.123909038277922774e-04
-3.241664942674583882e-02
1.383148994328248227e-02
3.584943782410736357e-02
1.380483243581002648e-02
1.944370257023076212e-02
4.870329910335982615e-02
6.500678683475555331e-02
-5.619382804483515764e-02
9.204468276983414354e-02
2.467691068426410700e-02
-1.644415633386780637e-02
1.696695981168978851e-02
-5.606070526339051313e-02
6.182670106385418363e-02
6.563144242085609814e-02
-3.095994350543271843e-03
-5.568868640138307374e-02
7.301161784870319194e-02
9.167338883386426385e-02
6.551037977258193645e-02
-1.359111105946101891e-02
-2.212724695658030427e-02
-7.359373345687179879e-02
5.264215177731217804e-03
2.045345863819853383e-03
-3.151065663570113556e-02
-6.045995187356677930e-02
-3.069386269846105172e-02
1.183784448641477145e-02
3.344189255097078373e-02
5.797388393008796881e-02
-3.884305284743565928e-02
-5.649974683268965160e-03
7.764781641961422676e-02
8.658556134154721251e-02
-3.307662868158614544e-02
3.683223982395095186e-02
-5.578770470787840913e-02
-1.168218309543840377e-03
-4.917015147155483212e-02
1.818285848379560740e-02
3.952362659197966241e-03
2.968196480356409539e-02
-2.544322340834250309e-02
