-2.838590058043800601e-01
-1.116173077711525713e-01
-6.013690995174301307e-02
5.734847626355899647e-02
2.052557354168725243e-02
2.129429357215436858e-01
3.646102911306482557e-04
1.518154520256232709e-01
-1.032924955707233972e-01
2.273333236071513885e-01
-1.073674155507556988e-02
1.003548425245545141e-02
-7.925810934763671822e-02
-7.365654165901348860e-02
-1.368466768565967107e-01
7.762866062355189278e-02
-5.053154093783361611e-02
1.668439430063804393e-02
-4.518529167574596855e-02
1.059812508681162030e-01
-8.623447396155471678e-02
6.511851383702918494e-02
-1.355863293895070987e-01
-5.196268545046055232e-02
-1.245986200310772590e-01
3.609915550425790709e-02
5.693818442902456173e-02
-6.805146540330858640e-02
-1.053644798608235067e-01
-2.742713550542332998e-02
-3.867360168612881538e-02
-6.878205432673173414e-02
-2.495854279240742116e-02
-9.026367731251243309e-02
1.547298783577112924e-01
1.749157524345479678e-02
-5.620212214095394315e-02
-4.515466188512269607e-02
5.510169516144840067e-03
2.566239643466800002e-02
-3.666649080136939048e-02
-6.699366751384573659e-02
7.493362499108283115e-02
5.406621175862518641e-02
9.149395635971183105e-03
1.563270131789736006e-02
-7.815908579496384789e-02
3.540537144952181359e-02
-1.412620331005667029e-01
-3.694233434533293614e-02
-3.845589509870910028e-02
-7.857386859536286128e-02
6.061260147668039860e-03
-7.124317379186362320e-02
-1.987715525931759222e-02
4.064748644062449179e-02
-7.646606183535855153e-03
2.445071279300162909e-02
3.689191623636885881e-02
7.126864598887677760e-02
-8.282088379075275286e-02
-1.173387281112867886e-01
-9.096802215416444418e-03
-5.627306536734599796e-02
6.117056889968373878e-02
1.433608930145126859e-01
-3.852936449339997710e-02
-4.106202364132778559e-02
-6.808588444638008497e-02
2.265902792705881685e-02
1.416573433536622885e-02
4.387628038323314328e-02
3.398155984209563774e-02
-1.636988634743412330e-02
5.570937897999948471e-03
2.723139254793507935e-02
2.329646439446274656e-02
-7.581395955755310112e-02
3.613585511593252891e-02
3.181130058803700172e-02
6.808293725003146390e-02
-2.123483037725365508e-02
-4.485460922829540009e-02
-7.222771280066048703e-03
2.653048610202313196e-02
5.216944530858534657e-02
8.122609970943514557e-02
8.371665605238251540e-02
9.075101728016107816e-02
-1.401684478268704903e-01
-3.211180935858491941e-03
5.772013877452386588e-02
5.795770385162602595e-02
1.134150273724759128e-01
-3.382497249323920124e-02
6.152398686182374704e-02
-3.833709501732261021e-02
-4.310443071092914108e-02
2.563790663643771006e-02
-1.692462588872229671e-03
-3.425701744368019747e-02
7.976730768820437800e-02
-2.803278435506702249e-02
6.741609899048285615e-02
4.007446726484064498e-02
-3.799462378447751587e-02
-5.789588289964640866e-02
-3.758075321151974069e-02
3.298403913509646065e-03
1.938539449714600169e-02
-1.148420668616172667e-02
1.516897400670858161e-02
3.674206533630929028e-02
1.390985453809757619e-02
3.417709228555898537e-02
-4.125404751770943290e-02
-5.883902081687917597e-03
-1.390774939784855495e-02
9.132908879254257595e-02
1.490477890545629375e-02
5.664279816641593079e-02
3.518338441026242630e-02
-2.341186116577998258e-02
1.096138457961581270e-01
2.374506978152938000e-02
-6.876089766722905811e-03
6.499890678521390297e-02
3.461527722839296412e-02
7.882311720084710094e-03
-7.026617820229240363e-02
-9.272742820295558352e-02
-1.154493296521185292e-01
1.029520943924564919e-01
3.259725470000944536e-02
6.313098075658568620e-02
6.362996916694557172e-03
2.900602577786080827e-02
1.379101937104027301e-02
-2.571611259668888858e-02
4.841976949702697652e-02
-9.649113828284076877e-02
3.900789795767353914e-03
-6.307754527993132687e-02
-4.792313182661181448e-02
-9.546930320596538899e-02
-1.225005670875600888e-01
-7.198523572964395101e-02
5.119999313823980075e-02
-9.812869179688434029e-02
5.243606132112401536e-02
-2.260475039430486291e-02
-5.669451444520024613e-02
2.623081938757481843e-02
2.185651337846073253e-02
3.126589383518615928e-02
-1.252965441949697653e-02
2.029509577009013313e-02
-2.043985924788123063e-02
-1.202394359460853129e-01
-6.325946448311767039e-05
1.626469950632464939e-02
4.072779754112468981e-02
-6.144006193722939546e-02
7.866586322424513888e-02
5.103575711314525115e-02
-4.954065142261885463e-02
-8.278885057329678915e-03
-3.805356771145013486e-03
1.235541897821957127e-02
4.236700008169665826e-03
1.928743530422483490e-02
-2.948834849458261548e-02
-4.502859906987708577e-03
-1.841527569905493031e-02
-2.296220320858883418e-02
2.480465704020390003e-02
2.271986648025555930e-02
1.006043016440636567e-02
8.825168951950942975e-03
-8.132662015632594055e-02
-1.489993708288354403e-02
1.324385833464858039e-02
-7.449831707325585417e-02
4.259505694200739663e-03
-8.516906248152458087e-03
-1.913397058007111542e-03
3.129659379715107187e-02
5.073570445631794823e-02
7.934547266797113696e-02
2.114995813954724524e-02
7.544261281762558620e-03
7.400799482358777492e-02
1.485404502545485846e-02
2.106631390031942636e-02
-2.841363931178595564e-02
-8.948105633926760338e-02
1.065257103078549872e-02
6.923409810953844168e-02
-3.333170304722248012e-02
4.513343505427839381e-02
-8.356273521450816033e-02
-3.537386451712811603e-02
7.342974788285216992e-02
-3.087247820831472145e-02
1.000325455524292140e-01
-4.768374229462717800e-02
3.376655485132883799e-02
-2.023650269982568348e-02
1.033708067879870150e-02
1.032539715041662781e-01
9.287948950027663172e-03
-2.082632791193089403e-02
3.071255772073067103e-02
-5.933478134552391120e-02
2.266857122952105341e-02
-1.479341698628301900e-02
-2.955957240634120298e-02
-3.455489478891683730e-02
-1.090687197286738068e-02
-5.038161986643241441e-02
9.579195103479887230e-02
4.285325239354997873e-02
-4.955640488881569994e-02
2.562717042116769567e-02
-6.558353931803820140e-03
2.314759589318605981e-02
2.095295209790958013e-02
-4.521521975295290929e-02
4.113444046589415115e-04
-9.645892963703073600e-03
-2.150204284619620931e-02
3.450079268451697063e-03
-7.054598642705826872e-02
3.796848495971882204e-02
-6.064838886091377702e-03
-2.228708473072741128e-02
9.992739379699056013e-02
1.485229074191400656e-02
9.328581665400872969e-02
1.333919311939263386e-01
1.132540894004381571e-02
1.788979760722816600e-02
4.340907959063347588e-02
-2.048575130530991620e-02
6.861448516290956368e-02
-6.161906902973791900e-02
2.318236579296574160e-02
1.353675351462920590e-02
-4.406598860534086115e-02
9.623389014441026401e-02
