-3.153051570108838519e-01
-2.010277254626918753e-02
-1.339532754069596397e-02
-6.896863812728624976e-02
9.169504177205825557e-02
9.198632992107651229e-02
1.259019479616522719e-01
1.913960245759734613e-01
-1.471119637454450513e-01
1.326358467624937643e-01
-3.095649798387397223e-03
5.227777531835380714e-02
-5.187203930717359558e-03
-6.830103177303036011e-02
-4.446656978779933017e-02
-4.445171268429433387e-02
-1.997513483660652220e-02
-5.152969607429028383e-03
-1.525057592201620876e-03
3.355223033190481846e-02
-2.166923366257763606e-01
9.000277692769187432e-02
-3.384848319880254253e-02
-6.811944906909517261e-02
-6.642070045137872525e-02
7.077242387327371820e-02
1.373691124584398571e-01
-5.575196632998458829e-02
-1.632053190525691311e-01
1.606708676252297310e-02
-1.089246135210473476e-01
-1.247861461433066171e-01
-1.070778125701488948e-01
1.938166579934191662e-03
8.207782748751057955e-02
5.466235895597318373e-02
-7.371928033581053030e-02
9.618696289884830913e-03
3.912494090095019203e-04
1.613168367015631322e-01
-3.404444135450815367e-02
-5.628463609829231079e-02
-4.371648983653064757e-02
9.765296257836422744e-02
6.109918978698149206e-02
3.609505508939914870e-02
-2.654890296076815870e-02
1.006992986491577098e-02
-1.471395660948495721e-01
-5.734104655275139989e-02
7.790350010447331941e-02
-1.535550189988693984e-02
9.122943274525691093e-02
-1.346524114247635642e-02
-5.437781393123899271e-02
7.160123535807888517e-03
7.435806168625870571e-02
-5.970099185164053079e-02
6.252080340664954716e-02
4.614153221985441145e-02
1.134516581743280211e-01
-3.587112408295469596e-02
7.986889853247777782e-02
2.034763687810098309e-02
-1.203860722972868724e-01
8.614011526705876720e-02
-7.099631782958473747e-02
8.070037762688983540e-03
-2.645712978026469944e-02
2.592620136822813490e-02
-5.245450445480979995e-02
5.546427204390894788e-02
5.670756337138355141e-02
5.370602091190564142e-03
5.796308124288970624e-03
-1.759132925178915827e-02
3.631802279237444746e-03
-3.319992061312911774e-02
1.774660636098980213e-02
-2.440718294777542707e-02
6.377587667655455761e-02
-5.074189908719094200e-02
-4.398325079721893821e-02
-2.365376848449813468e-02
-1.965194652270596185e-02
-3.128461396552057600e-02
8.413977856323083537e-02
4.802327144657633773e-02
1.770377640674596076e-02
-6.084995353940508139e-02
1.385237798667524577e-02
-1.902531761602246907e-02
-4.383064129762517802e-02
1.348026497158178738e-01
-3.889523007369082973e-03
4.177343263898383036e-02
-4.772168336046484285e-03
-1.354615863388513967e-02
-1.993723255010872511e-02
3.815656156351824452e-02
2.328589770968228501e-02
4.297700622342262577e-02
-7.175336320593805883e-02
6.351156102467256370e-02
5.679785454654986043e-05
-6.554783635792656160e-02
-2.420670467579148430e-02
-9.735437555306047930e-02
4.205471725197627159e-02
9.215053611243353981e-02
3.812217903969619681e-02
3.086313164763306981e-03
-1.848008785248233393e-02
2.434408657054595859e-02
7.048647094346922881e-02
-8.794504956718252053e-02
-1.623133000401342022e-02
-4.295221968415867029e-04
-5.450667429530481681e-03
2.956011550507102806e-02
3.709611264451541379e-02
2.730594833712148830e-04
1.419672192676372374e-02
1.042134297046248825e-01
-9.530617007684236142e-02
3.215121658642325353e-02
7.386825892232826152e-02
1.034798741128654803e-01
1.294627992353733145e-02
1.483027920839842875e-02
-7.718524621782008044e-02
-1.532941490093963077e-01
8.751612017247580510e-04
-6.141689468113457374e-03
5.758768929098778688e-02
-3.666199623112863237e-02
-1.703468804715291274e-02
-3.855118253466977701e-02
5.424669350903401494e-02
-8.990363077063606712e-03
-5.999413250733023201e-02
2.863004600560459592e-02
-4.132386631995719692e-03
-4.732458003037357669e-02
-1.302625634155701873e-01
-7.700129230534544233e-02
-6.755580538924085832e-02
8.049808389836787814e-02
-6.962646324631691086e-02
5.005702737075716502e-02
6.205230446944071977e-03
-2.700976957049062294e-02
-3.368398060637808888e-02
6.558896200603267501e-02
6.443944456626668829e-03
-7.354699721536599177e-02
6.053454575352460593e-02
1.725758164986135627e-03
-1.120223751770401815e-01
-1.733964769540643353e-02
2.933888915836688205e-02
3.741344703733419375e-02
4.294406865480430990e-02
7.950236156246537345e-02
4.602515775075413651e-02
-4.017157012018404000e-02
-5.263504975500898214e-02
6.246404260223641786e-02
7.384024902145598646e-02
6.193285483926585372e-02
1.443936325058978523e-02
-5.926016936410311714e-02
3.096094399988544299e-02
3.299914594007774538e-02
-1.536717269191705329e-02
7.980783991258689689e-03
-7.317820018721442332e-02
3.745209032650057696e-02
-5.877929568232903926e-03
3.317024345625254559e-03
-4.449832175214792768e-02
2.327037370377556605e-02
-3.028896572988494171e-02
-5.004443032539133279e-02
6.954976947011901924e-03
4.148110708622957526e-02
4.542246323026573329e-02
8.814015556981927291e-02
1.649471940255968494e-02
-3.108209793619804220e-03
-5.341628886849140306e-02
6.426860640102589894e-02
-6.583401158853162405e-03
7.542258611993872715e-03
1.641213465514659853e-02
-5.146834105333197157e-02
-5.820716752191949783e-02
-9.639259113937889353e-03
-1.816001174978980684e-02
7.540239379721996871e-02
-8.415567307047185520e-04
-4.119382035162165272e-03
-3.661849937448306835e-02
-2.959497968062764842e-02
1.183898111081361226e-01
-1.148680106750491620e-02
4.574665189776887242e-02
-3.789398726790741551e-02
1.820339745603508086e-02
2.658247038165477069e-02
-7.112032462617136341e-02
2.349059969687712288e-02
-3.211135064285372109e-03
-5.775522999435340858e-03
2.342257565190161012e-02
-3.830439159589967696e-02
-2.114443704762355644e-02
-4.049053471887370526e-02
-5.111328962468254106e-02
1.436248422372475748e-03
4.001003153843391003e-02
3.051056257792336690e-02
-4.720520450046555849e-02
2.667987518243943035e-02
5.505805438099415500e-02
-3.093185964514373262e-02
6.505555123505636639e-02
-7.079713631227080306e-02
6.013670142076474323e-02
-1.552256095151798541e-02
-2.282777280983356444e-02
2.906694117899853540e-03
-5.492296959451227478e-02
-5.381783821459415473e-02
-1.650253698071318942e-02
-3.235084270533832712e-02
9.458650828511881714e-02
-2.605735884056654462e-04
9.718813160436487464e-02
3.991540549765641710e-02
3.466632784411274090e-03
4.974573214968729812e-02
1.081752745724472338e-02
-7.043700901534161174e-02
1.828664910584988645e-02
-4.718212226733933118e-02
-4.735874025339505133e-02
5.042560209810816735e-02
1.494991408924044307e-02
1.077343779846429758e-03
