-2.731923445882816215e-01
9.577701986006726884e-03
-8.549572706437941205e-02
-7.921535006191880723e-02
2.521446706200263302e-02
1.221189623588949946e-01
1.179076541703752701e-01
9.366830197385951629e-02
-9.031316143402606800e-02
1.952181186221491616e-01
-5.938133419575234752e-03
7.371851081667381289e-02
-5.271495545246821651e-02
-1.141442363200265431e-01
-1.014776553367639778e-01
-2.284958012433976546e-02
-6.654073113036938769e-02
-3.220034523853540498e-02
-1.057115634964757994e-01
9.576004284821482138e-02
-1.772304519176172710e-01
3.746350726968396272e-02
-1.618507570083552866e-02
3.038712107454926911e-02
-1.319561134559716353e-01
1.156368076232071884e-01
1.326591635964854965e-01
2.537558647385072114e-02
-8.585804749567627070e-02
-5.441081836254442472e-02
-9.751253184241033545e-02
-3.088929459711471648e-02
-2.769772450268767269e-02
2.811241775398795259e-02
1.787126423727862234e-01
3.963014884601248622e-02
-1.013771629608730268e-01
1.159230739249739791e-03
-1.627486282721440480e-03
7.635838209281295419e-02
8.132377959123733568e-02
-1.659454248351880865e-02
-1.970724696874593881e-02
1.017220017557613210e-01
5.510471317182574769e-02
5.064275075735713560e-02
-6.859372404773661502e-02
1.422028394695650302e-02
-9.092177469332247963e-02
-4.554114067339048999e-02
7.891174630218806760e-03
1.353114702634719817e-04
1.756684586933584744e-02
-5.007079486760200593e-02
-2.621553404751872374e-02
5.800471840664672002e-02
6.615764900304914320e-02
-1.219673947690021014e-02
1.661537626876449097e-02
4.266207735764866726e-02
-5.614715937094399284e-02
-1.243232345092658842e-01
5.060822001987381330e-02
-5.471034908121503310e-02
-7.127706512492473778e-02
7.339450580703119065e-02
-7.086867968057600220e-02
7.105877895979005598e-02
-7.641244900954051456e-02
4.491017975518003108e-02
-1.013934911697247573e-02
-1.224049763483837060e-02
3.982493392467625903e-02
1.028060794807597773e-02
-4.976949796298496542e-02
2.893830792930679116e-02
-7.524017012105385649e-02
-7.774966803865733522e-02
4.483899164815542682e-02
-5.116842536639348848e-02
2.233936865348749162e-02
-6.179390815396890169e-02
-3.498324153172450990e-02
-3.764127929188412769e-02
2.156711285956237553e-02
-8.839796706509178009e-03
5.588392557570315278e-02
-2.630748385056670691e-02
-9.609817734542887985e-03
-4.271344092853983365e-02
5.191036764234002905e-03
5.880152058076613952e-02
4.121430950612958027e-02
9.929850628036580862e-02
-6.997232229045558492e-03
1.391646391955884271e-03
-1.265562342147246930e-02
-4.751725043517114611e-02
5.775903833703675133e-02
3.320790025405880724e-02
3.778632280715855940e-02
6.703292029564582311e-02
-7.077153945352217257e-02
7.041559891839915819e-02
2.027195789165958661e-02
-1.277577452828553839e-01
1.017784476168248804e-02
-7.746232039855600882e-02
-3.579161402602362707e-02
5.873847855586181860e-02
-2.459035461991099236e-02
1.312578932933521070e-02
1.160225570517526596e-02
-1.640397462435978435e-02
6.686769179812643293e-02
-1.061564621319212032e-01
-2.137658104501450121e-02
-8.672960619332431564e-02
9.266546880239698303e-02
-8.889538269898520848e-03
-1.705944587815340363e-02
2.510849590521663927e-02
5.918056571163739232e-03
1.149678917294539859e-01
-1.373032233864924789e-01
6.168999154001856070e-03
9.590562703265652356e-02
8.065244870853696679e-02
5.382430044988400358e-02
1.785037278065509589e-03
-3.693001098002768323e-02
-9.712404302341735851e-02
-3.548022463028411427e-02
9.239989210743128345e-02
9.354838155255780496e-02
-5.870135260637558000e-02
-5.597695671708567688e-02
-2.836833449316500388e-02
-2.492542532517717097e-02
-2.279536902916761559e-02
-6.659332021803972268e-02
2.491713506461228078e-02
-6.950950948326779788e-02
-9.905015890953060287e-02
-7.613760884950881991e-02
-9.783952855477855148e-02
-7.390396034104927681e-02
3.267725148868351470e-02
8.989634155066783885e-03
3.953102616534531766e-02
-1.076569632495552251e-02
6.040319892190297059e-03
3.167528338788863033e-03
1.785978042416569087e-02
-2.875105617437372779e-02
-5.389707451979928315e-02
5.963072686031093556e-02
5.541786875351169955e-03
-1.283454887122949528e-01
-3.242256026628562160e-02
-2.941961162201540709e-03
5.016004132481360206e-02
-2.065392263603412285e-02
1.056068539010801138e-01
2.822444440544742694e-02
-6.043073700482286953e-02
-8.529427373265258128e-02
-4.633390585106092474e-02
-6.648644794597494134e-03
4.760710965077233348e-02
4.676204374232079131e-02
-9.622858674857573402e-02
5.927464214674332474e-03
5.109103758625078984e-02
-1.405370377651893321e-01
-1.078490810269937608e-03
1.140887636634640816e-02
5.623856850482469860e-02
1.536498870791210870e-02
2.535543753621692306e-02
-1.100009443127500895e-02
6.809367715722911690e-03
-9.776206868541353900e-02
4.315916859004172157e-02
4.322476978233781575e-02
-8.842175650845189236e-03
3.517352103399431357e-02
3.924962588608402192e-02
7.018487736241715846e-02
1.375087497592794757e-02
-5.305024242540130885e-02
7.732225103962050983e-02
-1.449660193604541437e-02
1.068474012830880789e-02
-3.752755854370052463e-02
-3.951913144366525632e-02
4.337608505995263486e-02
4.729784688709076645e-02
-3.596603389938669154e-02
9.918301934623575955e-02
-4.122216723136065686e-02
-2.600827753339646567e-02
-4.208777856816867113e-02
-3.649051903625503274e-02
1.254447625852509463e-01
-7.599739531212872101e-02
-2.498443035363250020e-02
-2.169417011387210839e-02
-6.571029933404543000e-02
1.596992541687104403e-02
1.378623473946776271e-02
-1.803239806697116629e-02
1.980287332213139309e-02
1.768042243907484365e-02
-6.416661677225168024e-04
-6.229294579536415882e-02
-1.384383402808817519e-02
-5.638573865215708303e-02
-3.432733774259706661e-02
2.385100755596737329e-02
1.027519044301987844e-01
2.257791189008942143e-02
-6.412329114964734900e-02
-9.774866009006510925e-03
-5.612012591258022653e-02
-1.709037215452155825e-02
-6.912419259005615074e-03
-1.932978780076536479e-02
2.810138810297553233e-02
3.762635682286732258e-02
-4.854863093866582102e-02
-3.309991059904832111e-02
-4.905195788878811969e-02
-3.917706808383564915e-02
-7.968814722639562184e-03
-3.592681736245363633e-02
3.308390679169696813e-02
1.236535616786785079e-02
6.021616343463680882e-02
8.699503870984541531e-02
2.840077464320153039e-02
7.374817553165165240e-02
3.501398758503690423e-02
-5.173335255697404655e-02
5.711870581992684742e-02
-2.587649843502586033e-02
-3.047824185154075858e-03
2.728926696911663716e-02
1.410112046248898979e-02
-1.731651604488730622e-02
