-3.128873844666977266e-01
-1.081945108778639003e-01
-1.168852710214490082e-01
-6.844099185382437889e-02
7.478038792333489837e-03
5.061825202854979694e-02
1.020211232078661739e-01
1.693349996961694137e-01
-3.766872960455921321e-02
2.356786629675550748e-01
-8.828401848797186660e-03
-1.455702866089250008e-02
-8.828304281823158572e-02
-5.082845465370566113e-02
-2.162029940585811008e-02
-3.066710673281276920e-03
-5.753061918701878746e-02
2.345394420700711718e-02
-5.665927383711621967e-02
1.945684209657818492e-02
-1.082477390825836161e-01
4.668951907177307237e-02
-6.239263445424770432e-02
-3.925459042759343181e-02
-1.658273585721142251e-01
1.058860762723616428e-01
1.200322034289310752e-01
5.081750547106474170e-02
-2.044812255270257034e-02
-4.389895907090731603e-02
-1.093645195760410416e-01
-6.164700595717600984e-02
-4.069858164320769300e-02
5.848247535845259998e-02
3.957775392712392648e-02
6.466576426951835266e-02
-9.367813512281639166e-02
-2.118442798336713645e-02
-8.911116961223138587e-05
1.077987864583896255e-01
-5.987432244683634462e-03
-6.141425452024480008e-02
-4.961461308904854296e-03
4.722899216631525066e-02
8.288791437773047888e-02
-3.649030123788261915e-02
9.710443429926528432e-04
2.153874064275397224e-02
-1.501756284626276916e-01
-6.944416102641363941e-02
4.879884477842561658e-02
-3.181467502696347371e-02
-2.695865832184145966e-02
-5.141251946897026220e-02
-1.215965272458465335e-01
1.143478431143114260e-01
4.916396207678814384e-02
-1.016774345078735008e-02
4.600933271913275335e-02
8.273169881153676075e-02
-2.786227304500588087e-02
-5.947534579489448248e-02
8.747146627390024742e-02
-4.007816409613858960e-02
-9.164960932502555502e-02
4.684746916194949817e-02
-2.989321994918927097e-02
1.268255027431696054e-02
-9.355393597847039278e-02
3.317786633371603428e-02
2.483393871484227897e-02
4.439626155111961459e-02
6.610205853495929040e-02
2.230926678616095005e-02
-2.651129567796496958e-02
6.915221895857211198e-02
8.695042249667446488e-02
-4.875584303802068392e-02
-1.628772223648382658e-02
-7.171053342533495467e-02
-1.993994316168196460e-02
-1.509010569824839436e-02
-5.336266646429194821e-02
-4.285022250785534143e-02
3.559073373734454593e-02
-2.925693873486154631e-02
5.439600912699728980e-02
1.832065661606408283e-02
6.801249215825996841e-02
-1.044902542331841745e-02
-5.759682018569259321e-02
1.510914932614200630e-02
2.138480163928758657e-02
1.351017839267172893e-01
-2.051970780290606963e-02
-2.249392131848799645e-02
-5.355147662699426270e-02
1.904651876691602604e-03
-3.541532999959200179e-02
7.843853513880734429e-02
9.352864083705572651e-02
1.102917671884700301e-01
-1.256764528764503508e-01
4.659798679576830291e-03
2.437078467553977987e-02
-1.230055027585596344e-01
2.327705889668600300e-02
-7.683471476536871472e-03
3.107175672361478513e-02
3.341097912981031565e-02
3.915257873585972076e-02
3.493331301197742222e-03
3.104317321381621503e-02
1.058117446925188436e-02
9.005511201799404342e-02
-7.080146217880822768e-02
3.434939274037804996e-02
-5.950490497443332999e-02
6.102113188674460759e-02
7.732327235383479325e-02
2.472238714120361235e-03
8.134845207123401686e-03
-2.532676034143255261e-02
9.923099683799610493e-02
-7.782624817290724473e-02
5.749914480391568605e-02
4.006739559307920945e-02
9.758442767556670117e-02
6.957717733433847751e-02
-3.782899239337926545e-02
-4.673346034600197457e-02
-1.544692619022690894e-01
-1.287992464918395578e-02
4.015235113231617470e-02
3.634839549454636082e-02
-3.014765293590448980e-02
-4.027138284063031676e-02
2.883595530988892000e-02
-4.490798226193827569e-02
-1.338073231327800011e-02
-1.155804753554480202e-01
1.631966638649891624e-02
-1.074157096096226977e-01
-8.061182141732267659e-02
-1.035684631441174952e-01
-7.130823226909287216e-02
-9.245681342348378851e-02
8.695074771992121476e-02
-5.558574803547786797e-02
4.441429337335664473e-02
-8.284122677386226638e-03
4.642326964042558374e-02
-1.108975135535186264e-03
-7.894685907349317452e-03
-1.447131426741309589e-02
-2.667072734070996889e-02
2.097234629056332969e-02
-6.400697037933157640e-02
-8.296513683087780588e-02
-1.613952884371019914e-02
-1.919471215968965305e-02
5.637929275757219000e-02
-7.846661274577761136e-03
6.441013879756501970e-02
1.246121417334701831e-01
-3.091807067156254404e-02
-5.841323894280903151e-02
-3.908822066891756014e-02
-2.435705302734324576e-02
4.371177502443879953e-02
4.910506053320828207e-02
-6.773514900060631505e-02
2.932288678212120400e-02
1.199654603915126759e-02
-9.362035379264205259e-02
3.634344487401234419e-02
-8.249829692811202477e-04
4.031275846480145142e-02
-4.683930244486419342e-02
2.557830245484323667e-02
6.075676152304506153e-03
3.643971095505329355e-02
-2.943769058822747267e-02
6.097303498214044076e-02
-3.349304379574274959e-02
-2.329122417587821750e-02
1.907452410205368737e-02
1.981010681439212412e-02
5.310534260427220155e-03
2.915181935432546029e-02
-4.825301176261347254e-03
4.556565593871954312e-02
4.826175665435968043e-02
-8.079821047363243414e-02
-4.928407786259148687e-02
-3.440254867326515698e-02
2.976844263018236375e-02
2.028095780386794666e-02
3.870770947020839292e-03
6.441808869915248426e-02
2.961049254000593881e-03
9.167609695167833195e-03
-3.051457703008234740e-02
-3.481045089653476976e-02
1.211442501173523312e-01
-7.522850942145384301e-02
3.660517731582150353e-02
7.787795866914208089e-03
4.601077815578501727e-03
4.376785796654674571e-02
-4.762930584716046703e-03
-1.668778296591489491e-02
-5.789009928243747834e-03
4.460715075868530027e-02
-2.313125047438861770e-02
-6.295859517544266648e-02
1.799489133055951276e-02
-1.021522604481430764e-02
1.152255122495676742e-02
2.407974600560591413e-02
3.451937609068459617e-02
3.228238219172061690e-02
-5.980963915664741677e-03
2.842353609708097098e-02
-3.831440615712667502e-02
-1.364282611425022759e-02
1.261262727626356710e-02
-9.045080030155200346e-02
-3.758680948229201069e-02
6.901598655409600614e-04
-5.676533275147627178e-02
-1.801418790986727275e-02
-1.557862715079817370e-02
-1.007736752410438689e-02
-2.641510186875663246e-02
-9.530540770593805278e-02
1.078735155333118145e-01
1.685339387034832936e-02
6.749596537057252210e-02
1.146970244735827094e-01
-4.498560221016498911e-03
9.074884933924937461e-03
3.534818946709422649e-02
-8.563970054039918289e-02
4.086227734407688050e-02
-1.812407723135583612e-02
-4.258234696027404093e-02
2.598696353235529014e-02
-2.755652705713520535e-03
-1.623846898255784307e-02
