-1.815607778912173009e-01
1.873459406206607614e-01
-2.601412307607889884e-01
1.682450286249356731e-03
3.972507835539179633e-02
1.442644697038238111e-01
-4.651553912731506285e-02
9.465564558701715370e-02
-9.051551925421094658e-02
1.276319132664382842e-02
9.910658131107303107e-03
1.385275071708930291e-03
-7.379613838603193976e-02
-7.657882757450948374e-02
8.921909772053424059e-02
8.486854940723588536e-02
8.549682508541317505e-02
-1.158399523396874166e-02
1.619182366562454123e-01
-4.707087374001638763e-02
8.004080490911310089e-03
4.571204825915598652e-02
-3.606115145297698801e-03
-2.116405127865571278e-02
-1.212924126787265910e-01
1.502776400098282672e-01
-1.113744924796070297e-02
-4.074895874837356630e-02
-9.325563278904806797e-02
-1.007383395147271044e-01
6.476995742076932516e-02
8.828499642327251873e-02
6.588667836951550560e-02
9.127315941844955927e-02
1.326654163582414170e-01
-6.316649992333946140e-02
-1.060174357791601463e-01
-1.097016893523347358e-01
-4.861548712752346985e-02
1.600754157013922208e-01
3.071740854388588932e-02
-1.553698092196911240e-01
-1.249196732573540705e-02
-4.362217459839594358e-02
7.765044538515999961e-02
-5.374784690006196783e-03
-1.892245735383586355e-02
-1.056638015456617535e-01
-3.612369779365109945e-02
-1.156562647370246860e-02
-2.642267847883855020e-02
4.462740144413056276e-02
1.940267940033207211e-02
-3.666906486202188564e-02
-2.805005808266168923e-02
-3.232456827206708905e-02
1.614310017303452194e-01
4.977396496734007997e-02
-3.159319970681396389e-02
9.116928336717633474e-02
2.867986449086116704e-02
9.697708666159911284e-03
-1.114623848615787921e-01
-7.750837228007724511e-02
-1.199508168102089711e-01
-4.310749332721416395e-03
1.150869399638879964e-01
9.524519023579579302e-02
-5.604500988452456450e-02
2.241892951149765736e-02
8.936352031820919695e-02
-8.423785303972119651e-03
1.410977096732671243e-01
4.522694923561233760e-02
3.171092352503212392e-02
3.809072147053728374e-02
5.963866559940908703e-03
-5.700865783105179413e-02
-8.570664189357098117e-03
3.867036977173059220e-02
8.185372323097467318e-02
7.076714405747230874e-02
2.450976432831814336e-02
-4.172335740342873051e-02
-5.141074254153201600e-02
-6.016601989123969429e-02
-1.765625883850423586e-02
-4.118721031356369078e-02
2.951293760665837235e-02
-6.072576870214454331e-02
7.758380523163584119e-03
-2.718038983982237755e-02
4.885712888079376398e-02
5.887080870223168616e-02
-3.125700867589401022e-02
5.420820505464232081e-02
1.253739084918456537e-02
-9.230800411019490087e-03
1.001538854332315563e-02
-2.962713718598823306e-02
1.749325389032735378e-02
6.519496639134887694e-02
-8.836042937483111481e-02
7.792697354358717188e-02
-3.810716791868266895e-02
1.815979781905937901e-03
6.916657002822379496e-02
4.143543776576665352e-03
3.027994014289316083e-02
5.478981126632913312e-02
1.049974000104201589e-02
-5.604643381942892542e-03
-3.890044205390294496e-02
2.404897899326648159e-02
1.754472913712005339e-02
2.054289527500023985e-02
2.581305634790840783e-02
3.780433256289739835e-02
2.354230735592174190e-02
2.621941177124082270e-02
-1.793307178391228066e-02
-1.662760826359286140e-02
1.734708697239455632e-04
-1.371605296627051614e-02
-5.330432677572570499e-02
6.051734023051849598e-02
4.763539273285084807e-02
1.800728015145312277e-01
-1.631776002840360992e-02
1.850755832107727969e-02
-1.140358268158602915e-03
-3.397166937431565087e-02
-1.626411328088175900e-02
5.557632171075368999e-02
7.594492735345997891e-02
2.740188291419594011e-02
-4.967873932061084991e-02
-2.708295709399138190e-02
6.161441087758448565e-02
6.621307984796798163e-02
-1.139925035963950672e-01
-3.828569375731710051e-03
2.190542298661198040e-02
-2.003896471234639654e-02
-1.019760593319714859e-01
-8.909204712869250821e-04
-1.378215914420553856e-02
1.417454220628889539e-01
7.715092902070968053e-03
2.737069873979040488e-02
3.826575866865602332e-02
2.140957325454039342e-02
-2.682319576906307471e-02
8.855807153955660982e-02
1.584978382208491673e-02
9.792400337300008820e-03
3.115188668157945970e-02
5.944590041173103412e-02
-5.341795678109381718e-02
-4.889418678667978996e-02
6.713924270813786954e-02
2.111051132625168733e-02
1.420802247572771617e-03
1.956379763476067540e-02
2.665841090225574278e-02
4.795812757892457443e-04
4.387545701950940069e-02
-1.251282797208431476e-03
6.973589480136047070e-02
-1.783649339902390607e-02
2.094650962364175487e-02
5.324662181372641356e-02
2.742107043703222603e-03
5.670713961505305899e-03
3.985668553892748878e-02
1.053562316063194754e-01
-4.137808878749345970e-02
3.578718637737766939e-02
5.839987783098643526e-02
1.131821778406950571e-02
-6.565372261916183061e-03
1.101468826001836265e-01
8.698640338886664061e-03
6.407493479395005853e-02
-1.936515871560212307e-02
5.797896267325692438e-02
1.423696751249614034e-01
1.035020191722314103e-01
6.484296968299049779e-02
4.035791062526304651e-02
1.980818046272186592e-02
6.994378929739737683e-02
2.425523596416337066e-02
4.237861664804368211e-02
-6.492662585862178648e-02
-2.577873951671327823e-02
-1.962502683564825486e-03
5.960424197309612676e-02
-3.467573398777762383e-02
-1.185087623341885867e-02
-6.501473183082921714e-02
-4.169512789394974606e-02
-2.596189314378688495e-03
9.976265931825802069e-03
8.846131516280519858e-02
6.978313384181270007e-03
1.527775357262994241e-03
-6.417930922243980651e-02
-1.008275846348579974e-01
-7.403696137673222710e-02
-5.333867920529344192e-02
5.174251937424844544e-02
-1.273410745622222638e-02
-4.809194186156202921e-02
2.032225656156929142e-02
-5.422183923135159150e-02
3.154514190379173466e-02
-8.571198164946232378e-03
3.000084890163813925e-02
-4.558756075014210735e-02
-1.895602661920620449e-02
4.290707448942517044e-02
-1.400482696487520377e-02
1.543495598607155100e-02
-3.080270224465719853e-02
4.428323637774617821e-02
-1.247577006619828531e-02
-3.743318393007534495e-02
6.879253792722039851e-02
2.595751454395597152e-02
3.114647572894288161e-02
-2.670330045011576336e-02
-4.647645211419031142e-02
7.630447091681147320e-02
4.630493915495986594e-03
-1.502475593849736217e-02
7.359821143432557396e-03
-7.505635637476523736e-02
2.205892316930224348e-02
1.942941377816147577e-02
-2.846566908287245790e-02
4.968308232206915254e-02
9.432511469734204679e-02
5.264180546309850037e-03
-2.119317074744992563e-02
-2.834420743553034763e-02
-8.440989997454077798e-02
-2.387276704885164108e-02
2.102386488732124054e-02
-1.822643797258353612e-02
