-1.958012289246247040e-01
1.591905419573065583e-01
-3.619767710062812838e-01
-3.545421477518365810e-02
8.883367889501109227e-02
2.108840063810804577e-01
-4.907287949610106281e-02
3.385647546590339705e-03
-5.309038088851442128e-02
-2.382476857020474764e-02
-5.491362809725443966e-02
-4.380880023858703398e-02
-9.123718156961435621e-02
-3.387489351111170471e-02
1.469346036814802026e-01
-9.697389780955330274e-02
1.029641842257722484e-01
-7.323968752968279539e-02
1.171980952167766266e-01
-3.535443005388495818e-02
-3.208367768534266251e-02
1.024897019571544277e-01
5.078450429853136744e-02
3.716301942324368862e-02
-3.884466702921964172e-03
8.103386305797666278e-02
-3.546483387497294248e-02
-2.187182907715292529e-02
-8.325809443810436306e-02
-1.101983676196040679e-01
1.136103714237041984e-01
4.588318045316357868e-02
-2.666264465127087023e-04
6.514657563814027497e-02
1.091503495122027739e-01
-5.011832116617642545e-03
6.726541680494935171e-02
-8.259205057263190042e-02
-8.416085718707641550e-02
1.673587186985071029e-01
7.737396420305771294e-02
-6.816013689145804244e-02
2.174610589899186874e-02
-1.430521563483542168e-02
1.083575031502300168e-01
1.159487320140262928e-02
-5.366391672729789453e-02
-1.243026211430172667e-01
-1.454109891704012322e-02
2.865416107077034221e-05
-7.437008199807246256e-02
2.396076268094889106e-02
-1.016884995822327081e-01
-4.231484957347684400e-02
-1.798858095945268451e-02
1.874246741105096981e-02
9.869652469569972775e-02
8.624895518957749474e-02
2.345637284931796716e-03
3.689378172268443362e-02
-2.167838737738475921e-02
-6.434446802848241276e-02
-2.642240927898859438e-03
-1.261103749110810968e-01
-6.859802678670358367e-02
-5.166345241059892845e-02
2.429270529534588441e-02
7.562365802401789516e-02
-8.891838797628105751e-02
-4.238096652593540542e-02
7.747719577969783278e-02
-1.970699502240401066e-02
1.488157510966122976e-01
6.729229531326846869e-02
-1.247580586654555880e-02
2.665449753864564814e-02
1.512177218355082592e-02
-3.635683825727323293e-02
-2.128680372056464959e-02
3.443025502173122088e-02
4.123243254610239189e-02
-7.068177269912706909e-03
-3.296464516720621490e-02
-2.142871667381429646e-02
-4.217345887103650381e-02
-1.669416492021926976e-02
-1.139753202892495459e-02
-1.663038068804229344e-02
-5.550666129958545247e-02
-4.404962749511986270e-02
-5.064092014269193365e-02
-4.270197669005752067e-02
3.259611017943695073e-03
7.403326504278857911e-02
2.205465167713180352e-03
3.475467722447415919e-02
1.914153666280451853e-03
-1.161705145243796360e-02
-6.223861349846483704e-02
-5.623979698569385802e-03
3.150248216802264967e-02
-4.489267956822755486e-03
-9.455312604152221745e-02
5.995571594409139504e-02
-2.119206742375593852e-02
3.509978055926574192e-02
1.334103619068858874e-02
-6.448725139974759157e-02
-4.507115007812886182e-02
4.214936570036703634e-02
-1.172090973004927435e-02
-7.628475791516221849e-02
-3.913594371393174648e-02
2.562385297483404933e-02
7.980260454994905772e-02
-7.596834355816203116e-03
1.843315566505738037e-02
8.307756974168644531e-03
-4.332836431074309561e-03
-4.744822686178107318e-02
-3.326737655300250444e-03
8.162473762362922047e-02
8.068113486136915466e-03
7.182783469179601643e-02
-6.640791579278408630e-02
4.284963440220957050e-03
9.549878299029886932e-04
4.520240911486859275e-02
-6.445358363090744613e-02
1.522166135501138579e-02
-2.901336517741327781e-02
-1.481142638095480357e-01
1.611471023893028959e-02
1.648185255787472728e-02
-9.913678212794747521e-03
7.990862146423885481e-02
-3.450424055305003485e-02
5.471343195368587667e-03
-1.992153565486827135e-02
5.545875349201148663e-02
-7.205919180032005489e-02
-4.775983651133562137e-03
1.709483574112136833e-02
-2.190264187490217548e-02
-6.055738369313633240e-02
4.626055888797048210e-02
-7.113122174561865851e-02
7.029945028999204371e-02
2.660042717152182740e-02
6.169310511978096101e-02
-2.722705850925174684e-02
-8.665672862148619121e-03
-7.234214728880382361e-02
6.374851022161927283e-02
-1.505652564910778257e-02
3.322618837250831264e-02
9.565068834236663264e-02
1.374535580391172684e-01
-1.355703216207479189e-01
-4.118960797973902216e-02
2.223712610990447383e-02
2.939540905278334448e-02
-3.676196561841476446e-02
3.425199341215363902e-02
2.849236777004631946e-02
-4.175001791484852370e-02
6.057273786693002579e-03
4.819114604638386617e-02
2.643539591578008413e-02
6.696996211376276056e-04
-2.751387865372441344e-02
1.629781137267412999e-02
-9.197776803393556064e-03
-8.766975592466375033e-02
1.705987975361826503e-02
8.057243705959159230e-02
6.430857198952256472e-03
5.561953710783751337e-02
3.891252481770923061e-02
2.506177183713476347e-03
2.767445336922671681e-02
7.202684706686349192e-02
-6.031196062948157924e-03
9.463543276906936919e-02
-3.371720858342091773e-03
5.733788153734759030e-02
3.403860173146986551e-02
6.774449488068907954e-02
7.701570014787152696e-02
3.261546827610201787e-02
5.504530493464162427e-02
9.282012377263083869e-02
2.170568368635132639e-02
1.324769256270470763e-02
-2.544336309513675620e-02
-5.702400880095270103e-02
-5.823946051781855177e-02
2.350515107490745714e-02
-6.488827038785589287e-03
5.139421471003966652e-02
-5.606397254655972467e-03
9.552663636679536649e-03
1.513249573350197545e-02
-2.457050790917781041e-03
1.224810451368670422e-01
2.444280017794137755e-02
5.352841005064244012e-02
-1.378874440114914376e-02
-6.555097184814877298e-02
-3.077192291924018067e-02
-3.242662238345576931e-02
4.105841857644052656e-02
5.353210062302823230e-03
-4.097994168816165156e-02
6.303932843929785368e-02
-2.761909478343992433e-02
-3.824505346669131861e-02
5.014627899283478907e-02
-3.099025857425209002e-02
-6.047114267615905786e-02
-2.157512098402400436e-02
2.970197027784790555e-02
-9.304733769140099975e-02
3.740304589520224154e-02
6.393251659009924204e-02
1.464513127825453447e-02
-1.812610700590413376e-02
-5.366332484304734557e-02
3.412170924359127916e-02
2.888805979989966799e-02
-4.886989801488285379e-02
1.700375519997782484e-02
-5.593866716904610792e-02
1.727354996806701112e-02
7.436663514273102182e-02
-1.163376347833586233e-02
3.992405500190010503e-02
-9.987019634782083599e-02
3.108823282607851499e-02
2.372700321870204604e-02
3.113004770754387862e-02
3.638918299072978896e-02
7.334559999381070998e-03
-2.600314632927508765e-02
-1.695744896155240017e-02
3.009209163240195335e-03
-3.096149996301945928e-02
-4.168971535473361273e-02
2.996650772112337616e-02
-2.932702901348444718e-02
