-2.680527382882590959e-01
1.205370020884125037e-01
-3.680964305689702343e-01
-3.348597906687904302e-02
-5.240590869809257091e-02
2.267730687102112452e-01
-1.019506365598066983e-01
1.224737239129179006e-01
-1.593508685304540970e-02
-5.439440245102354632e-02
-7.101586693770572944e-02
1.141354205117206394e-01
-1.025404890812513653e-01
-1.114254554018577204e-01
1.145082826351668526e-01
2.636695669949508380e-02
2.123924253215785096e-02
-9.423251916563499253e-02
5.801461535213799786e-02
-7.373531777673657250e-02
5.668379882151525218e-02
8.690512347290325901e-02
2.341435845124571410e-02
7.933231494093004321e-02
3.857529861615570398e-04
8.596318709190402252e-02
-3.099606202595514212e-02
3.421158522883291364e-02
-1.247048160579746351e-01
-5.569283546668479801e-02
4.148130212882204793e-02
2.346324644003416199e-02
1.561607795904001728e-01
-1.778772272668512067e-02
8.271903297021909740e-02
6.283562427637956471e-02
2.650618496607311941e-02
-1.828348237418584918e-02
-2.988501559418591663e-02
3.997710175736465810e-02
1.827271103337247283e-03
-1.201817215728746002e-01
-4.193540100975750445e-02
1.404617588324711015e-02
9.899598828217671953e-02
-3.455268927000999801e-02
-8.832183275994751059e-02
-8.063352765744635775e-02
-8.499658086581607375e-02
-5.958278358952255604e-02
1.610072227774655973e-02
2.706535653933000649e-02
2.040012033653529691e-02
2.626497642437490912e-02
4.165659701399454518e-02
2.455486971207862176e-02
1.059255045437666881e-01
1.538543228059105206e-01
-5.740335913410934271e-02
1.004841011349354336e-02
9.343762895986865158e-02
1.746155957760400779e-02
-5.507449101147573328e-02
-3.744646209891406424e-02
-8.497069490160329142e-02
-2.689409222039735106e-02
5.385719051452167450e-02
8.903652859604524461e-02
-9.000101530023120466e-02
-5.790634600383324365e-02
7.020409004924486884e-02
3.944013304468759785e-03
9.160587558890261051e-02
1.649821950002076237e-03
-7.399970207431387503e-02
1.582532341553105626e-02
1.678209644984421031e-02
-1.865721315414925127e-02
9.919431993818558085e-03
-2.064136362449419705e-03
9.226324009486464028e-02
2.887414263198107445e-04
3.485004776898050632e-02
8.308282631962564044e-03
-7.399414267260376321e-02
-7.578301915788042409e-02
3.137448355111146798e-03
-5.896395268666385775e-02
-9.211508203928972516e-02
-7.319126082687909922e-03
7.361763219178528439e-02
-8.411965473856464898e-03
-1.581104270238816237e-02
9.507223204768924796e-02
-6.334767992014310456e-02
1.655801781466533298e-02
-1.939008128458697203e-02
5.674446579267702906e-03
-5.945536905157854796e-02
-4.091545927351301210e-02
-3.792992157013113513e-02
-2.390108407096748488e-02
-5.506649937151742585e-02
4.727544957616097027e-02
-6.010543684279603255e-02
5.348596146532782168e-03
7.688857568046089663e-02
1.035591452058503767e-02
1.855801257988414638e-02
1.909313974074472453e-02
4.011973515749014951e-02
1.771902936930434477e-02
-6.237124050228037148e-02
-4.984976528429676222e-03
-3.729892947603152126e-02
8.109770295398141537e-02
1.211289393854984506e-02
-2.171985280999847931e-02
-9.506646416841499359e-03
1.276195408820737396e-03
7.826699458822663352e-03
6.259896749483152834e-02
-6.223837080140830202e-02
-1.206911365008258392e-03
-2.710646136572426868e-02
4.129676473830646427e-02
-2.891246775752027293e-02
6.913942987549452635e-02
-5.878341111612742781e-02
-2.513666110104359822e-02
-5.104048489182427123e-02
-8.478101506450583247e-02
1.185768265379424924e-02
9.344586382365178967e-02
2.146207030195194931e-02
3.991104911579619607e-02
-8.276555821328072937e-02
-5.563456598751051474e-02
-2.564743113316167097e-02
-7.354671507372045544e-03
-5.869439119624399182e-02
2.844169067145443583e-02
-3.691262054969895318e-02
1.308766553589954182e-02
2.180640574537304633e-03
2.548864072181612067e-02
-3.851032310866857322e-02
1.090801175516578486e-01
-2.567481118658405601e-02
2.802890509447737710e-02
-8.327219344037689250e-03
-9.677003858370186729e-02
-3.945420528026636481e-02
4.601190180623076359e-02
1.856972206973610262e-02
-9.144694619251431469e-03
6.727056749811338721e-02
7.107285080523453868e-02
-4.812979063396499030e-02
3.911497753716644543e-02
2.163208375549982576e-02
-3.596029503675390177e-03
-5.085153472620126958e-02
-1.576823530922017227e-02
5.076505128334807965e-02
2.102173094024906499e-02
4.888969135521821496e-02
-2.532741807222238864e-02
-3.651460213351442885e-02
1.461587557349255245e-02
-6.387092385984829632e-03
2.523044125864132639e-02
-1.872211916911500559e-02
-6.672352236983671026e-02
-3.752321658877452726e-02
8.587302054541787188e-02
-3.203049295290665965e-03
3.830184554453874238e-03
6.461317348067184552e-02
3.349661142264966779e-02
-1.198728620616162574e-02
8.072063653299194064e-02
1.864161208310020218e-02
5.124732938170174085e-02
-2.589916779184844170e-02
9.246959813709247633e-02
3.776466835429755781e-02
8.168362914796829799e-02
4.318470281280548800e-02
8.347083781273192948e-02
-1.806847251304662116e-02
3.889896003446725870e-02
3.475300146287807479e-02
1.680805190657837234e-02
-4.841926173175925725e-03
1.463199783845192626e-03
-7.816803723778632806e-02
6.454378519807731085e-02
-2.459566182212669094e-02
4.570446689166064724e-02
1.829453168508473129e-02
-2.369079970128186441e-02
1.580412819651118989e-02
9.207338652646374078e-02
1.292534490446805850e-01
-7.450981192747888060e-02
2.614854170480839998e-02
-1.695992781204695363e-02
-5.262960512440387206e-02
-5.723355415812560187e-02
-2.975089502792906127e-02
3.428962533033884375e-02
-2.374559455438732258e-02
-7.821042767582606081e-02
5.150219320385045901e-02
1.610631642571737354e-02
2.067836839212723946e-02
1.556535189306116132e-02
-5.435451374375337846e-02
-2.877601919179730364e-02
2.265004495488507838e-02
2.805534699886117617e-02
-9.449287289697246017e-02
-1.792264245693780608e-02
-2.637703311509468837e-02
-4.651575733247187427e-02
-2.790757115215381640e-02
2.353294743897490007e-02
4.606892042002027482e-02
9.460572875168807294e-02
2.024709780446400445e-02
-1.820516430259441071e-02
-8.450537297846551221e-02
1.293259297444763860e-02
1.300368382381590984e-02
-6.397585756712697615e-03
2.515733512615313597e-02
-3.774451552309834174e-02
1.911933842130370334e-02
4.644080964816720003e-02
-6.555646496583794960e-03
2.926055579709570947e-02
2.387412097267336067e-02
3.712359984459834110e-03
4.591836487245785220e-02
1.884456499178059283e-02
-4.221761013906791260e-02
-4.298984578286548647e-02
4.076566814368572794e-02
2.286821672574694542e-02
