4.401115924054160161e-02
2.672391343408803133e-01
-3.068432052979546687e-01
-1.909795992307727897e-02
-1.485738821485780292e-01
-2.727945278022978481e-01
2.402064302726427195e-02
9.407072305054862971e-02
-7.978139515173428287e-02
1.089791044891960659e-01
-1.690384231627897055e-02
-1.563695932307701264e-01
-6.948572037166249327e-02
4.139491273891924422e-02
-2.072608572202817509e-02
2.403603192881944781e-02
-6.112198561366871674e-02
2.997794663189550304e-02
-1.837028472096837242e-02
-2.116257092977490498e-02
-3.784004317036349097e-03
6.707595828722740829e-03
2.024156848821529603e-02
1.514779877134899977e-01
-3.474517518292667001e-02
1.174661836248063057e-01
-1.347304993017564567e-02
1.524796986149374624e-02
-7.653973303193026267e-02
1.949927049869790152e-02
-1.164693358827247754e-02
3.744995783245735899e-02
9.794089855443180448e-02
-1.047244729209193670e-04
-1.501107404361410810e-02
1.769660391154547277e-02
-3.885191341158222844e-02
-7.521015858501185758e-02
1.078951528995674009e-01
5.942717457464540692e-02
-2.371642909240843575e-02
-1.037494760866737586e-01
-2.972479587038183088e-02
-1.743955596067691891e-02
5.297725957369501387e-02
-9.604839675625274908e-02
5.026305038922900675e-02
4.134734704320325305e-02
-4.844516144707502331e-02
2.765059178219526209e-02
4.147488839397112798e-02
-5.779578446324341867e-02
4.322445993982713258e-02
9.334101598048547346e-03
3.444885555471276922e-02
-1.078998495123796864e-01
3.169600756980520129e-02
-7.994227912253837331e-02
-4.749251516032620968e-02
3.239613597194413580e-02
-7.753624768090452979e-02
-9.124955766934308987e-02
-3.892486080207103322e-02
-5.189137604404425036e-02
-6.422304913290048656e-02
4.521778902157223140e-02
8.181969180295878274e-02
4.888660974211986310e-02
3.844400759243795512e-02
-4.104283332455088695e-02
-4.484965451943419279e-02
1.815340779883474823e-02
-1.780572521348215351e-02
3.657448921865948110e-02
2.419754877652731395e-03
1.498943964629790848e-01
-1.850342203593812601e-02
-7.638924156607253269e-02
1.281558742414498353e-01
1.230672441512284908e-02
-1.050577325747278357e-01
-4.496027474035351607e-02
3.710733826233503924e-02
-1.509852430799279166e-01
-1.936223599437326276e-02
-6.816214160067469996e-02
4.936130072926872558e-02
2.038966168370079379e-02
6.367604363216659846e-02
-4.534982712928804088e-02
-2.559637328044398613e-02
1.322335334418420494e-01
-8.757663990357623940e-02
4.401095938467724372e-02
1.008072979796025420e-01
-3.717898658970555242e-02
1.351135563750995201e-02
1.238646690499965730e-02
1.080927104214802342e-01
-8.843205631231737529e-02
2.511838467153329826e-02
1.142202912225401268e-02
-1.085440515818105328e-01
-4.398191366572462568e-02
1.857427093985123106e-03
-7.667473566830064480e-02
7.378435353940755725e-02
-4.569504482564695942e-03
-3.218625400506286427e-02
8.736032923972494868e-02
-2.632194999597718688e-02
-1.351482313675647362e-01
-7.023494669781078781e-02
-9.620488389804106311e-02
-1.542214424727729981e-02
-1.902707770985344674e-02
-1.081003715629470958e-02
8.203750138579273161e-04
-6.683679743621843451e-03
-1.209727546928101184e-03
4.294302957350753201e-03
-3.487967817963617129e-02
-1.756150134724291517e-02
-1.604842590753783552e-03
-2.668219019147328661e-02
3.579455170802229441e-02
-2.675493772609774390e-02
-5.858058513324652938e-02
-1.082019649606598150e-03
-1.193542552846588722e-01
-1.486837695646613978e-02
-7.043979895877250375e-02
-3.294307485405657127e-02
2.604704825455977230e-02
1.647331947515209838e-02
5.495453356767042441e-02
-1.539436428213224531e-02
2.544698102184018984e-02
1.225935857527121059e-02
1.456353014470651748e-02
-1.544099731714792048e-02
1.319622291059829866e-01
-4.274027579912151320e-02
4.951202536030153284e-02
-2.996878657144599195e-02
-2.837197152457705471e-02
-3.823952173389421477e-02
9.857057776438632804e-03
5.440183217480247524e-02
4.828531006490343475e-02
4.945146903340260497e-02
3.058337666364188343e-02
4.521039435459116816e-03
9.264684994496640014e-03
9.428866587062546822e-02
1.690680684493353668e-03
8.701547794578402828e-02
8.818033785116488610e-02
-3.267906525724639105e-02
8.977831872390922008e-02
1.877082918244230708e-02
4.427999868740697953e-02
-2.641005312284609025e-02
6.400523955006655330e-02
-6.989669064739349735e-02
-3.966516023294489740e-02
-3.936431053847232880e-02
3.872433875150362720e-02
1.789422805207976225e-02
-3.328359593760318869e-02
1.142172933845748452e-02
3.014699138382733248e-02
1.159866839703125110e-02
3.213349205687370132e-04
-2.987645316211495414e-02
-9.150277504947822160e-02
-2.697621147724712978e-03
4.831005888277246918e-02
-3.385591651448843949e-03
-4.202705683786746998e-02
1.946233047310334113e-02
2.777263709669343123e-03
-1.300625324966872380e-02
-2.572811160436326919e-03
1.726921214562679658e-03
-3.606382417592710055e-02
1.121460871343535615e-01
1.021163872004247491e-01
-4.316926641195500958e-02
-1.733809580020709631e-02
-7.831951612261427512e-03
6.046529255271582137e-02
3.303737351272041656e-02
2.059214898360100729e-02
-6.203089677543498215e-02
-1.420768677822617856e-02
-6.974696529568245873e-02
1.825713299243390125e-02
-3.496385080783945970e-02
1.826642629012631414e-02
-2.585132274473683073e-02
-6.061731624686692715e-02
-4.047867352879337688e-02
-4.639737164229376654e-02
-1.361951096943559650e-03
-1.110415503906965334e-01
-3.862417765415209620e-02
2.394339873569187576e-03
4.107837435909497334e-03
-5.631605164357454327e-03
-4.481424672213300126e-02
1.906818139928869588e-02
8.071958519762825746e-02
2.036098236716615134e-03
6.742793777366358488e-02
-3.291536150753297113e-02
-5.714049039334098690e-02
-5.960368061217975050e-02
6.499885628900772816e-02
-1.488176729937778359e-02
4.965382309605991668e-02
-2.731116990590258878e-02
-1.945969903755602470e-02
9.627756481404407124e-03
-2.508321003940719093e-02
1.264807823143760182e-02
-3.648168947897828616e-03
2.720378068812363132e-02
-7.396532302457911080e-03
-4.264454484009647106e-02
-3.507790188776351709e-02
2.167606726391895638e-02
-2.734827647805077727e-02
5.242825551431759545e-02
1.205370689085207871e-02
-7.659639216947429496e-02
-7.178702734037541167e-02
-3.668524267682170964e-02
-4.658090594439118909e-02
3.475147064265378394e-02
-1.585186766494675950e-02
-2.335732141347699950e-02
5.760945217904506026e-03
-6.664653465335447502e-02
7.031828659324594437e-03
-3.650270765404606960e-02
9.392825912857574733e-03
-5.022807561296725037e-02
-2.195939626094991701e-02
4.058649576761175909e-02
