8.117885177455480550e-02
3.371038461573811484e-01
-7.828820128002453305e-02
5.355111418171731169e-02
-1.429671485214729643e-01
-1.508615986084012595e-01
2.810910803863198026e-04
1.782964979457544452e-01
-8.285234478437918104e-02
1.062462484811768776e-01
6.053128518194209051e-02
-8.612088384855948187e-02
1.311889435363207956e-01
2.666115002577938015e-02
3.468112154748256848e-02
1.359781175556185051e-01
-2.955623680914985507e-01
1.843188152240436001e-02
-3.430714271355523454e-02
-1.404484904628818531e-01
-1.093026528522737274e-02
1.094380747468625403e-01
-7.159801285594254161e-02
1.126621563322604824e-01
-1.079597847520321827e-02
2.063060338439646341e-02
2.796347038296127102e-02
1.119814524248616966e-02
-8.488613255310141492e-02
7.693350938223448575e-06
5.746923691814877916e-02
-3.728405963499937126e-03
2.939143829542521444e-02
-8.135598802689471276e-02
-4.125218915252926860e-02
-5.595484492813700139e-02
-1.733671409827217125e-02
-1.387967217104199014e-01
2.545083457858821063e-02
4.892457255643338498e-02
1.230217578526071054e-01
-4.222908707104967851e-02
8.536242664848177342e-02
5.080480860765911738e-03
5.246486978346840552e-02
-2.960108210849179966e-02
6.172593015611565342e-02
-1.840735108375707307e-02
-3.449458931735744499e-02
-8.604429717057200666e-02
1.111203646620629974e-02
-7.953077204692800273e-02
-4.470309847009763110e-03
5.275409563656808382e-02
4.093714012558366533e-02
-1.512270012478400885e-02
3.546754597002834547e-02
-1.503886151763345058e-02
-3.578098696050736188e-02
-1.180284262623053221e-01
-7.706382339628234379e-02
1.152858097130822490e-02
2.675230362234660986e-02
-1.228965201889734016e-01
-1.374291024606434999e-02
8.577884503307650621e-02
-6.516835786957588840e-03
6.715239109821405372e-02
4.040979875492060197e-02
-9.414643620270557456e-03
4.838711001506881132e-02
-5.238084199555706477e-02
7.642256367750534241e-02
-1.337700312459679658e-02
-3.404001947933955191e-02
5.630691032394111173e-02
5.341077358734833136e-03
-3.974422930838388685e-02
5.129872804391842622e-02
3.718764050725720943e-02
-2.638273900617072246e-02
2.617539689236023787e-02
-3.997231824562613028e-03
-8.266265954157445139e-02
-2.307450351235425245e-02
-8.175147040729691117e-02
6.682510838207159076e-02
-1.803989898607651424e-02
9.955315928542968207e-02
2.465526641927159521e-02
4.571534166075634509e-02
1.482993659145780962e-01
-1.743455208172015394e-02
6.975327972748909811e-02
6.752744195645243863e-02
2.281488444831600293e-02
-3.238553913597315773e-03
-2.497822950804300113e-02
-1.815930357625295671e-02
3.464136205759282133e-02
5.394927662289717568e-02
6.759229942727179585e-02
-9.148283415123327489e-02
-1.317748048223172340e-02
3.623227766533847899e-02
-7.921629056226472607e-03
7.098377445582971026e-03
8.934758243448151505e-02
3.429998537477254444e-02
2.821886441000885301e-02
-1.077393891657281444e-02
-1.758409947311357149e-02
-1.909259532941449261e-02
-7.386241197205072051e-02
1.747084325766234828e-04
3.947013791614627926e-02
-5.395927167309150924e-02
5.465148407677084333e-03
-2.684635799057907141e-02
-6.820079934430776925e-02
4.473715100703731795e-02
-1.020724794766834790e-03
-3.081571718305402621e-02
1.345693199602465175e-02
-1.336645314417085617e-01
2.882074300041765399e-03
-5.323032667169483312e-02
3.065803501894723976e-02
-2.969444281393475264e-03
-1.807216691783953832e-01
-3.844446289147247092e-02
-3.793124701761402262e-02
-1.927919061979320794e-02
3.764996675646691687e-02
6.835513931497416706e-02
-1.511415546042229295e-02
1.064923726509464479e-02
-9.193097184338479277e-02
7.271140469336281886e-02
7.594377870210811642e-03
-1.396579671238525923e-02
8.100225153437043413e-02
-2.885129569328297866e-02
-1.556036981483925261e-02
1.748358142888793015e-02
-2.436301367399949531e-03
-1.620207095539139995e-03
9.280902281439974699e-02
-5.811128489009567688e-03
6.184120429968182481e-02
-9.174415584211850772e-02
3.875932273765730907e-02
-8.926547798430473080e-02
1.674054246081344705e-02
-1.283083826823652393e-02
6.744313039739995019e-02
3.299530025808096456e-02
6.830037148472953290e-02
-7.676040898612446206e-02
3.965638637513024117e-02
5.896729630248022380e-02
-3.063085604964908837e-02
-6.516318692878134144e-02
-1.470776365614867923e-02
-3.030754612948292903e-02
-4.799938404585842727e-02
-6.100638113250418833e-03
-3.844912935023828138e-02
4.250544863241659775e-03
-5.604886776624266181e-02
-9.843525863987756530e-02
3.637000125918338905e-02
4.531326948385377973e-02
-4.503479540399153713e-03
2.026595746800075037e-02
2.796722246804999147e-04
1.568658491240363176e-02
6.052368642138426097e-02
-4.473374575334335135e-02
1.587910786661999446e-02
-3.706401088009009942e-02
4.611085557128533768e-02
-5.135954965850789838e-02
-3.791500900231407900e-02
-2.330341223289319336e-02
-6.332971005559406841e-02
4.141516837793778744e-02
1.012324853687113085e-01
-9.998527967316882259e-02
-3.245985564483132996e-02
-3.085049491291001061e-02
7.445766923583234387e-02
-2.802656216668006003e-02
7.963879426133109365e-04
-5.436317259734824159e-02
2.668993703154412880e-03
-4.519865747295033487e-02
3.906939000456914612e-02
1.016191708437374358e-01
3.273290654288466689e-02
-4.256608106624529264e-02
-7.071450717299189621e-03
-1.087996212093703813e-01
-7.304338539839788647e-02
-1.765441165586864591e-02
4.211122745708623799e-02
7.872539801817782235e-02
2.273549158904368539e-02
-3.342193440375760627e-05
3.997279119752807780e-02
-6.320853977831705772e-02
8.803968124485674063e-03
7.916931067333867963e-03
-7.389596002696166566e-02
2.905056609463368272e-02
-7.058122932702520780e-02
-5.477728928268687028e-03
-1.242778865740328496e-02
-3.979417302922874135e-03
-1.249144798340440406e-02
5.580687404308338345e-02
-3.276169354864941034e-03
-4.058173253633917676e-02
-7.284562844313337629e-03
-2.267709779421749408e-02
-2.036650704235318937e-02
1.591202531899501768e-02
6.749906484233603697e-03
3.566817216683127595e-02
-2.490924159061335894e-02
-9.519418231613657050e-03
4.302336249516765243e-02
-1.992357182112301089e-03
-3.712224702428230244e-02
-6.335033075851865918e-04
1.361297459353804327e-02
-2.925648935273834211e-02
-5.468963553019399668e-03
-5.137670204748492897e-02
9.746624325305616385e-03
2.605775798928437140e-03
-3.859353733096394790e-02
3.167488160811816889e-02
-3.245768006608239914e-02
-3.006176879110812605e-02
-4.763826950366385760e-02
6.814795485179767250e-03
2.778876195038464982e-03
-7.401785549715497736e-02
-2.280290300013352450e-02
