1.078748832543316716e-01
4.006418411561946114e-01
-1.753323052994146536e-01
1.247305774108264098e-01
-2.223212926153197710e-01
-1.540206702387328097e-01
3.957872048948575527e-02
2.073083585702237830e-01
-1.497836143597957859e-01
-1.291995027628038348e-02
1.407447397980331888e-02
-2.039603126399948674e-01
5.044154591584804059e-02
5.533801758256555459e-02
-1.206689936020275272e-01
5.186434408621597852e-02
-1.245223711837589869e-01
-3.648499377847676250e-02
-8.996769152678101011e-02
-3.861092406668553689e-02
-1.458729899253065863e-02
5.239943682015379273e-02
-5.982857356836187614e-03
1.876173221462481555e-01
-6.256944487691987189e-02
3.586507740897424551e-02
7.390926673460680718e-02
-1.517784866703080122e-04
-4.141650525173119074e-02
-4.159215934683834631e-02
1.223956824581792779e-01
2.259624594206652987e-02
1.271841223057816606e-01
2.890201559394944136e-02
-7.114078830574699364e-02
-5.084321434749203283e-02
-5.215318737456057195e-03
-8.385377619224829160e-02
5.314504143076666243e-02
9.412344291955443421e-02
-1.759240988112031239e-03
-1.090050459495003725e-02
-1.127159283179817026e-03
-3.967388921078993103e-02
1.648603178190394952e-02
-8.018463821666288460e-02
4.933695772882707581e-02
8.072625351199069765e-03
-7.242943407394501765e-02
4.659232457090926871e-02
5.874579804012882572e-02
-6.801875671205492857e-02
-5.755993570443910905e-03
-1.642159494286982505e-02
7.487621370755158379e-02
1.974879901414559880e-02
3.204852954597509768e-02
3.939930454501879725e-04
-2.537722341879925306e-02
-7.103327222404411112e-02
-1.516751268253978269e-01
2.754289582524470717e-02
-1.670485613216437723e-02
1.383972244475338044e-02
-4.219199229475865953e-02
7.366453416375544350e-02
-2.857294478745077762e-02
1.706229249633579165e-02
9.616661252184743880e-02
-7.845697856067634923e-02
-1.567844766933876657e-02
-1.979281871915431618e-02
-4.534241978361830405e-03
-4.481406197353433873e-02
-5.702818009493337142e-02
8.555413210288138892e-02
5.277716896837126442e-02
-9.028687230996275404e-02
7.961050112686965385e-02
4.326154067524271701e-02
4.664920737372894172e-02
-8.967344816435539323e-02
5.616368284205368322e-02
-7.887072131526552676e-02
-3.256362987081522914e-02
1.507533827197604127e-02
2.737127661695089656e-02
1.972240539363726692e-04
4.628300347354959154e-02
3.478830870471895115e-03
-2.232059946397610406e-02
1.236933384623439408e-01
-9.279017069645094373e-02
5.544398645203174603e-02
7.924096010225821496e-02
-1.654276289724943699e-02
1.018287115457703305e-02
2.081865076957802041e-02
2.726151556063005285e-02
-9.747103378736077239e-03
-3.775382916254611115e-02
9.368703805632188492e-03
-2.818708219061694456e-02
-4.333893162457230774e-02
-3.508767910377204313e-02
-1.697998687284257499e-02
3.543419396980207296e-03
4.502727388724989815e-02
1.728047975920464149e-02
6.079242611683326886e-02
-5.683107739097634920e-02
-7.984676953666145632e-03
1.966770689044586989e-02
-7.634570128247390730e-02
-4.676327635431666574e-02
2.586165253635901162e-02
-4.219017204506843310e-02
-8.364951383950969266e-02
-3.465000006575633812e-02
4.103394944183461068e-02
7.730903809353307371e-03
1.071948076325670782e-02
2.499133048447058428e-02
-2.246042497768057158e-02
-8.165248756686400988e-02
-2.772079489496980659e-02
4.919952887721474460e-03
2.858972142209572492e-02
-1.033844182810198659e-02
-1.144539937346973901e-01
5.326211382334325450e-02
-7.656303909548732925e-03
-3.729934315239063006e-03
5.561903379724215946e-02
7.419231556143751627e-02
2.457889224215940166e-02
3.766539536509579122e-02
-5.183758641576959730e-02
3.568578281448663708e-02
3.234805163250237259e-02
-8.699822719462501144e-03
5.261738138306394641e-02
-1.069766810446878998e-02
3.061584135229024339e-02
1.649267569327328821e-03
-2.078564357519518957e-02
6.889402377560182103e-03
3.046330442824900578e-02
3.583759163865178621e-02
-1.085976133938373195e-02
-2.291600313765019062e-02
-1.346996905767808284e-02
-5.268224294702579524e-02
-1.005748628841505446e-03
3.357450553628421098e-04
5.908048128317236469e-02
8.124751234828277158e-02
5.988196755927527315e-02
-7.229024564763213145e-02
4.603796752774985679e-02
-1.995636815382144033e-02
-2.059218137061862540e-03
-1.815413893552515409e-02
-8.379822823920145963e-03
-1.056138297641181917e-01
-7.427632008464160607e-02
9.011689132639015554e-02
-6.778667487655067048e-02
-2.072096403620236893e-02
-1.557496647444921861e-02
-3.760453835045245163e-03
1.525542164132942004e-02
4.630078124552416269e-02
2.851560692220854454e-02
6.914521823285350345e-03
-3.945494351055015003e-02
3.828616118445374999e-02
8.206547188408225280e-02
2.368936655603905844e-02
-8.203865353864621401e-02
-1.225643892669687346e-02
2.680836440024740586e-02
-2.402644646117473373e-02
3.759613486438256186e-02
5.266962254917353925e-02
-1.546180761870661474e-02
1.740938377476772964e-02
8.491310083697220512e-02
-2.517914991500743924e-02
-3.536098959476000753e-02
1.949851468173903132e-02
6.711436565346437511e-02
1.821514763764268269e-02
6.105830392158612813e-02
-4.722486133826403649e-03
3.502133100256317466e-02
-4.582351177674597736e-02
-3.849831128585000373e-02
-3.886600172327637354e-02
5.083459849895827221e-02
-7.482997936541976869e-02
-2.400806193930341698e-02
-5.397264828992436730e-02
2.969006235983949124e-02
3.526202868660120032e-02
-2.821629719814513354e-02
-3.494266587845042127e-02
4.497415293379002782e-02
-5.677519572548630350e-02
6.655591304850195199e-03
-7.883607589616148381e-02
-2.341538864016467093e-03
7.930388006655048061e-02
-2.328345087511786426e-02
-5.275660014687167006e-03
-3.379420967389491770e-02
-3.393276101281621909e-02
-2.580055282175697240e-02
6.219735550274210767e-02
-3.240554118521878774e-02
1.578229291416636398e-02
-2.033206768988482169e-02
-5.031215650036755666e-02
-9.273868796771229939e-03
8.578230040155166575e-03
4.635811911076639577e-03
2.186908652831465877e-02
2.224132758996660506e-02
2.249045909756935621e-02
-1.533991156445090910e-02
-6.802449049857915708e-02
6.136437890699823761e-02
-2.929206476507079798e-02
4.104708557709910860e-02
1.732941413837697786e-02
-3.138641372115409667e-02
-1.909299338825072578e-02
-1.953771072506864381e-02
-5.184328986479899010e-02
4.112444618893385667e-02
4.189608037011701043e-03
-5.610343257730708577e-03
1.212368204928946334e-02
1.400679102882161804e-02
-2.690432189641734154e-02
-4.689755010646592948e-02
4.127792357531505363e-02
-9.036174524722086210e-03
-1.305813756526364583e-02
1.584660840322114211e-02
