8.767379878664803561e-02
2.773685047936675918e-01
-1.594659850771658616e-01
7.830030662165855804e-02
-6.671846734555139657e-02
-1.486192748296404353e-01
-2.776456708058164941e-02
7.595885927873589905e-02
-1.563443692286872744e-01
7.797823567914334564e-02
7.720156538539121871e-02
-1.423394464553509597e-01
-9.702155891288825884e-02
-7.577429496943238751e-02
2.320484981421314791e-02
-1.637593673333165648e-02
-9.288858984993392243e-02
-2.018468210804534244e-02
-2.747394640764885473e-02
-5.918937371747440279e-02
2.685913568312736643e-02
1.161727548894683215e-01
-8.402714843772869646e-02
2.085816860824553087e-01
-4.815621550813573015e-02
9.135919855862507932e-02
-7.219606157059930973e-02
-4.350504018508849491e-02
-1.039291144860517990e-01
-1.181148006270201500e-01
6.017203486782841948e-02
-2.351837704713057378e-02
9.422638677167965993e-02
1.054590776004439567e-01
-5.681139697052337706e-02
-6.487083969005075224e-02
8.461367073795198271e-03
-9.499949158032403029e-02
1.022105170274690139e-01
9.259702735074624991e-02
-2.868688407731975407e-02
-5.540094488054444349e-02
-4.380810641924642174e-02
2.167515579303667603e-02
-4.779717788511667065e-02
-4.313446519044721733e-02
4.429947063107538832e-05
-5.228561908598233082e-02
-3.188788242442352344e-02
-1.843729167538495431e-02
-8.933592030659031485e-03
-1.286830666696222453e-02
1.769610804945044580e-02
3.324905681928132933e-02
8.205772246548156956e-02
-4.899602179761641113e-02
6.663420753239206185e-02
2.176540293024485651e-02
-4.721445652656484915e-02
-6.488338616123176528e-02
-2.887205384635853356e-02
-9.938672009544260999e-02
7.838315369543557426e-03
2.700686785853487204e-03
-8.905481880616213097e-02
8.576982973911470576e-02
5.462999281762549730e-02
7.720492905058720656e-02
4.560457272711617577e-02
-4.031409919692071492e-02
-1.973418642834754919e-02
-7.511286384529460014e-02
3.983386871689044081e-03
-4.632987985332565062e-02
-4.704506234729522590e-02
1.455349620281852774e-01
-2.038179288852985573e-03
-7.089200221076925879e-02
5.710813951411285866e-02
8.931173555383119245e-02
-4.990192410819812435e-02
-1.824653822212084914e-02
3.496412242940833554e-02
-7.125036710074912627e-02
-9.041447955168173400e-02
-1.169093639307362820e-01
8.603855295162167460e-02
2.560004852696759828e-02
1.864637710396715997e-02
-8.295693108232328472e-02
3.491312926503725711e-02
1.606607589547784654e-01
-2.700915515086814087e-02
3.217022848097420007e-02
2.449959182145031861e-02
3.614022796518324282e-02
1.730575470345680281e-02
-4.533473950509454842e-02
1.616685130474945081e-02
2.538669124358649762e-02
-1.383273675195401814e-02
4.364113407891790503e-02
-1.203835255284056993e-01
-3.163321933243577050e-02
-6.082818503760851862e-03
-2.310585714749541220e-02
1.889020919402385063e-02
3.044608097481804262e-02
5.641673813307887878e-03
2.914414072406146944e-02
7.342235299109825530e-02
-1.055517802132452110e-01
-5.275599402698837037e-02
-7.856354705989607168e-02
2.856861760902905042e-02
1.535244068749842686e-03
-3.693021837311143141e-02
-6.684107294194491233e-02
-2.500013883926431590e-02
-2.578114826111924367e-03
1.847964022020236012e-03
-4.516880990097679044e-02
-1.162899786215482525e-02
-5.200404667242671669e-02
-1.478175452301782600e-01
1.480836784204843035e-02
-7.021725097245538894e-02
-3.686250779271633277e-02
3.885238484935502057e-02
-4.489087024583283958e-02
4.148408286203893506e-04
-4.638538032905934611e-02
-1.841906061002273123e-02
3.798970563654166521e-02
9.242164584742779132e-02
-1.892236583329743455e-02
1.269618791888385383e-02
-7.771230430874905004e-02
-2.843911649898376443e-02
-2.172019527001086553e-02
-1.375671791852483769e-02
1.353914596265317072e-01
2.728907936847771703e-03
-2.686115388224495637e-02
-2.594798605483992007e-02
3.775209632709753543e-02
-2.442168933551138940e-02
5.470624710761839982e-02
5.860251505073152400e-02
5.304015646274488210e-02
5.749512919491052421e-02
-2.909832760409220356e-02
-6.425165620077449846e-02
1.754269127986173016e-02
8.685582268428927721e-02
1.721614666263585752e-02
1.015221765817633653e-01
6.447200990776323637e-02
-5.760865289527489219e-02
6.344444382704286789e-02
4.786831940401168033e-04
4.550753098621211634e-02
-3.510990367900216486e-02
1.975783299467529994e-02
-9.888899855639322889e-02
-7.228876418340055010e-02
-6.863693379007940187e-02
1.000044572086846058e-02
-1.111634164963529875e-02
1.896770804013926226e-04
-6.707938862108020484e-02
1.327655471179848765e-02
-2.703377718010272737e-04
1.597303691615700044e-03
-2.443500944968747188e-02
-5.158247851341436763e-02
4.404944939705808526e-02
4.886308974907122710e-02
3.736204571097153510e-02
1.845770912312455839e-02
-6.731030423678432441e-03
3.495322415417335959e-02
-2.122950379122109238e-02
1.651014697465131437e-02
1.172244048129919038e-02
3.412912618115790386e-02
4.880752200003361102e-02
1.049827489720410179e-01
-8.085874400637398096e-02
-6.186789394968637140e-02
1.431148721929805315e-02
7.748074959665768313e-02
5.978393517751608155e-02
5.924110688818860077e-02
-4.635043184767310281e-02
4.432668268251087340e-02
-9.238356915740927877e-02
-2.730068401340384962e-02
2.269932457190909636e-02
6.048818575959871019e-02
-5.993365191538921333e-02
-9.223354968966850087e-02
-5.549220111731142241e-02
4.077051492736342986e-02
-4.526988804011602974e-03
-5.536293546382985153e-02
1.354998705557981971e-02
2.503175729210653858e-02
-2.911924960161120946e-04
3.533543743039272572e-02
-1.263770387212132529e-01
1.124776004884229380e-03
-2.504181465104252276e-03
-4.119332764249829942e-02
4.974144364169785781e-02
-1.417545050777697657e-01
2.014253538313969666e-02
1.650631239632789626e-02
7.513126309391661428e-02
-4.665484354790942062e-02
4.138741112430642521e-02
1.902485671181898541e-02
-8.948028881680182567e-02
-3.000103443273774081e-02
-1.154181166027498824e-02
1.888852736142586017e-02
6.735840464908685217e-03
-2.139247336996639298e-02
1.424428118868234505e-02
-5.597912529108169805e-02
-6.586947825008568347e-02
7.471608589877662583e-03
-2.204778262344749343e-02
4.933423833307234302e-02
-3.052495892366380650e-02
-6.502432373294338153e-02
-4.738317797279527344e-02
-4.266304751323042599e-02
-3.352211915989109642e-02
5.519323855469258910e-02
2.334117916460627315e-02
-1.993055720248894727e-02
3.188620059182553038e-03
3.169938262684072333e-02
3.864736945565995507e-02
-5.626459955626463699e-02
-1.158732205037661667e-02
-3.082580513879238510e-02
2.403940878598809575e-02
6.379880595543951927e-02
