9.588884456958983449e-02
1.966671874717098312e-01
-2.473883711104644112e-01
7.076535100039833825e-02
-9.726316852974332960e-02
-1.577256036166945277e-02
-4.399116171367895012e-02
6.918001635049024489e-02
5.350117928154151346e-03
8.744368994188861377e-02
2.595076067627054631e-02
-9.821344523716610264e-02
-6.865069477351275207e-02
-1.024022757681428697e-01
-6.094310016497737903e-02
-6.388143379376007291e-02
-2.506740886842801636e-02
1.318899978393300032e-01
-8.151616260397308300e-03
-9.558944183243424375e-02
1.178823995532078256e-01
-3.451679240618760192e-02
-1.060484210672073685e-01
5.684387009700741025e-03
-6.833138872049684953e-02
-2.397706257563840537e-02
-1.501417294412121795e-01
4.766669994527285292e-02
-9.831178894249725797e-02
-9.057814231516617132e-02
-1.175774167792842384e-02
5.098145503526341216e-02
-1.059685945539533963e-01
-1.000408895078605254e-01
3.541716865741777187e-02
-1.452341404162304783e-01
-5.516893498409251168e-02
6.942560905155212465e-03
-2.000816368491791647e-02
5.913523933542406963e-02
1.266749736675776006e-01
2.459602015725817145e-02
-1.007569112959346980e-01
4.492341881192105785e-02
-7.542183837082115476e-03
-1.144593846415914440e-01
4.336769034435515591e-02
8.623985920705985742e-02
-1.416275529574383130e-01
-2.407611711367884863e-02
5.942248683325071501e-02
6.957044121607124099e-02
-3.971255301151806194e-02
-9.862910466392711684e-03
-1.526764877992919378e-01
-2.412690611075806943e-02
-6.289781903227130433e-02
8.385476667592246802e-02
5.813197004952325858e-02
-8.260793056218128372e-02
7.232363846571771004e-02
9.064456963184991389e-02
-2.738543433344329051e-02
2.487559066182441010e-04
-6.638274747286740385e-02
5.436381031590804824e-02
1.295780499939792191e-02
-2.511602982574388798e-02
-6.725497474880944015e-02
3.717541336386220169e-02
4.063763069939627798e-02
-3.938535671542896938e-02
-7.212464084875021102e-03
4.757809464805906607e-02
-2.071178144221487438e-02
6.298656649602694946e-02
2.050393395801663327e-02
-1.039752774705446706e-02
-6.000469436379985561e-02
-1.747107734971525550e-01
-5.730264152758725305e-02
-1.681147790794147723e-02
-7.567809356252247315e-03
-3.803310411089913523e-02
4.286889903224193332e-02
4.701166760365630554e-02
4.809209778015123560e-02
1.004307812489095425e-01
-6.767358413131403794e-02
-1.148819391456326437e-02
2.582867515844890563e-02
3.558520950989542408e-02
-1.118946646848148832e-02
6.988025765241803744e-02
4.794986015502104154e-02
-1.076812038004609957e-02
-3.930542357726860003e-02
5.626571431290126185e-02
6.407140383531952088e-02
-5.200814625893554477e-02
2.053848042768843460e-02
6.030509226674847512e-02
-2.874831388697710738e-02
5.122004603413871787e-02
-3.422346728869647692e-02
1.704057929014768033e-02
1.471247066315104213e-01
4.536456159131035254e-02
-2.319639055265373256e-02
3.231953741848177242e-02
1.118040335143795916e-01
6.195575244264090592e-02
-9.760969947552528003e-02
-6.145326480043934725e-03
1.368104173947145294e-03
2.831882876402027835e-02
-1.864283175853702693e-02
-7.785654702506741853e-02
-5.572285137281166728e-02
-6.249754913366655645e-02
4.653413018955104147e-02
-1.893597916785082907e-02
9.197638579598747810e-02
3.322201062620436934e-02
-5.058381521768305633e-02
2.614606196314970751e-02
-8.335864098646911940e-03
-9.662846600361265151e-03
7.973154600401376191e-02
-3.053939906459102530e-02
-2.788013835747805980e-02
4.537511745704340266e-02
-6.171776565156850136e-02
-4.695686240176955711e-02
7.891664738607646890e-03
-7.180554804554710457e-02
5.231924219415906574e-02
1.340118690182149491e-02
-1.677131585986623569e-02
8.170048152549361231e-02
1.885007503493237035e-02
1.510156982572920074e-02
-7.752281106805279653e-02
-3.272954572520388877e-02
6.013182679385750511e-03
8.755433105309058661e-02
-3.365970586695357647e-02
-2.070552611437306498e-02
4.207205556512077192e-03
-3.792335154058378011e-02
-1.220791203272577827e-02
7.494742862063680233e-02
1.249389780249341581e-01
6.514095827136220929e-02
-2.891408007478500630e-02
-1.541394525982946531e-02
1.213768176104730243e-02
2.550023490511854271e-02
-8.048410459334576217e-02
6.035733847088175369e-02
2.408663743777643418e-02
1.263551344900297468e-02
2.147592660470840770e-02
7.557676435981228180e-02
-7.607473821430982275e-03
-9.108393532946595927e-02
-1.706236631268761086e-02
9.747151359683807817e-03
-5.264867761328245049e-02
4.576856336163891148e-02
-5.155303561680857349e-02
1.338480576203576189e-01
4.338052087475795932e-02
-3.506999796219745918e-02
8.071189093503976231e-02
2.921497556063013673e-02
-3.463002805677850571e-02
-3.188774208921973247e-02
-1.316074773790201768e-02
2.341959202337277543e-02
-5.297487874357852122e-02
-1.206551447023599399e-01
-8.114503684644946979e-02
-6.123589215793653201e-02
1.852469136225198126e-02
3.341880466177305636e-02
7.793207300043014651e-02
2.248420726120975779e-02
-1.374107156177152567e-02
4.707358113263600957e-02
3.396205855985276467e-02
-5.709710424969421938e-02
-7.241487384395590976e-02
-6.011693484859774450e-02
-7.442525091238773316e-02
-1.631268659582825811e-02
1.711990822050514852e-02
-2.352003268519634559e-03
5.372295908684196486e-03
5.633768612471751203e-02
-5.782794689975722519e-02
1.436241043296743181e-02
3.632294723723860502e-02
8.053336530009999605e-02
3.591286784724555953e-02
3.989960863896938742e-02
1.329187149362236198e-01
3.871831130102531410e-02
-7.582527147498227538e-02
-5.307361340689977641e-02
-4.575210758441870113e-02
-7.836731586833227403e-02
5.049680929406518554e-02
-6.814006809678974097e-03
4.917654416145367940e-02
-4.994239532244953289e-02
-1.104524206592881336e-01
-4.620643631056543799e-02
3.184434575231719078e-02
7.169227685332073274e-02
-4.492533806023615850e-02
-6.206625138730101354e-02
3.503552257579658352e-02
-6.157559910970923645e-02
6.921022674063534571e-04
-1.560135630363543822e-02
-8.885551032745749034e-03
6.976567141967947305e-02
6.381198543806182455e-02
1.973296480151385396e-02
-1.261728059000952445e-04
9.826800164760458867e-03
2.417364336139430497e-02
-3.960838047797068939e-02
1.447042146314500609e-03
2.667435283269872434e-02
4.973756887726579062e-02
3.540551100098531315e-03
-9.314005448274100332e-03
-7.514177028335840280e-02
-1.916060230398846168e-02
-1.015436964802193254e-01
3.526288241786500882e-02
6.765929639385719063e-02
3.745473507698018900e-02
2.265729502592341016e-02
-4.595888881955299821e-02
5.338865446365990280e-02
3.550218424944961548e-03
-3.185877565631591024e-02
