7.238889859572020247e-02
1.461681630911930707e-01
-1.254258803930591304e-01
8.120715313446030814e-02
-1.152033706750582170e-01
-4.581004652234120511e-02
-2.702069456502661712e-03
1.777172856664003542e-01
1.022260775997390139e-02
6.971258149745854227e-02
3.583437381169343738e-02
-2.052123072967948492e-02
-8.315730601937804112e-02
-7.229696790570507015e-02
-7.984397754188596319e-02
-7.131857437649308240e-02
4.698592926583030488e-02
3.666766522086730568e-02
-3.291605644341324272e-02
-7.732825319539622655e-02
7.433699259920496794e-02
3.078295723687987651e-02
-5.319309729901056105e-02
9.486371367937238008e-02
-1.423642652614730275e-01
5.117189666432640782e-02
-1.362810876434784879e-01
-1.492600801129963586e-02
-8.908413937109725678e-02
-8.934293749915624139e-02
-7.710576327800444142e-03
7.761992806506745612e-02
-7.875136511413045881e-02
-2.325843842930489236e-01
4.878522823496066196e-02
-1.124868890485247463e-01
-3.301723575954793738e-02
2.837083057519212623e-02
-8.720026285992665827e-02
-3.531596053913382133e-02
1.386405004043505911e-02
3.019728717084313105e-02
-6.773249313011853179e-02
5.589369612591824077e-02
-6.048513244407942302e-02
-3.728680028035428334e-02
1.118848459729972072e-01
5.671790231226089135e-02
-1.191341348178386328e-01
-5.033840917120653569e-02
1.063781224755775412e-01
9.627133496637282906e-03
-1.367986838995964571e-01
-5.155912977701372635e-02
-5.214731625369077583e-02
-1.882392809312546933e-02
-5.598683600026703455e-02
7.094496909805257656e-02
-9.844198424856469634e-03
-1.206486218554076728e-01
5.399811993930312554e-02
7.461703315474702003e-02
7.007974868633878862e-02
3.034399064310689493e-04
-6.487728211179186188e-02
1.210765750675471403e-01
-3.676524966465870986e-02
-8.130947627361331809e-02
-7.433888807734961857e-02
6.291618120655592672e-02
-4.666242343559216105e-02
1.345181622463306574e-02
4.593201073675162727e-02
7.235092367151203796e-02
-2.570797790788895490e-02
9.087905913210034270e-02
2.630041287006261701e-03
-3.972268578016540166e-03
6.189458384790916257e-02
-8.714598028754304282e-02
-3.938895090407772137e-02
5.698820403181839751e-03
6.832937266173479823e-03
6.604649800111704605e-02
5.494595705359718585e-02
-2.237543320368912819e-02
9.172545548499836526e-03
8.389905890642876396e-02
-7.704327786054657179e-02
1.229139143222010046e-02
4.134220845147375256e-02
8.955088452388654252e-02
-3.604591570876702900e-02
5.617131831279296994e-02
5.703464324636212807e-02
-2.271413553974207383e-02
-6.856254915418344420e-02
1.693988817866654353e-02
1.069795772992671035e-01
-8.385562631239033837e-02
-3.298357468215169785e-02
4.959420523483084979e-03
1.557187584875760304e-02
8.373732233163852859e-03
9.304183237579466621e-05
-3.465832766491600686e-02
5.643067201203228606e-02
-5.336130464401871165e-02
-3.939212092787134495e-02
4.175369061214942445e-02
1.233628485165621791e-01
-3.070014445035361417e-02
-1.121029893629193752e-01
-4.686762528507850550e-02
7.902290869867927003e-02
5.326005996656869163e-02
-8.755844286794868536e-02
-7.993280356942281117e-02
-9.690645086745858228e-02
-9.299683111018823556e-02
2.290227808592663894e-03
9.911389857018267167e-04
-4.793108656619572694e-02
2.315189294918140045e-02
-7.852792745766636051e-02
-4.938991844375916623e-02
3.928469960612240158e-02
-6.221743606499397644e-03
1.239755128058312450e-01
1.985464335526112081e-02
-2.684353271981791342e-02
-6.866032968192084529e-02
-8.449943526841531896e-03
-6.727705548488176202e-02
-4.514561607132881044e-02
-4.082337033036447654e-02
7.586151259867755792e-02
4.982493067795452143e-04
-7.557075278742098751e-03
1.006581576868856576e-01
6.190948622780496902e-02
3.405625190873080854e-02
-7.667934605677528825e-02
-2.076211985733735985e-02
7.927098757102371551e-02
1.881673834843889531e-02
-7.219660560601202925e-02
9.901062769195732860e-02
-7.887996350204712348e-02
3.374434771196418298e-02
-1.016727613847918377e-01
-3.532256203198240029e-03
6.906981832247888198e-02
4.702766246567009756e-02
-6.190141410536140892e-02
-6.079899748030602458e-02
6.595616866332754125e-02
-1.034804919636000964e-01
-2.328104690827839662e-02
4.261208076641096604e-02
6.614169675689880734e-02
-5.286844764575409500e-02
9.031169023435668686e-03
2.810402568600491729e-02
-9.331112099496450055e-03
-3.614506882412641536e-02
-6.033012808476843208e-02
1.264506150948418485e-02
-4.322899354117663850e-02
2.902627384534630511e-02
-4.169270850494420644e-02
1.644908679376913818e-01
-3.381418627739694177e-02
-4.819374101185932430e-02
5.870766415427011026e-02
1.353528262431265110e-02
1.963725162046526737e-02
-7.682539591588573302e-02
-4.799092485038261580e-02
-1.524212801290520530e-02
-3.966912218225042419e-02
-1.596438361959225116e-01
-9.809439277362652643e-02
-2.348994167208102307e-02
5.678875397808130776e-02
9.858139993416889513e-02
-3.357055197449509715e-03
-4.449922534334817964e-02
-5.047756341154940700e-03
1.754951316677264987e-05
2.904807184400968675e-02
-4.578331374437021734e-02
-4.276911132649726527e-02
2.434967173330688725e-02
-3.250225395604327411e-02
-7.634296404741665321e-02
-2.333987209207763480e-02
2.873129822925078736e-02
-3.006584556570950084e-02
-1.536925577122689318e-02
-3.327721039128289648e-02
-3.250679656745887949e-03
4.120377318559954177e-02
8.246764610064731549e-02
-5.467438078839070154e-02
-4.061225328184054164e-04
2.452108178276633105e-02
7.049178641819479896e-02
-7.881283743120066909e-02
-3.832251568311287326e-02
-4.550324050817051297e-02
-1.438684252112195326e-02
4.163662849638893881e-02
-3.797619875382369364e-02
5.043563412776361221e-02
-1.895925869652138537e-02
-4.149309504791879460e-02
9.686873738851175045e-04
1.987098368409424137e-02
-2.882440542294191499e-02
-9.748509459209709141e-03
-1.140345142729673744e-01
-1.427340795836242252e-02
-1.296621433237035888e-02
-1.957231515368244162e-02
-1.535147749345645678e-02
5.200897902978956697e-03
9.337971769540594213e-02
8.944630641935456469e-03
2.098101490238586317e-02
5.031161103192022255e-02
4.752254566471001557e-02
5.746008004786128109e-02
1.945564520581395673e-02
1.854012926195181682e-02
6.319099285687137038e-03
5.064802572193653069e-02
4.389495998309934921e-02
-2.012971645083789021e-02
-3.197122594962448217e-02
5.526103127415742979e-03
-5.759913624623114181e-02
7.093738718547401567e-02
9.858937401463947064e-03
1.546543494673864767e-02
7.301836074302972546e-02
-4.143940072737316294e-02
2.386707646154946974e-02
2.764705204985783496e-02
-3.332198289228565508e-02
