-2.650443723786731209e-01
2.340548805068573546e-01
-3.156168760916118199e-01
-5.237492429873238931e-02
4.980955465964784917e-02
2.211296939445675236e-01
1.790348371392990190e-01
1.644941146250820940e-01
-8.656424967056243480e-02
-1.423457652501201043e-01
-7.646409997269868093e-03
1.093844334121783640e-01
4.792715990739448290e-02
-8.554991654526065969e-02
2.570930267599524574e-02
8.957796906260130643e-02
-1.331612571529908751e-01
-1.855644661729801553e-02
-1.201657601031271005e-02
-3.062830786030584784e-02
6.927570340726887932e-02
8.083789387847936658e-02
1.249202259044165236e-02
6.943574805592461763e-02
5.520850115845284817e-02
2.146653027696764082e-02
-1.309040015546584015e-02
-2.792401882408321670e-02
-1.232185515788999791e-01
-8.560439914681909623e-02
3.663969402164982125e-02
1.086402980327315013e-02
7.174173941687682528e-03
-1.109005073136469857e-02
-4.112190734137441406e-02
-1.288938921359351376e-02
7.128777124596567642e-03
-7.387211508512155078e-02
3.889987119731983661e-02
4.005129372076803897e-04
4.248191764462527775e-02
-9.844094312637302613e-02
-1.214117646797227036e-02
-1.107830342204812191e-01
6.461703965845463915e-02
5.347427211403222441e-02
-3.270349461159184623e-02
5.610809013645358737e-03
-8.968879636995528981e-02
-6.044403195782802052e-02
-5.125284596964153200e-02
-9.520566543536260196e-02
-3.588409706957104012e-02
1.422217426868789547e-02
-9.289652776035457055e-03
-8.510105310837885392e-03
2.364329802491296761e-02
-7.332966485770182549e-03
2.950504163713269130e-03
-3.491195023681364917e-02
-6.995167935058814457e-02
-5.178759093814903902e-02
-3.210084704892047364e-02
-6.629213084072403672e-02
1.217975092040153168e-01
-1.667418028602652563e-02
-4.769780003377430827e-02
1.307411637496470047e-01
-7.622119168549121304e-02
-1.425656861815728094e-01
1.033865956644216925e-02
-2.380507635682395200e-03
-5.034423541766441714e-04
-1.402973542735540431e-02
1.619022581584868281e-02
8.740303131364762779e-02
-6.555762703491743726e-03
-3.727451104027967779e-03
5.759603984289263234e-02
2.057801760865321170e-02
6.026414626747333969e-02
-5.213940021798244701e-02
5.319177805916325968e-02
1.384310763545253814e-02
2.968836258875240126e-03
-1.305710701591599084e-02
6.603991203233096352e-02
6.387078533280692028e-02
-2.175788537958565569e-02
-5.257843944975118880e-03
3.774209183526906763e-02
-7.937257837009493999e-02
-2.134571823827325146e-02
9.335194066731175577e-02
1.415696851514330196e-02
-6.778733633263874826e-03
-2.335419028947768524e-02
-4.481667530551641625e-03
-7.369627465569578151e-02
-7.284423354623248241e-03
4.450133758453413829e-02
2.355642123067777649e-02
-2.387734526437140098e-02
4.304729101730882940e-02
-4.078775594654816122e-02
-1.882548857431608214e-02
5.736475365454440922e-02
-4.902137088341950583e-02
-1.048912722037493445e-01
6.156591765544607020e-02
-5.299452343101062821e-03
3.877286284625021655e-03
-1.863603552081207274e-02
2.414555248500731277e-02
3.031842803105306086e-02
1.987356431260423745e-02
9.535164798650354323e-02
3.374197088148520388e-03
-3.931861991395309286e-02
4.870805579290168885e-02
3.329593270620453960e-02
-1.182330243259806235e-02
-1.692225751775427653e-02
3.344512578189223762e-02
-8.789661735746573390e-02
-5.228339224390440507e-03
1.386988341017247363e-02
3.522667795813202996e-02
-9.334407488217219551e-02
-2.842636959991396220e-02
-2.553320540460573759e-02
-9.799535442452890488e-02
4.420754248326060065e-02
-1.939612720725630499e-02
-6.113930315367326757e-02
4.325777300659407881e-02
3.239698583311315105e-02
-5.877536182465212949e-02
5.202866922636487090e-02
2.767472159302769395e-05
-5.231228696482520535e-02
4.134404353476438948e-02
-4.454551440229748832e-02
5.230143539185717200e-02
4.061502972593274141e-02
-1.739336988974510279e-02
-5.170694256153455376e-02
8.669478959863348433e-02
8.991041887941777361e-03
1.059036469090775673e-01
5.009497029185436268e-02
-3.075104621372829437e-03
1.803512164139594795e-02
8.086133070767066722e-02
1.069600700111873054e-01
-1.259655084863489927e-01
1.393435074307131441e-02
8.748955495018267969e-02
-4.585553683835538047e-02
-1.045918265792735030e-01
8.232613253212762994e-02
2.492044468961208611e-02
-1.201448916935731956e-02
3.614543376767689886e-02
1.238129159882407453e-02
-4.968755472687116231e-02
4.453459861883852372e-02
-7.800351438762222200e-02
-3.053850948873311488e-02
-1.880012543039671913e-02
-8.619519987391296295e-03
2.911419237881074373e-02
1.715604791524897449e-02
-3.165557939953102945e-02
2.295492945684323924e-02
9.278897518803827515e-03
4.747614541906634844e-02
1.405391067719246809e-02
-2.732291231319428429e-02
8.152725770915859871e-02
7.766400141680288027e-02
-1.174833668443133437e-02
1.013386020560467192e-02
2.902391242855599865e-02
6.460599545401381205e-02
5.178023883693697038e-02
9.358081896224991481e-02
3.936587883528132326e-02
-3.501237544463613877e-03
3.538177839898576371e-02
4.130705829198576956e-02
5.980597230940594422e-02
-5.394422869718621533e-02
4.370332960319273097e-02
1.335051685424392537e-02
9.568872095866735525e-03
-9.927985319044010937e-02
2.055217288605183396e-03
7.216100181743755060e-02
-2.845937379225460702e-03
-8.041497147993533975e-03
-1.300805020084157618e-02
-5.179128304137781136e-02
-6.025319837876890600e-02
-6.941121964838740770e-03
3.946206615070210061e-02
4.975966310819127797e-02
6.731667343408447718e-03
-2.850714639751032037e-02
1.299546494461829502e-02
-4.049505242362051033e-02
-3.477142557740218326e-02
2.007303420269412192e-02
7.313863864716991028e-03
3.532392474665323884e-02
-4.629191133475031757e-03
1.438693838842735988e-02
-8.188609803774939133e-02
-2.103526051460204854e-02
-2.465165957455776533e-02
1.932925198094740185e-02
4.933391544804610618e-02
2.226562983665495050e-03
4.047444085603034945e-03
2.717914502399059948e-02
1.624461210167071207e-02
3.727916630087247524e-02
8.960541904747605646e-03
3.171420357775477789e-02
5.392380976106884993e-02
-5.143854270942584128e-02
2.280230111989050776e-02
-1.193552631812988124e-01
1.496457596487951128e-03
2.082018747521493379e-02
4.529440135807355841e-03
4.793724095447129269e-02
-4.680947999693268330e-02
-2.769446631899023792e-02
2.984240355650570262e-02
2.222093933496412099e-02
-1.747543089716015879e-02
4.874218366883369645e-03
-8.211850790968897029e-02
5.973537287462279965e-02
1.967630968445161291e-02
-3.210887336028736549e-02
4.875887839647682735e-03
9.298866981484643635e-02
4.460750963129533203e-02
