-3.142101083146739970e-01
1.318355366734807188e-01
-3.431849753365986966e-01
-1.118513564608275279e-01
1.113122421112818783e-01
1.460467641695468999e-01
1.357200157770104554e-01
1.722022522884689433e-01
-7.078933796698323733e-02
-8.818926797901202597e-02
-4.220971319178182940e-02
-1.163509801620312735e-02
-1.090791115745773227e-01
-1.528192422665128891e-01
8.421897992610376943e-03
-1.189611151600825610e-02
-1.885746404334920009e-02
-7.737422741436152801e-03
-6.735386704888440823e-02
6.934926348529976692e-03
1.779452936835849292e-02
8.941177481696370444e-02
-2.379063272420074357e-02
4.980874531690958340e-02
1.804417385909769939e-02
5.399064581832461324e-02
-4.947988996241048376e-02
-1.814930335662097438e-02
-1.027748268658409680e-01
-2.871595137498295786e-02
7.145320688922547625e-03
-3.988881119818143278e-02
-2.528684168814720329e-02
1.061405272580650226e-02
1.222879037653250159e-03
-2.004454423697939539e-02
-5.376560034422506358e-03
-1.229784357207337614e-01
3.659399793093688624e-04
1.128084172388918449e-01
3.605562798079436221e-02
5.168023308904098889e-02
-8.255294638923509065e-02
-1.028687565359808487e-01
9.944137250230690450e-02
-1.084995966392438352e-03
4.636193922608133899e-02
2.968336607201801924e-02
-1.072863271211582231e-01
-1.110598230409492043e-01
2.182809137053243892e-02
-1.049087154275742395e-01
2.446532927412481406e-02
4.417174700040254337e-02
4.519221707307857772e-02
-6.159742646451217551e-02
2.239616962412698323e-02
-1.543857293013817418e-02
2.979648094495664437e-02
-4.928658297195330495e-02
-5.398316798795684684e-02
-5.531736857271391666e-02
-4.417063040129785845e-02
-4.130574162569498886e-02
-5.164281010086566731e-02
-4.736860407346303592e-02
-2.674474791916919142e-02
7.836999696138838289e-02
-1.369954764815936032e-01
-9.914185325155826234e-02
1.563191375693186169e-02
-7.872023688055909685e-03
-5.170462908766161950e-03
4.500889180189058397e-02
-7.363125187009871443e-04
3.852442860126126245e-02
8.958237762562553871e-03
2.254440661435854615e-02
7.664234745574279202e-03
1.944564108082814241e-02
9.359299859164860527e-03
8.789326770725997212e-04
-1.934203421844762558e-02
-3.242783132599702522e-02
3.320248041395899158e-02
1.138369403596562260e-02
2.828447041186201143e-03
-2.741051167625575130e-02
4.643313087808936812e-02
7.536164211900127363e-03
2.342553865330401774e-02
-3.901630742504492294e-02
-1.943992273995867603e-02
5.868097111207459804e-02
-4.558295908704663307e-02
1.729666151301332069e-02
3.218718730076833290e-02
5.043887941165561828e-02
-3.139450344544882088e-02
-9.540473139351092480e-02
1.454630873648232042e-02
-1.748391179923597383e-02
-4.125272008639053328e-02
2.888997165363188166e-02
-7.453468205480145471e-04
8.543336604329408029e-03
2.500045093596278342e-02
-9.090233311271369437e-03
-1.164925175576347061e-01
2.410446474529130342e-02
-7.226088024161703106e-04
6.404825999029453709e-02
1.209723470019826060e-02
-4.772632182300150933e-02
1.159554333882794122e-02
2.364895998325129353e-02
8.530698732644520499e-02
-2.901658722483628841e-02
-3.457501756797703996e-02
5.855993853639363672e-02
4.660315846903061859e-02
3.192773027244247275e-02
1.130252066468839973e-02
1.140045994070420787e-01
-8.154414985265354132e-02
-2.789240878077022326e-02
4.842588808025728893e-03
6.973384728602378957e-02
-1.300097956283050304e-01
4.030059941345605357e-02
-8.208387325625628173e-02
-1.178995001022155875e-01
5.086995433873849753e-02
-1.997599181921880934e-02
1.153676962231750189e-02
6.958520425975414647e-02
7.691757221688032276e-02
7.475326478862841760e-03
7.852787730752408546e-02
-2.494614361587110460e-02
-7.147695999745250217e-02
5.904058369645739934e-02
-4.225779462595645464e-02
8.376943035928875736e-02
3.637490765206234655e-02
-5.391072439149809797e-02
-2.279151337985982351e-02
8.075133065198800142e-02
-4.735926524458745207e-02
1.340703928633470501e-02
-4.562356269085349886e-02
-4.894175686662350505e-02
9.143728559286914970e-02
-7.724361915544945313e-03
9.270929499112871841e-02
-8.150601630141159071e-02
3.171665920531978322e-02
6.713778820395888136e-02
-1.261841579139587506e-02
-5.509025908208751987e-02
1.611110395452588009e-02
1.602258809822691352e-02
-1.712037419981851313e-02
6.384409153581901974e-02
1.360555707261376819e-02
-3.829390164064779001e-02
1.541488749458416914e-02
-5.406434135923407491e-02
7.833754791467939863e-03
-2.113556307126985417e-02
-7.498494218468308714e-02
3.857102123662963650e-02
1.659878707258283237e-02
-5.623179556678101210e-02
-2.750789265271921802e-02
5.943663801525685131e-02
3.047083913151565557e-02
2.392205305518896319e-02
-3.344271840314960720e-02
1.409499968016901875e-02
7.722483998868877320e-02
1.899527944193700121e-02
-5.607117447738836635e-02
4.433148834504604952e-02
1.191005208664861446e-02
3.989117974173683051e-02
8.024385327707519999e-02
1.112889965481024535e-01
-1.247342708946886248e-03
4.879497483886168635e-02
3.442857390358028402e-02
9.191715251719327628e-02
-8.687672264961859847e-02
4.982793051970832443e-02
-2.898769099346040073e-02
-1.197975493985039760e-02
-8.450641960471985681e-02
5.687806959404028556e-02
8.339472676882440927e-02
-1.180116675577320452e-02
1.297197167154415069e-02
-1.325697513393183508e-02
-4.948665722971163500e-02
-1.280299639066823092e-01
-2.732510876291531152e-02
-9.991261116082205893e-03
3.632953312480817487e-02
3.311991975288502976e-02
-1.193035388855204606e-03
4.934701466895251298e-02
-2.935992453135983712e-02
-2.950528543298841196e-05
1.363103583400257675e-02
-2.555817527058657987e-02
3.729251526176098619e-02
1.421115982339315846e-02
1.365279259837575559e-02
-5.562531307125248570e-02
-5.294297133109798076e-02
-4.577318697088179900e-02
2.207269424713229414e-02
3.668654031128003312e-02
2.621544610721020241e-02
1.011503443502013294e-03
3.064922429757381203e-02
-1.364352144217318742e-02
-1.919450779128268475e-02
-1.238203514456691183e-02
5.599419681183784997e-02
4.468761578676876817e-02
-8.626868368261080000e-02
-3.167128467806561154e-02
-9.307956602151080949e-02
5.533181668840186224e-02
-3.350274406411075934e-02
1.537512979918994813e-02
1.955692879159545705e-02
-5.817833233328211645e-02
1.532454447611389728e-02
2.506494299334268913e-02
2.302349530294304364e-02
2.072993306923927651e-02
-2.891731141352850420e-02
-8.069286146250612135e-02
3.286482761196840574e-02
1.103595800569633079e-02
-5.656768887927330486e-02
1.175792391771889392e-02
1.088949742313131963e-01
3.666809950788441769e-02
