-2.240054372153565121e-01
6.510354832257897462e-02
-4.068575558425495675e-01
-6.779166219766080692e-02
4.976501500332383698e-02
2.750840531913618103e-01
1.704069493350012510e-01
2.569974413756998532e-01
-1.292791449195764275e-01
-6.453064778297896986e-02
-4.097045649122115114e-03
-4.913401288223982755e-02
2.347464934380122034e-02
-2.800398338994280339e-02
2.603800270342476048e-02
-6.606781353658799233e-03
-2.208949501044432315e-02
-3.225739807792835090e-02
3.790376660504608808e-02
-6.423129833055059301e-02
2.490028532251815918e-02
4.317174858274935162e-02
-1.007115446122924807e-01
-2.093317880807355272e-02
5.692129837925675312e-02
7.140529637344683600e-02
-3.217289816920489154e-02
-9.294424732238389109e-02
-7.366971078094596004e-02
-4.496020367627664299e-03
-7.484146811013502563e-03
-5.767144031932940063e-02
1.017488157265139699e-02
-1.390942387642775217e-02
-9.037590480521988379e-02
-4.258271222350894919e-02
5.568206111548546638e-02
-8.228358600541199608e-02
-8.443801790839551569e-02
1.591894917211232607e-02
2.153917198756227086e-02
-6.148625122100373486e-02
5.390585787718415317e-02
-6.622800338597292780e-02
-5.856702567479075972e-03
-1.248217747344142030e-02
2.071299276041710727e-02
8.986726335166329849e-02
-1.579249929001850239e-01
-1.038309995759999910e-02
3.041551479099296323e-02
-8.121805352410996215e-02
-2.937903310043291777e-02
-2.005398188782424318e-02
1.075962346717342089e-02
-2.324505336610008677e-03
6.323334051467013883e-02
-1.119284022641877235e-01
-7.614821688543498002e-02
-9.206890278960254761e-03
-6.339034109246274862e-02
-1.372814062680841225e-02
-1.050201242257413486e-01
-1.302264848902835899e-02
2.299155363992972170e-02
2.737563373236132688e-03
-1.272478315308353536e-02
6.820926731457697956e-02
1.070123769317130047e-02
-1.425997534753890017e-01
-1.798831278133612016e-02
2.130256592774730853e-02
2.256352813068217972e-02
-6.141649774627649244e-02
-1.372201469919542664e-02
2.785787685867844102e-02
-2.803243421870208439e-03
9.672732339286724268e-02
-3.090018934218739452e-02
2.684204649110238580e-02
4.512225656550263725e-02
-5.842492941572666187e-02
-2.352128849372070452e-02
7.061205190145808039e-03
1.594184245829487548e-02
-1.491372865854638866e-02
3.513551043985211481e-02
9.446044598354434718e-02
2.598836374359169907e-02
-6.965959646542461969e-02
1.435882697842782822e-02
-7.208069568125176352e-02
-5.633829321678996555e-02
9.792967878317479502e-02
1.724508619253793326e-02
1.023901435090899745e-02
-1.927965200676425017e-02
-1.581442947933406340e-02
3.309042950245504999e-03
-1.258552881920071281e-02
-3.555384182653683472e-02
2.990033690951943157e-02
-4.084658013026370993e-02
-1.094210664075818962e-02
-3.150978229357240257e-02
-4.086881030057062936e-02
5.014829597943941397e-02
-7.074057007354494532e-03
-5.235858750070833401e-02
5.120546056992989620e-02
-8.774791343619541342e-03
2.188475008960617807e-02
2.764861643449670683e-02
-8.207284146474670694e-02
2.645778662964658884e-02
7.358189529284434038e-02
2.920264427751467773e-02
2.822293793668735964e-02
-8.140157873692788551e-03
8.845991042494594225e-02
5.160778244476006693e-02
-6.044459091122446901e-04
4.867681027446445728e-03
-1.528112643059324760e-02
-9.373578663926386556e-02
1.917191146544720143e-02
-4.253739930534072844e-02
-1.062286371206083366e-02
-2.944689195837264448e-02
-1.052604879421848924e-02
-2.449982648752905418e-02
-5.598497876286367969e-02
2.238300272777784660e-03
1.019515397227787820e-02
5.612549617460484835e-02
3.186811748198561944e-02
1.276100191067165365e-02
-4.042076500726828059e-02
3.335835989315703853e-02
2.537093970948493121e-02
-3.574756639306089778e-02
6.340524541119125362e-03
-3.665641406603491626e-03
1.019146894262614733e-01
-1.451150151455559258e-03
1.095694780559377558e-02
7.189060246357043861e-03
1.377317566784779512e-01
-9.288892451218827562e-02
5.495370726846932063e-02
3.649240340612848466e-02
-1.178956872981651261e-03
2.108152730253647772e-02
4.359206931706097882e-02
7.361871401241516788e-02
-6.677867375526602700e-02
2.551347804579946060e-02
-1.043046537728803402e-02
-4.049901268059290932e-02
-1.019102054998643481e-01
4.697377082110792967e-02
3.356465208437166281e-02
5.828204373300108210e-02
1.693231653786460983e-02
7.644109306383933822e-02
-6.556659266544921649e-02
3.002402380879812260e-02
-6.809637973098715824e-02
1.050204715721523852e-01
-6.042248704870338376e-03
-3.667978100641434980e-03
5.900130341943712886e-02
1.864697630751793386e-02
-3.935583248794895933e-02
2.989294790404810158e-03
4.595749837628144985e-02
2.064399713240486905e-02
2.353259304055291615e-02
-1.615596573223125609e-02
2.095477743945129995e-03
3.392923950818369644e-02
1.629130452475320220e-02
2.798500564512113042e-02
1.324611853911650781e-02
-3.128839632195053178e-02
-1.663050408361244764e-02
6.765670232849635424e-02
3.963923558241570083e-02
1.922748689121449306e-02
-2.147238674580214529e-02
1.086783766268734942e-02
1.460707230070746598e-01
-5.424177343361169523e-02
-5.092193116767731835e-03
-3.517738147085633371e-02
-5.929724256164796425e-02
-7.908730433097048429e-02
2.756762156683016662e-03
2.348636439093739620e-02
-3.353342248432401862e-02
-6.084877582589570509e-05
-4.180086702919177943e-02
-5.823357312018699605e-02
-4.207366026964840661e-02
2.425478938300961937e-02
2.410726188915461934e-02
5.717574541382088038e-03
-1.387923631561324353e-02
-2.259829434873319651e-02
6.467359661959745654e-02
-1.600701727578561148e-02
-1.135064917404072062e-03
2.398133302667736222e-02
2.807310532574087622e-02
2.526623055502791662e-02
3.098191047962248548e-02
7.476214682063078709e-02
-8.425818719831326686e-02
-1.058680283920501036e-03
6.984053236863289882e-02
4.734745240550006229e-02
5.552329222869117203e-02
1.110355956800147120e-02
6.893784220021834108e-02
1.657852842974144505e-03
5.592482467985986777e-02
3.379816360343367715e-02
7.173723323462058432e-02
9.436138910250344014e-04
6.851954239048005380e-02
-5.820306978990789915e-02
-4.032622362957095918e-02
-2.870859137322201438e-02
1.662551492607197354e-02
-3.551414960483826461e-02
-5.109967779929328047e-02
3.773445101813460018e-02
-8.357764084823558759e-02
3.765787692297227485e-02
6.071694207443067287e-02
1.749681760970660943e-02
2.070023567404779760e-02
-3.791241868837577633e-02
-3.602973798661575355e-02
-5.451601921360541177e-03
-7.420440321533094963e-02
-8.579781595374608161e-02
6.829746172603610478e-03
4.439775510595445063e-02
4.490996475446086544e-02
