1.134270567253870682e-01
6.866794010981970564e-02
-2.332233446635949281e-01
1.339669251239128667e-01
-2.420853684393422800e-01
8.376465787038447908e-02
1.195120958246654319e-01
2.473357937538837176e-02
2.489484541583992204e-03
1.603181600160440701e-01
1.330320782924952761e-02
-3.193100681154146386e-02
-3.119636143177775822e-02
9.988983946636230404e-02
-6.217763531585992348e-02
-1.187924357815836746e-01
1.088519308877231861e-01
-3.458642170367005886e-02
-1.126506971964932359e-02
-4.662752015007896877e-02
-1.297823442859558640e-01
3.902274296579861211e-03
-2.211501584101628268e-02
6.317765016772666775e-02
5.985186475052101107e-02
5.141250686171712492e-02
-1.443404500115191835e-01
-6.254783598430983804e-02
-9.752003913695343751e-02
-1.393823545430229738e-01
6.169489576133489750e-02
3.141032425221685753e-03
3.939089266101611364e-02
8.080186163510186259e-02
-5.199432165545289641e-02
-4.790544187493720081e-03
1.801548423177742669e-03
7.560499318609707753e-02
-3.390788036587678682e-03
1.160156826666086660e-01
7.825786090179188059e-04
-1.050454568892249113e-01
-1.104661791424831618e-01
2.847501767429121491e-02
-8.972749866126733531e-02
1.927187073769535963e-03
1.375146126127798629e-01
-1.115791960034129837e-01
-4.477893166340950887e-02
6.738618108020406894e-02
9.722718000749341893e-02
3.528897927641058696e-02
4.177739849820509555e-02
-6.994830977047146459e-02
-1.349672707779138794e-02
3.927206853439006717e-02
1.322113581973972246e-02
-1.308666475216319763e-02
2.035081497879644846e-02
-1.993784159438677372e-02
-2.643982370368592322e-02
-9.053508591163528241e-02
1.097576009708991079e-01
-7.551587509112754615e-02
-1.158857105080580707e-01
-5.390172676159370874e-02
-7.786195690750999376e-02
-1.684328686902855990e-02
6.075048874823719275e-02
-1.974301567741458818e-01
2.640816593943727877e-02
-1.565375547444448900e-02
-5.280525000737686103e-02
6.951132015111453899e-02
-2.599893061914473544e-02
1.348928402977054852e-01
9.600542848503246240e-02
-2.891144493001989932e-03
-3.872502104496497455e-02
1.256361695757864383e-01
-1.033667352984977625e-02
-1.304071633571453892e-01
3.295100211231748871e-02
-1.222292714752603038e-01
-4.822433513236345018e-04
-1.616990604452973185e-02
4.354573438710317157e-02
-3.524356014337674120e-02
2.512541450341885738e-02
-7.929469403120172066e-02
-2.227254381735070329e-02
-6.079345994547750986e-02
-1.418440517053291550e-01
-2.349843036648989816e-02
-2.561003963010915867e-03
-2.110477920320091155e-02
-6.739018378602860959e-02
-4.030552748203045793e-02
-4.528558821224149683e-02
-1.966684848600131364e-03
1.796602931270561629e-02
-5.456250402477725572e-04
-1.017045538144835809e-01
7.291560491478001060e-02
5.245393814079317429e-02
-2.285353160575082435e-02
-5.426458362266305124e-02
-8.844097608091835983e-02
-2.961817060965209192e-02
2.795380583155180135e-02
2.222216265230296528e-02
5.169302707156925997e-02
-1.031191299010044554e-01
-5.175035508143644922e-03
-6.450992268324375056e-02
8.743563531469001823e-03
1.053766229058321902e-01
-1.098191301678713983e-01
-3.035337835304403528e-02
3.201489823278969027e-02
-1.734749548206702963e-02
8.911379454178892934e-03
2.476510481878330810e-02
6.917995565322671014e-02
-1.898274967235247549e-03
-5.645753713109674665e-02
7.181919432099001521e-02
3.262625365711484260e-02
-7.659061814512354259e-03
-6.375308048027124308e-02
-1.493601408374145047e-02
-6.720294977803768777e-02
-2.606952379459573626e-03
-1.380172664557873397e-03
3.873620215710295300e-02
4.295631114427943091e-03
1.713029080071218346e-02
7.439177635870002428e-03
7.857562943196165495e-02
-1.519628920297689742e-02
3.826179881636126989e-02
1.065874248776491583e-02
-7.805550923626529414e-02
5.594012951290131680e-02
-6.144146824627862852e-02
3.019654506119156048e-02
-3.773919760465796469e-02
1.345550913186264325e-02
5.762348233350811366e-02
-3.432125071284757717e-02
6.446275029889833585e-02
8.211369057872170210e-03
3.869223855345985119e-02
1.310872925451831220e-02
3.568372546322255701e-02
4.102522060532563797e-02
5.725245465972254866e-02
4.095204717322740995e-02
-9.214744859422996370e-02
5.356414318358179716e-02
-4.993117490450266899e-02
7.484606692967872565e-02
-2.162106209413985902e-02
1.360972908685446556e-02
-6.565889773616760683e-02
5.052043274625928060e-02
1.028110207931550724e-01
3.593748378041309449e-02
-1.575286379386866414e-02
-5.375676926636115821e-02
-8.065749958371096553e-03
-2.877750314585818953e-02
-4.227780288669957809e-02
8.850974984463091944e-03
-4.128724897587265213e-02
6.493645895515807434e-05
-3.476882600050080346e-02
-3.937852066119480743e-02
7.652495392147300179e-02
4.746147233054739956e-02
3.424361145193684924e-02
2.916682417766830460e-02
2.260050105325566230e-02
-2.256497290403618183e-02
7.198621631857769765e-02
3.723727152634588589e-02
-2.691515329040353177e-02
1.114231566366827436e-01
-1.771964788310907354e-02
2.052587546824662795e-02
-5.189759511139539067e-02
6.621666321474269958e-03
7.440940811245605468e-02
1.941616662865939397e-02
-1.691407852576011159e-02
-7.264983848011584422e-02
-9.510435655152275902e-02
5.586100164238642224e-02
4.440221419291468657e-02
3.118835602012867692e-02
-2.240813961218370703e-02
-9.411982323953935886e-03
4.171163503391428495e-02
3.235645143641271981e-02
2.015455007254023101e-02
-5.963254293550689783e-02
3.927812221344701392e-03
8.201352369246789342e-02
-5.325917669600787469e-02
2.471290424199714189e-02
-2.097877667026143422e-02
1.919115501693602127e-03
2.312075356980572427e-02
-3.354108695940975077e-02
3.755510621694249651e-02
-3.666677016560179140e-03
-2.773034898985944630e-02
-6.278326786326238369e-03
5.753909470905849144e-02
1.699082462090833676e-02
4.255339414475124704e-03
2.358811082508767420e-02
-1.831400007773328550e-02
2.110252974868795026e-03
-6.239007644648143086e-02
1.350506329157473082e-02
9.158488648470811122e-03
-2.460241632915443743e-03
8.098214879827332624e-02
8.679586398703196745e-03
5.600033550133656779e-02
-2.844177205979812884e-02
-8.246007349350491233e-02
-3.174592301742321793e-02
8.936288854888641345e-04
-2.933907284897727119e-02
-2.863426582172378179e-02
-4.759296617891559111e-02
5.280495228545602215e-03
1.026652362925868783e-01
-5.847298221428674087e-02
-4.994556479734296034e-02
6.406036258278496875e-02
1.765533994820900690e-02
3.387681804546981146e-02
-1.508467656287771144e-02
3.354072307706206652e-02
1.781005610640221982e-03
-2.411742732011645102e-02
2.447211336846958837e-02
