8.897573252564013047e-02
2.076435027744166772e-01
-2.027930474383258241e-01
5.254149055767032978e-02
-1.885766431137845256e-01
-1.098259230409475151e-01
8.475626608894319680e-02
5.975668422066535840e-02
-6.985003623810556728e-02
-2.623243710247825239e-02
1.234789779709431073e-02
-1.634564652970479093e-01
3.724153198416706168e-02
6.637884922078363115e-02
-1.378516768715019325e-01
-3.714814493117708869e-03
1.872031158023715683e-02
-6.587127458255047363e-02
4.921254134683982623e-02
2.207744391808773993e-02
7.780463685456186218e-02
-1.195549124581973474e-02
-4.340657362281651749e-02
1.410070388962791632e-01
-5.142449929010801946e-02
3.427878945467766059e-02
-8.400015802317375990e-02
-1.180896682050252416e-01
-1.157014787329216365e-02
2.634937968261957461e-02
1.042036675523143330e-01
1.261669524089787664e-01
2.326377959571302237e-02
4.394775924956990931e-02
-6.052110804860492965e-02
-1.481009407311359265e-02
6.276486769322663258e-03
4.705228726375908221e-02
4.824269383750948853e-02
5.530674243411536767e-02
1.555190181146915221e-02
4.634753511833732131e-02
-5.712939049068279512e-02
-5.211930035611282187e-03
-1.290261480421573959e-01
7.277614070246888126e-03
5.957102352217261143e-02
-3.622394712882247986e-02
-4.132415368188874227e-02
6.362674947028129635e-02
4.773306635422178146e-02
1.660581158608406133e-02
6.239626022699123337e-02
5.737207852891122034e-02
1.064707391661995489e-01
-3.470000542468387045e-02
8.884191486327074061e-02
-2.850138759149815210e-02
-5.033850946226779005e-02
-4.279179871995515000e-02
-2.509857075268786750e-02
-1.295776674821514859e-02
1.607057573059045980e-02
-2.137314409445766061e-02
1.046777007899951997e-02
1.194581851827457211e-03
-1.192125744498633705e-01
-2.070642177352101723e-02
-3.651733000170306366e-03
-5.425523344439475704e-02
-5.740575910539940513e-02
8.985236695190038092e-02
-3.577976712939250070e-02
6.622004947791990115e-02
-2.368830099419689736e-02
1.793912053141984153e-01
5.562075813949336062e-02
-4.434274055565867040e-02
3.284628634042640466e-02
3.873544648013490382e-02
-1.078606544440649170e-02
-8.895325561199202147e-02
2.358997319548241430e-03
-1.478257899058584568e-01
2.442363705153302936e-02
1.400043806600600148e-02
3.741254441540615983e-02
-1.782728918752450251e-02
1.077963899556623473e-01
-9.048387776105390468e-02
-4.684742028611191267e-02
3.399163470492867073e-03
-1.491641404994722975e-01
6.140195254692618759e-02
3.588199185431222710e-03
-1.768404235549777409e-02
-5.008482652510314048e-02
-4.993413378050567952e-02
8.219139276621251211e-02
-6.077827038416711708e-02
2.817686410295958468e-03
7.162272013368433006e-03
-5.436949688776997192e-02
1.259001521398553924e-01
4.477891793877429583e-02
-8.013433763960281508e-02
6.254837952493169650e-02
-9.646409375682603315e-02
2.702848866185146234e-02
-8.255025791693480774e-02
6.141593972848429644e-02
-3.399048650345748435e-02
-9.876449800735968843e-02
-2.176224521725457842e-02
-2.943463182968636752e-02
3.402712456858357579e-03
2.902514143227987223e-04
-8.966955936009361749e-02
-5.200973410057427304e-02
3.999050027611160407e-02
8.878941074145187129e-02
2.264322889151174165e-03
1.529449591801913116e-02
3.560725855684246377e-02
-1.933898340930376852e-02
-5.507195263024935311e-02
2.325487233581532281e-02
4.691098889483497070e-02
4.616138730406892099e-02
-5.456444757998414608e-02
-1.150465167785686832e-01
-1.061264526947629655e-01
-3.829485026105439172e-02
7.584006413735877583e-02
1.122053792230733038e-02
2.385259818652874300e-02
-1.159025879602994420e-02
3.136120951638832199e-02
-4.250119936579259579e-03
-2.981305119940283466e-02
-7.555513620258419959e-03
-7.623675034866231326e-03
-7.216543669573265152e-02
4.542643398055652010e-02
8.465724241054921242e-04
-7.388474661989313796e-02
-4.835894053797130249e-02
-8.922430074716040937e-03
9.871178512163696073e-02
-8.275783882533204600e-03
5.438010905288247210e-02
-3.177807623839760953e-02
4.317742044435452647e-02
3.421149788966923455e-02
4.713756731848278703e-02
-5.382566691823445493e-02
3.889609030414932500e-02
6.061686109250522675e-02
-7.192535820630237275e-02
4.261734168430248576e-02
3.543722035715467233e-02
4.083491547321062461e-03
6.451757984200350016e-02
-2.693047400899275384e-02
-1.960630558818677802e-02
-2.186610525942115149e-02
4.694901871932008475e-02
-4.599646382002552103e-02
-8.262607400801720570e-02
-1.513567181936661676e-01
-3.272896102646135480e-02
2.741317094868349694e-02
-7.435509169527260154e-03
-5.205886320594754063e-02
-5.019289663933074186e-02
2.029192104242206335e-02
-3.479683708208741039e-02
1.811246068018689329e-02
5.589378653174834066e-02
-4.525778754022774519e-02
8.758125923587399553e-02
2.819735775952109808e-02
5.561974911395807519e-02
4.167821726282242706e-02
5.593466946291943132e-02
5.145372623664736661e-02
9.099183513311081412e-03
3.230332622049026520e-02
3.204564197516844570e-02
4.007445815944424977e-02
3.118560427926447137e-02
3.451441431415907396e-02
-1.508423587285578210e-02
1.242611119367261624e-01
2.379143036269998519e-03
-9.807609903440638044e-02
-1.679424188570124432e-01
2.510438134801176030e-02
5.051790724364496610e-02
-8.708443593868923915e-02
2.416790126931382763e-03
2.468667957038706701e-02
4.547497158820220514e-02
1.068902502309909686e-02
2.017000292257225755e-02
2.935690206948532444e-02
2.234810631943238632e-02
2.700677721585080862e-02
7.809057381487170303e-03
-5.260050115449261751e-03
-1.450481165771342063e-01
-3.240676873484913366e-03
1.607130640425394330e-02
-5.178733095500351324e-02
9.678371129362406400e-02
6.138250270988393660e-03
-3.215346853150821260e-03
-7.079124829862416812e-02
1.364122497544395692e-02
5.438184875208124103e-02
3.070308130949360448e-02
-4.205945494524090250e-02
-4.747451225930057750e-02
1.291610095240460498e-01
5.780432419183762632e-02
3.789204030857117045e-02
5.878850682256583221e-02
1.232618635109366048e-02
2.125059968289630050e-02
1.966778655787131125e-02
-6.897145334874271727e-02
-5.162265102884792956e-02
-1.792975747033205905e-02
-3.618473430888219378e-02
1.991280579302608794e-02
1.339603177036930446e-03
-1.178754068517047157e-02
-4.612217448412864879e-02
1.918801231283450218e-02
1.765116204064101982e-02
1.145689345545223246e-02
-2.172786876108688189e-02
8.200037379418755046e-02
-4.506168864654238465e-02
9.277039921198139416e-02
1.002543764011863958e-01
1.822909011447243835e-02
-1.521888859084058552e-03
-3.324857438314999386e-02
3.398631122538043475e-02
