-2.643873161752648415e-01
1.213688354233458805e-01
-2.185420863372464495e-01
-2.051223954324936372e-02
-9.828938771331938162e-03
-4.238268050074445875e-02
1.747484822780423774e-01
5.480411466965257744e-02
-7.914594943722599862e-02
-2.564197947110794656e-02
-2.056266158866179861e-01
-1.483382213111922587e-01
-8.632177273714845833e-02
-1.146095239907215096e-01
9.062309605602220097e-02
-2.077162417917152726e-02
-8.381677808614538747e-03
-1.780983129180285915e-03
2.143491170703444842e-03
4.222607287000139376e-02
-7.079731822886116584e-03
-2.431246001179591942e-02
-6.479246691514500833e-02
-5.352264094885872403e-02
4.057152589481628768e-02
2.827528083838448929e-03
-6.528227711171810665e-02
1.086678907540029361e-02
-4.948721459383894489e-02
-4.496391788460873951e-02
9.078289057064679174e-03
-4.081532251175273851e-02
3.597881054103640314e-02
1.160759408967702300e-01
1.021394552025779862e-01
2.131367155936783955e-02
-4.068064202771623505e-02
5.093232787394053745e-02
9.217472746585946702e-03
1.601161474163281806e-01
1.442366324755886900e-02
-7.379548316052980672e-02
-2.919428115769738194e-02
-1.119895243996460975e-02
4.556887158142292754e-02
-1.681843328431190804e-02
-5.998803162349703594e-02
-5.204981563500476333e-02
-2.890347800350847110e-02
-5.322778490973352483e-02
4.014115801064201822e-02
-1.169677487829636209e-01
-3.657264478430744675e-02
4.059844120759827091e-02
-9.623620313260644599e-02
4.743087776928669834e-03
7.253084450024051277e-02
1.665839628939198153e-02
2.048518567029861820e-02
-6.162002793121615363e-02
1.888052035586777061e-02
-6.793258673971017125e-02
1.107490644888057575e-02
-1.391389692267984424e-01
-2.668700026390972979e-02
-7.250545334931490782e-02
-4.641332652994194924e-02
5.489899374521224618e-02
-6.779032008643394447e-02
-1.849317540409405047e-02
-7.680771194932780287e-03
3.106460095568686075e-02
2.259057279459255468e-02
-1.332252558640854151e-02
-3.925936109664167339e-02
7.828289278605070345e-02
-4.984043910405506692e-03
-7.617165149462658269e-02
3.595050962656679006e-02
3.119429327364793905e-02
8.254264805429589735e-02
-4.657977193266710919e-02
-5.112606962991177867e-02
-1.201401531268502798e-01
-6.440366708159929454e-02
-1.180657342002746080e-01
4.163074910491616071e-02
-5.765800382559796433e-02
2.897144176628615314e-02
1.817563013733410906e-04
1.293926815961329684e-02
6.610452779319304917e-02
4.330957874967678034e-02
1.039775251212881474e-01
-2.534452542881847001e-02
-1.028223836343629058e-02
-4.652860859035179431e-02
-1.257111379121309165e-02
4.495827155773170387e-03
-1.880268418106580824e-02
2.430975808850506514e-02
2.921142797858165482e-02
-1.078973576555183472e-01
-7.264366711765483930e-02
-5.251849540584167808e-02
2.422343510336644017e-03
6.821930236892059796e-02
1.158158634600042584e-02
-2.220426704408455130e-05
-2.005554522701034903e-02
7.689888454037309418e-02
2.723805405507555982e-02
6.177410683887931547e-02
-2.248104098118632391e-02
1.233635822528834827e-03
-5.112305594624121097e-02
-3.036279370090815000e-02
-6.832606297895159331e-02
1.693898063113470501e-04
8.098689447943797914e-02
-2.825518961391402031e-02
-2.041070957958913273e-02
7.481975456805951830e-02
9.504105239695120888e-02
-6.009513863394994049e-02
-1.932567953805736701e-03
8.952164663449216006e-03
2.532214796156343276e-02
-8.263215792331604637e-02
6.279235087906787083e-03
-1.247344965626131091e-01
-8.485573687156383604e-02
2.300995978539245243e-02
4.689825248056619239e-02
1.128387596739874044e-01
-2.086439021215757625e-02
-5.011478823820350592e-02
-4.003689148364873718e-02
-3.619132719987486896e-02
1.186896013601247864e-02
-8.647145235945342956e-02
5.469011429080378184e-02
-2.867779812863762573e-02
1.461019987475449186e-02
-2.669915891871858186e-03
6.205514150117051597e-02
2.816335886206711159e-02
1.051522035920088305e-01
-1.536528351442212901e-03
8.112098608275723766e-02
-3.037069163052757287e-02
1.823579989061894016e-02
-1.419061197170989608e-01
-4.443274747766023935e-02
1.020753711245256379e-01
3.286924323368323100e-03
2.071637331187774558e-02
5.905340864515624955e-02
1.096253415201472537e-03
-3.953256710939782870e-02
-2.604792612553794018e-02
2.466880212580917567e-02
6.658398061715119221e-02
7.236616573966708765e-02
8.617600743961101317e-02
-9.227937503331683222e-02
-3.342209830704296475e-02
-2.011997570548460217e-03
7.151201157933473329e-02
-2.615679977814255527e-02
3.814755430249668761e-02
-5.780127504009770212e-02
-6.576450113905149553e-02
-4.736793681262663203e-02
-3.136745884455804934e-02
1.109863487778104015e-02
4.679648003661061872e-02
1.507787854837210617e-01
-1.895988069252611471e-02
1.371441184771342858e-01
-4.783159377734593626e-02
-2.218105821581694767e-03
-6.087987414973261265e-04
3.381470854522963115e-02
5.385085534861332179e-02
-9.596053767685476174e-03
5.967183731838252014e-02
1.144125953508687461e-02
6.999574765257393638e-02
3.682236484845847254e-03
3.246038681570923706e-02
8.132054736581648124e-02
-2.291286374713259397e-02
4.685031066217459211e-02
1.462277421006962820e-02
3.155815227681652707e-02
2.400520283756654195e-03
-3.733943675823546415e-02
7.835646823566324443e-03
8.305043643276584231e-02
2.919570139942718676e-02
6.655644178360978214e-02
-1.404630155594444041e-01
-6.261014425714606091e-02
4.604264343846184437e-02
1.005416832565430435e-01
5.882599676817587553e-02
4.073703601640229523e-03
-5.180598437802611672e-02
2.614363656211018266e-02
-9.480664323144837036e-02
-1.397500542110803601e-02
-6.236087451354351691e-02
-9.939960106552358371e-03
-2.888563838178038329e-02
-6.008010485563927694e-02
2.575324328662370252e-02
7.346806548174559344e-04
1.024631663968478268e-02
5.382910140211771138e-02
4.568883004752849301e-03
-1.158214058667547501e-02
-5.803003787872349981e-03
5.576735032284268340e-03
-4.725476779479040323e-02
5.772558654791155180e-02
4.749884153206438558e-02
-8.667804557107733343e-02
-9.681649311938102243e-02
1.928452716793509908e-02
-6.678738694489357551e-03
-7.883519361873540104e-03
-1.641515391313057640e-02
7.649456596792604708e-03
4.255487615047323646e-02
-2.693627000751227379e-02
-2.899596691615699551e-02
8.551656495643123260e-03
1.860644834205685272e-02
5.908583172464651478e-02
-3.575313066616555430e-02
5.440398754231057926e-02
-1.216676057872385919e-02
-8.724780498502601733e-02
1.099336378956423336e-03
-8.209014518316191944e-02
-8.888049409358894648e-02
1.117172536680290963e-02
1.010423704263639366e-01
-8.858040740809298985e-02
