1.713254788899102876e-01
6.765421695178962247e-02
-1.662666993890162537e-01
-1.913569574485934066e-01
2.590780575758681523e-02
-1.236419671546477028e-01
-4.983628550946596347e-02
-7.018134801385170207e-02
-2.131964591859763364e-02
2.167971334627129820e-01
-1.097663406696727795e-01
-2.656818774294048349e-02
9.403797222588748672e-02
-1.598143904023948802e-03
-1.162746131296592822e-01
1.059440224391904467e-01
7.129727007246827730e-02
3.889194906144772396e-02
1.623935200459808784e-02
8.575476068469574387e-02
1.007150125820325259e-01
1.069554923471708746e-01
-2.930669303889725172e-02
-6.510098910162524788e-02
2.174388934560584144e-02
-1.182029805254735250e-01
-1.004203106212457619e-02
-8.250657179246430328e-02
1.076894198262674240e-01
9.308165331343586091e-02
3.867914486656111317e-03
-5.374150897836548445e-03
-1.674193129467206609e-01
-1.108550609703296691e-01
1.033570605092624384e-01
-1.031988873240893972e-01
-9.869005782103762534e-04
7.451539728475621571e-02
-1.974672132661278029e-02
6.217642638115323389e-02
-5.913343689126051954e-03
3.579494604499704191e-02
-6.549741328751815250e-02
5.596929070641708248e-02
6.403011081425374895e-02
-5.803070947270562441e-02
-1.872241426881864068e-02
-1.136828738300537517e-02
8.798133994554960258e-02
-3.254077731589034156e-02
9.114571362418720513e-02
-2.574557018323221300e-02
2.811790796792028833e-03
-6.197613434494582407e-02
-1.444302850674113181e-01
-3.368403112892042785e-03
3.620885475392737057e-02
6.910578985414304876e-02
-9.893971601057931220e-02
-5.900942027432598547e-02
-1.492357989771704585e-01
7.900215988977377091e-02
-1.631585491766513948e-02
-5.649424888601441846e-02
2.236949727956539374e-02
3.548698444592167378e-02
-1.184836428692488328e-02
-6.693787149307085793e-02
7.809302969005510464e-02
-3.388058576708080638e-02
8.074619231408573794e-02
-9.655941594309536830e-03
-5.013066247911820289e-02
-5.635911757227915486e-02
-1.486348903694347523e-01
2.069914034545011425e-02
8.110696497252133097e-02
9.974845644884337836e-02
2.684049781455851227e-02
-7.313256000735469942e-02
-3.009824144614498334e-02
-4.541455363046674465e-02
6.049228982293411438e-02
-1.662521397861895650e-02
1.158871261999657870e-01
-6.332475005588189543e-02
-5.431069845137159041e-02
-8.117076073222847035e-03
4.278989272893389539e-02
-8.854393209852487456e-02
-1.964568158288913097e-02
5.248379328775588243e-02
3.055215656373527419e-02
5.338759363286836590e-02
-4.609381760073628237e-02
-1.456503017864160636e-02
-7.756989146081109954e-02
-2.641527941414672956e-04
7.714964542475753750e-02
-3.821483003266604173e-02
-5.430793602672813469e-02
1.094603290174045729e-01
-8.451420452598903954e-02
-8.604510776427988505e-02
-6.662318257751082169e-03
-1.720681811296390085e-02
1.736148139388408312e-02
-7.431458526273355958e-02
-1.483256288058212857e-02
-2.890370403208693956e-02
5.694354912949445985e-02
-6.124896668144737960e-02
-8.200615044352355110e-02
5.187735983073327867e-02
-4.837096548212214964e-02
-3.514506127328850815e-02
-8.314059699680802218e-02
-2.192715184636417208e-02
3.632126918735937432e-02
2.260232092833870318e-02
5.885329453330044591e-02
2.995722779287482776e-02
7.687675036909735748e-02
6.828892463751586039e-02
2.721241766890828556e-02
-4.952088161340998523e-02
-5.137622350129658448e-03
6.497011517175224626e-02
5.090511635268995388e-02
-1.123334456412813653e-01
-3.671148604258287623e-02
-1.112166136074881212e-01
5.348418099804902459e-02
-3.555890498399193796e-03
-2.761462669699573866e-02
1.491831179142640296e-01
-5.164531616068282309e-03
-1.114960084858387761e-02
2.478151648177890493e-02
7.809767706327880310e-02
2.262416033257874659e-02
2.717614865829535639e-02
5.447166656030154319e-02
-5.616220544387079405e-02
1.388407625447254240e-02
-1.105477818526368061e-01
-5.987737409730041482e-02
-1.956511628064051909e-03
-1.719290849240625446e-02
2.425896323657705540e-03
-5.045077874662477757e-02
3.176339852210786907e-02
-5.237232132861399658e-02
-6.853611289443516108e-02
-3.340986860783561052e-02
-1.817275676299745166e-02
2.360469108455244547e-02
1.881181932992631589e-02
7.324708688316111660e-02
-2.684277275250018455e-02
8.435989873531682393e-02
-4.769777884606822560e-02
-3.331373623024327935e-02
3.680248356024971856e-02
3.700674048829833557e-02
-6.185884504449594423e-02
-7.365036838199251479e-02
-2.764397339644329363e-02
6.947283484147495636e-02
-3.773309567396045811e-02
-3.990250899425147602e-02
7.068202935570006007e-02
2.920568579428705486e-02
-5.325545223757072177e-02
-4.456613177467723397e-02
6.566348375726015034e-03
4.671588313132952336e-02
-8.163618053598092894e-02
2.518811289018243506e-03
-1.685504770895464299e-02
-1.900704150443514873e-02
-9.762961174908436901e-02
3.468896871509691282e-02
6.430352585572916835e-02
-7.024683372745837116e-03
3.993900549865857241e-02
2.220124936922208969e-02
7.516375459813247339e-02
4.201722630660202629e-02
-6.007188129131330045e-02
2.877513753926906961e-02
3.199040482957319492e-02
-4.070188968784125053e-04
1.893274853108286096e-02
7.085836954529300957e-02
-1.029334670645232729e-02
1.819040378160212759e-02
-1.329203990470936500e-02
-2.484336229467890705e-02
-5.027014867405608933e-02
-7.092551271368577326e-02
-3.096678025316155700e-02
6.590426968882931447e-02
-1.084573413780352477e-02
4.591559246256307625e-02
1.205307620256182953e-02
7.032973896587556284e-02
-7.780580252536239798e-03
-1.723765977163026902e-02
3.739010003058336473e-02
1.024635298840009291e-02
-3.906458435210711025e-03
-1.456935256073078292e-04
-3.707726356449013265e-03
1.605196211643129117e-02
3.407086807634487208e-02
-1.273113770563362793e-02
2.185480881981903198e-02
2.984010098799222063e-02
-1.528836294675266043e-02
-5.401242158810505567e-02
-7.352485680583915884e-02
-2.416738073486806443e-02
-1.751933283783394801e-01
1.075558159708644469e-02
2.261070569960943813e-02
-7.071569843723678195e-02
-1.183734708746450419e-02
-2.281265519060292346e-02
1.244330930734205559e-01
-3.788428154974123052e-02
2.240011144443759469e-02
-1.224277352778374746e-02
-3.150980793983845091e-02
4.825413116926061119e-02
6.013301212371734844e-02
1.606375929461452759e-02
2.508151579805841663e-02
-4.719098767089080319e-03
-2.869762715368499167e-02
-2.176858867182969795e-02
2.273543729703991767e-02
-5.559148851253241375e-02
2.615327156149312507e-02
3.328793193416203916e-02
1.349626433364452434e-02
-2.831384512292507705e-02
-2.522974425451501856e-02
-4.384328649326797028e-02
4.119681868660852314e-02
