-1.894128723192481933e-01
2.589434267947983148e-01
-2.433859568280598018e-01
1.579828951127818515e-01
-2.378623964025162324e-02
3.244072043752682655e-02
5.984142905221185443e-02
1.455555661244596344e-01
-1.210068524987925886e-01
-3.856792098577165734e-02
5.967483373106610006e-02
-9.712003864614557336e-02
2.394307306012321834e-01
2.055016612039722163e-02
-1.610434427630860060e-02
-2.996429560231988337e-02
-3.440982517391526913e-02
-8.869141953670052481e-02
3.179018681702162202e-02
-1.370537165180976957e-01
7.971699778349392376e-03
-1.592348281002067822e-01
8.159695940944473175e-03
6.409074635668002284e-02
-8.639675571756623429e-02
-1.023680835347299950e-01
-8.813538735567565119e-02
-8.431515854600257764e-02
-9.267866583889845800e-02
5.083008354069285147e-03
3.816591640868330013e-03
3.914564628073909092e-02
4.556505437277912768e-02
5.960027177056890363e-02
-1.441864643419676732e-02
9.142553128677910479e-02
-3.404133450938488792e-02
4.390426464203548568e-02
2.668210797797680028e-02
1.539498269785884721e-01
5.186310443068239961e-02
-1.668966865610022748e-02
-7.744353995748015640e-02
1.330186999006160442e-01
-9.004753143060412190e-02
-1.262383352794268707e-02
-6.654473115935057026e-02
-2.217114184261753662e-02
-2.665931072350422384e-02
-5.314829153289354208e-02
4.989364247235777983e-02
-9.347894040010601424e-02
-5.512304687081791277e-02
6.679153904252946305e-02
8.073410605996273609e-03
3.523598208813514404e-02
7.194277678640911833e-02
9.366612469466432944e-02
-4.635896388857838751e-03
-9.249050730269602061e-02
-5.483044963036504127e-02
-4.582748259698552623e-02
8.903750264341596388e-02
-1.467064377786670981e-01
-6.976157964409419876e-02
6.113236418012334139e-03
-7.343976402205351639e-02
9.773933158459575943e-02
3.732046950990970668e-02
-4.270653196474549773e-02
1.145149608284294802e-02
2.061154334397723512e-02
2.339186662270892683e-02
-4.124387050969585515e-03
1.614230722570808921e-02
1.255210985810203961e-01
-5.658070721876103451e-03
2.011088056306026620e-02
1.959138244369016540e-02
-7.378678889569162749e-03
-2.976379667195850481e-02
-2.721099129185198737e-02
-4.859546548155828372e-02
-8.446561393057729072e-02
-1.808401628706367004e-01
-4.325460783900999390e-02
-3.019304754036095453e-02
-7.249708780719603396e-02
1.228830145823312792e-01
-6.103276420937207847e-02
1.016975130110772500e-02
9.141601619338813808e-03
-4.810610390371317623e-03
4.153916315203080856e-02
5.366191172767739714e-02
-1.887229468615987671e-02
-6.229707006567742483e-02
-3.932045770641697663e-02
-2.306283274476569889e-02
-1.899040524814956526e-02
-2.124798293536406951e-02
5.263291770315024765e-02
-7.635401305213121437e-02
1.486247845253965000e-02
-2.068175369179733533e-02
-1.073399958666473170e-02
-2.891783017764138278e-02
1.149616506222617962e-01
-8.041812702005080027e-02
-2.121722937413111909e-02
-6.997815356158366799e-03
-1.039798364360525716e-02
2.415453545645317515e-02
-3.224061120382309964e-02
-2.096201053809126219e-02
1.927101931637967280e-02
-7.554951677713244752e-03
-1.095505501571719491e-02
-3.665002888514283519e-02
-2.313067243791842170e-02
3.169727663889336088e-03
7.874109992857170059e-02
-4.877089392694411440e-02
-3.895894910700284722e-03
-9.846624575000054169e-02
4.877053670500793893e-03
3.598062745146303476e-02
7.903132651435719469e-02
2.736537611772468098e-02
-1.266992165265419801e-01
-1.250442397709415968e-02
-3.718667365744957043e-02
1.513315525599965954e-02
-5.971809006006535692e-02
4.501473774273314493e-02
-7.254495554664415480e-02
-4.136259809139349042e-02
-7.908484485534125752e-02
1.498195295283111586e-02
-3.812295235217728895e-02
1.137264745911158604e-03
4.805979495089567066e-02
-1.562076319888532766e-02
2.460349848078846255e-02
-2.383862136598419515e-02
4.077490305693448613e-02
-2.623428156889299340e-02
4.558827379863082674e-02
1.379393021726093085e-02
3.120778516216238252e-02
1.181154331979089242e-02
-1.915930627451974816e-02
-1.577995428353571108e-02
5.986435620557031823e-02
-1.873817408648503074e-02
1.668447270066488256e-02
8.822180258950972423e-03
4.131209989950622441e-02
-1.197691434393719223e-01
6.685220182223711172e-02
3.216965393740917056e-02
-3.357210725885175634e-02
-6.642525665905910093e-02
3.864417163178534426e-02
-1.448359587713858067e-02
-5.142888492989489829e-02
-2.076433690849785289e-03
4.375517319576255337e-02
7.185226973766970990e-03
2.000637690936688494e-03
-1.411749210463631166e-01
-3.988282245812867222e-02
-1.525876747864912675e-02
-4.899487208092895979e-02
-2.205569420778846421e-02
6.452960974263785565e-02
-2.407360845054767537e-02
7.112626486446611829e-02
-5.265526031152223396e-02
4.556580129137296348e-02
-4.074304535517152270e-02
3.224687882506698661e-02
1.137397892269189324e-02
-2.494363871347474171e-02
5.568979570992817901e-02
1.241229319228119750e-02
7.357670992249633335e-02
5.418290368423515913e-02
4.679584631652650151e-02
6.539645748286077032e-02
-7.187013083447869877e-02
3.766369484113572808e-02
2.292673118708113064e-02
-3.798707811754301750e-02
-1.405515687677290522e-02
-7.319230664444520418e-02
-5.528801845589011860e-02
5.604302325536723861e-02
2.107934170676565059e-04
-1.409227548341415205e-02
2.358931292925204107e-02
3.843873654376038507e-02
1.635189907808132226e-02
-7.018128294438419346e-02
7.628406250208288886e-02
1.802736738292981880e-02
-1.329329991106543117e-02
1.649956163660953878e-02
-8.050808199852522344e-04
-6.035946580911576154e-03
-1.101371085763794555e-01
-5.294230437460357985e-02
4.318917127524610905e-02
-2.003105769768477595e-02
5.801621980666100964e-02
2.927638357740166425e-02
-3.356028646023634376e-02
-2.494967901166832841e-02
6.115477173793827659e-03
-4.802699548221005255e-02
4.479855352190131867e-02
3.645781100875653685e-02
-1.779127615783632991e-03
5.052459383581602709e-02
-3.296521966400344644e-02
2.392682270949917506e-02
1.807978158338386515e-02
1.850084882197564409e-02
-2.967871290170473117e-02
-3.384772021997534130e-02
5.807097218706095548e-02
-1.472946199339481704e-02
-3.138909153213445546e-02
-1.929076394703398145e-02
4.046496431521615089e-02
3.013339147701889903e-02
2.110434724229824643e-02
3.033106510661230572e-03
1.433434205725829308e-03
1.228551187965877707e-02
-2.752135220494944176e-02
8.246309270579528505e-02
-3.036688472439471459e-02
-7.202279450011343787e-02
4.322758887074620165e-02
3.469703161060397334e-02
-6.584886282767198062e-02
-3.037945244160395949e-02
4.239967832156689431e-02
-2.460694080126437852e-02
