-1.729643840573604763e-01
1.656761701116613028e-01
-1.380921014853702389e-01
8.500226840319649591e-02
-1.375267946054880841e-01
4.927544237741755123e-02
1.377820095430611069e-02
1.734202880282486037e-01
-8.169872889416017470e-02
1.153243238883070038e-01
4.308768266040897965e-02
-4.865722465547697023e-02
1.428897490792078728e-01
-7.709625805613054550e-02
2.913975973496130134e-02
-5.982846944941219713e-02
-3.220785126334487890e-03
-3.779185859811297343e-02
5.436576732984769317e-02
2.804836389860719450e-03
-4.658752244678343829e-04
-1.627048769851059118e-01
2.615133290507177036e-02
3.100227755149379677e-02
-1.522909910326052385e-01
7.955473382428843165e-02
-7.740863215154772381e-02
-1.444154913170912491e-01
-4.402568269785586685e-02
-4.588809518424490780e-02
-1.069715381827850142e-02
-1.493879869490515738e-02
3.070373681491606055e-02
1.303991389084505625e-01
1.672955157370215745e-02
-1.164670506145678262e-02
-2.857171427134949301e-02
2.316185277374776391e-02
3.023361327466251181e-03
1.579232044630244358e-01
-2.850640958241210457e-02
-3.208429900508108501e-02
-1.806001172563403978e-02
5.471992238216565746e-02
-2.659522923960691218e-02
2.455350973902258125e-03
-3.207818985676113427e-02
-1.190552931194528707e-01
-4.089635924608153728e-02
-1.060325199539514790e-01
3.454969145265866185e-03
-3.286479536802629220e-02
-9.151549826345752037e-02
8.818808392190645440e-02
-3.859472006151684620e-02
7.357342118843673839e-02
1.746757531180459511e-01
8.123053640653649099e-02
4.011122835682464499e-02
-7.792513606496592748e-02
-1.364025357643783819e-02
-7.973541013034851632e-02
5.016035602256694453e-02
-5.251922458507139041e-02
-6.571143884133182067e-02
3.236398564598173822e-02
-6.109404623298048120e-02
8.206025705651945334e-03
4.441515845827651715e-02
2.973343553347864224e-02
5.592191486913953430e-02
8.239766461602927861e-02
1.962009159028124325e-02
-5.332938893842094352e-02
8.845625446712352194e-03
1.920908634853993879e-01
1.104203981797309379e-02
4.687661858049872732e-02
5.317894238353024911e-02
5.526749868790085257e-02
2.711218958364673345e-02
4.259136702448484968e-02
-6.113326415639073162e-03
-2.924568674922156664e-02
-7.333228538003784547e-02
-5.494694395134260695e-02
4.138818079588524323e-02
-4.939046289406210516e-02
7.480841712035747604e-02
-7.317302620314537764e-02
-5.248158661381285145e-02
2.410547041884517419e-02
-1.058873047961853414e-01
8.262272002252855213e-03
-2.844349237672619268e-02
1.831979096942313451e-02
-3.372716836247794531e-02
6.538891794209587827e-02
3.133529635502664557e-02
-6.998226016769339142e-02
-4.488594908943856210e-02
3.345654011391376720e-02
-1.023326582251704309e-01
9.316071999405804716e-02
4.824531357450201341e-02
2.712360034918686810e-02
-2.627772907720864540e-02
1.294251159619446735e-02
-9.273395736285700020e-02
-3.194119045018389141e-02
-6.788155578677852742e-02
-3.416527153912347903e-02
-8.851243054362879607e-04
-5.569018855355525183e-02
8.981571551855124791e-03
8.114571053101353459e-02
3.843395115256829919e-02
-5.841047994827553921e-03
-3.675249585262187462e-03
-6.672285398876152962e-02
3.102657370458232824e-02
7.012821263646366876e-02
-4.345026412420273376e-02
1.226199460540952912e-01
-1.071318857711597849e-01
1.444016579582518313e-02
-6.636732964457875417e-02
1.285166434747108677e-01
2.435608594015434281e-02
-5.842438352721059103e-02
-6.990034842613913890e-02
-8.147932620535924819e-02
-2.059151639324876756e-02
4.892198952605589929e-02
7.235520785937196719e-02
-9.995353116507627034e-02
-1.017664735940928579e-02
-2.862378247226032152e-02
-2.221475923391659155e-02
-5.764694173842535574e-02
-1.196511808509826136e-01
6.926299572813894578e-02
-1.219882460737934382e-01
5.610069523261757701e-02
-5.196532847072934252e-02
3.984228539055562762e-02
-4.495104311808905545e-02
5.419611557880175262e-02
5.505027282206451100e-02
4.973362850141372499e-02
-2.710025216738936454e-02
-4.265870809619555157e-03
-4.283738312953015021e-02
-2.340014466827358957e-03
-9.852486820940359324e-02
8.625120302410008155e-02
5.305233555110647897e-02
2.018511758978089668e-02
-6.281187554246407158e-03
-6.645419190287504135e-03
3.719446113452715835e-02
1.250058142433700756e-03
-7.019853806223871895e-02
8.685288391351944637e-02
1.215699449641160189e-02
-3.530750672471486690e-02
4.879383785152823644e-02
-1.767443318052093482e-02
4.052654511243772295e-02
4.104891240384118262e-03
-9.422237761991216626e-03
-1.373754351893541510e-02
-2.902459877812548286e-02
-1.549933060828438507e-02
4.819310493339991515e-03
1.337914015083174063e-02
4.314220856466691872e-02
-3.004556385856109457e-02
-1.076450191199876810e-01
-3.247784753104837607e-02
8.066989916301382096e-03
-9.512681245164713445e-03
3.188526014401332070e-02
4.271024964638914928e-02
8.260421702732963223e-02
5.542517791264160720e-02
9.254875186062866410e-02
1.166372641263788146e-01
7.193560767792536725e-02
5.513516891768311529e-02
-1.099337729170039683e-02
8.277945127597827191e-02
2.633316784270979191e-02
-2.583056750822663311e-02
-2.973656032773424815e-02
-8.988807732709960807e-02
-2.967999804070299910e-02
8.984727945153765660e-02
2.283466223815233676e-02
-1.143035694681582976e-02
-2.849310287428991756e-02
-1.936540330342544081e-02
4.500342730943023006e-02
-4.115031022193320343e-02
9.075842030240545422e-02
-6.427413881389645867e-02
1.455831110672534470e-02
-5.102504628017443672e-02
-1.040534718887183574e-01
2.053551586698256631e-02
-7.634862469794093109e-02
-1.128633553067542351e-02
5.807135199642272927e-02
-2.092667690969838082e-02
6.509648635383809626e-03
-1.818672388820125746e-02
-2.085951138822675702e-02
1.430695827441204153e-02
2.823353429078771792e-02
-7.351166261432876339e-03
-2.062929480469856414e-02
1.411114953774333068e-02
-1.443156383411031175e-02
5.997091091340089192e-02
-3.447427506995032198e-02
-3.764892559345485445e-02
5.476886578882087658e-02
2.603824344105708233e-02
4.747457780484960060e-02
3.925619336236649617e-03
2.453929016965718246e-02
2.670589611032231359e-02
-5.948530384206058425e-02
2.678836961264162084e-02
8.880142134720063474e-02
1.386650272456284652e-02
8.130503992800162255e-03
-2.958039083504957617e-02
-5.909575786154429300e-02
6.332823901569102631e-02
-3.731246600523605711e-02
-1.164147366433222752e-02
-6.952737438819191554e-03
-7.185703139091360880e-02
5.948899039708124142e-02
1.174645270730146490e-02
-6.809091700190413043e-02
-8.086367151690920796e-02
-9.757503608584279162e-03
1.508868348903080227e-02
