-2.395613761977490319e-01
8.393786144939163751e-02
-1.768994887331074295e-01
1.491636535760830218e-01
-2.194526072520736060e-02
1.040196074245349073e-01
5.817891711929270432e-02
1.818261307703865071e-01
-3.207492825085186267e-02
4.613921386337343361e-02
-5.515960182638107723e-02
3.119587904606570955e-02
1.767394244546830473e-01
-5.595256547900166744e-02
-1.548958008674054289e-02
-2.807566238917447859e-02
-7.106241931893267361e-02
-1.769320634525360370e-01
5.002493642683710287e-03
-1.957553349745177682e-02
-5.950404600348221072e-03
-1.474704036069337809e-01
-5.774176706010233223e-02
1.350289677742418926e-01
-7.731398957477851608e-02
-1.280644660049876614e-02
4.273274769561000511e-03
-1.096043658159374934e-01
-6.606494231681804552e-02
-6.613367029261456309e-02
-4.793400063764100688e-02
5.578771866990141909e-02
9.063046129980127652e-02
1.080876681505497233e-01
4.416984799730157285e-02
7.984919905277308716e-02
1.294621020675357226e-02
8.280289668704103601e-02
-1.120811147091669603e-02
1.303785085224263562e-01
-7.516837240337934101e-02
-8.091707460857973377e-02
-3.056542110361312042e-02
1.233693920963776919e-01
-7.925837257081630449e-02
-2.519547526137890653e-02
-6.946428485497335714e-02
5.003660847722785771e-02
-1.613351607018874683e-03
-1.106698668285414494e-01
1.070118997469143851e-01
-8.012605072364586967e-02
-8.608735815616422316e-02
1.209505352353155115e-02
-1.044974257166053633e-01
7.052139135569170103e-02
5.185336813718804255e-02
6.175334041330921009e-02
-1.602475530265090944e-02
-3.580563662073070474e-02
8.620310877622833212e-02
-1.098045966631850529e-01
-3.426027721555821581e-02
-1.027894602684534808e-01
-4.204178906789420717e-02
-5.419858071469600691e-02
-3.849268308661637356e-02
1.000812101350957994e-01
1.248223449822675746e-01
6.052041738277955454e-03
6.230028801242170483e-02
5.823420049836405821e-02
6.425677783436622992e-02
-3.514397517393838544e-02
-2.597907451827053543e-02
3.561834870615140231e-02
1.442147042104067155e-02
1.208465235541830718e-02
-8.782699532844228524e-03
-3.826024540691527059e-03
1.241226573999615751e-01
6.627420311708995260e-02
2.441685920078590089e-02
-7.419240170279839397e-02
-5.133140340810961322e-02
-1.019549588319208361e-01
-8.154442223387949051e-02
-3.522748551727847982e-02
1.239552019377653941e-01
-7.119047743052626942e-02
-3.342433767539575856e-02
3.861689510710700213e-02
-2.249592063834097988e-02
9.550285673039329848e-02
2.305617905709678866e-02
-5.174196527228381443e-03
-3.291615198574709272e-02
-7.877396575746511281e-03
-1.365629895717282612e-02
-8.399779358205701485e-02
1.673935902958234231e-02
6.458530090310062033e-02
-4.443683360838846658e-02
9.886561123666473203e-03
-8.440394080253041387e-02
-4.429931076825451702e-02
2.273106730394939060e-02
-3.259301344455686755e-02
-1.138301831657149155e-01
-5.212055441389769339e-02
5.161678336794982280e-02
-1.370088016969679169e-02
-1.589746640927790222e-02
4.570962220930714290e-03
-1.838214159460653183e-02
1.170299302977614170e-01
-4.817443149798219387e-02
-8.607785998335342956e-03
-2.292230164244304577e-02
3.474371414506604444e-02
1.453357561562456865e-02
7.558084059096979723e-02
-2.272588344202799635e-02
4.947631661420158478e-02
-3.056632409891555865e-02
4.186078867616149779e-02
1.886768551315338299e-02
8.582023876799549367e-02
-9.694691344034066932e-03
-4.935197081662911350e-02
8.839989568143220974e-04
-3.760972090218633185e-02
2.073792256158005221e-02
-6.233644126878960107e-02
5.569848935631255965e-02
-5.012055359608393740e-02
-6.236202613569195169e-02
-2.915959119480221115e-02
-1.932229348152418591e-02
-1.286400418996144074e-02
-7.213139853566451209e-02
4.053666312008580991e-02
-6.413989010910646493e-02
7.045440248195913857e-02
-5.148882558916761248e-02
-5.796795066122730107e-03
-1.904423781691483991e-02
5.838777658831909023e-02
-2.667331068449146567e-02
-1.732600497773155099e-02
1.939138934429576744e-02
-1.478999283724591503e-02
1.581104641440773603e-02
8.903958424253191617e-02
3.350507214428762731e-02
-1.218348017462935091e-02
-1.161753622989524079e-03
6.687556454424183061e-02
-1.066392302411720283e-01
4.742106586158693210e-02
3.102925969063104888e-02
-1.075788470197623116e-02
-9.212297875764603738e-02
4.230054738844780254e-02
-2.063203800130182508e-02
-9.339469714190998251e-02
-2.931253184361849035e-02
-1.467648298330267130e-02
4.196252614690261940e-04
-3.693849439404228024e-02
-1.223986721462590604e-01
6.244005161867651615e-02
-2.406111249589660758e-02
1.857909490334895206e-02
6.590079783739746788e-02
5.142434503571958332e-02
-5.416038735783001989e-02
5.731458339350921360e-02
-1.207053887328393693e-02
-3.353935252150972574e-02
3.035157843828810778e-02
2.319721354562909871e-02
-2.177636715938138096e-02
7.601401078197536632e-02
5.535809357156468158e-02
2.695457699906503302e-02
8.300851206183275377e-02
3.285090221407847844e-02
2.295567902436271637e-02
3.941139719616879034e-02
-5.264676656532461807e-02
8.717078529773505946e-02
2.629351754914100586e-02
-8.667952240893945018e-03
3.055445138290204671e-02
-4.198456592113614105e-02
-1.197485147106914227e-01
3.433479105014440591e-02
-2.279645085269984411e-02
5.526478405697963364e-02
-8.140790272185936816e-02
8.082891551164562982e-02
2.928932151991884072e-02
3.619104839351855105e-03
5.102428467247001331e-02
-1.978633273416487495e-02
-4.087087171479848735e-02
1.357870824970425477e-03
-8.257902074057785202e-02
6.514475665936536423e-03
-7.264052066488609072e-02
5.097438582094281079e-02
4.945919314772576070e-02
3.647876945229100443e-02
1.774185103663853541e-02
4.195560318291727264e-02
1.867213686377031112e-02
3.717932658562899274e-03
1.958590122129456185e-02
8.088262701000532504e-03
-4.866475794720490577e-04
4.502956641376150426e-02
-1.370924123731194141e-02
-2.218492236732795206e-02
-5.069020985483917163e-02
-2.698869015493483500e-02
8.518881094169955537e-02
-5.114649003673300137e-02
-2.528838344471842636e-02
2.375091688737462903e-02
-1.189492300909537718e-02
-7.230326864156148836e-02
-5.889934014928428080e-02
-8.608755882178700802e-03
2.484330709342889160e-02
-5.419620617149330938e-02
7.238901975102245145e-02
3.486682250463148114e-02
-1.250648493873773165e-02
2.237659148133759254e-02
-1.411562256767857210e-02
2.712143046439291841e-02
-5.390754867314795362e-02
-6.852908272008387258e-02
3.444689624472830475e-02
9.600512278417043391e-04
-1.031043380748399435e-01
-1.074500865784890243e-02
2.053053464045393253e-02
5.193159428579536413e-02
