1.331587874931594584e-01
1.471919172458551091e-02
-8.044776983254516012e-02
-2.488801118407597650e-03
5.359946808692755277e-02
-5.325994323310823120e-02
5.941377507592624646e-02
-4.192100830935124173e-02
-1.346046611126848758e-01
1.450470279643205629e-01
-8.753554546137529146e-02
-1.725162087131478991e-02
1.823033261037907207e-02
1.271935959216515810e-01
-3.816029299392652979e-02
-7.329194415162183784e-02
-8.427498075724876303e-03
1.799120058214272733e-01
-1.323088872486411494e-01
-7.322658846707344460e-02
1.157215316066421973e-01
-5.716194012876705394e-02
-9.815221716725576473e-02
5.943885341999714800e-02
3.119096590754695877e-02
2.169511655713249332e-02
-3.520868243493786853e-02
3.474100240687196667e-02
-2.985518138244845979e-02
8.997332631229980338e-02
-6.655253642906579226e-02
-1.414523271414643291e-01
-4.727996718327757281e-02
-1.814576055832841928e-01
2.186410176263499719e-02
-6.571341365472670171e-02
7.394895531447091830e-02
9.608125027733514789e-02
-2.980806449358798862e-02
5.683474718794127162e-02
-2.498927795195233503e-01
1.085715782652396239e-01
3.159702091381882266e-02
-3.453927027274796002e-02
-6.879411205365053295e-02
-2.895315548889021776e-02
2.289452463265538237e-02
1.842747050240744339e-02
-5.072388705314556483e-03
6.039487029397247464e-02
7.327871411611336372e-02
-6.187639246870611093e-02
-1.065674869595080593e-01
2.919958648971909820e-02
-1.359775104631112952e-01
1.370548775061239052e-02
1.252739281323239813e-02
-2.566789241560296989e-02
3.732635169563514044e-02
-1.013965811229397967e-01
-9.672503140467574034e-02
1.942337092468064685e-01
-5.516506834632862316e-02
3.487527172285483784e-02
-2.313031633599963929e-02
5.833367912219519086e-02
-8.910066211634523397e-04
4.844801005712501274e-02
7.994803373933077884e-02
5.315586465089665313e-02
-5.410189854768673867e-02
-3.389075673061713034e-02
-2.737062907439997625e-02
-7.839227828442035806e-02
-7.117669291308016677e-02
-6.611483987572927545e-02
5.350136547375766716e-02
5.797139031693962496e-02
-8.596984157245325664e-02
-9.336961114570256626e-02
3.182272601045687405e-02
-4.439184697746012542e-02
-3.579135668808919313e-02
-3.575650262587495853e-02
1.332354387954918715e-02
4.940122893403457727e-02
3.968433781542499844e-02
-4.243204002034962202e-02
8.044966970709598042e-02
1.615487510788377393e-02
2.263842154320411942e-02
2.746317023661200285e-02
-8.757751541736169543e-02
-4.010255201882214487e-02
-2.315187127635809361e-02
-4.808686117659993070e-02
-3.032324138542452641e-02
8.643980144998016091e-02
-3.980416808482160201e-02
-5.291302614012752259e-02
9.690365415562697537e-02
-3.075171491139613161e-02
-1.294678148453368583e-03
3.580099423353792082e-02
-1.179697740637416538e-02
-7.810211562574884137e-02
1.146436809591984962e-01
1.823741396097760311e-03
-4.391359673825689924e-02
4.530192143047913345e-02
2.247966111710241865e-03
5.716549807565314556e-02
-4.579329807566988320e-02
-3.304931956364338952e-02
6.281258156100555379e-02
2.525941938717551211e-02
-2.849929273028486282e-02
-7.546087548201774187e-02
-7.622241428833585741e-02
1.562864440047879652e-02
4.233911888322743067e-02
-1.300550487974101721e-02
8.216232025673093908e-02
-6.669250536870115036e-04
1.047121040163456404e-02
-3.129625350083633378e-02
-1.484907405751466217e-03
5.653315073879115749e-02
5.150566815922338199e-02
4.442497388099179295e-02
-3.884051716946931854e-02
3.423539397413685043e-03
2.235067690668820009e-02
2.032921038461000043e-02
-3.135646225251067370e-02
7.393693429004022377e-02
-1.377709574959168175e-02
-3.882314195312267652e-02
9.349241212803317824e-02
6.876585573760371495e-02
1.497132234906686440e-02
1.416105694199612519e-01
-8.536875580774574979e-02
3.672913476637659769e-02
-4.606270028697692642e-02
4.475607020044017337e-02
-3.293277089574366684e-02
1.654652561074301332e-03
-5.308377304748624487e-02
-6.141479203920284513e-02
-1.513279441430019634e-01
-1.250632147730506086e-02
-3.654287797404840582e-02
-1.346465274391503604e-02
1.516251881522719981e-02
-1.557862588503161096e-02
1.396269967593785910e-01
8.825172908068915079e-02
-1.442395121938724704e-02
6.073239164372001841e-02
1.891411473280795244e-02
-4.723982801549467259e-02
-1.618679300033764104e-02
1.103028475854726659e-01
-2.942608607935113044e-02
-2.830709451208863938e-03
-3.472587249681266530e-02
4.882383978645192524e-02
-5.879441597235717659e-02
2.307708530540287725e-02
-6.641508914110698381e-02
1.137670788414476691e-01
-1.014631803617396244e-01
-4.268489605147765542e-02
-9.407902430298074187e-03
1.116404283556010450e-02
2.705708068716648762e-02
-4.037451042497938736e-02
2.888368916667731143e-02
-2.762642127528837713e-02
5.186633343531733831e-02
-7.497198594532990257e-02
1.888081511340803167e-02
7.727446118506200307e-03
2.864824289506957139e-02
-4.215983981197681668e-02
4.536717348550657614e-02
1.882506243113471825e-02
3.076342504726394672e-02
1.492164926535619399e-02
-1.433507163358226999e-03
-1.258103836191297453e-01
-4.693944057742235193e-02
2.270287910523757779e-02
-1.215598461013286113e-01
-7.190555387712409263e-02
-1.796877169949089026e-02
5.790126767442733101e-04
3.444645276514672790e-03
-1.099688841826112172e-02
1.018816363673523233e-02
-1.150418946650515022e-02
-1.251281559395151823e-02
6.135116351333701895e-02
3.569612115833235844e-02
-6.800808213721359907e-02
2.868834751967881333e-02
6.497678047661122058e-02
2.642932759240013054e-03
-3.664806193781682681e-02
7.314344304809459324e-03
4.200018126336018537e-02
5.290701562791218227e-03
-2.043007645167200029e-02
9.111490911513030200e-02
1.134297647507420334e-02
-1.003831534943558784e-01
-5.623221060994041537e-02
-4.064494893149596388e-02
-5.474713048832068572e-03
-8.457896068538082015e-04
-5.695478471637978324e-02
-4.292935809140840248e-02
-9.153633583367701276e-02
-5.497252469639588718e-02
-2.295981123085647294e-02
2.867846817201451931e-02
-2.031501314023928528e-02
2.603318647696621635e-02
4.773521166882897793e-02
3.212929667661278826e-02
7.058721365471952447e-02
4.186066138498229644e-02
-7.452437550115544040e-02
3.955048301752593642e-02
1.112576899915438539e-02
7.368103845963087928e-02
3.083420401007560055e-02
-8.423086912449595509e-02
1.209429050199151319e-02
-7.764355499552690054e-02
-3.171232602746709706e-02
1.332347479320188446e-02
6.216966401300624140e-02
4.160003313978270778e-02
-5.874315390265853754e-02
2.577145285020977783e-02
9.915307108063056707e-03
-3.477606372812810237e-02
3.805984144494833910e-02
