1.297832629662631077e-01
7.158092047898390042e-02
-1.959555764076783280e-01
-5.493125734791232812e-03
4.060636127150729635e-02
-9.388372956191069763e-03
-6.443702701731568450e-02
-8.770876649129859259e-02
-1.755606286513457584e-02
2.223839869126419122e-01
-5.477151458246009436e-02
-3.025575144439303019e-02
-3.597545110161141230e-02
3.479593493725394865e-02
5.040671518966255427e-02
-4.172958944013549498e-02
1.826543727341941800e-02
1.532706170240099031e-01
-1.224839966020273563e-01
2.050152385668749938e-02
9.218350608524322753e-02
5.333615335063820323e-02
-1.927074850706333997e-02
1.280733633646366221e-01
-5.270769076862345803e-02
2.237140899392645738e-02
-1.216106829726629063e-01
4.015661220889665817e-02
-2.844808483108401259e-02
-6.057077348934139516e-02
-6.979329974462221420e-02
-4.988267845801182959e-02
1.883868698470034936e-02
-1.269059163453893357e-01
9.967220253738608149e-02
-7.876473229128946874e-02
-1.302798319883527803e-02
1.667705454143940391e-01
-5.224399976252350891e-02
1.357258603120532542e-03
-6.531793588455118982e-02
1.267818607934955745e-02
-4.480056260454374356e-02
-6.929284639996835526e-02
2.824658559806675698e-02
9.077883793796871770e-02
-7.262642751487688626e-03
-2.835874541210768596e-02
-6.259585812189054528e-03
9.917493988626706336e-02
8.885158968000506086e-02
-5.659225610297177050e-02
-4.651094774649072727e-02
4.360800621443507857e-02
-7.298108003756784146e-02
1.183781982887776446e-02
7.779177885186329411e-02
9.731948223283795607e-02
8.917364163831801097e-03
-9.437849514852414412e-02
-8.408091326070132876e-02
8.246167097320690476e-02
-2.129482737751997590e-02
5.327313715332454049e-03
1.794959329491887731e-02
3.513636806484386060e-02
-1.062154132596637990e-01
-2.766601810052650781e-02
-2.927253229533292866e-02
8.291520031402732638e-02
6.284903271759208557e-03
1.443379583400816214e-02
-3.950359515924400933e-02
-9.964234180767388149e-02
-1.374017374097915856e-01
-4.405827549881770507e-03
9.305987168233668949e-02
1.124499937453458942e-01
-1.639718216439936191e-02
-1.751142783709787668e-02
1.529556054003445437e-02
-1.636441512905431883e-01
-6.686545693041399951e-02
-7.592706125089276024e-03
-4.177554236332790133e-03
-6.036480034908502622e-03
-7.540406496278600178e-03
-3.827361748300356359e-02
7.079521219602247228e-02
-8.158776775916752599e-02
5.541339888619217086e-02
9.410728619806028872e-02
-4.996875782055035242e-02
6.016621435799091033e-02
-1.672565019123351329e-02
-1.408410275887683749e-02
-2.831487337600324325e-02
1.034999596542331424e-01
5.053441229396023193e-02
-1.046294651655766822e-01
5.031272845618978834e-02
3.763457705829170025e-02
-5.808203253214375833e-02
-4.004237150776777249e-02
-1.064391779845221958e-01
1.744029618014118072e-02
1.116650137728652376e-01
2.815988196940184471e-02
1.647760845034893298e-02
1.012520466960151744e-01
-1.420829703657645795e-03
7.544443417229239335e-02
-1.497214560067889333e-01
2.373092189139227801e-02
6.073825021847053390e-02
-4.122133276890178367e-03
-1.385534390500733383e-02
2.872664624925864345e-04
-7.440624492265872358e-02
-3.077382296639161186e-02
3.690210480333052517e-02
2.616462338511342176e-02
1.428608753221461691e-01
-4.075202336766434175e-02
2.839235173857820524e-02
1.731128118068779587e-02
3.165095155541732680e-02
6.521583369143539588e-02
6.555810493595300159e-02
1.718545687476927264e-02
-6.583638890251590492e-02
-1.818560057214476527e-02
7.404084115001331734e-02
1.675159191693005589e-02
3.299582888036451528e-02
1.040981453291181108e-01
-6.206602958784500357e-02
-1.460435921231777526e-02
1.561633622093345775e-01
5.143557512885186395e-02
2.677734058816262294e-02
1.346929773244938677e-01
-3.496753875910754011e-02
-1.145764175790785731e-02
-7.047662838285612130e-02
8.660929511692457006e-03
-6.536482520693317165e-03
1.281148423805899272e-01
-1.065653491049553710e-02
-5.945961446582334088e-03
-9.926039498267921757e-02
-4.601743069213005272e-03
6.611186367151005577e-03
-1.728922377755543957e-02
-2.640347454135952635e-02
4.593939742633163306e-03
7.776420709794784614e-02
3.470572848199097657e-03
5.004616682022238611e-02
-5.909043041496814946e-02
-4.526532873563914039e-02
-1.004153566793987706e-01
-1.938249214368667830e-02
5.595110010972048631e-02
5.047559255227396235e-02
-3.658546315144626149e-04
-2.337939069933325786e-02
5.495071364218472726e-02
-1.490636529168339920e-02
-3.341086181005770844e-02
-6.971706991430003109e-02
-9.314397420214164114e-03
-9.531527583407131687e-02
-4.732925659383016570e-02
1.109067731994648441e-02
-4.381512384258981485e-02
6.594476843834704005e-02
-4.156433232390017302e-02
9.153406122509156681e-03
-1.958957509038995390e-02
-7.607057309705890502e-02
-8.692621422042055845e-02
-7.572452157433151934e-03
-3.115712236799345405e-02
-3.851149755860862334e-02
-1.064278718313442784e-01
3.165684740216653803e-02
2.145183030830639936e-02
6.172493751267723455e-02
-2.788236099477119437e-02
1.931236624882249481e-02
-5.251017990252478812e-02
-2.796556179683804683e-02
3.153171672527733949e-02
-7.119186395643871401e-02
-5.924871655945881943e-02
-5.799557167363911248e-02
-8.287167509243754601e-03
-6.852135751210795822e-02
-3.975111667835659612e-02
8.342241654171706627e-03
-6.521059679226402783e-02
2.394892949530733148e-03
-6.380762803611135861e-03
9.276958793356655797e-02
-4.416887464754266218e-02
-3.263670245043445023e-02
-7.112472066640060332e-04
-3.371297193377773005e-02
-2.552346739186213409e-02
1.468492422407321162e-02
-3.856424804628835051e-02
8.139049966322911556e-02
-1.161769318827814007e-01
1.871092051749973645e-02
-3.193717757436593391e-02
-3.991349523412024425e-02
-2.318042321227301722e-02
-1.005172507838057771e-03
-4.867898932198258533e-02
2.878165103128366153e-02
-8.220766402267018491e-02
1.958555204201990058e-02
-3.969968408583257613e-02
6.238430126794816503e-03
-2.747325859327867225e-03
-4.493273361608053629e-02
1.405445011787343802e-02
-4.260893764205502671e-03
5.717587556824103162e-02
-1.648929609949296299e-02
-1.465374559920531138e-02
1.606784710127855814e-02
-6.533891816268809494e-02
4.858801987478736199e-03
-2.245981201371320332e-02
7.114507867841113331e-02
7.445899541033845943e-03
-1.195764424369267220e-01
1.214752519046883097e-03
-6.424652180441314808e-02
6.519994958666397444e-02
-3.324723472204128838e-02
9.239242714887420035e-03
5.109163917466389565e-02
2.803613855057128512e-02
6.009865489053521637e-02
4.522769936079856778e-02
-7.333465743526335068e-02
4.010320277363907393e-03
