1.599177546393560079e-01
4.425316764070715697e-02
-1.399158639589697106e-01
-9.777412870995004501e-02
-2.085245831553624377e-02
-5.541646199796269184e-02
7.098191465786018485e-03
6.339191348138957516e-02
-2.610180071188560394e-03
2.324792363158895703e-01
-1.150152204591765176e-01
1.209670749196761069e-02
1.427342856262111548e-01
9.378329284428439661e-02
8.949802051874745923e-02
-2.721871115977805757e-03
7.533461857194337363e-02
7.660334408132719874e-02
5.597409696943800306e-02
6.487588691001534846e-02
1.609806309557271220e-01
2.774138286968072520e-02
-7.180117599037028064e-02
4.183113298003413721e-02
-5.228443046934237726e-02
-2.992605697158345207e-02
-4.148819909282016466e-02
-6.206091713858897380e-02
1.154672821022081387e-02
-3.830168912925673713e-02
-2.348871557986256103e-02
3.404006741663111874e-02
-1.179820394692805557e-01
-2.269278359471266771e-01
4.198585310235999901e-02
-9.776930972668343087e-03
-1.232723261348029654e-02
1.259442302044276873e-01
-5.368070523795308996e-02
-2.440890214348117801e-02
-3.246928393483378139e-02
-4.833952874204782216e-03
3.463953526412296563e-02
-2.604814252941341571e-02
1.548325652687480326e-02
1.923591158129924969e-02
1.186064566627626458e-02
-1.746495231941298798e-02
-8.005708546447663776e-02
1.151768443731325531e-01
1.195241824689685373e-01
-1.827488328006645225e-03
-1.010633069411226784e-02
-3.139359117360468465e-02
-1.417530586078821486e-01
-1.642921268895458295e-02
-5.858762640488279078e-02
4.450802691885691331e-02
9.551259011608557309e-03
-5.525576086803642845e-02
-1.075536229715900044e-01
5.341849786475140471e-02
-3.835404857864999073e-02
-9.332237931000417208e-02
-1.229496934962440689e-02
6.324830094460732457e-04
-9.386299404270805058e-02
-3.152951384347213448e-02
-2.904780581554023550e-02
8.429584263947556555e-02
4.677353006633080956e-02
-4.192180505525625739e-02
-4.438317765734678573e-03
-2.089647853147521064e-02
-1.487258881543637168e-01
1.025530904914174167e-02
1.106378406165933748e-01
1.580768004999519027e-01
2.804921678657691067e-04
-7.609164324822298431e-02
7.258243229172809362e-03
-6.226734734376860453e-02
-1.195470811837815034e-01
-1.067045933098230382e-03
8.443501214204039707e-02
2.373010904661483969e-02
6.413690778809579864e-03
-4.683781735373857003e-02
2.645768775270274098e-02
-5.531160639043105481e-02
1.290294731650197015e-02
7.794684927430921284e-02
-5.767359173479602585e-02
1.528458796070117920e-01
-4.612505213370193813e-02
-4.334795068468269910e-03
-3.381853089511218519e-02
5.121673516970466633e-02
2.394504937118018678e-02
-2.364206861473690247e-02
-4.617447234507441461e-02
-4.823679212006603406e-02
-7.360104915185619601e-02
-1.741488274150104071e-02
-7.177004057366188905e-03
-2.719007067766869568e-02
7.361783015032362376e-02
-5.840932402401819573e-02
-4.058287960523684207e-02
5.669198876741784326e-02
-1.706231088775383986e-02
7.323265326085764970e-02
-1.407845113256659675e-01
1.512986442065668985e-02
8.613939424503758158e-02
8.580045908861929846e-03
2.651343074353850263e-02
-1.378820821345285719e-01
-1.091725279316808732e-02
-3.336052242166644838e-02
1.090414584222663130e-01
4.536891606426581708e-02
2.535567855803187026e-02
3.072829806532211341e-02
9.024896165586781399e-03
-2.660591420963388191e-03
5.358446228136603401e-02
3.486814646320352679e-02
6.874624819401572995e-02
-1.074014661382357433e-02
5.237756330197722299e-02
-3.268955590046006277e-02
6.613972508175998410e-02
2.316392977856752272e-02
-4.412992470695257206e-03
4.105910451897408497e-02
2.833493806394474061e-03
-7.687060967809949963e-02
2.019603076937678821e-01
4.338486204587375591e-03
2.186748657110411040e-02
3.909145555000027861e-02
-5.251611761518885230e-02
3.572096979264845294e-03
-6.956516775466294045e-02
3.489220720235029077e-02
-5.173704865375346879e-02
1.566837383868522615e-01
5.872262629072046852e-02
-4.894275608003134832e-03
-6.267224446972276264e-02
4.639744430841744732e-02
-1.499308732113203806e-02
-1.793123167194042578e-02
-2.965482682120173727e-02
-2.456071720497255556e-02
5.670036217805839857e-02
-3.350403242688983901e-02
-2.262618592951183560e-02
-5.208148633716412623e-02
-1.156091174253034114e-02
-7.898969775951553141e-02
-2.979908872452346233e-04
9.208625883633911324e-02
3.197962738688533979e-02
-6.491149953812745677e-02
-4.451551172265399287e-02
5.497964338001552764e-02
4.261399560914749807e-02
-1.459957119821179289e-02
1.235402752753010126e-03
-1.863039437183442587e-02
-1.308679323698248020e-01
-3.795123626105939563e-02
1.111202857782350511e-03
8.860333013609972275e-03
-3.708084585786242809e-02
-4.557479943446483828e-02
2.097617972989887156e-02
-3.971881198150314929e-02
-3.832824480300252995e-02
-7.854888041077266736e-02
-2.517149770112573747e-03
7.491399994029672091e-03
1.200859870571709641e-02
-5.278724523401170238e-02
5.858243147256701581e-03
9.732774047984225560e-03
8.366028368326357267e-02
-5.497390161271913794e-02
-2.684231780718810204e-02
-5.882201354844602409e-02
-1.372227700338464126e-02
3.046646664116960113e-02
-4.938145444322435823e-02
1.803427588859880370e-03
6.756658843209847887e-03
4.637078610311279325e-02
-2.294451224259844071e-03
-1.334543934737294699e-02
-3.264433948300101817e-03
4.155569903573900180e-03
2.072080779395479855e-02
6.046638051232147010e-02
1.139488922469903270e-01
-7.859331075294707925e-02
-6.407262050068804338e-02
7.819347185056356453e-02
2.218895718532921252e-02
-3.111142432361080692e-02
2.144874768470330512e-02
4.228367310367379603e-03
3.376729929286644699e-02
-7.982679958326796554e-02
7.895999778463123897e-02
5.365066349120592611e-03
-1.497558860175257286e-02
3.981300430691292751e-04
-1.021098123852618063e-02
-2.774575754952559106e-02
7.807436435634981797e-02
-8.980219747671083774e-02
-8.480122069311650523e-02
-1.294700512734585363e-01
5.325222585346019860e-02
3.048557168830460379e-02
-4.449384338654738258e-02
-2.341458526280384977e-02
1.068573653325304885e-02
3.498991977794773528e-02
-7.207729347839117451e-02
-1.520040613315516015e-02
-1.537324016421367026e-02
-4.005409017898860918e-02
1.214800744858592595e-02
-2.321092340971354917e-02
-3.422445333665497663e-02
-2.849184552619303881e-02
-1.068064413249613341e-02
-1.274101580786933703e-02
-5.223142165340965981e-02
5.396984423394972363e-02
-1.028934952668460884e-02
9.707582043971324515e-02
4.464952047008931280e-02
4.198448601490848558e-02
2.084360642428764732e-02
1.512275556590878152e-02
-3.437616586658749640e-02
-1.132782333204605460e-02
