2.362293725092127206e-01
1.344609667990583068e-01
-1.176081771190509440e-01
-8.391091529297230178e-02
5.114438870113496155e-02
-1.490441532246853697e-02
-2.394059056420862197e-01
3.787291880555674478e-02
2.181810249627465226e-02
8.136871362752236270e-02
1.070200838902131274e-01
-9.498018264020394175e-02
6.005944662686952401e-02
5.079731489999403382e-02
-1.008324122648040881e-02
-5.492099525935820181e-02
1.484491786707140860e-02
1.636867733698173233e-01
-1.087155542273815084e-01
-1.091690351006011778e-01
1.170993416234291234e-01
-4.237783540429736207e-02
-1.533551852392609494e-01
-2.686375440469843459e-02
-6.451608328724557639e-02
1.268401617689014250e-02
-7.680958965243973868e-02
4.490805472200798398e-02
8.974842192646723116e-02
-8.786830870950722294e-02
-8.056407985605901212e-02
-7.061936859134148583e-04
-1.167698907964899273e-02
-1.438235462920889884e-01
2.054847714945481074e-01
1.746672566191719012e-02
6.757801928588874629e-02
4.636964620263672038e-02
-1.118185680085671992e-02
1.366970768420714966e-01
5.288944556245864237e-02
-6.094967770159837560e-03
-1.058171963961477835e-01
-1.147901265120276071e-01
5.838688934295799271e-02
6.162620232967851164e-02
2.164467713351558853e-02
1.530837340742514409e-02
-8.077370720560497763e-02
5.424364206467906929e-02
4.775991721985958782e-02
3.502733429308983737e-02
2.205293739119775290e-02
-3.485416387389970311e-02
-1.445846484491589146e-01
-1.119125147137148973e-01
-5.616135945805504626e-02
3.796804462471069230e-02
-7.539229461691117351e-02
-7.425871990564644753e-02
4.541341661150324546e-03
6.655081977875666743e-02
-2.846480001752740158e-02
-1.460668584909242118e-01
3.247120633518753557e-03
1.321914272805702409e-02
5.261595484889777102e-02
5.344168520068939832e-02
-6.831929958047502915e-02
1.121311925599575710e-01
4.262595923275051130e-02
-3.538642230991621146e-02
-1.454484928645043704e-03
8.273913091431543687e-02
-7.829759966039800956e-02
-5.822834631103473296e-02
1.997116381122059775e-02
4.541892976618117778e-02
5.272484762077350035e-02
-6.477379936747941491e-02
-2.247104484422952474e-03
-1.105966234827249761e-01
5.603991071540991714e-02
6.969573990908388417e-02
3.255737726148310446e-02
8.539032095547945123e-02
-2.294951018720352981e-02
1.925235041864555366e-02
3.980774928599659090e-02
7.577560227278510143e-04
-5.252060595412100935e-02
5.604032499870941625e-02
6.364347518671845290e-03
7.594313206551284168e-02
2.253223130077075791e-03
-7.831993909062476972e-03
-4.061732258910780158e-02
4.652114641846850918e-02
4.328189716764021394e-02
1.300502199810881637e-02
8.087033081822634153e-03
1.002761891333089211e-01
-3.815979405648600720e-02
-5.478409056284719303e-02
3.978553732755427640e-03
5.413283721603642795e-02
4.417349856405201891e-02
-6.748302093851926697e-02
5.766782100681402262e-02
3.095665032811529410e-02
5.837573556181765988e-02
1.305906047433640638e-01
-4.102532790322104689e-02
-5.360312821570913794e-02
4.647442800946358782e-02
4.685203130298290497e-02
-2.389267392042976682e-02
-6.604545788926140248e-02
9.781996718647786859e-02
1.073930663315457272e-02
-5.007314769247163053e-03
-2.014946496973528834e-03
2.711382217786461116e-02
-1.716920651698543993e-02
8.866242605875254701e-02
-9.754682702032425878e-03
3.552418744097232683e-02
2.678787682499807719e-03
7.481287162064410856e-02
-6.424482332991277023e-02
2.446967495279205734e-02
-3.269415448620965892e-02
-7.085200459798264181e-04
6.489700084716087947e-02
4.862200889816868654e-02
2.391087051766156019e-02
-4.449632085819926058e-02
-5.460215645847536076e-02
-1.713666934400179254e-02
-3.308912581036177296e-03
1.049828935668511570e-01
1.130544388268618083e-01
-7.121144316221628134e-02
3.115174589423270676e-02
-2.549993378275120653e-02
-3.688243117234939195e-02
-3.511850848692549959e-02
-4.701149850534350194e-02
-1.695680665612745580e-02
-3.723849173429481796e-02
6.015109883989691597e-02
3.169974709563013610e-02
3.599044736058421012e-02
8.554006843427490459e-02
-7.338544257825090067e-02
4.122628717142366034e-02
-2.267512717115143309e-02
-8.820107380284240850e-02
-2.328332692276052773e-02
1.346933797300766539e-02
4.488944384147669497e-02
-3.151166247765807560e-02
-6.973407704826049998e-03
4.176450491336371890e-02
-2.524674295086573247e-02
-3.093558561573312923e-02
1.220086624583719727e-02
6.702071264422568286e-02
-9.063562554631513293e-03
-1.491550536771663396e-02
-1.581342299104847304e-01
1.504361451109984503e-02
5.949452354608490701e-02
1.755420317400348956e-02
3.810287790472421249e-02
-1.855428305899151781e-02
-2.905878666516910434e-03
-1.068622100851582962e-01
-5.367384318813882282e-02
2.791029775512246514e-02
-7.260882073142282955e-02
-7.477176197015547587e-02
-9.408947354628336215e-03
-7.559777913346214795e-02
1.008888185294280412e-02
-4.625766223998781929e-02
6.133604468029937168e-02
4.168448450066838257e-02
3.413088896886852519e-02
-5.639590754146311252e-02
8.249973890309784952e-03
7.488298110209761459e-03
-5.318855810469615836e-03
4.149241638943191451e-02
-3.790035710716195549e-02
4.268720942518398204e-02
6.266949514959878342e-02
-3.657449120903796119e-02
-1.451887691036652869e-02
6.151622604763486157e-02
-2.722124902421903941e-02
-8.832736647329705870e-02
3.373483413454848867e-02
7.924968641853649687e-02
1.877707187028306718e-02
-3.141287184470087368e-02
3.849555473675603245e-02
3.114677449463873135e-02
-7.234294645698349790e-02
2.467155839143201496e-02
-5.706131025634902931e-02
3.805679685464159745e-02
4.340283602314749800e-02
8.848708861922658514e-03
-1.910700071641400349e-02
-5.706682341102697203e-02
3.276279804214185694e-03
8.045541015980609001e-03
-7.563401298819515117e-02
-4.977072088383813209e-02
-1.071789137336514111e-02
-1.342443603693131184e-02
-9.647902774984136454e-02
-6.366718493862817685e-02
1.813184156528807947e-02
-1.982119325680234065e-02
3.048388934749591064e-02
-2.585561192934324529e-02
-1.817403472594463984e-02
1.259293758689282710e-03
-1.834382714284656449e-02
7.746524077581439828e-03
8.091877009632148302e-03
3.784892224213197692e-03
5.277162976567065233e-02
-5.121985199753582158e-02
2.437770406030351222e-02
4.739770614431392665e-02
-2.125311567959780115e-02
-3.585551847673233705e-02
-4.638188349394497395e-03
-8.239059118765319767e-02
8.276806700938806396e-03
1.278414526358418422e-02
3.820670367316762045e-02
1.070823857248683897e-01
8.680509842326492725e-03
-2.684348639096914568e-02
-2.750197376154807014e-02
3.250434899914737136e-02
