2.004238089753819230e-01
1.293023107441908237e-01
-1.472726037216080253e-01
-1.112821150163521844e-01
7.972900275884618748e-02
-1.404428451699097080e-01
-2.539418573895376174e-01
-7.327493711637282636e-02
1.106123435483452183e-01
1.070465971255498833e-01
1.216594639584968676e-02
-1.753008469676420600e-01
2.454256597943918483e-02
8.095701076499482729e-02
-5.522109829570958500e-02
-6.722901346221620000e-02
8.829678877085971045e-02
1.140833765876876349e-01
-2.762845935384700830e-02
2.747193820069543033e-02
3.912403727482334503e-02
-2.472974519108332020e-02
-1.684412731906743399e-01
1.043241404605801774e-02
-1.106383309060594289e-01
5.951034680448853524e-03
-9.117804926229372900e-03
5.236108422510947491e-02
-2.259112612340888684e-02
-4.633998903298518907e-02
-4.582224360760628334e-02
1.968875968334482182e-02
-5.056911543851182883e-02
-1.264085833446641771e-01
1.062364939258862856e-01
-8.795147297571960510e-02
7.088701500489694163e-02
7.348304668639218939e-02
-4.019682349570611463e-02
9.525223482696222599e-02
4.720568410732658982e-02
-1.006376581785667079e-01
-5.585624336546491514e-02
-3.099066155324847402e-02
2.812836480933562228e-02
7.155696206315871610e-02
7.274015943627584746e-02
-5.013445932171642361e-02
-9.433452991914145769e-02
2.751351797303814434e-02
7.542957001528736993e-02
-4.934008900888520871e-02
5.072352950860550130e-02
5.772252194790478130e-02
-7.543666386158232040e-02
-1.058644181759107496e-02
-8.893635871503664803e-02
1.365024242613673833e-01
-1.149598177856243492e-01
-2.864056158266203508e-02
1.333035561170047359e-02
1.116159120907757318e-01
-6.281323461580989864e-02
-6.576480144527610538e-02
-8.927198192811038047e-02
5.617241117830397423e-02
2.409052642741604106e-02
5.061051962059971709e-02
-2.538985919507485631e-02
-1.053190348444222810e-02
-5.004462734734763107e-02
-2.811354499182834241e-02
1.570201806557950525e-02
9.188841719721636825e-02
-1.317486692924726699e-01
-5.684488673623522975e-02
-2.275653214345464692e-02
6.581168404331454169e-02
-1.739361946251880920e-03
-6.770524935135431577e-02
-2.599255518573840087e-02
-4.117556357610426682e-02
9.432086899731603746e-02
4.162869178770731843e-02
-5.163582623657762480e-03
4.094690994627030872e-02
4.538867615039079983e-02
1.829903305250176956e-02
4.694293085000549037e-02
-9.156866734317886669e-02
-1.813766560831700167e-02
2.645288259778931506e-02
-5.800813705640417428e-02
4.721850219592885894e-02
-2.501687037577421738e-02
-9.014301494619848809e-02
-9.020889640980905844e-02
6.120402016643478049e-02
8.644806921390241206e-02
8.648311702876563048e-03
4.759479211202021637e-02
1.612694999406266427e-01
-3.621306691227282881e-02
-3.927897811568149822e-02
7.046647634458952023e-03
7.276003625312211370e-03
1.504941932449450903e-02
-8.647511011314557017e-02
6.800459561778107731e-02
-1.186568706009783272e-02
8.604716154408449669e-02
4.959574841991134381e-02
-1.287192457440167886e-02
8.452985103408514056e-03
-2.462477733674855052e-03
6.092981842449905761e-02
-1.009292433557301694e-01
4.512395628221566035e-02
7.874471402639555973e-02
-3.510712925127898454e-02
5.391453120955196077e-02
-2.851859659166013777e-02
2.883620424458876660e-02
-2.187608748770789469e-03
-3.655286917341141889e-02
-1.317537965279136011e-02
5.670578413636235410e-02
-8.468598588867609633e-02
3.489389244581871802e-02
-8.926755705368877303e-02
6.482318114474809601e-02
-2.918201169244239238e-02
-9.758463529986225252e-03
2.533163346657467049e-02
1.171650557959796370e-02
-1.385301756421448982e-02
-3.583445920481777053e-04
-4.388207664593580387e-02
3.093254117890118643e-02
8.647816538357953886e-02
8.641000124665620952e-02
5.977657674885517719e-02
-2.110763429648893769e-02
-3.375002728978253319e-02
1.011252371981665593e-02
-9.326750305861698787e-02
-2.718804387669332846e-03
-1.647278904816215986e-02
6.321214055672279633e-03
-2.130534892342261788e-02
5.766383968474204404e-03
3.267264060422333388e-02
-1.731369077852217692e-02
-5.022629302499023729e-02
-4.190229652277664696e-02
5.025041912600327829e-03
3.579372226569822301e-03
-9.191345636755450521e-02
3.364059944297519145e-02
1.017162388778587168e-01
1.356367291870259895e-01
4.724642104644613538e-03
-2.841700007021802366e-02
2.129927350060564772e-02
4.199205826104351891e-02
4.290446034316853369e-02
-5.235859084349094722e-02
8.335027082021741196e-02
2.798852473039247987e-02
8.526276475772738214e-03
-1.121149395949902067e-01
4.561905056472205164e-03
8.250283713237788197e-02
-8.274307971903033243e-02
1.352947496067275629e-02
-4.483345976463211195e-03
-4.873535617126568270e-02
-9.100122987568430577e-02
-8.980300197675410157e-02
1.136985529852117469e-02
-9.387915415227664206e-02
-1.201820124363429249e-01
-3.082950481736949910e-02
-5.731350200831391434e-02
2.675844475923690180e-02
5.836479598200602220e-03
1.137477182565629213e-02
4.826333444824337793e-02
7.393410293298829927e-02
-1.512337793982707242e-02
2.683559911720729066e-02
-6.054464364151351807e-02
-3.909762850049756933e-03
-2.648828159316216416e-02
-4.191932877749473402e-02
-3.087972363024963154e-02
5.843910577784823535e-02
-2.288643381397466000e-04
-3.515998191798149625e-02
1.215105634224047243e-02
-6.168619100618600443e-02
-5.634782584287478802e-02
-3.611916124399207340e-02
5.628854657284565466e-02
-2.636206731799348862e-03
-4.996245110808922871e-04
1.010635347826208258e-01
1.296646236759980628e-02
-9.368561857340780563e-02
1.289176627319697614e-02
-4.973372724215333746e-02
4.708129597080809581e-02
6.793025070388789693e-03
-1.683626087565124468e-02
1.748278419391927421e-02
1.885091322341877346e-02
-2.124736902127918534e-02
1.855096995012560715e-02
-2.944929517833799488e-03
1.574735546937548747e-02
5.264448689639806417e-02
3.339003214933899261e-02
-1.037633051866670569e-01
-2.251418247374428923e-03
-3.917759230254516667e-02
2.587385617347626524e-02
-2.611806709988777342e-02
-9.492128231466683344e-03
-3.343533443508401454e-02
4.154321445165820581e-02
-1.758919188834361796e-02
1.584196349867554587e-02
-5.920791014957683951e-02
-5.429907386762012483e-02
1.234856026086835921e-03
-8.096326177806662666e-03
-3.989526479206854936e-02
3.954134507444197894e-02
-4.803067736059939835e-02
1.257489609933861580e-02
2.137425053941619923e-03
-5.611341285268255097e-02
1.659503498357177247e-03
2.326240766760733283e-02
7.089632128840270275e-03
2.479955987640200185e-02
4.579393845852839338e-03
-7.526957217509022864e-03
-2.949933840096330070e-02
-5.786401257524327211e-04
