1.986972355366975196e-01
2.090182245429706154e-01
-1.010686902037368634e-01
-1.072538351618003566e-01
1.095677776515948249e-01
-1.877308341448910220e-03
-2.724299343516617400e-01
-2.214820113672540114e-02
6.751970371404561466e-02
3.328124682594362643e-02
1.928919156533804788e-02
-8.752967262995003939e-02
-2.468677100823649453e-02
5.515287060721914270e-02
-1.385646028522236062e-01
-9.983584851697498153e-02
1.269165251886367751e-01
8.711348583473113583e-02
-6.958501682547078848e-02
2.896695315044693977e-02
8.294444337267317668e-02
-4.228825696111816052e-02
-1.428474591299306595e-01
1.345054282253867889e-02
-1.112729955904132456e-01
8.135992025669639902e-03
-2.830106080037840879e-02
-2.246286861729797357e-02
5.695592277152391331e-02
-1.045224666432641863e-01
2.825811157538990655e-03
1.479729615917515888e-02
3.785995380152139267e-02
-1.111175043947069535e-01
1.470550156654217566e-01
-5.590329172810788033e-02
1.598101202017949973e-01
8.848062130167727579e-02
-1.002094122012903293e-01
1.585279048425710380e-01
6.129209870212104505e-02
1.756760269945489839e-02
-3.451134915439189182e-02
-1.006071735507093126e-02
2.476190769341000616e-02
7.349939679858780162e-02
1.243166458691542242e-01
1.394039878954879061e-02
-6.509719784536982523e-02
-3.190341481701098464e-02
-3.710526058611975965e-03
4.331574460858421405e-02
3.065048450261590503e-03
-1.404798382617527056e-02
-1.287628200806064938e-01
-5.599356010682327717e-02
-1.450957874658322655e-01
5.842099029818188100e-02
-1.260518336923799887e-01
-4.331238563350918447e-02
-1.548595127237351564e-02
5.163559975535118862e-02
-2.862163094588865420e-02
-3.992937595041698429e-02
-8.868564922688815244e-02
1.119121791969240054e-01
-1.251580202083367802e-02
-6.438079042354184593e-03
6.339582805275384425e-02
2.630048133481670616e-02
1.147530242137793878e-03
4.203646427612481307e-02
2.506838971045021944e-02
5.068631426545721491e-02
-1.104214791031886272e-01
3.474458594795132999e-02
8.382632108120706069e-03
8.719064442723135910e-02
1.367301785129461898e-02
-5.731344164285950837e-02
-1.316750840820669378e-02
-3.384323922854566569e-02
2.724053779610646764e-02
6.110044145439330610e-02
1.855510876010553478e-02
8.363635962672108515e-02
-9.229485163930477645e-03
-1.511724668792399119e-02
5.972322906222207912e-03
-3.406936673505309848e-02
-3.272962485124313731e-02
9.885238627097778230e-02
1.281677270983815932e-02
8.060627060636661387e-03
-3.893697817849203074e-02
-3.220738575559704830e-02
-1.086347000317230693e-01
4.171899221442164352e-02
8.543429179989206479e-02
-5.253388100235827779e-02
4.236756790657909139e-02
6.909793282818278704e-02
-3.905216167329795293e-04
3.481153716959248939e-02
-2.157159882311740148e-02
7.523690003181672525e-02
4.799571000754034727e-02
-1.035160785770946890e-01
3.476141343473498208e-02
3.336548209408736476e-02
8.964204400383413152e-02
5.188387040822702717e-02
1.279365122121488632e-02
-5.006376247727913065e-02
4.273291351595358972e-02
5.963583048745427911e-02
-3.520176528364900304e-02
-6.602998196256509855e-02
4.722089555309701842e-02
-2.372633241663708176e-02
7.856593783384896446e-02
8.212759281267920444e-03
3.920318510604037243e-02
4.109559252962266540e-02
7.482361565195392097e-03
-5.190813329614763633e-02
2.769064045616062564e-02
-2.818121387415763873e-02
9.979068171620877892e-02
-1.158511807834550905e-01
-2.034527941805460826e-03
-7.018581680418239932e-02
-2.612829309796074750e-02
1.247923810962858204e-01
7.151479692318886416e-02
-3.759289897735217795e-02
-4.631772259481561210e-02
-4.720498118575124774e-02
3.400407869524520871e-02
6.965363122894520365e-02
4.268575741926916578e-02
4.333482228255405161e-02
-3.677441784693345067e-02
-1.848669002508208578e-02
2.266636380630956266e-02
-2.107512274018271542e-02
1.187632491164645338e-02
5.322931928852368821e-02
-6.492011789723954596e-02
-1.313235330984860103e-02
6.886215234476070202e-02
2.643523167471989455e-02
-3.313469115616508864e-02
2.783354364818767593e-02
-9.008148273331027800e-02
-6.061290089738637088e-02
4.256630182995034539e-02
-8.520128328619210045e-02
-3.393337716162708739e-02
7.714101495104888628e-02
-4.119342675510901351e-03
-8.542656289607864634e-03
-4.005727789453612797e-02
7.760533618520706889e-02
-1.455567823363239019e-02
-2.892403653686693304e-03
2.956876408282192552e-03
5.654107304405333462e-02
2.784375101904675021e-02
-5.284287409785263373e-03
-1.144321931770011930e-01
8.364418636475998148e-02
5.694463922418449564e-02
-6.206639137402845258e-02
-3.496340849895578085e-02
7.087861356625968327e-03
-2.718389177954987426e-02
-7.024461517369970376e-02
-3.453864490330257886e-02
-3.340872482175232666e-02
-6.153746693964079473e-02
-5.508278869036242753e-02
-6.606419133007682435e-04
-1.035819862336639745e-02
-5.983192288673740145e-02
1.643941102255490642e-04
6.466340088956339105e-02
6.051676246514179486e-02
-4.126184549013246078e-02
-5.959617501472381368e-02
-1.421055169752507251e-02
-3.723785857306224911e-02
7.388108072361851408e-02
-2.504934464788887913e-02
-6.529779061902531156e-02
3.343227025868604485e-02
6.160797280480794641e-02
-4.113762863517330531e-02
3.441054729073246554e-02
3.559610243517594835e-02
-7.268133961647950392e-02
-4.472364433614965662e-02
-2.481362938728378514e-02
5.554035936296204679e-02
-2.921404979261694665e-02
1.849151651353941189e-02
4.140575963582286689e-02
-3.292098859629442181e-02
-8.281911772982518405e-02
-1.351305889262445145e-02
-3.365660413772621901e-02
7.338597431984063280e-02
3.338080945608022654e-02
-1.992801644635536218e-02
-1.862802786950135472e-02
1.374838281632759750e-02
-7.642467275203788935e-02
4.279529914040536981e-02
-3.067699757772270400e-02
-1.179936198759719800e-02
-5.535776808679603728e-02
-4.249925277408370811e-02
-8.503998725977363060e-02
-9.409369693191364228e-04
5.022486283524663780e-02
1.153035047891825399e-02
5.930508558249345669e-02
-2.221518496977505086e-02
-1.100573075045199571e-02
5.554691425606963356e-02
9.115932239549330227e-03
2.220233607482784491e-02
-3.418262615675778191e-03
-1.998397762333354796e-02
5.316624882449349360e-02
-3.862687629510882376e-02
4.636748760417966353e-02
3.315983455211508196e-02
1.023150330136158659e-03
-7.223505249121930927e-02
-4.202368060399459815e-02
-3.598271068288947522e-02
-5.562299667208950998e-03
1.920942406015818324e-02
7.623242849895724019e-04
2.732796898228275970e-02
7.302640092976982883e-03
6.277158047133400698e-02
-5.066586691233056911e-02
-1.412439235628010215e-02
