-2.128494211478328402e-01
1.714553397741561958e-01
-1.626616461292856031e-01
8.230163970885157054e-02
2.086293075432994054e-02
2.269531170202499504e-01
2.104275477678803075e-01
1.251797464002047666e-01
1.904236242251797565e-02
-4.590733161141963975e-02
5.656412170762408625e-02
8.326418042829238086e-02
3.046580716579835868e-02
2.862051239753681323e-02
-3.883624637253618034e-02
4.751579981417847903e-02
-7.072466811630435946e-02
-2.968949164327901180e-02
-7.362641001565946308e-02
1.308612194223359448e-01
-1.692355678549656989e-02
4.005375313339967075e-02
-6.349752258179652831e-02
1.241401889114947671e-01
-8.362457161747344214e-02
-1.121421585343246319e-02
1.909024455867545378e-01
-3.230964942481491520e-02
-1.048125266498331765e-01
-6.360166411673373772e-03
-3.681881236910108934e-02
-1.857630963058518395e-02
-3.499135306319661742e-02
-5.064494385858626241e-02
1.438965102968518539e-01
-1.130325804807875284e-02
-1.441419505799702155e-02
-8.362335556322181285e-02
-9.291485452770635589e-02
9.475248139832574690e-02
-1.990758502254453763e-02
-1.212791172709993259e-01
4.626377062428293531e-03
-3.662822964444465562e-02
1.525810292933549544e-04
3.483711684894966187e-02
3.884361025661543093e-02
6.411375807380419872e-03
-7.520640228135958005e-02
-4.000987384248710921e-02
-1.176755431720365175e-02
-2.858882742842519878e-02
4.901060072369575749e-02
1.059363634540372995e-01
5.008745054278870845e-02
8.576442174890479275e-02
2.379639140208144113e-02
-9.580582083522075354e-03
6.674570482572383945e-02
-9.090059577703936411e-02
-2.383006934899432189e-02
-1.216425823750941909e-02
7.078824073023617935e-02
-1.215449602421170457e-02
-6.941028236672858176e-02
6.322107291526191108e-02
-1.276498565988048450e-01
-9.500998088610596373e-03
-8.824736807571641195e-03
-7.616961858649573536e-02
4.182233514595495166e-02
-6.934356827931341394e-02
-3.685245653672920146e-02
-4.321691291756800390e-02
-5.122206293883354439e-02
2.830079146721544564e-02
-5.133184561432688198e-02
7.414715146963032910e-02
-6.925006721907785157e-02
-1.758873846113189268e-02
1.201650426800929539e-01
8.695294588343805212e-03
6.322597091155315874e-02
-6.500921313369738275e-02
-3.074313509373690842e-02
1.605515893270188788e-02
6.242161858267705060e-02
9.039336603697538820e-05
6.436136023114763863e-03
-2.802511872423048625e-02
-4.042904098716305211e-02
-5.202151727141840487e-02
2.058374496572919557e-02
-3.069834376213562838e-02
2.753987929854993799e-02
6.551404454454290427e-02
6.520347780039344177e-02
4.009942272640490413e-02
7.115309078500650641e-02
-9.753130048041309952e-02
2.136303306530805066e-03
8.803722714517978054e-02
-1.029906747052000693e-02
4.189509572534345916e-02
-6.544206088870403726e-02
4.388503339097807321e-03
6.412308115639993311e-02
-8.097590411959404433e-02
2.098277965668389825e-02
-6.115638169243754058e-03
2.062941455873442548e-02
2.935666435046797862e-02
1.874331441447412566e-02
-4.103051493172747699e-02
-7.120619182066051378e-02
-5.985196083186808402e-02
4.692986434060696099e-02
-5.242183557519426024e-02
4.083182517872691042e-02
1.600286859988229310e-02
3.033173718455741893e-02
6.601945020322946833e-02
7.116400149398630082e-02
9.488053866687813642e-02
-1.228596500052557203e-02
-7.635249963422524599e-02
3.213551721184009641e-02
-6.339175964119048157e-02
-2.384864795561627421e-02
3.104069681325100430e-02
-9.312465766539532175e-02
-9.542117611957685874e-02
5.026340683714095731e-02
8.871794729180799977e-02
2.209036862491498693e-02
-9.048284736232364844e-02
3.968495090231159705e-02
-1.087220059516476019e-03
1.061804525657649399e-02
-1.768173283209593938e-02
1.810623710376509793e-02
-4.548684707463777552e-03
-6.770638768450246148e-02
1.738277265019248230e-01
-1.532488457532021030e-02
5.065855691034742980e-02
-9.923205368915588229e-03
7.343143598398330085e-02
-3.785087085659275680e-02
4.633960511858525172e-02
8.542240649063709279e-02
-1.061199200874621412e-01
-3.039135762217148873e-02
9.616073978026951075e-02
-3.547861924596319716e-02
6.565226937781019900e-02
-3.727773773194800744e-02
-1.578320191104131895e-02
-4.331544709123387460e-02
-4.524461582357232337e-02
1.995832150826484450e-02
3.817160516545713839e-02
3.564197586709728222e-02
4.505619497314099220e-02
3.078410936615949903e-02
4.026267800968468674e-02
-1.620966538122697387e-03
-4.768310861163032460e-02
-1.243266843426943727e-02
2.080439125382841856e-02
6.992879438790480795e-02
6.269604149212562247e-03
-3.121432233695431088e-02
4.326305542055997044e-02
-8.263852051583467362e-02
5.714424714421564855e-02
-5.542363171602977118e-02
9.485425838332925408e-02
7.921620605893252287e-02
4.312635065510719672e-03
-4.656832465574383545e-02
1.660738268007575999e-02
-4.650076608620946905e-02
4.526991650786294646e-02
1.376752443041411554e-02
9.432527478387521883e-04
1.475951730824343056e-01
3.012244073613996181e-02
2.940365133557912986e-02
-2.622684472036486067e-02
1.665980813003442237e-02
5.279401573475905884e-02
3.283633603290479069e-02
-3.118108352074340506e-02
-7.716793156850498825e-02
6.421104241393368146e-04
-9.256608341248520611e-02
-3.926754028044354694e-02
9.735358766325296134e-03
6.706545953532996873e-02
-6.090432066950483142e-02
-5.400682717503992036e-02
-3.676692738769869739e-02
8.650570815312057238e-03
6.838372990265396967e-02
-6.642307887691249746e-02
1.610839508549496632e-02
-1.532711400811484492e-02
5.839154723424379995e-02
5.758128353053344056e-02
-6.113067565672970771e-02
2.782602361981272379e-02
-4.313368075990167000e-02
-4.777944713178632757e-02
1.169291560958208853e-01
5.632645066000221273e-02
-1.011244367803828814e-01
-4.559352205593253382e-02
-9.795151478291683200e-02
6.165543684558786458e-02
4.415486231769831516e-02
-1.686430792001493298e-03
3.593676768526046696e-03
6.055456995502544321e-02
-5.511624022464842870e-02
7.994678442987710604e-03
8.820007707704234992e-03
-2.288472228550000528e-02
1.819352277560349132e-02
-1.748044207416830920e-02
-1.054981110134678782e-02
3.025735519950008626e-02
-6.430113176640775419e-02
4.308676133336006298e-02
3.917971414004887964e-02
1.621405668824670802e-03
3.053914199302790525e-02
-4.875087180312090429e-02
6.976030331548610519e-02
1.678104198306383174e-02
4.495431665028316870e-02
1.701773343142747030e-02
7.167153524761319359e-03
-7.300831666298959743e-02
1.229616634452525975e-02
1.794646108681633573e-02
2.932575630490600813e-02
3.260846097786539166e-02
-5.206975409006594190e-03
7.686814041619627162e-03
