-1.532391021303283474e-01
2.115523444680860454e-01
-2.238484064075693947e-01
1.139752153537270662e-01
1.373277821443356084e-01
1.219226496744496985e-01
1.150216610203890072e-01
2.339861387040785556e-01
-4.058383187513164153e-02
3.320395225636334213e-02
8.354206328359227440e-02
8.546456807480779308e-03
5.280384388718356581e-02
-7.486803347366725869e-02
-2.152259664123916394e-02
-4.140536463662117250e-02
5.892811551145302890e-02
-5.149210777599333433e-02
1.360082708540793217e-01
4.332489950965267428e-02
1.651975277531152328e-03
7.265067253555211602e-02
-6.005091143435153239e-02
1.667169912878511684e-01
-6.783890452941930549e-02
-1.158284776704273517e-02
1.956969190097139835e-02
-2.947236685266834202e-02
-3.629336793496372449e-02
1.382877331151211552e-02
4.621790014970041105e-02
4.710957637212057070e-02
8.286428791015655604e-02
-3.639384460521210857e-03
6.138443806884703868e-02
-1.933450107669022484e-04
-7.594648084300876893e-03
-1.227749828233983126e-01
-1.221319454817555300e-01
3.598125956670296388e-02
-4.012599729665012466e-02
1.566077902278290024e-02
-2.905370849832219701e-02
-4.431952177249670090e-03
2.577038052121190248e-02
6.668530821906173967e-02
2.752600260637888888e-02
-5.609461334468754390e-02
2.442771054309366557e-02
1.653910729830855575e-02
-1.593307713943079712e-02
2.847143768491666033e-02
2.705091580653622152e-02
5.220041657795023576e-02
-3.670411763077487122e-02
1.659363366137260598e-02
8.176208119534281171e-02
-5.020880279168840610e-02
-1.347191595128752889e-02
-1.424414139694876180e-01
-1.519675433392905783e-01
-2.495955948710520955e-02
5.733567207707136043e-02
-5.834013845075008975e-02
7.262918234105197185e-03
1.397495335192728561e-01
-1.648178454037010354e-01
-1.326578027040896668e-01
-4.332606745500594547e-02
2.831826999430221703e-02
2.077704706744659680e-02
-6.396679861479241669e-02
3.542972240102202491e-02
8.351576782821010583e-03
-1.173461726021997886e-01
1.159339264508939260e-02
-9.717885974889416134e-02
-1.706311432351957993e-02
2.211437786680703343e-02
3.659169454805590027e-02
4.570130123501583985e-02
-8.860176940329049511e-02
-4.614051542757952279e-04
-1.111652389433631510e-01
-4.607467667952237778e-02
8.807192265131312536e-02
9.588747925671806116e-02
1.954209502076700855e-02
3.570442314811093053e-03
-9.346195708678312064e-02
1.760851143362904270e-02
-3.915780396865722185e-02
5.264663844263352960e-03
3.513179622633667235e-04
-3.830403591541745728e-02
-2.273989602815076633e-03
9.774251017638187211e-02
3.101375439017852245e-02
8.859132463484555020e-02
-3.741753202241891729e-02
2.875564884416790395e-02
7.245162127748781822e-02
-3.621454830855166951e-02
8.497763497209626093e-02
-5.340346703155195163e-02
6.853503332983497918e-03
5.931994449254121213e-03
3.485909767128193837e-02
5.733577218667307469e-03
-2.143897175394508803e-02
3.413507166185676678e-02
2.149313104846954300e-02
5.859231453745452484e-02
-2.203562498012945348e-02
1.641934284479761030e-02
2.071381116903387928e-02
1.141668918711321590e-01
-4.940645770385972829e-02
7.243733897431069158e-02
1.557455128584440095e-02
7.033246785864899486e-02
7.320147556415385927e-03
-6.811557409867515997e-03
4.387707070281109817e-02
2.171230433647731300e-02
-1.532349308969238322e-01
-2.024199461618036988e-02
-4.460513446617186961e-02
-6.764325699781310874e-02
-7.467108451723884766e-02
2.761356513800683715e-04
-8.312330481964441686e-02
2.415300979600475476e-02
5.142530130178633863e-02
-7.748780164078448995e-02
-6.058980142034992716e-02
-1.148183717891856914e-02
2.560122866419129242e-02
-6.881297095404580177e-02
-3.990191863815861772e-02
-7.822831236462437013e-03
3.377497742451026491e-02
-5.523894320901531069e-02
1.520456621984906942e-01
2.790094643464552382e-02
-2.240352776640924456e-02
-6.373124072197164369e-02
6.479123455473149995e-02
-6.898115508491656223e-02
3.985803726274293746e-02
6.263293828162454224e-02
-5.164047020572575669e-02
3.479496078645384627e-02
2.722510651350951161e-02
-2.672739494368066293e-02
-2.612667059369347400e-02
-2.776533129419735818e-02
-3.787857010815511016e-02
-4.584068717046170527e-02
1.236140013953196393e-02
-1.409189471467004080e-02
5.905705667845393553e-02
4.221471739656947747e-02
3.583643434289758567e-02
-5.634772378767459455e-02
-1.144989554200001869e-01
2.329750650966870562e-02
4.910542813152140619e-03
-3.767030876673360673e-02
-3.707081910183415707e-02
6.640570210148909712e-03
4.699698644006542608e-02
-1.547213916329631331e-02
9.371396632415136818e-02
-4.329973862975652898e-02
6.019383457572444890e-02
-3.134925503537189934e-02
7.449215528911799777e-02
1.154310425516434646e-02
7.837954460293911074e-02
7.094266925093127563e-02
3.258794450718194985e-02
9.510078463662318543e-03
8.391357001553358119e-02
-4.042425717000783605e-04
4.371712892914770415e-02
1.573399251149925904e-01
6.912497921270485679e-02
4.829303871365460410e-02
5.936659556693750506e-02
-2.716474042367911668e-03
4.780343602156417182e-02
1.887416375816599115e-02
-5.108122460071324450e-02
-4.837429434037490705e-03
9.749974439223806424e-03
-1.065218219174372954e-01
1.346360685434569958e-02
-3.514300850172805829e-02
3.428637063990597894e-02
-1.662603580245901672e-02
-4.118308795096043036e-03
-2.335206624259999336e-02
5.954419000036889620e-03
4.111364525724177377e-02
-4.637296992274732299e-02
2.518610751577219156e-02
1.658689294819088236e-02
2.583702014608271758e-02
3.572841608265379942e-02
-7.262611231326622507e-02
3.052084808123169471e-02
-7.780051066665549450e-03
5.137277713075646263e-02
2.870142280990897743e-02
9.512497779036947765e-02
-7.726619235246846851e-02
-2.322472682922641779e-02
-3.458539802021012161e-02
3.145230118539747710e-02
-2.339508000146753655e-02
-1.327419948791267595e-02
-4.532962765373835246e-02
1.251190157775423084e-01
-1.620924616067810284e-02
1.726139807463744624e-02
2.012870391691326186e-02
4.129043881385949244e-02
2.499189488845714874e-02
3.101872650039672399e-02
-1.535033914788395612e-02
1.798255427548030305e-02
4.165360307899173067e-03
1.520164301947917037e-03
1.967053563975938290e-03
-5.550042948867866047e-03
2.239975697141154826e-02
-1.556751024385754842e-02
2.014241893234736472e-02
1.784543749100650153e-02
2.188853060535201137e-02
-7.043544726894009934e-03
4.889022585771474888e-02
-9.985552353964922967e-02
3.805980185711525104e-02
1.268004900177103177e-02
-4.132450944830771272e-02
-5.019929237952607502e-03
1.010172620976124407e-03
4.893283917817545237e-02
