-1.892969704510020501e-01
2.716453309879083844e-01
-1.627870946364157745e-01
4.052508816545360992e-02
3.922981476406982998e-02
2.048342910486331270e-01
1.422606549281174582e-01
1.260860760343455456e-01
-6.274745273897368303e-02
-8.276550656023114183e-02
8.758150210115830947e-02
-4.660302146443192489e-02
-3.585872184272848734e-02
2.494642721179772191e-02
7.049695024073833471e-02
-4.038502301955904095e-02
-1.009626441799873348e-02
-5.297331736507093075e-02
4.247175805682407157e-02
7.208943758480834685e-02
-3.404587965879118938e-02
1.038952798299273839e-02
-3.820299378357800563e-02
1.082185523848390174e-01
-4.651569732597216761e-03
2.070704820419207517e-02
1.034892225860895437e-01
-4.176820965081281395e-02
-1.144232442943275557e-01
1.355627548985107941e-02
-6.480722818111106509e-02
3.908548736855996242e-02
2.453635028539584775e-03
1.984787570856861791e-03
5.036925611230365363e-02
-3.413275331558428272e-02
1.948655475947343868e-02
-9.058115556212263664e-02
-6.186894418411985341e-02
8.563133231376228449e-02
3.843544232357325174e-03
-4.753323145364368035e-02
-2.315860408657785877e-02
-6.572662661032303844e-02
2.528276375461135581e-03
-4.815943562273344164e-02
1.070250878401198154e-02
-6.799916800886632653e-03
-3.245585263766984779e-02
5.754452809882363608e-03
1.699684654516536025e-02
5.817551430406714408e-02
2.644531832651067157e-02
5.222416635341958074e-02
2.382036165489766558e-02
-3.998911893943892654e-02
1.193230987301248242e-01
-4.480178784652002685e-03
5.269031092110235820e-02
-1.475305627268558850e-01
-9.148412873671955825e-02
1.352255173923638254e-01
6.328525854409089435e-02
-3.848444086793122165e-02
-3.452813760916594726e-02
6.261459529974562621e-02
-1.862584716093975135e-01
-2.853614235121151865e-02
-2.950336114196097648e-02
-9.977001129372967125e-02
-6.654896356658827894e-03
-2.934666282683597374e-02
-4.372149815743954504e-02
-3.542345259542969711e-03
-8.056064136899415695e-02
7.884901895031118380e-02
1.274963608704705528e-02
4.419162775525044967e-02
3.179991667858069609e-02
7.043804109971389671e-02
1.021596432731679827e-01
-2.519024175076709556e-03
2.575272009024277831e-02
-1.066648064641015359e-01
-4.374048769231095313e-02
6.132022286169516723e-02
-1.604525600300532595e-02
5.661757543858617070e-02
5.400079674184479761e-02
-4.957859148244801728e-02
-7.214325281775596510e-03
-3.640273043387121793e-02
8.732760370334300120e-04
-1.427607588829790143e-02
9.159030380030713792e-02
6.495113974739016860e-02
1.708739336016350946e-02
4.724409152852138659e-03
3.685941488655419124e-02
-6.059823935978685128e-02
-1.675868035324715177e-02
9.100907849301131253e-03
3.431609935391387312e-02
9.363566382911148178e-02
-1.383699487305046875e-02
1.801718752014449957e-03
-2.044355108163336231e-03
-3.060541256078459782e-02
-1.011199662389584801e-02
8.314089639830038111e-03
-1.436260302073203224e-02
-1.248423308051401816e-02
8.744552594269955348e-02
-4.379756025423287014e-03
1.340307707075164695e-02
2.392556645028012796e-02
3.022919106425382696e-02
-5.739517610010873988e-02
1.018331133697131415e-03
2.488557753436306669e-02
9.534233094946120701e-02
6.531623781199809298e-02
1.002292253742331080e-01
1.611225995305523850e-01
1.783398009155850311e-02
-6.936277601383844527e-02
-1.860149689423512206e-02
-1.009165564402446889e-02
-3.698960408821819201e-02
-7.841212103852525372e-02
-9.159667984851213585e-02
-5.380861433236155261e-02
6.387102332048917586e-02
7.212145643557693608e-02
-4.768487051312776150e-03
-3.415676745366071770e-02
-8.741770003667448993e-04
2.369221694695156782e-02
5.759068514343808343e-02
2.826221484544788609e-02
1.861882311218348088e-02
5.025524959820341919e-02
-7.689819076663312325e-02
1.511212827869106712e-01
5.969225142326690936e-02
4.089923051583057786e-03
-3.320243936906484145e-02
1.047668925500377657e-01
-1.895744671576630319e-02
8.244833281446838080e-02
8.821228039178645453e-02
-5.508420515015598207e-02
-2.634881129253828155e-02
3.002086061964270164e-02
3.630352050989888585e-02
5.440914104645182964e-02
-5.492386832926182683e-02
-2.393856111374139881e-02
-6.453361254727051077e-02
4.669762261442999239e-04
4.687705292750325020e-02
6.352432569934242379e-02
2.779336738776516311e-02
6.169945912014895839e-02
-2.591118567959851265e-02
-2.071356286214065881e-02
8.266934605061770913e-02
6.761071420246401488e-03
-4.684673204609361014e-02
-1.099830197682644638e-02
3.295148642830074415e-02
5.251479633328542951e-02
-2.414647572912176354e-02
4.102519212031518342e-02
-8.187123114704427523e-03
8.209955604716781541e-02
-4.582126251060175681e-02
7.658281894753701802e-02
1.646489700171469700e-02
5.431076278094101872e-02
2.176588803545248703e-03
2.506712164602602211e-02
3.667364317771183019e-02
1.061220453606510905e-01
-1.126321984925692833e-02
-8.980490634560004196e-03
1.743403553741283141e-01
1.004762279373049710e-01
4.425791786512089238e-02
4.262526834784657881e-02
-4.172097838068557218e-02
3.593804126849609840e-04
2.508850219897430442e-02
-4.537136993535453855e-02
-8.043208083181728474e-02
1.835296962398379195e-02
-1.755568984411547129e-01
-5.072562176306558840e-03
9.489223045959860672e-04
7.143169969905256711e-02
7.986520163298272898e-03
-4.858701202926316021e-02
-3.180916887896512169e-02
8.856885395716376438e-03
7.574371021229774070e-02
-3.570354823478294470e-02
2.093093759252083463e-02
1.713698099593172555e-02
6.393447193061609080e-02
-1.037733032555709055e-02
-4.779118418645892513e-02
9.673327972635585581e-02
-1.256126544551244492e-02
3.926658099855626083e-02
5.487244411439108627e-02
1.217116911364862497e-01
-3.310568976804117991e-02
-5.073878968870635178e-03
-4.077191746634600128e-02
6.120257784182577682e-02
2.238859230851667804e-03
3.927822421701756411e-02
-3.449889095326911376e-02
1.431515690550223263e-01
-9.032261373789715955e-03
2.809262582416930179e-02
1.804109770091324181e-03
1.490522551443888670e-02
2.649455943791991994e-02
-3.223494335882821221e-02
1.058340836183492908e-02
-1.650842046120098647e-04
-2.521727065076654218e-03
-1.351704893241598322e-02
1.067263838426900195e-02
-1.499067842136021789e-02
3.197380260191046847e-02
-4.149199508427999644e-02
9.330203017629778994e-02
6.926030876089182831e-02
-1.992327940907989356e-02
3.402148434391989718e-02
-1.480029793854359746e-02
-6.585359313544865423e-02
3.363646112867135773e-02
-4.204529052824304558e-02
4.745062004646588213e-03
-2.236613753005559438e-02
-1.017360865492023024e-03
5.001316768102887639e-02
