-2.549950021391456101e-01
2.371658099124494268e-01
-1.755265920311759043e-01
1.344632304436629011e-01
2.134694055325538076e-02
2.118575521822774199e-01
1.392686146210291021e-01
8.089436029025612318e-02
-5.475493038643675092e-02
-7.164161300909099861e-02
1.767372876494265055e-02
4.576341053008059490e-02
-7.424316905075958872e-02
-1.386803994526295165e-02
-2.177494326997941529e-02
5.220254617791927898e-02
1.407511569332198925e-02
-1.490176973072409976e-02
5.789101162710853093e-02
1.296045190669637692e-01
-9.290627071612765631e-02
2.474454603060627974e-03
-9.227811786164756558e-02
1.633169719207027137e-01
-8.927547004614648507e-02
-8.384704477428572139e-03
7.415438932249476811e-02
-5.135333443838747264e-02
-8.060064845521651422e-02
-5.782963752818547770e-02
-1.438491802963219879e-01
7.154089484782768377e-03
3.036725116101391883e-02
-5.428929852039987569e-02
1.083370911158058891e-01
7.036921350095054484e-02
3.837711522556798340e-03
-3.869160389151653917e-02
-8.303876009373484246e-02
1.525060282795608901e-01
1.303983589031684244e-02
-9.437934802757104447e-02
5.796966677269234369e-03
6.476936288454272772e-02
-9.212479804117830462e-02
3.471646847309065032e-02
9.773223384982271042e-03
-2.130222089815615380e-02
4.715816248690696960e-02
1.706374739273370036e-02
2.080552272304591818e-02
1.838874856008008984e-02
6.160736007387981189e-02
5.689487801186355123e-03
-6.203925432401218715e-02
7.109927176417446537e-02
-4.473416590176804153e-03
3.222479878156261912e-02
1.276235966457320015e-01
-1.115630403949329913e-01
-4.731200997292312610e-02
6.825766087776596880e-02
3.636868823770440795e-02
6.394791954441619852e-02
-2.960513721581622612e-02
4.857534022947632840e-02
-1.366563733520358981e-01
6.205950348937422367e-02
4.828934550306002160e-02
1.090605535596936466e-02
4.779178987143609114e-02
-5.799918306422170711e-02
1.046700464185724988e-02
2.717207137909006046e-02
-5.731509766177089737e-02
9.185740352528999619e-02
-3.109223064334897674e-02
2.555781055475596364e-03
5.010530648269417853e-02
2.462743725829258726e-02
8.327775960738093008e-02
3.443515677840303102e-02
-2.566482772348531102e-02
-1.551231174757661951e-02
-5.753599165133921334e-02
-2.997997762869073109e-03
5.567399185273859408e-03
6.055849288304215178e-02
-1.378496560072389916e-02
-5.927943159737218692e-02
-7.188572428272262116e-02
-4.622478809264564392e-02
3.343549439981319260e-02
-3.648362038963715720e-02
8.579729663560428654e-02
-2.319987110026876936e-02
4.123811782082481558e-02
3.600575327873167808e-02
2.742231676470432630e-02
-4.736652441973656508e-02
-6.178861318923774965e-02
-1.264603249685085015e-02
5.681338666396517495e-02
1.094218725429289968e-01
-7.677965733467689846e-02
-4.118957259051061331e-03
2.638637737976556180e-02
3.112682571576718543e-02
2.821991621793060873e-02
8.774065586571655473e-02
-5.535508398783479944e-03
-8.321153758124580010e-03
6.302499952380269388e-02
-1.089279775910366281e-02
-4.780659748584578650e-02
6.676707166598504217e-02
5.776074419521918385e-02
-1.013846688072265155e-02
8.201370381070074989e-02
3.553303090690842353e-02
1.031254374464283391e-01
5.897223131179009543e-03
5.423986285447528199e-02
7.420435265396624347e-02
7.674453459671179423e-02
-3.213196262440604078e-02
2.049093511980731863e-02
-1.316291387912976382e-02
-5.318433388610809692e-02
-5.859880900007286703e-02
-6.328718334241542620e-02
-6.081421279870544150e-02
4.384927077962755271e-02
6.667931428971730912e-02
-2.943433847410611634e-02
-3.154948581882892344e-02
-6.250458937817893190e-02
-5.217794377179536813e-02
-1.720605219491155857e-02
-7.841812481597473794e-02
-3.753192693583123907e-02
3.131210228092018433e-02
-8.631849827954839183e-02
1.247295819746976481e-01
2.118029717772706294e-02
8.969819610740158503e-03
-1.640106542402876635e-02
1.448836026428134416e-01
-3.103319806029026032e-02
6.195680658231006444e-02
1.096197471230140885e-01
-3.789951194743595292e-02
1.143781031085133997e-03
5.865434579888341438e-02
3.400923174476989247e-02
7.439823676335292901e-02
-4.394576761651571711e-02
-4.345183968552667614e-02
-3.345716166633251609e-02
-1.577123063561794783e-02
-9.577690320761528264e-03
-6.204720228631227172e-03
-6.126612536052308822e-02
6.228165068461641307e-02
-2.486788785219264455e-02
-2.102552627700384966e-02
8.497588627457441923e-02
-2.281335608716924396e-02
7.735735217123530794e-02
-7.740942616489435157e-02
1.755741149094930051e-02
-1.460786002110439109e-02
-5.071360592097240438e-02
4.945297995034703131e-02
-7.716768938622374507e-02
4.756878521968019302e-02
-2.448229625380018287e-02
5.444647689518078426e-02
2.727034908719898343e-02
-1.263594089326650939e-02
1.377945809157819605e-02
4.726085939397112884e-02
-4.023885119139515576e-02
2.718839603194707702e-02
-2.801237876251803927e-02
2.466552811495896849e-02
1.529435949343223855e-01
1.391029935974979204e-01
-1.972469878752452013e-02
4.833132789313474009e-02
-1.294924231173455627e-03
5.163075459966676162e-02
3.305066132064438979e-03
-4.867177110817112740e-02
-5.114457675639771245e-02
-2.360818529627433174e-02
-1.221738009192220448e-01
-4.330518164258694014e-02
5.232661353963262776e-03
2.132764778169708719e-02
-1.489401964300410275e-02
2.007866343220005012e-03
2.892118372975214027e-02
-8.087793670010907238e-03
5.194623263851574219e-02
-5.191701315885650925e-02
-3.351236867417624766e-03
-7.018611355617848007e-04
5.997116815025295769e-03
3.189507377294751450e-02
-5.471383843197241692e-02
6.558800300145140039e-02
-4.709992140216859996e-02
2.621188497922720406e-02
-1.149189602940793109e-03
7.558066929574802639e-02
-4.493138089991950343e-03
-6.117117854117892772e-02
-4.304840639582986628e-02
4.560267041285814837e-02
8.338401825688662033e-03
8.945596464228076916e-02
-2.628341663992795826e-02
5.073009546931282233e-03
-2.367496796705305037e-02
-3.130121917901550199e-02
8.033081348617380699e-03
-3.589543820033425092e-02
4.788413134214245664e-02
3.120495319580411306e-02
3.110169564409638251e-02
-4.464637554640362577e-02
1.248143382531674214e-02
-9.912494110265486838e-03
4.215754205719014769e-02
-1.426965938464230810e-02
2.117759289179923024e-02
-5.834289120982949495e-02
6.114251970616327303e-02
7.747485669270914865e-02
7.208834785272974499e-02
1.328892700754727820e-03
1.321739534684652356e-02
-5.570192514762727087e-02
3.120663512973483392e-02
3.202999125746885944e-02
-4.521599050427521811e-03
4.136436180291910153e-03
1.555119410256333885e-02
1.691735318256742254e-02
