-2.237728210209792568e-01
1.672201944234050774e-01
-1.612175005397565863e-01
1.111633100998005164e-02
4.357184223739555412e-02
1.535981215348662492e-02
7.229474207540283193e-02
1.316324715451150651e-01
1.031069836076541069e-02
-3.613804070982155198e-02
3.045748325676043283e-02
2.828396279554152432e-02
4.847925167544140518e-02
-7.329596858333423115e-02
8.202562230325181891e-02
1.195046918297470138e-02
3.672588566892874551e-02
3.212033977993717249e-03
-5.498348498530836875e-02
-1.123172521214125391e-02
9.576003645578527734e-03
3.215947913328614377e-02
-1.175837076694528499e-01
1.273309845764436510e-01
-5.390291638772213428e-02
2.826856089400455602e-02
1.247202079038843975e-01
3.049085976053654903e-02
-7.048640790318755345e-02
4.648705515971124358e-02
-3.149582526015510392e-02
2.704103963231052621e-02
3.793330556246983509e-02
-2.516231636888395171e-02
5.360321390725767549e-02
-2.266981532327234580e-02
2.691068946340072210e-02
-1.176308738489925676e-01
-1.293685978352360766e-01
1.037414116008085196e-01
1.656009709041371056e-02
1.342963487601670641e-02
-1.349785260783537000e-01
-3.972520875286728037e-02
2.809008407062620755e-02
4.119456388056501328e-02
2.277900074107231873e-02
-2.171575499488067468e-02
-5.286546625390421694e-02
2.100284247897213612e-03
-4.702704788575811506e-02
3.681798835406632081e-02
1.001103018297697968e-02
1.355243845620015056e-02
-2.502764406279450737e-02
3.245122339291189872e-02
1.516408108406574855e-02
-9.525084753281233552e-02
7.921750233549836040e-02
-1.847144219874376492e-01
-1.723484101870489116e-01
3.534520295876569795e-02
1.007045956919704055e-01
-3.324255182622248839e-02
-5.839001513638592076e-04
1.050923538908545146e-01
-2.470399831446187522e-01
-6.397551987417098018e-02
-3.725641085639164185e-02
-6.757380198425005924e-02
-2.467528697462569032e-02
-6.820620611951877521e-02
-2.951632073455562680e-02
-6.087994348129535660e-02
-1.251465215615715221e-01
9.086881788082505282e-03
-5.528493690225030205e-02
-3.913362480207294158e-02
3.154148212194955725e-02
1.720364959539181712e-02
3.742428815287705129e-02
-5.008225002894772793e-02
1.263117148609210587e-02
-8.023968777848342060e-02
-1.201177149530594235e-01
6.095609542207951204e-02
1.090846022351254496e-01
3.269960907003712641e-02
-8.883329708527039695e-03
-4.419481313675633488e-02
-1.007785179588126766e-02
-7.677755298956301377e-02
-1.845072338242231477e-02
6.238761469811738430e-02
5.016852125916039518e-02
-1.667405058018170058e-02
1.398194226275795149e-02
3.828374170078103350e-02
4.563216386771910826e-02
-8.673613438089181060e-02
-1.639108780561934070e-02
-3.468724332985545500e-02
4.143073780502395942e-02
6.429573535490072655e-02
8.096048990987859267e-03
-6.130358153025221996e-02
6.490618577751094964e-02
7.695575539153312605e-02
-4.657336069259994382e-02
3.015445341672117092e-03
-6.253738018165953816e-02
4.455529995914399299e-02
1.459363101197281853e-01
-4.673502920472413086e-02
7.188400183263284060e-03
-6.613350122314879190e-03
4.657253742837524912e-02
-4.306985687638870131e-02
-1.723150336832728058e-02
1.047437357943728498e-01
1.025886701728574886e-02
4.254406545821779601e-02
4.045156791777913818e-02
7.834724344464527590e-02
2.026224770350828694e-02
-7.647870807599926879e-02
-1.504319845373992132e-02
-2.982377561980261837e-03
-1.092049017199588079e-01
-5.162154831306838693e-02
-7.533299869663416526e-02
-1.248204060205648086e-01
-3.936369285019874348e-03
6.606441563362659697e-02
-1.782445942616276563e-02
-4.860661751153669968e-02
1.542210581315510073e-02
-1.855088719642668986e-03
-3.336600715725047961e-02
-3.996182861211459297e-02
7.022306625931372566e-03
5.751203814342634169e-02
-2.793362956525841795e-02
1.643450470266911156e-01
-8.076633676355504318e-03
2.690485800847581058e-02
-5.936829315405399432e-02
1.608260384009148336e-02
-4.892131026142578637e-02
1.012608135837789539e-02
4.553954664244109184e-03
-5.776670121026486471e-02
2.548253184961368767e-02
3.266153309964505563e-02
-3.924126659945161716e-02
-2.071432267089309831e-02
-8.010463814295765150e-03
-8.224653153687790097e-02
-9.166343937103441086e-02
-6.398478159669877992e-04
-6.359513749968656593e-02
9.402041054365585515e-02
9.524343815479010059e-03
5.490452022508985480e-02
-2.230600114130987938e-02
-6.211281596044989500e-02
6.251837649913953576e-02
-8.861375995868545075e-03
-1.263279057240066783e-01
-2.652756287483399103e-02
-1.581277899044819177e-02
-3.667676423685536230e-03
-4.114286974778946782e-02
3.377925149537058802e-02
1.852368517433577305e-02
7.121345312161998786e-02
2.047403242531068562e-02
1.161356888062450854e-01
5.188828592186907514e-03
2.754868493486214986e-02
1.446965771053678775e-02
3.271916159537360119e-02
3.613810931517361102e-02
6.124241985889270629e-02
7.573464873025650967e-02
-2.520697845307356792e-03
1.064676167782049876e-01
7.916930707567775005e-02
6.597673799369674352e-02
2.650869640301809979e-02
2.640016273606267047e-02
7.521331665996934535e-02
-3.308054028733801305e-02
-7.465998019294722843e-02
-1.837731565572047615e-02
-2.386289669823335804e-02
-1.329426965587147680e-01
-3.598419320783195850e-03
2.060458841027666167e-03
4.528018410898661250e-02
-2.340485306521951706e-02
-7.137714549162987865e-02
-2.353410554849639721e-02
-3.376045362890674889e-02
7.467768037377814361e-02
-3.141473373402279418e-02
3.302212283006080579e-02
2.036690516807244250e-02
8.180433574018940862e-03
9.644530101481450790e-02
-6.569802875096196482e-02
6.140892504833696253e-02
4.619284110741140453e-02
3.877286355827705422e-02
9.180384022402068855e-02
1.187333961592373088e-01
-3.590389064324831653e-02
-3.806945288362851773e-03
9.654831195092927060e-03
7.138589267401725114e-02
-4.593196925621165563e-03
2.172638882444962935e-02
-3.620791526089241902e-02
1.244257537328523865e-02
8.297954542093938929e-03
1.404845515157798069e-02
6.534488270124448606e-02
-2.555779192082108589e-02
6.918259749000525705e-02
1.421403416876945887e-02
-1.744555206674758621e-02
-2.603850962269002936e-02
3.733112208478257116e-02
7.495409133721898758e-03
7.056986631396584657e-03
-7.806640743599670140e-02
1.572513565319436438e-02
-3.156106894996205808e-02
4.267311212543849208e-02
5.733435028159666186e-02
2.583787327059701780e-02
-2.892909322361696470e-02
6.297525384116837988e-02
-8.443006837949726395e-02
2.497169639819137726e-02
-1.774937086833551503e-02
-1.712729183855149495e-02
-1.980032786810317566e-02
1.561296590257987491e-02
7.282344922103620166e-02
