-2.109978258963916276e-01
2.148003154726564334e-01
-1.047154427149254163e-01
1.095241053311305501e-01
9.836805911879649422e-02
1.701149309054002523e-01
1.961967741620794792e-01
6.483478797478592348e-02
5.743458984005390087e-03
-6.065809696657183895e-04
5.014675217954136371e-02
1.384500450617437775e-02
1.428699480267424556e-02
-1.273326712754459591e-03
-2.115323057327694184e-02
3.583861001097932153e-02
-2.722438748316840032e-02
-7.442261728903296070e-02
-2.474331504061656750e-02
7.476301053408167252e-02
-6.111754332692034830e-02
-1.981746220920615944e-03
-1.054711936847523446e-03
2.426042373759701443e-01
-1.587780798894480525e-02
-1.457508885247680436e-02
1.404159566318609609e-01
-1.956900653363699907e-02
-1.143472226721431589e-01
-1.329675990798705881e-02
-2.858854782460566735e-02
-3.050705893676229283e-02
-1.983077849506698770e-02
2.085896135464254675e-03
1.275604970573757935e-01
-3.536581286662007079e-02
1.575813390694683069e-02
-8.598349929042616024e-02
-8.258042929368643315e-02
8.390995349262558856e-02
-3.023310912841812442e-02
-9.490192650404226382e-02
-4.084353260195715263e-02
-3.614188324673723446e-02
2.766872365386136706e-02
4.432046313762962042e-02
4.842243115316351848e-02
1.146290725568140968e-02
-7.286009258567918354e-03
1.811787635630555601e-02
1.298820845529467631e-02
1.699416811966098992e-02
4.045487644520039811e-02
1.232317037062591186e-01
-1.622703276036754905e-02
2.893577170333429607e-02
-1.874488023071120210e-02
-2.718419713853661643e-02
7.281855681320135998e-02
-1.143198656392736406e-01
-5.157014584435438975e-02
3.063887636752454444e-02
9.559696073004779471e-02
-1.150396005406065063e-02
-2.083857294805251809e-02
1.010439771119751723e-01
-1.364543960864140482e-01
1.280554075158200043e-02
-1.085329389863960992e-01
-5.328532486100913401e-02
6.258678503294851092e-02
-3.277465682774206163e-02
-6.891885145052249750e-02
-4.035748816803686606e-02
-4.405058411097347720e-02
6.880621499110381456e-03
-7.338739680687809963e-02
7.449944466885696781e-03
-6.329972379875138666e-02
1.024591602171123772e-02
9.017757736618912945e-02
-1.893030778641575929e-02
-1.264384792300762492e-02
-1.079228047072908481e-01
-7.312731525479314321e-02
2.863884612715771050e-02
1.062249092637352621e-01
7.867085746013659231e-02
-2.595461407985348579e-02
-3.867725577722933711e-02
1.816041257513043711e-02
-6.276572693647215762e-02
7.969452106207544628e-03
2.175315340001224805e-03
2.435769472105088485e-02
6.730623543351606231e-02
6.844443289311802348e-02
3.522633684658034448e-02
5.430567664055772903e-02
-6.148622505488585827e-02
5.059384820222621176e-02
5.764299316359087350e-02
3.070297393003600106e-02
6.099786924492237722e-02
-4.558557929070822939e-02
1.061904801101365425e-02
8.466084022331682446e-02
2.300626419692617178e-02
-7.178078346795400966e-02
-4.567634392309124353e-02
-3.357905018892590882e-02
3.199772399387744264e-03
1.096744482683883054e-01
-3.262389991268552225e-02
-3.657490402426348541e-02
-3.715278253321363262e-03
5.281646050573830797e-02
-6.442836527083144194e-02
-1.523114016909700441e-02
4.039229680128447741e-02
3.909406242430327888e-02
-1.557111943634694254e-02
8.070245350766057368e-02
1.299403174299754715e-01
1.990977925833460616e-02
-1.308187093226916356e-02
-2.426944845361046679e-03
-7.417316116711673846e-02
-5.106347151679480403e-03
-1.979973016015831866e-02
-1.029593143943411393e-01
-1.157193175880571051e-01
7.968675897834827382e-02
3.021144429028185113e-02
3.216307362634105577e-02
-1.148045301471979779e-01
-2.173514536576521758e-02
-6.209770476183716637e-02
-1.651081454143279179e-03
-3.089854394181072023e-02
-1.921067425064105008e-02
5.002656062529491077e-02
-6.729423007735138573e-02
9.061925717933989877e-02
-1.172961245254688575e-02
7.744665611283761686e-02
-5.881513680269296468e-02
4.756035688534934747e-02
-1.290268754169623770e-02
2.814990384864595602e-02
8.012005574107372574e-02
-1.011213909603474598e-01
1.038297717125806659e-02
5.710013027678773057e-02
3.964982761916847898e-02
2.567045281913935689e-02
-9.553710643997386648e-03
1.698326670429305477e-02
-1.380515914304158431e-01
-6.365577920385402655e-02
-6.135633952051793016e-03
9.283348643242666023e-03
4.298469477355884062e-03
-1.696781153313851528e-02
5.861539251478052603e-02
-9.116201657169335781e-02
2.855891391384283648e-02
-3.733200042193645513e-02
-2.295058418298995956e-02
3.646775277067867971e-02
1.132574261168488305e-02
3.335284582004129778e-02
-4.665754030250501838e-02
3.702024064130350622e-02
-3.614188324673723446e-02
3.140621871571737389e-02
-5.788617062222556342e-02
5.525986096860095037e-02
4.026648204860457103e-02
5.834475452882662005e-02
5.980630314742741566e-02
1.686400660009386432e-02
-3.047928792609398002e-02
8.432820906199527122e-02
1.558481520185665478e-02
2.448885668696507145e-02
1.049677621832832142e-01
9.442143627225564606e-02
-2.416422909641997244e-03
6.214079295106042511e-02
1.965211257674253850e-02
5.810678629082661334e-02
2.690193327606690832e-02
-5.985763639447641560e-02
-6.458008813408513960e-02
-2.316378274936282608e-02
-1.334148330951550332e-01
5.423661134446087703e-03
-1.597674868285376901e-02
3.768143218225859098e-02
-2.311300147271220032e-02
-6.038797645286640356e-03
-5.400951002367890968e-02
-1.460175592234836360e-02
7.805906726983620481e-02
-5.242487200624018628e-02
-1.203047081781189777e-02
6.338790106989200535e-02
3.724999831962767100e-02
4.380916605798361452e-02
-8.662809722128005097e-02
9.912601797021693140e-02
-4.045863674353933348e-02
-2.928992971019252559e-02
8.502351927319998226e-02
7.335872884431242358e-02
-7.722707538873353761e-02
-3.361113346833153465e-02
-3.230658592991891148e-02
8.633061967470509468e-02
5.644566587506286148e-02
6.215083191268088586e-02
-1.402908663403289180e-02
8.697511411110929458e-02
-5.723494904659115479e-02
7.436559184725070014e-03
6.149298669226596625e-02
-5.951924404212180497e-02
3.059406327080636118e-02
-2.944934566087359720e-02
1.755714342785497485e-03
1.992958119637635542e-04
-1.330448749356432855e-02
2.656212649956646646e-02
-6.081816838210097990e-03
-2.092844062853817244e-02
5.338937128110306934e-02
-8.266940002227471385e-02
1.217099213179354961e-01
4.472398799699263405e-02
1.094640095540073098e-02
4.276528654020423682e-03
4.390914169638953507e-02
-8.003939906661097781e-02
-2.035425342162716644e-02
-1.854061668516204797e-02
1.620585089632985403e-03
8.022199777402384477e-03
-3.538157852112370355e-02
4.477445879029417000e-03
