-2.591257280516399142e-01
2.636469200076104746e-01
-1.685707312708455419e-01
1.026883989749236281e-01
4.608318116746611820e-02
2.305116717488168154e-01
1.294169077552884961e-01
7.257352428970001434e-02
-2.027416392854511709e-02
-3.418818751602594602e-02
4.049183984843096606e-02
3.274614719668982044e-02
1.931903775264603822e-03
-2.280706819397384372e-02
-5.778053618418688142e-02
2.050011596318218957e-02
-1.669074925146526306e-02
-8.661263342461124337e-03
-1.013154766612688606e-01
3.009527043160413820e-02
-2.556498765360119829e-02
-2.930252993170345474e-02
-4.047709328597384054e-02
1.011524664249781741e-01
1.425003702473903906e-03
-7.796802502327815007e-03
1.174315263504346896e-01
-3.017216074314525709e-02
-1.202097787173558585e-01
-3.315582405064558796e-03
2.546783383035430143e-03
4.269514976849458215e-02
3.574323855047462778e-02
-1.444725928593024698e-02
5.327030873112562070e-02
1.179895015760180563e-02
-5.355399789500656788e-02
-9.418785581434807597e-02
-3.273806261068391843e-02
1.226133643044841764e-01
9.750475673558528511e-02
-1.012302935769577444e-01
-7.690974230576727577e-02
-9.099791412141818026e-02
3.768485770806392215e-02
4.799173332735744840e-02
6.615772868703287402e-02
-3.149435488194753108e-02
-3.856500195109280327e-02
5.739410685222233466e-02
-3.164435344548194307e-02
6.057575577238223305e-03
2.741368611881363909e-02
3.288306469187991105e-02
-8.109394928624715990e-03
4.474565060370844227e-02
8.329240151514843982e-02
-1.683061605914678432e-02
4.587350239822289566e-02
-8.092281976615654793e-02
-6.639339610399463965e-02
3.431080952008114249e-02
4.031946120775575099e-02
-1.950376880799121679e-02
-4.193315151409274244e-02
3.705373953269325976e-02
-1.071815551133286359e-01
-3.447621390415898934e-02
-7.474796564514170349e-02
-5.004570394197298266e-02
5.081335793679955803e-02
-7.181735526469298914e-02
-2.964003537410438149e-02
-1.427338864011231008e-02
-7.625811773413271322e-02
8.713334321942060867e-02
-6.816555123560612273e-02
-1.795843315586722472e-02
-2.787700576231929780e-02
2.046604272945774100e-02
7.303004316557840103e-02
-6.838449431585181572e-03
-3.744044644700993130e-02
-8.266686968461446627e-02
-8.385658764586079172e-03
4.286027657022029730e-02
6.215891201998448995e-02
1.797727405801832073e-03
2.271806835232088179e-02
-9.233350160871092727e-02
-3.510722798614760581e-02
-5.741013723305807281e-02
1.390652886397321245e-03
-9.586167739771611629e-03
8.730787312332484451e-02
3.082097479346446525e-02
3.171662895041883062e-02
-7.231599726250770299e-02
1.054906622153043740e-02
-8.075849101369321492e-02
-1.936782285103358717e-02
7.886062577435903886e-02
-4.817767880549320841e-02
1.118963260621186478e-01
-7.207599262129384468e-03
-5.364376108812789895e-02
2.742711416509811817e-02
2.183181729754505446e-02
9.357405183819177824e-03
4.766897444741364370e-02
2.357971867113883499e-02
2.076642153226074608e-02
4.946111550837877652e-02
-4.774229088617103212e-02
-9.357648068377294806e-03
-5.752581967830991405e-02
1.148304409197630632e-01
-5.464798464256067495e-02
4.290465504876771891e-02
7.231637893824188756e-02
6.862394379236140540e-02
6.179191345266931909e-03
4.511629243939536266e-02
1.118119410270698999e-01
4.028240396374585704e-03
-4.201063168813214121e-02
-1.817217156701040476e-02
8.907964657920216123e-04
-9.216015142980323038e-02
-6.155163122910332907e-02
-6.111103864067863461e-02
-1.107309659522720813e-01
5.331881624716103274e-02
4.743552768926894564e-02
-3.282293341484888993e-02
-8.295392453451504167e-02
-3.340460723374568102e-03
-5.081769516105165418e-03
-3.078575653253746297e-02
-4.344045838397436743e-02
5.557906524720614139e-02
2.078099460574777888e-02
-1.398429702970295507e-01
2.112833687275245675e-01
3.721810298295059882e-02
4.022296664259517041e-02
-1.519478856022710503e-02
4.883884527048237834e-02
-4.845914731055708802e-02
6.044834547275273334e-02
4.101265373662238423e-02
-8.170671232858296718e-02
-1.197861533502053710e-02
1.735052780469376402e-02
-8.377882988946924736e-02
6.925693564860897766e-02
-3.004443816336960227e-02
-2.328499560876055863e-02
-5.077126951265723692e-02
-1.591067344638069300e-02
4.505994322191216560e-03
1.915366806636220956e-02
-1.734535783338526926e-02
3.503457080547652674e-02
-2.660092499176528597e-02
-3.401573947976269802e-02
1.980855423063434748e-02
-1.640730297214243461e-02
1.824770866458487115e-02
5.742346118596050250e-03
-2.384900825050283169e-02
3.989038828694461275e-02
-1.764514677368999099e-02
5.406742115307241331e-02
-6.514902911717193601e-02
4.877881808683340314e-02
-5.413081402274101672e-02
3.159966268678836981e-02
-1.879579501887345143e-04
3.625718227545073058e-02
2.671664213481114714e-02
2.454889745361469103e-02
2.501225179491436967e-02
2.472710532368472061e-02
2.442516512015096165e-03
3.934660445911411508e-03
1.194923671282655392e-01
1.400959519132056741e-01
1.432043884879902543e-02
1.618482071690703281e-02
-1.046804687250132808e-02
1.189851547753286859e-01
1.304054132090316960e-02
-7.669426900492326560e-02
-8.507135741438720533e-02
1.609443296349339844e-02
-1.215363100804102287e-01
-6.002336689163558295e-03
1.345042636162303677e-02
7.633160766186020130e-02
1.225768969229725641e-02
-3.125372568044137295e-02
-4.651097026989862993e-02
-4.240431285904618791e-02
7.696099094753001968e-02
-6.524052719999409722e-03
1.796627485731500801e-02
2.079490842114849886e-02
-4.482608009023926585e-04
4.244567262951415287e-02
-6.762582704967558256e-02
7.968424731093463886e-02
-1.827328093877521320e-02
4.456414644320682433e-02
1.030243777143878131e-01
8.021994655275924146e-02
-1.015023589798430825e-01
-5.888638957729471629e-02
-1.009757852578448828e-02
6.679630688811713513e-02
3.720748545798147761e-02
6.466492549505023502e-02
2.380008436093921168e-02
1.095465220557163000e-01
-3.327848075249480175e-02
1.228787677309182980e-03
3.981651668348296091e-02
-9.858059653686862198e-03
2.105392745348353550e-02
-1.296944554096284702e-02
2.024866104994280450e-02
2.019550402950914120e-03
-6.897949208765104256e-02
-4.944244809519775935e-02
-1.241764652271447377e-03
-1.601029081300278309e-02
6.302441379393830534e-02
-8.182898735469799900e-02
3.558421856049586579e-02
1.008288747979779604e-01
4.390596398850309112e-02
-4.364493248411508569e-02
-8.897832902067324967e-03
-6.255009494972932349e-02
7.831340686492087311e-02
1.696340451684888451e-02
-3.010023221614853417e-02
1.858066869596959993e-03
-1.168611293145933525e-02
2.056916457327552517e-02
