1.321048718323131754e-01
1.375360944574464672e-01
-2.085488702683263307e-01
1.379047391481309226e-01
-3.164076144538707780e-02
-4.543586721259602890e-02
-6.539684680073201695e-02
1.056548239929173127e-01
2.777027604861036572e-02
1.513099945557918602e-01
-7.124099556050733639e-02
-1.797191456453918201e-01
9.697255526510149826e-02
9.327956298645032063e-02
-2.967831871977139047e-02
-5.719519537415097138e-02
-3.650771291022549686e-02
3.720569666600007791e-02
-3.625234322550188043e-02
2.746190888910495995e-02
-5.683145971232154980e-02
-9.945231612672522648e-02
-1.314236188483506040e-01
6.207306692358526695e-02
3.594417643452117034e-02
7.712875786915789067e-02
-6.954150312879954499e-02
-3.325816957147819004e-03
-2.370871254773380121e-01
-2.200409068179383087e-01
1.610037903857756275e-02
9.576860758971823817e-02
-1.039268124411946159e-02
5.391442794030538305e-02
-4.092967927647072485e-02
-5.684104400675278612e-02
2.907477532863632363e-02
1.973696757752712791e-02
-8.319040666248947447e-02
1.365681475093996344e-01
4.703914935769615974e-02
-2.852382867523366172e-02
2.797665562904607869e-02
9.791221685641220140e-02
-2.224624940178922695e-03
4.712994969413704383e-02
4.856338611980415276e-02
-2.833962321153083927e-02
7.316156126446178055e-03
5.201266348291813321e-03
-3.252635692978429055e-02
5.515991868980870544e-02
1.553365002437976650e-01
-3.704176181804555434e-02
-2.904168112730755313e-02
5.335145917542102878e-02
-7.269610518159559664e-02
-1.251057655014425028e-02
-9.976595965738092875e-02
5.798461396669465223e-02
-4.534206134828471652e-02
5.004404272779101881e-03
-7.790862556202444306e-03
4.999695612448772433e-03
-1.243990323200895726e-01
-9.789314845181207314e-02
-1.473219596245275119e-02
9.709264280090194876e-02
1.301050603768418856e-01
-1.083078702336479765e-02
3.406107964468466087e-02
-7.797942244074995873e-03
2.672782540413118010e-02
-1.188594103230963539e-01
2.849020015783903376e-02
5.466554274987822648e-02
6.832286176160534685e-02
6.827423899961271303e-02
1.143653446827151005e-01
2.074849467969507033e-02
7.043751777648089851e-02
5.045710244144949869e-02
-5.865538099786484633e-02
-4.463549514070237062e-02
6.023308276131226352e-02
1.040133716438628037e-01
2.883393236195308518e-02
5.833656128032119192e-02
-5.387749334225329367e-02
1.592829587061878396e-02
3.914482985324292674e-02
6.445932247368471590e-02
-3.193289875439219577e-02
8.043099812989994157e-02
-1.495988139601435625e-02
-4.899461257970164074e-02
7.501056201034606019e-02
1.100941556313027488e-02
6.961480461408375842e-02
-4.200605899113157155e-02
6.870022248311401236e-02
8.411667695739974415e-02
-1.266955895606339533e-01
4.007166785897317562e-02
-7.602048616431644583e-03
-3.953708463508725374e-02
8.938733760474422418e-02
-1.022096541845595591e-02
-2.118296043074177973e-02
-4.448849143308456627e-03
9.040611136855529473e-02
2.549305437069903854e-02
-3.138422294426940901e-02
6.238674384899509442e-03
5.359320380046538740e-02
9.365825949812363327e-02
-6.110625539717839949e-02
-8.047741683812092983e-02
5.304613093854016609e-02
1.203544934648612535e-01
-1.678343533926238140e-02
-1.093374305030384575e-01
-7.297384935157680275e-02
-5.830456910587824247e-03
-3.623223958352415897e-02
1.105182690085735643e-02
1.300739030712518354e-02
8.331456835829207166e-03
-7.927460458437761426e-02
-2.239886342809848611e-03
2.404422296338454246e-06
-1.000645421539303886e-01
-2.965454165484093731e-04
1.470240116283062226e-01
-4.684379004611865377e-02
-6.789019932728088645e-03
1.072178654593078893e-02
3.989060150215723716e-02
-5.169785113586837511e-02
-7.620649494474151901e-03
-6.056339027427175975e-03
-2.175187346185875406e-02
-2.443771335113115173e-02
2.956771529413982150e-02
1.270082646434203023e-02
-6.327257309667111418e-02
4.606175169423457061e-02
7.221735798659131844e-02
5.187474314841982598e-02
-5.589113022592852309e-02
-1.760407802690433857e-02
-4.560467769465145760e-02
-2.486122562282788023e-02
-7.206888490979242341e-03
2.640246031478082553e-02
-1.174880881400846601e-02
6.544713930043043193e-02
6.753491253824275842e-02
-9.173849526826795275e-02
-2.436143973273063867e-02
-5.326797229013149676e-04
5.274220528133215929e-02
-6.443210574908032895e-02
-1.586237462599417170e-02
-4.342690559449701587e-02
-4.289112015946293377e-02
7.327376763829092365e-02
8.256662605036023395e-02
-2.271537890760815664e-02
-4.819998440551589297e-02
-7.667405489711698330e-02
6.078796999570059562e-02
7.925296478371056386e-02
9.645507015532288342e-03
6.078402941471493237e-02
1.017204210367629309e-04
3.368124771137141066e-02
2.836219806531312809e-02
3.142646730822590967e-02
4.003967568453022097e-02
3.498334256910103513e-03
3.662803420930476478e-02
3.962531357546122956e-02
1.775118191878449075e-02
9.225758332624413305e-02
-1.311261717734410644e-02
-2.268702676136383212e-02
1.484345392526499052e-01
-2.843603386666319205e-02
-3.358009500115461971e-03
-1.850460096639132065e-02
6.930486790113489504e-02
2.195337740819356277e-03
-3.114969158611406372e-02
8.699333447168990487e-04
1.533106408801160336e-02
-4.929833786838494492e-02
2.784882051029075392e-02
1.306716691699248527e-02
-1.326172475447120504e-02
1.950337127248702451e-02
-4.987800401032720099e-02
-5.089310435118554049e-02
1.484289957234666626e-02
-1.300588754318997113e-02
-1.541972716018908535e-02
5.024083801379550240e-02
8.042762525973425058e-02
-2.415168728212922430e-02
1.267918666367498504e-02
-8.164967289184826837e-02
-2.704641135839602837e-03
-2.221285464767341553e-02
-1.777883277519238039e-02
3.888197974359737519e-02
-7.254372491856514449e-02
-3.101076940899228501e-02
6.775795610098226535e-03
-1.256096923410501137e-02
2.893288101839823837e-03
2.108127340445913392e-02
-1.664381187230416781e-02
-7.053376145784266693e-02
-5.079061585080411195e-02
-2.681795784548975797e-02
-7.267399785437093744e-03
-3.928759242708802259e-03
-3.650898191088190053e-02
3.640375504066297591e-02
-1.320228209214506163e-02
1.413459683755029749e-02
-2.469188082470659407e-02
-2.747787158157231555e-02
-1.031419021404565844e-01
4.287121688600990799e-02
-2.620629952910454724e-02
7.498007259983831274e-02
-2.039681452410145243e-02
1.543752656413281341e-02
3.556661534448780221e-02
-2.448750492951782751e-02
1.551196347105695747e-02
3.773580499283447909e-02
4.468538690335138730e-02
6.124865062872821703e-03
-2.575947771903498718e-02
-4.979354867716831445e-02
3.388832858164356025e-03
-7.606166189614123330e-02
-3.787619653913734674e-02
