1.292424166135374142e-01
1.040967904399807686e-01
-2.345800676565452103e-01
2.093764726036525248e-01
-1.133803676669230265e-01
1.657777355405163910e-01
-9.260206787475858126e-02
2.595355559058796224e-01
4.702471416115810293e-02
1.706734768332647534e-01
3.563580521230143294e-02
-1.798061716813154631e-01
-4.261956920947231053e-02
1.230177346796947901e-01
-8.759185845689876349e-02
-6.959750184790147731e-02
-9.131924106894459547e-02
-3.091687716615890147e-02
-6.157313931423237519e-02
-8.889333327967098575e-02
-5.914305123394184016e-02
-4.115013159998162640e-02
-7.283977475084445208e-02
2.548429506297341871e-02
-5.397007173461113028e-02
8.863262028601484599e-02
-5.515606601804123182e-02
1.669226127427723624e-02
-1.243219854769704313e-01
-2.247023992273483040e-01
-1.186209829685663797e-02
1.111855515904279224e-01
-2.299133932481140299e-02
7.489905795452571693e-03
-2.576264365935714007e-02
-1.173486722073418115e-01
-6.557243679351871558e-03
5.580590532002917270e-02
-3.377221188184922201e-02
3.418341535211408266e-02
-4.866067758233019042e-02
-4.610214352884041411e-02
-3.104770721157872754e-02
1.089083380589666791e-02
-4.790071373886554962e-02
3.492244508197060726e-02
-4.102857657525556256e-02
-6.086738861989327010e-02
-2.659713425360761552e-02
-6.981177442104163910e-02
-2.992846695032488902e-02
1.728844262204032355e-03
7.995890832821134220e-02
2.614278887370730803e-02
2.733116722935799436e-02
5.112198721115326222e-02
-1.046209270847493072e-01
-4.521262332237516168e-02
-8.168569510343047513e-02
-4.499459501902448866e-02
5.536958744513929484e-03
1.000141484085447924e-01
-3.134098075323375060e-02
1.897114039044051070e-02
-3.568511958289152797e-02
-3.435957542824851635e-02
-1.096833901403204831e-01
1.246832540646973658e-01
1.056707353248941827e-01
2.581933885627396910e-02
-5.609264715697028642e-03
-5.761949845089633232e-02
1.529627268429458982e-03
-5.434522019485515248e-02
-1.820082379500430336e-02
5.367656958329111716e-02
8.162658317576949873e-02
1.913044866841302760e-02
9.470867327909220090e-02
2.968894933846542503e-02
3.333644920186001892e-02
1.418702593125305104e-02
-5.130627925965652175e-02
4.548917569996254601e-02
6.793583616868012487e-02
2.978045852150745104e-02
6.282422203513669812e-02
3.519504577820608410e-02
2.011556037336651240e-02
1.673455406229987273e-03
9.445034435765664593e-02
9.958472148212810238e-02
-4.611040613530351800e-02
6.469689443514126115e-02
1.051953905143386027e-02
-4.636857176412122195e-02
9.895558768408327377e-02
7.234460621648214351e-02
4.990339972120069051e-02
-6.235165319908455607e-03
3.598871321799455153e-02
5.134125653839956976e-02
-1.239440937007465632e-01
2.744096518559899570e-02
-9.136058675978372956e-03
1.085451752768726991e-02
9.289312063681087750e-02
1.088008915164227070e-02
8.098464723648540059e-03
3.120753802592835663e-02
6.823410646444129368e-02
5.816110740577461191e-02
-5.170415805230498679e-02
-5.084834144216356100e-02
2.215325629296827081e-03
8.750691363709421633e-02
-4.031505315230689973e-02
-4.293325432835833760e-02
4.238299086473411303e-02
1.424655588801572170e-01
3.318514226216204982e-02
-8.325650477008120220e-02
-3.377864561099243323e-02
-3.596405603269950402e-02
-9.268551040247891004e-02
4.930705508081975608e-02
-4.660087184227180990e-02
1.235530731980477061e-02
-5.828142140660502908e-03
4.470132147736946560e-02
-1.463559075248153755e-03
-5.645731223114846403e-02
2.952118250288838022e-02
8.386326747948084914e-02
-1.622321955877061017e-02
-4.999820741512325112e-02
2.567861327821254966e-02
1.636675376985901112e-02
-4.466957739245980968e-02
2.021621394300802260e-02
-1.707240648862740420e-02
2.224025859975769029e-02
-1.881232199032153302e-02
2.459784475772370735e-02
-3.208082694617952341e-02
-3.498132839996660054e-02
6.606927091258307794e-02
2.080916209693772431e-02
4.547274846260703461e-03
-8.505383395621068932e-02
1.508745408459055345e-02
-7.230466484215652447e-03
-1.111281379059925536e-02
-1.738857365530472460e-02
6.288673044924891764e-02
1.268009633670446647e-02
6.906239193921355490e-02
4.767906033939865729e-02
-6.373180240513594275e-02
-6.720386067991464263e-02
6.696254684925884160e-02
1.897679031501805016e-02
-2.946625086624430831e-02
-8.455650995929280336e-03
-4.259491202417726302e-02
-1.778978361735729027e-02
5.026884859994454335e-02
4.226695513049131409e-02
4.103118925714113220e-03
-7.931184500072681332e-02
-3.823774244361521218e-02
4.440115698724125121e-02
8.085695240932826156e-03
-3.487006081016497117e-02
5.045768018322397547e-02
2.831474398370370515e-02
4.097037908625453251e-02
5.204393733152313378e-02
-2.291978449967040435e-02
-7.849280188812474482e-03
3.104006511706344090e-02
4.156737689710686412e-02
6.601865020105018855e-02
4.978024442881972406e-02
4.399756295296810421e-02
-1.128701435531951312e-02
3.464546814357681321e-03
6.324519040394886715e-02
-1.071862541111415733e-02
2.737741169873254832e-02
-2.004753266877102799e-02
9.785927370637530209e-02
-1.896594768519294441e-02
-2.327752596685182807e-02
-2.048153178848747397e-02
-4.382773863040617668e-03
-7.881801546583085127e-02
1.310704121532987529e-02
6.335900535858893234e-02
1.542550246205950590e-02
-5.191872455215727072e-02
-4.165202779019927526e-02
-6.791826588299967882e-02
1.082358990586685873e-02
-1.582318530356655040e-02
-3.241139652175103331e-02
6.740151006455787075e-02
6.915997560763952057e-02
-4.841809006925518188e-02
-2.614847145680842047e-02
-5.068321994699565708e-02
5.341510544359288210e-02
-2.691944122271601805e-02
-3.072546555951746229e-03
5.088593140279217691e-02
-1.112054406312817934e-01
-5.317483668569131239e-02
-5.341912244199193555e-02
2.355162895517149899e-02
-6.164913569857883441e-02
1.277415288458491963e-02
-1.243283865475900557e-02
-3.919685796380728560e-02
-1.071398790076727274e-02
-3.420947685392262180e-03
-4.887674637426667494e-04
-1.570447157039104799e-02
-8.873846656090392249e-02
4.971473143053910249e-02
1.241343949175866337e-02
1.732034999956782659e-02
1.067280550254600356e-02
3.805175215188633022e-03
-6.696878462726063574e-02
3.591389254049659474e-02
-3.970162810409906540e-02
9.877759873062894047e-02
9.474303004588742472e-03
-2.398539946522295317e-03
7.107801069688226073e-03
-5.923446244141315764e-02
5.072133244400137825e-02
1.922234975373789123e-02
5.527651065296592531e-03
-1.339567724663801897e-02
-3.950388074388511833e-02
-2.173114487583116192e-02
-3.375160435347680093e-03
-4.199200302055883238e-02
4.517620906859504820e-02
