2.072156410916036196e-01
1.770198942315431845e-01
-1.230884927096976833e-01
1.440558124276013208e-01
-1.005710410013015560e-01
9.792770904821331696e-03
7.384938078639589898e-02
5.086408301457284037e-02
1.973169498109068193e-03
9.994511089528798631e-02
-3.632045278016367978e-02
-1.034394664635702871e-01
6.978915620203644810e-02
9.713840735444941032e-02
-2.769070454971521086e-02
-1.066265004164724528e-01
4.761020906767821775e-02
5.214088959352617542e-02
1.194968259736910697e-02
7.803887907110385047e-02
-1.377578377198259221e-02
-8.218916139584765690e-02
-1.008422988471036202e-01
1.337491328062923208e-02
-3.029339697298754838e-02
1.128124537347219430e-01
-4.501666816488151916e-03
-3.426149625122554276e-02
-2.077191441903652736e-01
-2.233886487049202563e-01
-4.589212972919757411e-02
1.500600911171491580e-01
-7.402732701786669985e-03
5.635821527938413011e-02
4.865897331418669175e-02
-1.602354972614131456e-01
3.487915609429075633e-03
2.179882008941632851e-02
-1.231909897390248698e-02
9.673014785767497514e-02
-2.915349036144574552e-02
-1.818830800013394172e-02
-8.517072676681154697e-02
7.036671882761025287e-02
-7.662198643983264557e-02
-2.666024334415801819e-02
2.337298329478744441e-02
-9.518181227675734379e-02
-1.053397627430770200e-02
-1.542719258907217401e-02
-5.292239554762565024e-02
2.747140700350262504e-02
1.301950550932763906e-01
5.275034696268359607e-02
3.030661583589680866e-02
4.835805776313949894e-02
-7.128017614916035735e-05
2.247745617446554253e-02
-1.061480453681978298e-01
-4.695943427829929462e-02
-6.397272094388119223e-02
4.663899548357073460e-02
2.028620933287397440e-02
-1.845936247881432152e-02
-7.854211101370328629e-02
-8.637547359564927418e-02
-8.123509843900193761e-02
6.458370356645122545e-02
7.316918555341381247e-02
-1.266614496705096606e-02
1.403565305897052154e-02
-6.074477630500088599e-02
-8.899074088594555176e-03
-1.452679821563803986e-01
-2.819613963613284285e-02
-4.586301433627692006e-03
6.925643602679329436e-02
7.594467224107435965e-02
5.635279215613930859e-02
5.228056891160068331e-02
-2.927927292620539218e-02
2.553392843524855682e-02
-3.447370984269957500e-02
-4.802145128223730269e-02
2.302820823449773860e-02
3.185468026065220448e-02
7.427374018030341585e-02
6.200161901150921806e-02
-1.717028608351956918e-03
8.423974597827660338e-02
9.764587611208386253e-02
1.149579090794150132e-01
-1.423637640806958227e-03
5.126319099087163489e-02
-3.768833393510978569e-02
6.773579226894455019e-02
1.015664552728890724e-01
6.375789747434558452e-02
6.368051628454600432e-02
-1.110546500184729640e-01
3.377687240025992188e-02
8.817215432665959085e-02
-1.278232182476321532e-01
-9.540934619139799372e-03
-8.842232978084740153e-03
5.484824829542362529e-02
4.705033938169065483e-02
-6.331421820387839183e-02
-6.679067746545278017e-02
3.376944950031857129e-02
8.075305057157761146e-02
4.087946912496584484e-02
-6.739244077850660430e-02
-4.273997323766368789e-02
6.724425393584178290e-02
5.020076725269025791e-02
-3.383384908885086334e-02
7.634774587624593503e-03
-2.691367267229272109e-02
3.354123769527230653e-02
-1.894486758730722434e-02
-7.739129036663125460e-02
-1.019547170026982169e-01
-5.341945868753408128e-02
-8.049433369827921347e-02
5.024801621396079304e-02
-2.492399654280721619e-02
1.049330284997151974e-02
-2.606820775842459692e-02
6.038237609416550328e-02
-5.656141292846364466e-02
-8.450039483923098282e-02
-6.164128636641091896e-02
1.206095152854478880e-01
-5.479310191092781612e-02
-1.237082201184999891e-03
-3.211024494356455594e-02
-1.776306734869915332e-02
-3.597225437332566981e-04
2.309142151482022204e-02
2.275203568325505528e-03
6.537985195331172394e-02
-2.309687853258532431e-02
-5.612763085791825680e-03
-5.108399066215046913e-02
-1.568746861030346704e-02
1.109411711645750219e-02
4.460793414482316227e-02
1.662363526044127390e-02
-2.951483984215244952e-02
6.823644822800267610e-04
-9.343146535497000305e-02
-1.130962864475479335e-01
3.039802935709237999e-02
2.550284716015165792e-02
6.834762225452157246e-03
6.276888926709102423e-02
2.278731987886669502e-02
-6.312942527931100778e-02
-9.012993571256148681e-03
1.065904705414146524e-02
5.442077060565034263e-02
-5.897802443539794381e-02
-4.624619188804404701e-02
-7.119920214021106808e-02
-1.437947907269238740e-02
3.786692416246591197e-02
1.007295656726518301e-01
2.119515868322681754e-02
-2.658889537896830246e-02
-9.229193158315127099e-02
4.844757319119937650e-02
1.086929476343925088e-02
2.077862892350402363e-02
4.977647564782330947e-02
-8.141023142528949416e-03
-1.837035546855864121e-02
5.137426333382970160e-03
7.799132505915079561e-02
2.731017077052994013e-02
-8.884431655833529553e-04
5.230202414293802504e-02
2.145319766611961977e-03
-4.003576672615229148e-02
6.616728944846021754e-02
-7.563629989556553551e-03
-2.237082401366418186e-02
1.110366859227244762e-01
-6.482547317960954403e-02
6.149926832643707458e-02
-1.102914132108044967e-02
8.384334956360021962e-02
6.346138821093481874e-02
5.025981150701828298e-03
-3.157125428206956907e-02
-2.887887695813595029e-02
-7.456506358211131835e-02
2.604505780107325280e-02
6.190857855334019888e-02
-2.103419360641637509e-02
3.532358104420411926e-02
-2.102816038180650715e-02
-6.197579138705573698e-02
3.053604784367315930e-02
-2.783906086498143598e-02
-3.318459955288454583e-02
4.006247560813305103e-02
7.387161559169969083e-02
-5.215417624547600238e-03
-5.332224920337061413e-02
-7.228592824943332051e-02
-1.207726157170359998e-02
-7.204212496505817999e-03
-1.133527662825078476e-02
8.037573677181895915e-02
-2.087973627749972055e-02
-7.530942114198374560e-02
3.851366550393149624e-03
-7.014901432385083069e-02
-3.245725704219275254e-02
-9.952481884381409252e-03
-4.124847876725586115e-02
-7.168233463228436408e-02
-5.724540434771711872e-02
-4.819478785895000422e-02
-3.184264770595275629e-02
-8.870195957315865241e-04
-5.378606181888421350e-02
4.742592456091503095e-02
2.686855906579983799e-02
1.135733179259707931e-01
3.103900863011034225e-02
-6.667265674583729151e-02
-2.791949256160624129e-02
4.696268815224618337e-02
-3.031481830980460590e-02
5.548627874517721159e-02
-5.037318867735539329e-02
6.347169214509998381e-02
1.635214015299725140e-02
-1.027800485715199205e-02
-4.474846082590467483e-02
6.425773996491700168e-02
-2.313534881310329652e-02
-2.049845681886828738e-02
1.689574046925033631e-03
-9.234860322105968577e-02
1.264136807272617583e-02
3.645220078049263030e-03
1.835964480015011419e-02
