1.914941058638391369e-01
2.599714611265437347e-01
-1.619908195545980978e-01
1.738611435348271783e-01
-8.400680783791632245e-02
-4.208430565643834359e-02
3.715089800820570165e-02
2.648384166591370437e-01
-1.196409960425223323e-01
1.349693163396402662e-01
-1.980001812925436281e-04
-1.328865688357701302e-01
1.447192430750685321e-01
2.978598226279882341e-02
-6.255759543933439581e-02
-1.425869309465597860e-02
4.995939799421674626e-02
1.399974618436968521e-01
-6.467424708383681664e-02
-6.480343800447468938e-02
1.563608271198318467e-01
2.973260745854628198e-02
-5.988485130914701637e-02
6.582472758929233669e-02
-5.740823456010296644e-02
-7.079352470241354056e-02
7.824733387559248965e-02
-1.297863742163540002e-01
-1.417658049501035744e-01
2.012772586570870520e-02
1.340254573540952121e-01
3.724560357437187857e-02
8.901871164412714782e-03
-2.266892193024281840e-02
-5.476229084584396771e-03
-1.005277143541893382e-02
1.366947142012461293e-02
-3.721647830308586619e-02
-2.038084449277201976e-02
8.646660167527521479e-02
-7.318996623127667356e-02
-6.751195907544356445e-02
1.968274209232440120e-02
4.215789378643927665e-02
1.085607354079986923e-02
6.049590079231401824e-02
-9.389025230812031442e-02
1.364092736267800456e-02
-1.064988793126896011e-01
-7.825220961391200769e-02
2.408388702228791631e-03
6.484648011824882541e-02
8.957167203301083513e-02
6.283309079921501651e-03
2.908510295178513144e-02
6.053313076769405165e-02
9.542594843047407654e-03
2.709312167583628403e-02
-7.106840655879700930e-02
-1.072437048478942917e-01
-9.205771736211643130e-02
-2.634642334048239564e-03
-1.176147554397059987e-02
-1.513190553802068739e-01
-1.151011993222016416e-01
6.466068542758390478e-03
-7.768798013447529571e-02
2.034629455898483152e-02
9.962583192371281260e-02
-9.141612186272261853e-02
3.648815278298889186e-02
8.616501627193660917e-02
-2.366605885106718571e-02
-4.499424961242073223e-02
-9.364259063321589069e-03
1.239389755159904655e-01
3.921675802107518066e-02
4.972355433404702235e-02
-4.715646196400139628e-03
-1.663153088370748767e-02
1.138923391155430842e-01
-2.632159259367646345e-02
-2.735560430364566281e-02
-1.164716692658740865e-01
-2.978523960067068488e-02
-1.357802710939068000e-02
5.765931893872834439e-03
-6.732051369467326185e-02
-9.951220461810805079e-03
5.505267173794504976e-02
-7.103117658341699669e-02
-1.835789743504568847e-02
-1.047537524702015360e-01
4.259554780751545477e-02
1.248370477668530737e-01
-2.690358138487294187e-02
-5.677070755758502861e-03
-7.476266630140625258e-02
7.569222096857027016e-02
-2.230417795635492029e-02
1.544407872013389173e-02
-8.750820145481449236e-03
2.275807367527685286e-03
1.296007409739778071e-01
5.747417004121833234e-02
3.763885931604864232e-02
-4.565957801025714163e-02
5.675876038421937345e-04
-7.492908719742416568e-02
-5.137487972078576270e-02
6.468829308495589736e-02
-9.565681948335107848e-03
2.458563601398798884e-02
-2.601961971444491026e-02
-2.374122917429762405e-02
4.257601256457971273e-02
-2.267822135167338674e-02
-1.887172275874240274e-02
-2.472286705940437979e-02
9.113013236407487005e-03
6.078799303627559214e-02
3.742096870558515864e-02
6.140039868506788970e-03
5.560750492697795477e-02
-5.312323552904833074e-02
-1.990973838627198289e-02
-9.144644185134521985e-02
8.516416604047155614e-02
-3.437960584258047819e-02
-2.936511886375006014e-02
3.131347681208536404e-02
-1.076278871957446828e-02
4.313736826447710920e-03
-5.059401892753763452e-02
1.160623978539557927e-01
-4.857158850433521829e-02
-2.453826708607602380e-02
-4.740189565252139053e-02
4.858753959526126293e-02
2.823749943597800988e-02
-8.411271791532003161e-02
3.364298188044303334e-02
1.388774950648103725e-02
4.390034058733450345e-02
-3.348495629543884328e-02
1.324405517933379892e-02
3.078114951450074480e-02
3.356477632938456926e-03
-5.611626077440869803e-02
-4.215072548241987488e-02
3.857403238366029913e-02
-2.274325272237188306e-02
5.975278660896982813e-02
6.957620460542578156e-02
4.323791825869514882e-02
3.264477940091308622e-02
3.303112515583240399e-02
2.293137226839444404e-02
-4.089543274792396821e-02
-2.755631681618878753e-02
6.030732919108303114e-02
6.007038768254997947e-03
-4.532318435586938504e-02
-4.547584985768790555e-02
-1.358461419957066561e-02
-7.448507211377221326e-02
8.339901961018157672e-03
-3.236989754452961748e-02
-6.454253756989482282e-02
-2.024080424713181267e-02
-1.003933893779700021e-01
-1.608334936417005895e-02
5.990958518697971080e-02
-1.986317669980364881e-02
-2.043160383474721190e-03
2.684258622139257602e-02
-1.539409432994458087e-02
4.061073483558600566e-02
1.899988041033243884e-03
2.197550153016823021e-02
4.168472114184355870e-02
6.070339413298360409e-02
-6.696093606602457338e-02
4.379795008262500622e-02
1.569884411974220573e-02
-3.195878562211985213e-02
7.595350887904309123e-02
5.518609260374753023e-02
-7.634211491000455693e-03
-2.933244173011208614e-02
4.550843012235264440e-02
2.356948048475179455e-02
4.802117899841338439e-03
-2.335120239839537024e-02
-9.782797607012711557e-04
-1.768846825067565964e-02
-2.413542131604898971e-02
8.265522734402472316e-02
-7.023946646516651682e-02
1.907824740967963353e-02
-5.701988684640345306e-02
-4.200367838104899706e-03
-5.551451071267225756e-02
-2.537450464235689509e-03
4.571443813876596013e-02
-4.035868176722828132e-02
5.817453271770809536e-02
4.046827286561492654e-02
-4.126162975641039371e-02
1.093017830532472083e-02
-4.234691744287869680e-02
-3.936490297080939144e-02
1.189783476862787612e-02
-9.168935694656110691e-02
1.975687914650699553e-02
-2.007315634411959565e-02
2.902003929142888891e-02
-1.829254316776974046e-02
-4.848359918698001009e-02
1.739066073729322176e-02
2.980267601585300311e-02
5.290521575995387610e-02
-7.437054069775056453e-02
-1.183067228051820630e-02
-4.041761039261296262e-02
2.476732991811929352e-02
5.239093838104873224e-02
-1.256991170493299698e-02
1.457374328527426786e-02
-4.920679065149551751e-02
-3.181470916926151110e-02
-5.803849638962827601e-02
2.236911245808018492e-02
7.212217953930617157e-04
6.249052982019796115e-02
-3.856085820330032443e-02
2.206872177207814048e-02
-5.568535529180122789e-02
2.983047741117147642e-03
-1.857966280443857504e-02
1.032959067126710401e-02
-8.147907656066188595e-03
-5.787701581124535949e-02
-2.964917098293311584e-02
-3.172885096931746945e-02
-8.792441514314797146e-03
7.177571151170196798e-03
-1.576303595933933183e-02
8.852823174298009301e-03
3.801655144269229514e-03
