1.351231562675501430e-01
1.764975243552638628e-01
-2.440629756453482346e-01
1.612618718358545256e-01
-7.652719877000239979e-02
-1.369008389848484497e-01
5.135385940940109806e-02
1.924841210648889078e-01
-1.388072961470418198e-01
1.667110826674721435e-01
-9.567419499934465277e-02
-1.119129309837492564e-01
1.102007078090336684e-01
3.233749417921786412e-02
-5.240998270914434820e-02
-2.254913191804960252e-03
7.215181252274822932e-02
1.424940608101480516e-02
-8.078578214640844135e-02
-7.011718909722904070e-02
1.896490346655963222e-01
-1.303906073913775089e-02
-5.624869673588887148e-02
6.630760376669493639e-02
-7.802265322962247118e-02
-4.351238238000176145e-02
1.362298546662081555e-01
-8.048790121571162970e-02
-1.079836619223022431e-01
-1.149027515780760428e-01
6.904243623573363964e-02
-1.226337316192134715e-02
2.109048844814599005e-02
8.313041812445272349e-02
3.481077656393209013e-02
-5.387733277835481116e-02
3.724856035073714679e-03
2.319572495480821256e-02
1.728909756401832143e-02
1.530095521516632862e-01
-6.040353714040705424e-02
-5.067096753582643609e-02
2.517830084182395498e-02
-1.907839975024453599e-02
3.835673118898383274e-03
1.115772787766477342e-01
-3.669024967018548467e-02
-2.117870678524038167e-02
-1.061339577033847681e-01
-5.526734775960444324e-02
3.369447529839150746e-02
1.674442295443987969e-02
3.995717699318648841e-02
-1.780778041390131822e-02
7.011216359689384503e-02
6.196163430165765873e-02
1.426468744318057646e-01
7.445483607763478395e-02
-7.336875183321796279e-02
-1.590951769811439764e-01
5.337462269705312706e-02
-4.834268844103876972e-02
-2.917414978032333191e-03
-1.395812872177756292e-01
-9.828899163235144121e-02
5.355624491935848802e-02
-5.067842576243855590e-02
-1.821891115469971220e-02
4.834736183625494566e-02
-9.991443690000501032e-02
2.454492775180699537e-03
6.992161070838770476e-02
1.066776080071624166e-02
-7.065632605357188845e-02
-1.646104235273572469e-02
1.020191612537668241e-01
-2.035484482582983201e-02
-3.630024523652870816e-02
1.534464505852631971e-02
1.110664382680521395e-02
5.754988519847488437e-02
-1.022126590214502834e-01
-3.776602683748168932e-02
-1.375759525362482139e-01
-9.146000887749226871e-02
-6.630715563290709436e-02
-8.693369757240063112e-02
-5.370425710757491949e-02
5.630820250100442709e-02
3.841786944146942514e-04
-2.796668529851104035e-02
3.841249183601519457e-02
-6.696075876248996916e-02
6.913103868750335211e-04
9.996766879209063872e-02
1.103113328355206924e-03
-5.811299731246782202e-02
-3.919672596475706761e-02
5.934347666524196485e-03
-1.965562807855483068e-02
1.870417602783142064e-02
4.890842533864627611e-02
-4.599590782272404421e-02
6.330382700583217503e-02
3.761436555984988550e-02
-3.142992723014772366e-02
4.409319577861487566e-02
-3.405739964743948606e-02
-1.114316673051519426e-03
-4.694374279358835833e-02
5.808979038416832441e-02
2.457245597020364831e-03
4.692031179839492583e-02
-7.494935171253001849e-02
-1.692966225660434004e-02
3.516166531982059529e-02
2.067113125138487009e-03
-6.116821343026480201e-02
-2.096353854795863017e-02
1.295513168258423213e-02
3.023180953876778571e-02
-5.669916722134946130e-03
-3.044985863611429991e-02
2.401785839817990181e-02
2.021217823351136034e-02
-2.525694832159206676e-02
4.912410572882842594e-03
8.587939881736507408e-02
-5.990377193828269609e-02
-5.617894791276525912e-02
5.018259773573603699e-02
4.482906346782495992e-03
3.790430812059045890e-02
6.631035658853460905e-03
1.025342590333470083e-01
-4.957137525866150279e-02
-1.012216431591707461e-01
-9.871010935470769798e-03
-2.293555128140356211e-02
4.060024897875482569e-02
-7.953164773154694500e-02
6.164685232524754616e-02
-8.842255806342801810e-03
4.919497488642167460e-02
-5.626620596317139650e-02
-7.094697282455050824e-02
-1.433791250411567408e-02
7.474945203359152635e-02
-5.316995359422963668e-02
-1.968456471742759117e-02
5.063649324371807120e-02
-3.079684222613723876e-02
3.456625556354600559e-02
6.677558347943804429e-02
-5.697028816300022183e-03
5.028470822025386117e-02
1.020733534325407067e-02
-2.037930012682406811e-02
-1.450698057844991562e-01
2.866404549152208256e-02
-5.168525434551802383e-02
8.373859969368110945e-03
-4.394630392486807702e-02
5.734383968473155679e-02
-4.659000518719136341e-02
1.285852684174574288e-02
3.177242948229213465e-02
8.301486362629935042e-03
-2.941466958617502611e-02
-4.404787024692922298e-02
-4.700577731364965345e-02
-8.355582512734984965e-03
2.130107931888039138e-02
-5.913759119928001934e-02
2.320475164967781417e-02
3.556709835960201321e-02
-4.378728044929299651e-02
7.812892495645606472e-04
-2.600526772819319529e-02
4.201955270399625186e-02
-1.865561753096197511e-02
6.303872386076113388e-02
-2.735104550267053111e-02
4.585064845634728020e-02
5.383524021185294439e-02
-4.350758094656047986e-02
8.335749391666884278e-02
7.420570570114506936e-02
6.509949909375713217e-02
-3.002400349942932478e-02
1.816215821142381712e-02
5.411314717943405128e-02
-1.975085650847348794e-03
-3.030261467724848154e-02
-2.535355316243055948e-02
-5.011604986823994107e-02
-6.539158629476814200e-02
8.953914741497508156e-02
3.823861592632842119e-03
5.028061099705062901e-04
-1.192144708178988731e-02
-2.370000350436737846e-02
9.602066643646716901e-03
-1.084829469810824794e-02
6.813138024502951584e-03
-5.307478918342352359e-02
5.708661089050421494e-02
1.001707054075441075e-03
7.073250879750681008e-02
1.037615374304936243e-02
-4.717850087931052538e-02
4.309116862897668238e-02
3.261485698434228586e-03
-4.598624093672894209e-02
5.759735537043097348e-02
-8.134172411979573997e-03
-4.600794341588351072e-02
3.731923745099274131e-02
-3.893690439647144730e-02
3.206032343143109392e-02
3.220324610019976302e-02
5.671869305067731015e-03
-3.607476992212634709e-02
1.268340255936424056e-02
-7.809576305615496816e-02
8.506315513234802284e-03
1.701874485171816012e-02
-3.712401116727042510e-02
-1.638668415350848576e-02
-2.404474642545105165e-02
-6.850509181454222940e-02
-7.091569948806965284e-02
-6.778711746728996457e-02
-7.292801225286503659e-03
4.862459660315426868e-02
-2.332373117035265245e-02
2.617210153549942575e-02
-1.710865969529513919e-02
9.208105828834328710e-02
4.668689811403632650e-02
3.318814813723073437e-02
2.573155401248414242e-02
-2.418033890583271006e-02
-2.243655430862980318e-02
1.489481476419123387e-02
5.122745367167042159e-03
-3.350747547063191722e-02
-3.203071459187654957e-02
-2.605757134314683546e-02
-1.954964443772771315e-02
