1.648717840188896888e-01
1.674761294447025539e-01
-3.341455914563039031e-01
1.271600815214078695e-01
-5.200863583952480135e-02
-2.321918721638272648e-02
-2.611205091577427015e-02
1.449924859334983662e-01
-1.083880392283607663e-01
9.360467810895431451e-03
-7.285364053083362434e-02
-8.105810669378193944e-02
1.869252935682390593e-01
1.272157103184226416e-02
-4.321087342724321684e-02
-9.207473656188699951e-02
5.350057157966570803e-02
-2.918157677807045949e-02
-7.913630299918381072e-02
-2.967192816454794144e-02
1.135463881799981811e-01
4.049892800911727986e-02
-7.427475180137413369e-02
2.108919948226905747e-02
-1.326778729689984671e-01
1.657924356218454243e-02
-7.794651841174654594e-02
-1.264694930664169714e-01
-1.095342651044475396e-01
-6.849540858013249134e-02
3.655307402648380610e-02
2.107210850697581375e-03
9.015133682290349393e-02
3.078816170655980511e-02
-3.967194426102740867e-02
-6.797154026156243534e-02
4.195132839979581751e-02
-6.711596071823484888e-02
1.218137650924694740e-02
1.852096788576747532e-01
-6.758569653140139577e-02
-1.224318997825499244e-01
5.465072106486650039e-02
5.516128901355854888e-03
-3.513921145752680469e-02
1.098670403587953016e-02
-1.508950238307350811e-02
-4.186673804737167659e-02
-1.701930957524574184e-01
-1.860013501237384875e-02
2.347847792715450268e-03
3.431482128156314315e-02
5.355876069788199911e-02
5.052478007408478782e-04
3.034958200983247159e-02
2.801051246123650862e-02
4.357384052121406753e-02
1.102858025044044094e-01
-9.877855524242432073e-02
-1.367537048162647817e-01
-6.081414571726032753e-02
-3.002791256433283776e-02
3.018622021680583689e-02
-8.281126169832694894e-02
-6.060373386579023802e-02
4.233015618484618769e-02
-5.142248853900096422e-02
7.203836110823640115e-02
5.238477029967487930e-02
-1.150398534626750624e-01
-2.899164749621250051e-02
3.320281060698754977e-02
-6.400580222596133351e-02
-4.731719637245486443e-02
-3.229718842199395118e-02
7.934468654424749190e-02
2.461472852583276860e-02
-7.934867665521089589e-03
5.897749764080613757e-03
1.041447557243303235e-01
1.411384710048725344e-01
-9.474152722427709242e-03
-2.603537428342755228e-02
-9.479619174447570518e-02
-5.661691474393249629e-02
-8.749126284730178449e-02
-8.627953264956582380e-02
-9.499463326305558619e-02
-1.426431418491716464e-03
-3.319110628149490178e-02
-3.792098381751228542e-02
1.072751307788183915e-02
-2.448880727401272009e-02
-9.212401443228501047e-03
4.665074808879255547e-02
6.024429136983705524e-02
-2.191947507190373373e-02
-5.140622883682510053e-02
8.820938306794017664e-03
-1.771300034151068389e-02
4.587596829247387112e-03
6.237221754661963907e-02
-1.645212527707547862e-02
1.416815251069916334e-02
6.313346421658745655e-02
4.342271506847520529e-03
-1.991231625361347332e-03
3.744958545811096634e-02
-2.284840615510854225e-02
3.334801739513071350e-02
4.965457012389137836e-02
-2.225477739652832743e-02
6.332931216304112099e-02
-4.714651937599532300e-02
-1.189219321717434850e-03
6.037476799834031599e-02
3.989944708779074971e-03
2.749911323942708444e-02
-4.082950870243518687e-02
1.291804077058773537e-01
2.766836044612473733e-02
6.781615869046260514e-02
8.542827572644857981e-03
2.775238553282905959e-02
-2.900401684019904627e-02
-9.902255052783637268e-02
-2.645004656529915954e-02
6.215854710452942827e-02
-1.047153748430215692e-01
-4.170959417726300550e-02
4.751523887993840817e-02
3.129340950730065407e-02
1.998373923985838005e-02
1.086487264779697169e-02
8.478909320103619751e-02
-5.109835852507390447e-02
-8.500635474299346461e-02
-6.670334999369432680e-03
6.259656153553694313e-02
2.622992544381812230e-02
-3.684152579821311363e-02
3.254530682206820125e-02
-1.992794418822013344e-02
8.769888162109751306e-02
-4.998654735604647625e-02
-3.572622328209271170e-02
3.600612956617540300e-02
6.138496434149975922e-02
-4.016977710556127179e-02
-3.292213955163687811e-02
5.556695029483781079e-02
-8.812126811749834698e-02
4.888550948662024123e-04
5.188111854331940026e-02
5.216079207092922526e-02
4.161147069848800117e-02
-1.143911611727998871e-02
2.401348530549739582e-02
-8.617056936934024136e-02
2.791844065075599346e-02
3.994726191750218314e-02
3.827284510263499751e-02
-7.160969018706818401e-02
-5.509678221965019773e-03
-1.659390721997505008e-02
-7.586843537108180213e-02
1.392236167535356763e-02
-1.786518982383979506e-02
1.863920484889049906e-02
2.892295108579258714e-02
-1.036928756577249755e-01
1.111501935427761795e-02
1.065326376303785821e-02
-6.535352870569993700e-02
4.130017554149320591e-02
7.536132551855805051e-02
-2.750074253473713815e-02
2.516795741090853238e-03
-6.552427220400887419e-04
-6.827212862080542406e-03
1.839916642351714302e-02
7.565586220950652752e-02
-4.465482808304920698e-02
5.003326490524297870e-02
5.662752178891020116e-02
-4.227449413690671787e-02
8.070863947523726489e-02
6.543146887318505855e-02
9.694014486696128641e-02
-4.320488826079810912e-02
1.250088464464140826e-02
1.105103459988698716e-01
5.300137544721935517e-02
-9.680507961085009841e-03
-2.088174696309682069e-02
-2.318098190390814953e-02
-9.002967168944440990e-02
1.782522221235637722e-02
-2.905588828272328075e-02
2.229936688654435284e-02
1.556708541446809660e-02
4.329237144367071785e-03
3.006312529358486432e-02
-3.636919641292033628e-02
1.038546746572909657e-01
-4.632774860630511915e-02
6.852041327550315031e-02
3.142175807662343084e-02
1.568891680255065507e-02
3.908496568738619587e-02
-3.536029685582400828e-02
-2.346567632114691937e-02
-1.014229680324946550e-02
-2.336386198973076228e-02
2.492742022166474780e-02
5.778362318963140010e-02
2.836071120012446933e-03
-4.154802793416990069e-03
-7.751788074150302993e-04
-2.390611806965716943e-02
2.055352708543226395e-02
1.799663072915921522e-02
-2.779554523308319647e-02
-4.294676133239066357e-02
-6.450303655385067336e-02
1.795799315466359986e-02
-2.162317608194640195e-02
-2.379173488870629793e-02
-6.794161442933690977e-04
-4.412593887485020266e-02
-6.818723901005903365e-02
-6.040798567211064923e-02
5.587119625579725808e-03
-3.157760516066899364e-02
7.272722051514315944e-02
-4.858947650406046648e-02
3.509492122583304091e-02
-3.740852056611262272e-02
1.927034065052669887e-02
5.027090926403830068e-02
2.906553105088483663e-02
-6.587486995399317868e-02
-4.207392455914635981e-02
-7.721100795749269441e-02
1.308024875652745705e-03
-4.815571819141391263e-02
-6.272454434468807943e-04
-2.365477432988750614e-02
-2.985414323187665642e-02
-2.670996904364014365e-02
