1.689180359779170748e-01
2.194678305302417698e-01
-1.946616956028026646e-01
2.030165904946264477e-01
-1.769987557100845266e-02
-1.280988394786387354e-02
-4.500388498960142258e-02
1.569281050327182847e-01
-1.322442421271345092e-01
7.484911988891514156e-02
-1.126889759616301195e-01
-1.830274333258526120e-01
1.100990004670008154e-01
1.460995042234112563e-02
-1.614505183750957473e-01
-4.829678169454856840e-02
9.384317335358699497e-02
3.537831383948383118e-02
4.899776560789675939e-02
6.658372176529611663e-02
1.697152495604137556e-01
1.039509091363818340e-02
-8.222015375085428915e-03
3.907254860681685232e-02
-8.276656677319733924e-02
-2.945650514671396825e-02
6.619543663823036772e-02
-7.426767672628471761e-02
-1.492068650448054867e-01
1.730847806520457999e-02
8.144069343075169276e-02
-1.105062774561625313e-02
5.756760518645216013e-02
8.937024048135254473e-02
5.627511051802468883e-02
-6.274774672951106969e-02
-4.035958073296923299e-02
1.131381430278897895e-03
-1.463567518538081737e-02
1.237188968609477524e-01
-1.728450004533425149e-02
-6.125275688930450352e-02
7.700825324107971048e-02
-7.033696469278684360e-02
6.130083996491202634e-03
1.300180338372664522e-02
-5.631998593799392855e-02
-1.012689279151772342e-01
-6.978731225583879871e-02
-1.623791505618618278e-02
-3.845137497682513811e-02
4.027776963470967170e-02
2.897370533470240445e-04
1.415014410223170913e-02
6.720581640532258261e-02
1.932618873858429551e-02
1.315336034879047711e-01
4.578150328963450505e-02
9.811869248871686253e-03
-1.011059091390257292e-01
-4.139978216980745584e-02
-8.946186510032724803e-02
-3.254150765554036234e-02
-6.982078620675712111e-02
-4.638444727273142998e-02
4.877402368738487787e-02
-7.586327897304652457e-02
-3.566014291011865289e-02
5.995899186220840504e-02
-6.253397712454791812e-02
-6.268864329245321665e-02
1.654180072920503619e-01
-1.738803427682732465e-03
-9.277543689260629722e-02
-7.195232101684578829e-02
1.205004114150154265e-01
1.591038483244751681e-02
1.918657632090222526e-02
-1.306506724542425349e-02
5.593198664162862821e-02
5.305214705778543011e-02
-1.136370763949929100e-02
-6.486905515231729258e-02
-4.323027373439831261e-02
-1.688894846668397287e-01
-3.258511271684097488e-02
1.092508455018922263e-04
-5.630572616193858793e-02
-1.163581846631911963e-02
7.637240696846536725e-02
-1.602192232355293539e-02
-2.425829275159384693e-02
-6.562294950421376782e-02
-3.513993103531604101e-02
6.209024084159663059e-02
-2.209801607662750453e-02
-4.251858704926694127e-02
-1.199816286937150089e-01
3.136461562595791591e-02
-5.510361751278390618e-02
-5.202277542859725865e-03
4.890896753695975208e-02
-7.521263302194265699e-02
6.923137154348106559e-03
-3.280072434187362995e-02
3.515809716427740345e-02
3.488913047516241980e-03
3.234790499444165773e-02
-3.381628082054049383e-02
-6.766892565797043291e-02
7.583466414403569611e-02
-4.585413604651323444e-02
6.726730176488410207e-02
-4.653120545792452378e-02
-9.436297236182231152e-02
2.918572819649619537e-02
3.754967439383394279e-02
1.068784506882319678e-03
-5.446999436783964144e-02
-2.487613169008041913e-02
4.332291464030791489e-02
1.472304410281561476e-02
-3.514545709552455849e-02
-4.488145417291252576e-03
-9.436224190558784031e-04
-5.943404790136515466e-03
3.019756887605732493e-02
6.601075824677876680e-02
1.565377238138493388e-02
-2.245879793851747463e-02
2.008411647925367055e-02
2.701290672967716563e-02
-3.124818725397828650e-02
-4.871653995762952744e-02
4.811213506206368090e-02
-2.423993606883219007e-02
-1.839085540984120720e-02
-2.529973278813397661e-02
-5.089056826518375230e-03
3.151140557011773008e-02
-6.934370300875437876e-02
1.496107755834953368e-01
-5.917616509163394281e-03
-9.766707998202010105e-03
-1.056377866534844445e-01
-6.852365472918915679e-02
-4.401707037581222698e-02
2.806708211187028054e-02
-9.930209510647602933e-02
-3.576196215740907319e-02
8.136355090059933792e-02
-9.915975141765639989e-02
-2.318036166229741485e-02
7.510614520654502677e-03
-4.595208069986435329e-02
6.434306314557240725e-02
-6.063644238122029018e-03
7.994843486168266844e-03
-6.544951378697951710e-03
6.375644327136734991e-03
-4.783741999997316585e-02
1.034243454682360827e-02
-6.220774901844459276e-02
1.569845724755387483e-03
-8.162915113924244792e-02
-4.498533775303946436e-02
-5.496673636623938125e-02
4.860970279359803220e-02
5.461271916425984585e-02
-5.575007128028128950e-02
-8.510628161010717896e-02
-4.431932046204523253e-03
-3.378836468879742403e-03
-3.702066528525108091e-02
-2.715442468536217666e-02
1.668041273943556349e-02
6.031408886905627320e-03
-1.140321579409358035e-02
4.985554353992018538e-03
1.117120383864895067e-01
-1.075965209256731642e-02
8.721383840032551071e-02
-1.603659496617557481e-02
-2.282840879315440122e-02
-7.673538019905870936e-03
2.321628105365283398e-02
9.737689830313904504e-02
3.631018544085490990e-02
7.764873632283456062e-02
2.084979340780167278e-02
1.252411676535630791e-02
3.451986896915936603e-02
3.087714724583915521e-02
6.356271357440178293e-03
-3.080133859228885787e-02
-4.937404584554396653e-02
-7.992763273848391137e-02
8.840225893482575592e-02
6.203224896837381507e-03
-1.921916102075249544e-02
-6.622843420464795405e-02
2.166434738612508376e-02
-6.506202263408167319e-02
-2.303963768078029842e-02
7.347811705476653410e-02
-3.063695418056856801e-02
-3.791290169616101224e-03
6.975190100795083253e-03
1.360160322911871909e-02
1.868541982612900720e-02
-1.146302745610919410e-01
-6.278318973636574929e-02
-5.637470663764502024e-03
-2.502524003881047288e-02
1.505251162352393840e-02
-6.231328406484075433e-02
-1.111414567904758441e-02
2.449378548979051426e-02
-3.501962806939708933e-02
2.955521201526625785e-02
2.110812084306690206e-02
4.463024074619160314e-02
-3.232059228306619070e-02
3.858990758963887213e-02
-6.135355984966003179e-02
-2.719974473086543207e-02
1.572627810239679916e-02
-2.251313753056798095e-02
-3.916169602638772812e-02
-3.228422826617675240e-02
-8.027250335804933523e-02
4.440792797918194021e-03
2.272227032639064122e-03
3.504646439627183419e-02
6.432534164214508132e-02
-4.980885785884815557e-03
5.649726449020077423e-02
-7.102241847141108066e-02
2.664790092521401518e-02
-4.507213500907338716e-02
1.799713949946709149e-02
-5.174679000783811988e-03
-8.970129595039663672e-03
-5.622597939651555188e-02
5.063484506518921291e-02
-3.004331557471933561e-02
-3.793770544916594961e-02
-1.030124316699338946e-02
-3.981675647386506006e-02
-1.641852829989817741e-02
