1.612030508019229869e-01
1.029818856784710523e-01
-1.612142250046196545e-01
-4.922369711207713605e-02
1.462119405990173560e-03
-3.206732662901353587e-02
-4.206837146586683818e-04
1.099267360440362440e-01
-3.580074449537896247e-02
1.957364739323525782e-01
-1.456625033846296602e-01
1.086739578205070389e-02
1.809053382850688285e-01
5.815462024470594016e-02
-8.139789581703155141e-02
-2.213482802064290975e-02
1.085775594748549996e-02
5.283163034995017743e-02
-1.517659196092196183e-01
4.303535694699233555e-02
1.010109231019196835e-01
-2.198009033016546515e-02
-9.939249828149161747e-02
3.188583756372191918e-03
-4.955748889233318327e-02
-8.904638739419873730e-03
1.655801694552756220e-01
5.021820115208254151e-03
-1.264351361940076190e-01
5.038704835820386613e-02
6.952902462672586048e-02
-7.278515393671236566e-02
7.679422437348211450e-02
-1.904707893517248660e-02
-1.420039026425886641e-01
-4.611443351693696874e-02
7.821771772955359026e-02
-1.398017174597881440e-01
6.034866660524378090e-02
1.961015868359882730e-01
-1.319928510570517466e-01
-3.873822557145061019e-02
4.891502227101692662e-02
-1.356382428908304294e-01
5.157464929197386888e-02
-6.664444589536151764e-02
3.541321647469196365e-03
-9.470140121027643965e-02
5.107981556956970454e-02
-7.410877994092147925e-02
3.398498659091025997e-02
5.302999746468814446e-02
8.468421215221359766e-02
-5.216197872804347047e-02
4.502426495951632190e-02
9.841163677552486333e-02
9.370169366095557062e-02
-3.019566435523243775e-02
-6.204434352550924209e-02
-5.496630333496531351e-02
-1.626929556134246169e-01
1.576573261850329824e-02
-5.596267530139165808e-02
-7.561176023736970730e-02
1.471368977356717241e-02
2.206895025847585914e-02
-5.840215385130933384e-02
-6.398081617493114708e-03
5.465709480064197962e-02
-5.826586193423866078e-02
4.330673997129165509e-02
-2.398944546583293633e-02
6.896834649798358474e-02
-5.342626471255881165e-02
3.534717193338018926e-04
1.043744915369391318e-01
-1.118207467232107052e-02
3.798018100283873794e-02
4.706534148851081178e-02
3.824105694102027109e-02
1.348492774687862043e-02
-9.647086122416900777e-02
-6.544687156873686684e-02
-4.419790765322438586e-02
3.191565767479905696e-02
-7.369920371730161179e-02
4.200029221898939069e-02
-1.067779457915958435e-01
-2.475276025541817138e-02
-3.608480273467750549e-02
5.356879416964226842e-02
5.860542427290225259e-02
-6.120981404112570828e-02
1.496833484290171490e-01
-7.305493588122231874e-02
2.145176735550017103e-02
-1.464684469236070610e-02
-1.465611761280751282e-02
3.970524440840505348e-02
-9.713854485216795454e-02
7.201786980348265366e-02
-2.770161566916018100e-02
-9.605731565690464602e-02
3.241759618876858401e-02
7.656163417824624409e-03
9.581401824057732275e-02
-1.545995973456133765e-02
-4.403900048412876661e-02
-1.428876986863244526e-02
-6.055460549315232893e-02
2.992077896889386301e-02
3.629721265340144637e-02
-1.407489229343490515e-02
-5.987397980352259647e-02
-4.393763211996387641e-03
3.842187888973298132e-02
-6.914506567973602302e-02
-6.405820169808433551e-02
-3.268227469144988073e-02
-1.666020252750162120e-02
4.692254518479579972e-02
2.755324894201129429e-02
-3.683747701482917303e-02
7.524341181832627790e-02
6.130421103704102037e-02
-1.053433449444855785e-01
-1.441238657070389052e-03
1.080396300214534477e-01
6.984270284212787394e-02
-1.224766331939190073e-01
5.785331704184265567e-02
-5.925279420107347483e-02
7.231543715350405212e-04
7.645442854401590660e-02
-6.007238027408950271e-02
-1.243812176708691472e-02
-3.064993738963906617e-02
3.999767496076888501e-02
-8.231281284917336960e-02
6.412301207372514411e-02
-4.036285457606249988e-02
2.643296007105299869e-02
9.398148235414910401e-02
-3.669908368053494303e-03
-1.521422734272099252e-02
-3.473002238623344728e-02
1.193745077461731349e-02
-3.677356724656989651e-02
5.340148133165242839e-02
3.641916156402563026e-02
7.856131612351956173e-03
-8.028708000149373247e-02
2.739787749078388332e-02
8.983168367505896257e-02
3.429863145048332035e-02
-9.283594312067918646e-04
2.929432314547137511e-02
1.409904191359133419e-02
-9.060610595568298342e-02
2.345391763211545147e-02
-4.192747644440171506e-02
4.399093473461852810e-02
-4.143260936616859763e-02
-5.477364006697701265e-02
-2.049075256775588841e-02
1.230303065985827518e-02
-3.620294908080191193e-02
-4.404577171740467478e-02
-1.440154592629665220e-02
2.762296262450706155e-03
-8.325358064874782693e-02
-3.184067377132992344e-02
-5.439902075209186033e-03
-4.818873245156102963e-02
-7.644578938431906279e-02
2.768690574859528422e-02
-7.075134897842796922e-02
7.833716495300685131e-03
-8.084252126509159156e-03
2.133905800949385551e-03
-4.278618890477062404e-03
9.552875919143674968e-03
-2.458938340524387603e-02
-3.674141222746658830e-02
5.365478549666335972e-02
-1.653181594189099407e-02
2.218072564127170423e-02
3.584597499942884791e-02
-3.694554990061208605e-02
3.993593332139105251e-02
5.508828560141842967e-02
3.761073184144012038e-02
-4.362952432799573760e-02
-5.811739513960293563e-02
-1.245113054037559966e-02
-2.727519475192291196e-02
-9.532832401530418054e-02
4.525238547367352315e-02
-5.621424496329743142e-02
2.767716584654324533e-02
3.916934966056917489e-02
-1.541252774580105858e-02
-3.010173434092235090e-02
3.524043328075508416e-04
3.099870593709157240e-02
1.220549821602209296e-02
3.410743583896861525e-02
9.476070787414127283e-02
8.128291827465695951e-02
3.115908076266078394e-02
-4.367692296092706705e-02
-6.551882009177197042e-02
6.228150346931064091e-02
-1.507620092254516320e-02
7.757721910214510075e-02
-3.129840806016548349e-02
-9.194020569018095113e-02
2.334117493028019241e-02
2.183742744976622727e-02
3.561165030108780910e-02
-6.503586104447235151e-03
-8.168528963922462582e-02
-1.088737592358896521e-02
6.142575967771785050e-02
9.053072178226652736e-03
1.563851348690575849e-02
-2.637845664655630654e-02
-2.380288631454163459e-02
-6.714311553809440558e-02
-5.400342062080008831e-02
-7.329910054910222447e-03
2.499682485581124561e-02
-6.232309818800547963e-02
-5.602338291007218085e-02
8.939995918101938110e-02
-1.623978565947451630e-02
5.717672740751531674e-02
-2.170830703591880399e-03
-2.375071779807111719e-02
3.793148149257854346e-02
-1.707885153659462240e-03
-3.850296690989910703e-03
7.552126587344098856e-03
-3.440893917680556968e-02
5.154789791715970459e-02
-3.225355222201538308e-02
-5.005462416693458316e-02
-2.754597737130120780e-02
-1.108540948003746730e-02
1.030645080667686765e-02
