2.937760445690842936e-01
2.331867505556863285e-01
-2.372508386855206874e-01
-5.328053533983381079e-02
3.865093355865054005e-03
-7.349367683827676134e-02
-1.008792287392308862e-01
1.449848235178857192e-01
-1.540144520794544877e-02
6.749966475108772068e-02
-4.153200871290559093e-02
-9.036839383208075671e-02
1.282988428087022681e-01
1.528113205131135036e-02
-8.318964242159027078e-02
-1.478450829024913465e-03
-6.921422683010758359e-02
-2.539875806575334766e-02
-1.323009484155135140e-01
5.381723028744607104e-03
-5.911744978430968000e-04
9.271659192310900688e-02
-1.245885231659244613e-02
8.448420401921445666e-02
4.163867708273599061e-02
3.156822683970045978e-02
1.016446315610297774e-01
-6.663811764076445210e-02
-2.738890499941439363e-02
-9.313161255530627569e-02
5.501883470003286064e-02
-5.209480004669268111e-02
2.581497386175822875e-02
-1.310862304000375098e-03
-1.318888492948459834e-01
-1.635486057628136314e-01
-3.324580523867330748e-03
-1.525573482039935085e-02
2.613783408478985090e-02
8.220877812447260902e-02
-1.284991655424578272e-01
-7.716601683116788846e-02
-2.055983859963774266e-02
-9.645589428822169686e-02
7.665491830843555732e-02
3.881277865759955731e-02
6.925512799152402921e-02
-7.414686705813766654e-02
1.004653036738572952e-01
1.724813928569702420e-02
1.264310673693440183e-02
-2.727921552107028316e-02
4.959567932595731338e-02
3.247180387725847467e-02
-1.309252152759549093e-02
1.045924034955491438e-01
-3.394829596559867293e-03
-5.465328056987335537e-02
-2.442782026803788902e-03
-9.726628174777973701e-02
-1.458463042302196588e-01
4.403109623464630806e-02
-7.069188088326075481e-02
-8.348448269313205050e-02
-4.134138008558964177e-03
-8.078188533414878969e-02
-5.334248466386228710e-02
1.923981337311225347e-03
1.445285697343254572e-01
-5.978760469043990083e-02
9.770855875458973883e-02
4.003144735343964339e-02
-5.618797049584589066e-03
-8.444964386577732962e-02
4.114490843521420582e-02
7.195075356162951297e-02
-2.454169281970868324e-02
-2.492736554062984985e-02
3.815885805985622103e-02
-2.091284350981720622e-02
-1.679052434335585181e-02
-2.244175681071955419e-02
-2.955892408612277936e-02
-9.256294697584008246e-02
3.386762240858409018e-02
-9.481765669791646090e-02
3.858214524172287607e-02
-5.679863280355217786e-02
6.434230756330371059e-02
-3.438363438252552834e-02
9.282571701854397395e-03
6.069181250889638113e-02
-1.021996855526869086e-01
-1.546940355000670474e-03
-2.062580500201962805e-02
-5.333893237143408350e-02
-4.384328952187614009e-02
-6.825988852972023069e-02
-3.639552665768639589e-02
-8.164582277208728978e-02
3.586749664767940188e-02
1.712341066277364710e-02
-8.762834800712529515e-02
3.447260768820416266e-02
1.448455537353029315e-02
6.974338560593287828e-02
1.215351452294037016e-01
3.747180486544600397e-02
-2.799847174029703248e-02
-7.725791164837626790e-02
2.833567392902013819e-03
7.978515191758545066e-03
5.561050718279580279e-02
2.562165611587512853e-02
-2.530789241737930670e-02
9.470949437332652765e-02
-3.404248151343833295e-02
-6.942610281400350691e-02
-1.427643087603052557e-02
5.967595647141107212e-02
-5.896174649937207385e-02
-2.604952475900433953e-02
-3.019292528707238216e-02
5.900948665368769414e-02
-1.385184893337228218e-02
3.996551415005240859e-02
-1.665261571955395825e-04
1.057728601485399267e-01
2.671413543302696841e-02
-6.580469007891501243e-02
6.382141533714780213e-02
-4.698354922741220657e-02
-2.556840492844656906e-02
5.179086325061509760e-02
2.437048560426661667e-02
-3.495618424436649357e-02
3.830490043734888217e-02
8.432322209412650149e-02
-2.359472469613500129e-02
6.986954178562647388e-02
-1.520505655505665077e-01
1.206212433045075923e-02
8.914726841063611018e-02
-3.318976533569362869e-02
4.268919287064237844e-02
2.559453253724100832e-02
-1.509598125811367764e-02
2.308492093419427238e-02
-5.238319971327116270e-02
2.350907128992198517e-02
-1.190466149879636573e-02
-8.509991257410848275e-02
-4.263670526009091105e-02
3.741370662479764214e-02
7.834587590225486342e-02
-5.797769509876740668e-02
1.523943411402315339e-02
3.669747151408460362e-02
-3.939528821783738755e-02
2.433054721369519793e-02
3.490426101672418346e-02
5.902100670483340084e-02
-1.922666657122839781e-02
-7.301199262480984054e-02
-2.858957984015081735e-02
-3.025753053067336412e-02
3.845353233642473390e-02
1.601927849849748078e-02
-1.495216321326298418e-03
-6.304724798075968251e-02
-5.257748022999929327e-02
-9.785270878938700026e-03
-4.398760555164667185e-02
-4.942181619094274114e-02
2.168169902706032492e-02
-1.570830351555278087e-02
-7.712793758429721536e-02
-5.060622352429762494e-02
-3.599318804144780587e-02
8.239525687745651375e-03
8.809881096039842707e-02
5.536629537810473616e-03
-5.792792980577774961e-03
3.483822821635298994e-02
1.858569358140098673e-02
1.470838299550244858e-02
2.410721757664288645e-02
1.422935470160802129e-02
-1.250636007794548102e-02
3.994094689400681797e-02
4.249391638407456345e-02
9.039100234744164297e-02
6.936996331403985812e-03
8.025458570202422676e-03
-1.359837460917213275e-02
-1.036439414172159353e-03
-5.850486193491333253e-02
1.044640229832135836e-01
-3.587483362549842569e-02
6.390706874336082172e-03
-2.848198189847004833e-02
4.343301634591471838e-02
-4.585099872371032476e-02
-5.095232304358859876e-02
-9.814054407305632804e-03
4.487262435119186710e-02
9.121274386317210214e-02
1.003337360580347365e-01
1.959424584006193293e-02
-3.095464302046442226e-02
-3.841455671669834031e-03
-6.807613209429812240e-02
1.075066444454657322e-02
-1.326499030483449179e-02
3.268925729225663490e-02
2.752817478199718823e-02
-3.801656716875971564e-02
-4.618109632757699812e-02
2.464218617653302079e-02
7.223138466345842626e-03
-4.899169001617691144e-02
-5.664445667236874676e-02
-1.447446287915480669e-02
-5.352541112441800385e-03
-6.914902400460279375e-02
-2.180035223396161598e-02
-6.163735307569984806e-02
1.974377411199349300e-02
5.647812970914114182e-03
-9.750465052941131860e-02
-5.298479869543631232e-02
-4.640372878574153259e-02
9.662235404742792588e-04
-6.337449047108592581e-02
5.575130411913278849e-02
2.243392184798068817e-02
6.100169192501742749e-02
2.031546079997339355e-02
-4.048916189276478145e-02
-1.966147380424075261e-02
3.883751190861842867e-02
2.471213645827365427e-02
1.531761774643852249e-02
-5.859738753302018432e-02
6.254209207807083504e-02
-5.258501640178624842e-02
-4.913261974849252034e-02
-6.029027066852955113e-02
-1.618626944161820694e-02
-2.346036836476133106e-02
