2.601317572448365589e-01
1.070782639758907778e-01
-9.590320887670178429e-02
-1.186376564671712437e-02
4.692281610275067516e-02
-6.862076881315008758e-02
8.235467948529235846e-03
4.750745294881473374e-02
-2.620405410459750867e-02
7.761232654663627328e-02
-5.175980399345134902e-02
-4.038809060579612309e-02
1.793475866798031060e-01
1.735294637651780270e-01
9.007819249339955175e-04
-8.381298394616033820e-02
-5.203819407464341240e-02
1.016548009808121433e-01
-5.117916182410787301e-02
-1.736535462013664988e-02
1.899340456073288497e-01
1.200482369141205735e-01
-5.513078087881419925e-02
4.645031301383471117e-03
2.817360648345911683e-02
1.184107022676470292e-02
1.060730194871570969e-01
-1.236916648922767592e-01
-1.169368433133537166e-01
-3.112871277642279347e-02
4.414379374558606572e-02
-1.106872953129040965e-01
1.775050508802079267e-03
-1.108997555526456125e-01
-5.313750789747895970e-02
-6.769570066779971584e-02
1.026362541648293547e-01
-1.253622528372791423e-01
6.851945249915687708e-02
1.599013589994494611e-01
-9.455032145991185133e-02
-2.607046221674673425e-02
5.346415225941099358e-02
6.424953194717393512e-02
-1.613103486459348604e-02
-4.106697354156914337e-02
5.180561904681323798e-02
-8.916726479661767069e-02
4.003949319746150787e-02
-2.715206512775024741e-02
5.652322620047445928e-02
3.588605459056146141e-02
1.292572747465901006e-01
-7.816772801528500125e-02
1.034808631578250371e-02
1.583844777303865248e-01
6.229249386529543686e-02
-5.678203176039917609e-03
-6.695247869104008209e-02
-3.061555589787242834e-02
-1.405994345967371828e-01
1.376501258876865752e-01
3.513802486128854430e-02
6.358323401062685593e-03
5.184510624944074081e-02
-1.033924853542719929e-01
-7.495077596595438318e-02
6.868510785413669412e-03
1.046777460757831318e-01
1.645916397362520711e-02
2.250024641105390424e-02
5.452380212401193582e-03
-7.255283869771048111e-02
-4.113629709067614937e-02
1.841673232232502594e-02
7.756152698515400568e-02
-1.827009587066982105e-02
-4.843881359377808296e-03
-5.711479186633708349e-02
2.211559085886965689e-02
-2.735756119657177521e-02
-6.520380011881822535e-02
-1.023598790975582817e-02
3.312329374925062492e-03
2.252842125482661106e-02
-2.351061681239366777e-02
-2.903189636044481090e-02
-8.650412341547179806e-02
2.780160663274366256e-02
2.181008646754751049e-02
2.067223992236284433e-02
6.090330084680592448e-02
-1.332305993898490366e-02
1.251715688883330846e-01
-6.715684352397613410e-02
-5.053817529049839385e-02
-8.215671320533355845e-03
-2.752349936052296206e-02
-1.960007576077879565e-03
-3.818451380312606544e-03
1.129052246708711765e-01
5.607158027319701643e-02
-9.577467219921423358e-02
2.354123088354444226e-02
3.731063408159361518e-03
8.374691270022410761e-02
6.495941781643337076e-02
-4.989817858828871078e-02
4.581243737891028261e-02
-9.057540601618893628e-02
6.190451530769759680e-02
2.729318680446373834e-03
6.742519388668456737e-02
8.433469579609465319e-03
2.825480800936364806e-02
3.141261763255657341e-02
-1.846816820399289211e-02
-8.309210387813891277e-03
-8.271904349378082777e-02
4.708026999756076240e-03
1.993237630213822234e-02
-1.976491803996592231e-02
-1.183421210920898754e-02
1.065687836139682237e-01
1.134721506051031975e-02
-1.137575755594581045e-01
-1.859090729756735297e-02
1.479505942429147070e-01
2.045769396645748597e-02
-4.058725882388324741e-02
1.249888389417068250e-02
-9.788340194311116738e-02
-3.970429386414554146e-02
9.976107675739903646e-02
-6.272296447084158011e-02
-2.647498509916970319e-02
-5.177811587434753143e-02
1.615553319173838528e-02
-2.175327721542361786e-02
4.491971550966032678e-02
-3.711906635461204723e-02
8.330527114030884459e-03
8.273099217282120499e-02
9.953815258571686170e-04
6.066570595973393154e-02
7.001208289892486836e-02
-2.116577692852443515e-02
6.244167559769295966e-02
5.610788587489660452e-03
7.397451939678609256e-02
-2.816879873094583001e-02
-8.135169746832963955e-02
3.019293324128179828e-02
7.671935721953637710e-02
8.258509809471584195e-02
7.026000031345186123e-03
3.676042922779381578e-02
-3.161556842063577549e-03
1.338849486473557386e-02
-5.009331677853381959e-02
-8.422192571876097045e-03
2.307611617900550902e-02
-2.626383285092078260e-02
-1.028696069173307970e-01
-1.586986077953354141e-02
-1.242355065442207231e-02
1.119381947443938152e-01
-3.954330485719333155e-02
2.753887709834118916e-02
5.118411098110684648e-02
3.295463354895000058e-02
-2.348177029731395374e-02
2.813963405577333057e-02
-1.645693685297567113e-02
-7.827300365487738221e-02
1.821830647778773654e-02
6.256052606791108472e-03
3.063772105100353096e-02
6.519938122864056551e-02
-6.188309252811633604e-02
2.809689454997508010e-02
5.649462714324470294e-03
7.472131183680927151e-03
5.897355383066460455e-02
4.343564008127627496e-02
-2.710692174569535526e-02
2.923315029469579149e-02
-6.476618858674498824e-02
2.594454152224436386e-02
1.044692805127622227e-02
3.631804529432872131e-02
6.731557005915737857e-02
-7.092619219663466590e-02
-3.597241738019349433e-02
6.111855382513970390e-03
-4.021119359420435337e-03
-1.427895072710243241e-01
-4.094529498163732711e-02
-2.620461972254024829e-02
8.842563362032197782e-02
3.311526904468800603e-02
6.635511544126437670e-03
-1.866998775618661233e-02
1.371817942310983064e-02
-1.978284105852647686e-03
2.144703045055162613e-02
7.637167894035871984e-02
6.787192600808447662e-02
-1.268009374257583581e-02
6.299569837260624798e-05
-6.915739883632414375e-03
-1.511649303092601690e-03
4.857244083275028186e-04
-5.916558112222464194e-02
4.421887952748473211e-02
9.178671219168691234e-03
-1.134841346352649938e-01
-2.754029114319803823e-02
-1.018621353079475662e-02
3.312142013981529687e-02
-1.628523645623282737e-02
-5.107169441498737861e-02
5.001158498580796780e-03
5.633929431571987889e-02
-2.824826805190072329e-02
-9.329549805394438122e-03
-2.834926620580113799e-02
1.858076152571946568e-02
4.229372815712817077e-03
-7.790372584051136196e-02
3.033462053593802971e-02
2.756164322053645047e-02
-7.996087829825473947e-02
-1.418157252803555202e-01
2.495806847898534089e-02
-3.981066538850198261e-02
4.494234022736990491e-02
5.245438282713538874e-02
1.341348810758037462e-02
5.395394204670193525e-03
-2.433627760430757958e-02
-1.446376992500469048e-02
-5.832828981136315392e-03
-3.755632437547106600e-02
3.188254008960879349e-02
-3.916476504901495598e-02
-4.086412880685420801e-02
-3.626088253099062075e-02
-2.396954507068389112e-02
-2.954434621656675062e-03
