1.527188029486328258e-01
1.810142046846942021e-01
-7.653859195780110536e-02
-1.332907294253286856e-01
1.862419909656622130e-01
-2.042029010709721926e-01
1.667452798905794120e-02
-8.783461704177704811e-05
-1.573129788297438977e-02
1.931696648636238856e-01
-8.297847450471070030e-02
8.785846144127515411e-02
-5.871906805941021039e-03
5.766276473651626294e-02
-2.029526609155786129e-02
-6.082266602652715293e-02
-3.109420515601165474e-02
9.467956839035548966e-02
-1.900510533508548705e-01
9.327664543097921937e-03
5.690314008144067154e-02
5.131650810007978847e-02
-1.137018223887681784e-01
3.428817498083768650e-02
-1.267488915150478609e-02
-7.195095809334393910e-02
-1.008666002061553713e-01
1.442032064400163884e-02
-6.895210480893874949e-02
3.198831651410358884e-02
-1.307611854012102337e-01
4.297715280514505937e-02
-8.988280448532266764e-02
-5.334828687890330601e-02
8.944284492816631515e-02
-9.690306758073581606e-02
-2.713056528441742249e-02
-2.006683173954444677e-02
-8.544016744899794735e-02
1.284734815009369313e-01
-4.738922468169332741e-03
-2.478062285411981869e-02
-3.706935427941977085e-02
-6.125225845346693454e-02
1.372275935019842685e-01
-3.979372885416001399e-02
-3.151232224226343387e-02
-1.472754518566099166e-02
-2.436701010720351140e-02
-8.815825024815848732e-02
3.964655135380959483e-02
-9.491897760090851899e-02
1.420725824368865775e-03
2.358879611518786487e-02
-1.146753316648290860e-01
8.022053187730368573e-02
3.672727473099780815e-02
-1.980969116144859835e-02
-2.240966017358999446e-02
-4.017870687244365357e-02
5.023947051675269060e-03
2.875323565566011499e-02
2.389369698972971037e-02
-4.309051201175453233e-02
9.367653066753978131e-02
-1.239494088693247897e-02
-8.097057587411016222e-02
-4.838257450006526461e-02
-1.763527497033500965e-02
-1.173239546915386122e-01
6.939860638274901461e-02
-2.911876636760646255e-03
3.660644404088742032e-02
-4.305025894753432281e-02
-3.960955142355389313e-02
4.125914058463479167e-02
2.094903877224976729e-02
7.977853464282891327e-02
7.616777043457183261e-02
-1.103653581465516148e-01
4.976179605484296053e-02
-5.969182661224854691e-02
-1.283154006394966566e-02
1.685952764033640805e-02
1.510245636301708883e-01
3.031109358868679798e-02
-1.583368223104424793e-02
7.137325869920674304e-02
6.713002805028904681e-03
-2.334170092878462555e-02
-1.266658472271406377e-01
5.812424502605322008e-02
7.730511611677945427e-02
8.005623073773347753e-02
2.468306458390939328e-03
-2.295493547425675115e-02
-1.035744231212740001e-02
-9.455323239661285462e-03
7.675455000482975243e-02
-1.178785604094002674e-02
-5.002143904368074045e-02
4.355735461002419734e-02
5.542661049752674145e-03
2.241141186110934269e-02
1.241151042091655082e-01
-7.943252273466962221e-02
3.761555904693353325e-02
1.580855087745028711e-02
-2.983248965993005875e-02
8.244435280620796003e-02
2.176636186928931210e-02
1.082486403974019795e-01
-3.569674623874574682e-02
7.138616398889012504e-02
6.866397008636784816e-02
6.350957593758821407e-02
1.256928741819529974e-02
-4.780523259317689955e-02
-2.805702923853003322e-02
3.876831242956647883e-02
-1.150592729700910671e-01
-3.730493837641012111e-02
6.113017655798558964e-02
-7.350556289240611774e-02
2.706282145076085999e-02
-4.916933243732835718e-02
-2.195050355117054292e-02
8.262592057989751049e-02
1.807047994708168778e-02
9.887203584993686095e-03
-4.870942509168632237e-03
-6.471144806821277351e-02
-1.622194913201728192e-02
-9.818530284490123092e-03
-1.148821022895623462e-02
-3.686565804502658916e-02
-6.720027429468754254e-02
-3.142355815837465788e-02
2.674258437324346718e-02
2.435335409429754613e-02
6.868327439780559651e-02
1.051271332379172807e-01
7.308326320534282682e-03
-1.897510143028973556e-02
-9.254015020090404497e-02
-5.513826128260652937e-02
-4.077242169532922095e-02
2.082363224535414511e-04
2.457349474213769980e-02
1.640852172719067803e-02
-7.482118746561387812e-02
3.500443643262810683e-02
3.340207133711993459e-02
8.994093191198522172e-03
9.149142560768566690e-02
-3.848350233840984284e-03
-8.546125919667994439e-03
6.417818433910728315e-02
-6.170977063454168715e-02
4.594143707258671605e-02
-5.825419164100920089e-02
-9.605264116445300093e-02
-7.582601262467382475e-02
1.269960939476257600e-01
-7.390119403070540167e-03
-6.630802187028961292e-02
-1.052145746189853300e-02
-3.519819452150333219e-04
-4.804414132158154119e-03
2.076557631614134314e-02
-1.227689144761813095e-01
4.399559822838607949e-03
-3.847417192121493218e-02
2.855729689456692338e-02
-1.921579759493860853e-02
5.703308669639665929e-02
-3.520841865682036026e-02
-1.022281261421151451e-02
4.059339208110649723e-03
-1.547455054085226933e-02
1.020996809736043204e-01
-3.544278729716464349e-02
5.687053724434579932e-02
-2.595486122040848234e-02
-3.479187451446351387e-02
5.120014600057999632e-02
-2.327821119338934625e-02
4.253594204261774286e-02
1.388072939059155179e-02
-2.037248333730887293e-03
3.476331128328061237e-02
-7.077214389027003394e-02
-1.059313723016490072e-01
5.878892106783496774e-02
3.478518950291006190e-02
-3.320298668823688099e-02
-7.286508873737133907e-02
-3.647696215935493369e-02
-4.996363335554213081e-02
1.043366931819910692e-01
-1.668857723793764009e-03
3.882304372736499615e-02
6.539331924666406948e-02
-3.437025405317302093e-03
1.391619212567720212e-02
-1.233759993221737782e-03
6.063945381149292435e-02
4.639701882251769105e-02
-4.755820890422342989e-02
-6.499225430218230626e-02
9.181202017245189070e-03
4.069570493172659092e-02
-1.542453807473853633e-02
-2.235342742934631408e-02
4.279858792434584197e-02
-2.139075001692547148e-02
2.280697150195885869e-02
-9.095826912475482584e-02
-7.369631808839102738e-02
5.293245771104414937e-02
5.656924699101731346e-02
6.883166735480210352e-02
1.956677857585686908e-02
-6.949305451389446719e-02
3.164891812004797661e-02
6.235121000514835810e-02
6.784482380435918891e-02
-8.774606745023758037e-02
3.163154423975400586e-02
9.389009355000114618e-03
-4.208851100196048939e-02
3.954237956949549493e-02
-2.253535269028469554e-02
-2.762665033964279218e-02
4.372433690396075601e-02
-3.505448464746672554e-03
-7.222636626985588608e-03
4.863017016861689162e-02
-4.483680147364861590e-02
4.875900857310144776e-02
9.998453616834960742e-03
-8.526514169196232340e-02
-1.830656452622043615e-02
-2.429268850816816358e-02
6.157539117769998682e-02
-1.603330311080057233e-02
-5.115642531004597359e-05
5.413550954958990663e-02
-8.362795733841642265e-02
-3.155715114326888143e-02
