1.211193647248739735e-01
-4.115482207715836366e-02
-1.268648270466064543e-01
-8.239460316671467360e-03
3.025664657070616451e-02
7.019185583889489544e-02
-1.628420592419217439e-01
-2.363966335253007978e-02
-6.062334706757509240e-02
1.446055490395960763e-01
9.301738927167828991e-03
-1.519955283406087265e-01
-1.405286075277013651e-02
-1.399133457071807252e-01
-4.664271602311931275e-02
-3.741317043482560167e-02
8.013416971698961166e-02
-3.039485044361379951e-02
-9.240041808746642105e-02
7.816210955891839118e-02
1.055382237238270682e-01
-6.356778057987223784e-02
-2.011572645335513165e-01
9.829281294776388844e-02
4.040146549205080040e-02
9.750319603073818661e-03
1.278448743527227649e-01
-3.340896780340857786e-03
-2.647251542217442938e-02
8.695423988945943927e-02
-4.845776930767941443e-02
-2.063343816126712860e-02
6.084741918888665613e-02
-7.906258052979210638e-02
1.214652744709856791e-01
1.823916517146308494e-02
6.134488039247365521e-02
6.884844145535221234e-03
1.511463382804717759e-01
-2.543427701167595006e-02
-3.866438828736280114e-02
2.011124573831770540e-02
-3.460424945685841580e-02
-3.057433363119253008e-03
-9.158396052354444983e-02
-1.002682918332175460e-01
-4.303595863463245252e-04
1.016563315199333073e-01
-2.335994598765307739e-02
-2.091624692856443660e-02
7.044615096504494231e-03
2.287946931265761458e-02
-1.875171969274921566e-02
-1.231000080708415621e-02
-9.299542212977403299e-02
1.205521833043490809e-01
6.955328120718114529e-03
4.462384839546068745e-03
2.233185465098123587e-02
-7.655014322865202891e-02
8.251498601390527127e-03
-3.058586274374824193e-02
-5.925298292881542306e-02
1.295035754136960628e-02
1.832270213874770404e-01
2.469041285047072695e-02
1.226534640835889312e-01
-4.751667367205890044e-03
-8.289242806470406566e-02
3.608925007125094592e-02
1.716182233881979324e-01
-5.193388766682831975e-02
-5.548332681749874873e-02
7.682680556054897331e-04
3.392414092439190176e-02
-3.923066047188170091e-02
6.237464472339648153e-02
3.815110637727189141e-02
-6.486107787476577680e-02
-1.066508376396139990e-01
4.146396231918859226e-02
-1.839479000624513055e-02
-6.065698879979602998e-02
-1.021541200484824517e-02
1.861053352574199710e-02
7.391343155021580513e-02
1.996682269112922976e-03
-5.760584734983809768e-02
3.104899119574977204e-02
1.153642281320379354e-02
-4.081480418036534386e-02
1.040705713324284742e-01
4.006162944245897362e-02
2.741150163026108422e-02
3.243906757111889722e-02
-7.314745476934536583e-02
2.867915846978623742e-02
-1.950918602460376822e-02
-3.933311318503455306e-02
-5.743014658404421019e-02
9.548978381911538485e-03
1.057958648384790951e-01
2.560732280833239935e-02
3.771976481603912107e-02
-8.711295612666176968e-02
5.334924080316345157e-03
9.825942580162462525e-02
1.603259486273175480e-02
-8.327121578479169950e-02
2.738982544387872937e-03
2.052742124297087661e-02
1.979450428327755515e-02
1.497111637992064835e-02
-1.326240733861894748e-02
1.843195957416923422e-02
3.792514304506790918e-02
-9.914523988808206234e-02
-3.401106388656275487e-02
6.350795285067932158e-03
-3.954769288244377318e-02
1.139272715482009257e-02
-1.474700788916884740e-02
1.134375206659445634e-01
1.418357252098856672e-02
-6.914314302960762604e-02
3.864522159235692089e-02
-4.632361055446362896e-02
-2.194386546251317176e-03
4.618038769880303263e-02
-2.268056484399133890e-02
-1.797239532731111436e-02
-9.088104835204817433e-02
-2.805985964139908265e-02
-4.980016534689540864e-02
1.188426013964816522e-02
1.550992963705922524e-02
-2.060459719515772212e-02
-3.923451563254702623e-02
-7.568516883145143780e-03
1.749114398323856623e-01
-5.250557889794282146e-02
1.754341414274984134e-01
-3.063961677642126208e-02
-2.663228637314370151e-02
-1.432519512127865442e-02
-1.285168725000160328e-02
7.156596602999916804e-03
3.440658154916026445e-02
1.371477043630977763e-02
5.283315844617415130e-02
-3.886041957025020838e-02
6.545408159786023777e-03
-1.922419509089212664e-02
4.675320638256494354e-02
3.760018209653377512e-03
-1.727010143629889929e-02
1.448146733209695058e-01
-1.086671594064559168e-02
-5.210045970312225661e-02
-1.826866078749679601e-02
3.024591758583570177e-03
-9.698187647435449477e-02
2.001639423817478530e-02
-4.736945017797203339e-02
-5.143777213253014624e-02
-1.554653184171560509e-01
2.567464264221451346e-03
-4.727234377253430181e-02
7.423231880223005175e-02
5.864081251071508183e-02
-1.115624941744305931e-01
1.203002885612547944e-02
-9.316992270404003684e-02
-5.278769664587558592e-03
6.077817177467188109e-02
3.408438467808427852e-02
-1.372582674614238778e-04
-7.313457998750079458e-02
-5.940002457570110056e-02
-1.396924740966101926e-02
-5.263385391366525324e-04
-5.113677864511342180e-02
3.652808373717292278e-02
8.440292365670403960e-03
-5.465083033043145050e-02
-2.207239506431727533e-02
7.510100288233499677e-02
4.377934999311456493e-03
-4.947436790123577871e-02
-4.339867106213451259e-02
6.163529037278088658e-04
-5.822394598669736882e-02
-1.007786278186491163e-01
1.004661052186766601e-01
3.486261796031521476e-02
-3.623210923250915622e-02
2.692455119490310897e-02
-2.694979158642887146e-02
-7.397995125641265712e-02
1.202773758139043248e-02
-4.843063770526123690e-02
-3.946731641951591041e-02
-8.280485045260891144e-03
-3.645098052386656212e-02
1.818708413304105306e-02
-7.251728147832679772e-02
2.500653602502682111e-03
-1.114814266921381955e-02
4.910292680807638865e-02
-9.845716644820324756e-03
3.742997311621595186e-02
-1.234167858953219392e-02
-4.227725574180977997e-02
-5.321092782193509452e-02
9.394495547552994541e-02
-2.088431456003472797e-02
6.068412040221421444e-02
-1.224385206917773250e-01
-7.270276562354492655e-02
-3.639177107515770282e-02
4.143424848651344750e-02
-9.388770997659400463e-04
-2.393771091528746828e-02
-7.077431242432009884e-02
8.648252824956154106e-03
-1.436876571068479609e-02
-2.618450582492296702e-02
3.799344485383647496e-02
-3.918781727128033826e-02
2.128648783019594301e-02
8.204072851319065343e-03
2.604161029422452298e-02
6.698829006489594173e-02
-6.632283841684567804e-02
1.256053533311350390e-01
-5.431459485542327464e-02
4.905982902139335161e-02
6.404727527998124725e-02
-2.734650944055426122e-02
2.779672674127099327e-02
1.590799316047345141e-03
2.962567315200233600e-02
-2.208323315750844798e-02
4.133823316428288965e-03
4.922585551608370247e-02
3.260884011815385502e-04
-1.061988018668853229e-01
-6.419297125757808531e-02
-3.450045107441673808e-02
-1.303007208048511945e-01
