-1.809376373277312988e-01
1.704753620087775812e-01
-1.454574674158440328e-01
1.753734321509185234e-01
-7.272626383547636797e-02
2.586729068437875756e-01
-7.415440670003407841e-02
-1.332791873381392218e-02
-3.635760079493736280e-02
6.629172431052775954e-03
2.198221263561807998e-03
-9.625016389428021901e-02
-6.747162760083000310e-02
-1.117158094102055216e-01
-7.855095358796525262e-02
-7.196095124668428801e-03
1.050495888924680467e-02
1.313391199255513064e-01
1.260028039655193208e-02
1.726092970148808544e-03
-3.935512148362078216e-02
1.455522618160466908e-01
3.828716255289730391e-02
-3.695944957215062388e-02
-2.469072346122492753e-03
4.512996155703063311e-02
-3.755802837739358191e-02
9.878446174512930944e-02
-4.047126032050231415e-02
8.460161927576294316e-02
-8.847991039333846786e-02
2.063390578884572238e-02
-7.116443477643102922e-02
-1.186595253152518403e-01
8.215435833842102409e-02
-2.597293512987433606e-02
-4.463730897146366700e-02
6.943103654975282812e-02
1.163181558106500535e-01
5.343965607226323217e-02
-4.248911132166017027e-03
-8.257827193874012900e-03
-2.665103687047996536e-02
-3.416651085322566783e-02
1.174340163520447566e-01
1.484261149477684658e-02
1.981148348746183396e-01
1.536705586102095622e-01
-6.835020645276329576e-02
9.545361263709108840e-03
-2.514003152471758554e-02
-4.378120248009216564e-02
4.793264061799475811e-02
-2.055114766844861468e-02
-1.536013326078597419e-01
-7.962614820134640559e-02
-8.824168945660901264e-02
5.038588490830359784e-02
2.952575967559810735e-03
-3.842008343479615118e-02
6.809062633741937154e-02
3.076591393879980763e-02
-4.147263705600088765e-03
4.699422823639226587e-02
1.444803719615716797e-01
5.368146006338567200e-02
-5.036139490546225408e-03
2.828943197534037300e-03
1.046084905458369643e-02
1.701721242889366395e-02
5.720492443524851506e-02
-4.647802489525201114e-02
-1.216965291761297474e-02
5.070161113811617881e-02
-1.506302152034896466e-02
3.207306784045666631e-02
3.059490136214063419e-02
8.097188081486555999e-02
5.317190102699356768e-02
-2.782739189332508745e-02
1.737242183090074651e-02
-3.111691412156853331e-04
-1.324895238942492290e-03
5.000503753457197914e-02
-3.436312661467352120e-02
3.121995302556862875e-02
1.116817182130684302e-02
4.105554169510920357e-04
1.664127001311748594e-02
5.926104106584597492e-02
2.068789511329141573e-02
8.667192897618890279e-02
-6.259526450666204507e-03
4.380621428697132475e-02
4.788359103844035819e-02
3.421914348717305238e-02
2.063331441093620156e-02
1.727522713212415600e-02
1.466314569270510751e-02
1.105728846327162646e-01
-3.894223534196746342e-03
4.196741164465495749e-02
3.644286357471597515e-02
6.293687221675015216e-03
-5.463924876825895088e-02
6.281303072510925449e-03
3.585284235569313749e-02
-8.313938521406812054e-02
-3.549777210142947975e-02
-6.673390105217030799e-02
-1.863195241737322649e-02
-7.352657208173775383e-02
-6.743127475523914838e-02
-3.796273958912117774e-02
1.019071110420802367e-01
6.859809815766023007e-03
1.716004758751094733e-02
-1.683424010368781976e-01
-4.991281736762253479e-02
6.120194336489437337e-02
7.696912204080376407e-02
2.928165974670929317e-02
4.979878579189251503e-02
1.333414559533182067e-02
-4.765980668009038579e-02
2.291366763004974022e-02
4.326110300213625165e-02
-2.672161956332810839e-02
-3.046573746931404564e-02
1.937590582755082877e-02
6.439907149150911336e-02
3.239648198309302146e-02
-1.485450862683897894e-02
-8.513128516107876242e-02
4.284832122129048765e-02
2.302168106587698312e-02
-2.114670001027226312e-02
2.465183166693994676e-02
4.533864838521988599e-02
4.975888517646776671e-02
-3.848165631125805442e-03
8.500967003333252670e-02
-5.446030477022502370e-02
-5.780743416424299896e-02
6.190571786416039501e-02
-2.436807463117736036e-02
4.236492196066073135e-02
-6.092236076143429241e-03
-4.832131505229356888e-02
-1.834659518256134478e-02
5.950726299782189976e-02
-3.074643325472146364e-03
-1.072266596990305021e-01
-4.610604819016320827e-02
-1.231280115865294837e-02
-7.854611820388152088e-02
9.491465863990219964e-02
-5.765816342249269894e-02
3.538457541215995344e-02
3.041720969379745759e-02
-1.115039569708535377e-01
-4.243310435493493618e-04
9.007294333384502361e-02
8.829512219008103791e-02
2.120907298625882009e-02
-6.313679273710415263e-02
-4.267960458239768856e-02
7.304978233892029174e-03
-3.021196677225776450e-02
-7.161899566723766222e-03
3.897298699326256360e-02
5.490422085866027840e-02
-2.159426872697220792e-02
3.969749450629767723e-02
-9.104402064821458251e-03
2.810784417018152956e-04
-7.199159853717182478e-02
-3.890647437190936087e-02
-1.140326193380942522e-02
1.151120579576496092e-02
3.836431997662188842e-02
3.456805645379052577e-02
4.889832595730693454e-02
1.643293105428677084e-02
6.797088970420927384e-03
3.417840798528779672e-02
8.439383690790588921e-02
-1.785067262502408256e-02
1.434251450493708238e-02
-4.524813277812729517e-02
3.460106925591614757e-02
-2.927487629421772486e-02
-1.016126396300745527e-01
-2.912699702990158637e-02
-4.746795672885455175e-02
-3.660437931788695920e-02
6.669949677261051424e-02
1.221852856248810577e-02
-4.050521236989599455e-03
1.529471642791217778e-01
-7.106240469357069656e-02
-1.218586362972102479e-03
1.930890618909567036e-02
9.855055438844577409e-02
3.548232670191022158e-03
6.632755485445757104e-03
-9.350032618887860539e-03
-7.304188570448137685e-02
-1.359488411563969379e-01
1.289061216319096169e-02
8.267045731875369979e-03
-5.735475176797248664e-02
9.083401191646287010e-02
-6.538670738734528309e-02
1.867188781973383059e-03
2.506830086298625360e-02
9.965448301084247826e-03
7.402190326136548482e-02
-1.792375997725372677e-02
-2.430931949651964422e-02
-3.697934769945921546e-02
-1.168763121964304652e-01
-2.981991800518109942e-02
-9.203085644452610459e-02
1.056186683761066586e-01
3.211916053046345865e-02
2.726742658688027093e-02
9.535446986990667520e-03
-8.010979097052714493e-03
8.018270438807750811e-02
-4.615394980083442622e-02
7.147042066420443429e-02
-1.845815688584571609e-02
3.060109343672267820e-02
2.164314437184734069e-02
-9.643321275074494270e-03
5.471612789649669961e-02
1.164013661612132711e-01
4.854673439662868933e-02
5.492655407147866570e-02
3.324030868610798606e-02
-2.410981641939589221e-02
7.486496465179166490e-03
1.208668607560074541e-02
6.067346023539760269e-02
-4.737267531154994160e-02
-3.162932568670068223e-02
-3.998681745179693409e-02
-2.542949361796025681e-02
-3.589107319819689196e-03
