-1.654810110519210620e-01
1.912426286370615680e-01
-1.514513497171909306e-01
1.996617251109687186e-01
-7.484212066037757016e-02
1.680727241895129953e-01
-4.556540316666198021e-02
-5.285151480003304203e-02
-8.437113105870039723e-03
-2.992944219063040784e-02
1.222421602104507322e-02
-1.276739684499473004e-01
-1.201823846932743717e-01
-7.841673734362394899e-02
-1.642112510931629521e-01
4.928095529726686519e-02
4.737672795375477003e-02
1.315573434443133294e-01
-3.788409464821195383e-03
4.683447546771159903e-02
-1.338127575795599322e-01
1.461500245278835597e-01
1.025184867519702975e-01
5.687022083143322693e-02
-7.390566839293277734e-02
3.411744954986500877e-02
-4.240843539267731555e-02
5.066135938132376032e-02
-7.965799389036445910e-02
1.549732918199656778e-02
-5.256764969796137200e-03
3.399484018043821137e-02
-3.550840917974748545e-02
-6.784695700347580238e-02
4.207626233658302156e-02
-1.551273271466712365e-02
-1.740148775973780412e-02
8.133216534749553028e-02
1.191989997872239665e-01
-3.161379098184739084e-02
-9.926088027234564182e-02
-3.628914135910087796e-02
-6.176868175221180562e-02
-1.002178591223893724e-02
1.113829103579065810e-01
3.060489397481138199e-02
1.385109038098503997e-01
2.023168746721704103e-01
-9.944503500668380735e-02
-4.880843130286629389e-02
6.360967896942668065e-02
2.042749112313731880e-02
9.722001534215321539e-02
-4.071858533979227923e-02
-1.448638295498921036e-01
-1.062155408902163423e-01
-3.110702163356317274e-02
-7.536900399663561123e-02
-4.387276810005748956e-02
8.543459370490644883e-03
4.690846743714695288e-02
2.788410748533268896e-02
-4.268772757098742571e-02
-2.292681744759133763e-02
8.384875188043308669e-02
1.261941978270111619e-01
3.639658787605509760e-02
-3.454995186563046550e-02
-1.069101439415792373e-02
9.579415708356400425e-03
8.850907693675569288e-02
-7.836444097489198707e-03
4.643927858263264402e-02
3.057670000876259661e-02
-7.265911688183675221e-02
-1.967515920714526384e-02
4.867550706781189999e-03
1.220915975551731258e-01
8.089350849523893605e-02
-6.627407752680780639e-02
-5.200170740386012534e-03
-1.722286866995311611e-02
-9.287195565126362198e-03
-1.796598597265117864e-02
-3.838161500031674793e-04
-2.858589655974948240e-02
-4.222555282509988378e-02
-1.135663267310724894e-02
9.498203332981727462e-03
7.149635646252230914e-02
-4.608681962413739563e-02
6.966474577302855797e-02
3.674639935237258848e-02
1.268278056396294866e-02
3.771307417610627460e-02
7.096902614875374125e-03
-5.667396332142533855e-02
-5.017346623713806603e-02
1.199432173422556314e-01
3.378733946689622958e-02
1.659397131263806377e-02
4.290874075850156094e-02
1.602063669817037350e-02
1.238127704166806439e-02
-7.899443858454065215e-02
1.764254616945492562e-03
-9.984239801354455671e-03
-5.937112876861681821e-02
-7.783356922392460110e-03
-4.084291385349034242e-02
4.484821055957462915e-02
-9.738831956631029130e-02
2.243369810482099061e-02
2.897799898514015829e-02
9.724900011456677484e-02
4.160205358079661214e-02
4.349606920733737302e-03
-1.147249268212504614e-01
-2.055546422269046575e-02
1.503659851729689453e-02
7.770824360654920993e-02
-3.543410776434331028e-02
-3.651892218239848747e-02
2.514881141820449889e-02
1.100193882705935260e-02
1.665984892111303101e-02
3.936637522178416254e-02
-1.972253882326139088e-02
1.550516847987354861e-02
-3.953309783321167815e-03
-3.532322295884655905e-02
-2.666169275980526804e-02
1.782023692133312409e-02
-3.276857457174315452e-02
2.336709029546293198e-02
3.555180038115427626e-02
1.549117464550542854e-02
-1.433604722675541586e-02
5.175703879117334733e-02
6.768288187422603908e-02
2.995127532287550180e-03
5.288981733439688387e-02
-7.961157699504023411e-02
-1.482507500616015057e-02
4.969358430525647186e-02
-1.580849429509597476e-02
-3.576005751817561140e-02
-3.487246333092023504e-02
-1.027598546076562425e-01
-1.944018656814842927e-02
1.232755378319095874e-01
-1.271554745377330604e-02
-7.163571029715125327e-02
-1.317555607787904669e-02
8.957429311011842407e-03
-8.831814877398873331e-02
5.097764754435154394e-02
-3.578598221378632288e-02
-5.288703232067742954e-02
4.327863183990746099e-02
-2.588824975216204999e-02
5.955786221936188590e-02
8.190725348911990708e-03
8.697346850788877093e-02
4.933283907137371582e-02
-9.088875081992950355e-02
-8.190532804753609952e-02
4.385365121576099458e-03
-3.925057366367158684e-02
-2.757469589938997545e-02
-2.500983579531524184e-02
5.114736146681106432e-02
-3.183476978647610534e-02
1.461169481921043706e-02
-4.203503725695802162e-02
7.066906985630300175e-02
-5.434985218109889687e-02
-1.833831823892228055e-02
-4.839803718242933171e-03
-2.749403365018210713e-02
3.300870464355378647e-02
1.033972445376713650e-02
3.082380980631457823e-02
-1.026284432195605743e-02
7.419207782852592359e-02
4.204806837053423618e-02
7.604820351532794176e-02
1.209741193959638743e-02
-1.741355615252210059e-03
-4.439514727832481050e-02
5.589137446625897648e-02
-6.819088900638556848e-03
-6.602184467932743772e-02
2.925357781182432587e-02
-4.117415857167814469e-02
-3.765152881119489953e-02
4.523422721424502635e-02
8.031783584456232694e-02
-3.547254783024884894e-02
6.531355723956525083e-02
-8.430827914414287805e-02
5.237386775570410796e-02
-1.505825973511486573e-02
9.236656161839641721e-02
-9.301567611234158942e-03
1.080960096598995029e-02
-3.637379202301808945e-02
-1.186000499231143895e-01
-8.094494529183525466e-02
3.296129064455222829e-02
1.567656716371890885e-02
2.309694396467596583e-02
1.227696280557609987e-01
-4.745453642347233908e-02
2.301535337756161273e-02
6.796537166088069404e-02
-2.856461355367118787e-02
1.333657113032595334e-02
5.823326155835032575e-03
-3.406876338410270988e-02
-3.654271513911282188e-02
-4.015773171273398501e-02
-4.824802465331853862e-02
-5.700314506648762602e-02
1.036656373413016308e-01
7.290103486368949837e-02
2.706115312267696679e-02
1.611302351130828800e-02
4.505533306137692929e-04
6.816114781049263660e-02
-2.984778283774520372e-04
9.470669518333106607e-02
-2.970447497129235018e-02
-7.789648990425299645e-03
7.664330249626989666e-02
1.992887051869891152e-02
9.469359530398401004e-02
3.550043235032880606e-02
3.251259398975142600e-02
5.690240321219135200e-02
2.825898408512526883e-02
-6.461823214760843703e-02
2.313139561587216481e-02
2.024539936192466805e-02
-3.706732920493279598e-02
1.604800547496895366e-02
-3.327262767207876670e-02
-4.987601989532337160e-02
-5.759628422296031447e-02
3.279642470893768397e-02
