-2.700473720122161803e-01
3.204639829922259486e-02
-2.552581863250424354e-01
-6.942080533398228837e-02
1.022580649582128104e-01
3.551379557616261839e-02
1.279138062456012248e-01
4.593969784058749006e-02
1.374337144297644968e-02
6.613208176827961582e-02
1.804311390974165999e-02
-7.851505299219457834e-02
-1.018254904547923057e-01
-4.307975360588997549e-02
2.536174694107484404e-02
4.912264506619905963e-02
5.309322208387083630e-02
-5.751001368007965797e-02
9.367116797279269325e-02
-3.142181061716425861e-02
-9.982130123580870706e-02
8.272634163850707545e-02
4.114876236576870544e-02
-1.099218707995199829e-01
4.269144358866034522e-02
7.225031303742800171e-02
-9.902765928942715290e-02
4.344777260228507854e-02
-1.380823507291081831e-01
9.346145651487142159e-02
3.417830822157019027e-02
-6.529128198644004732e-02
3.957260095850008430e-02
-1.089672909971490557e-02
9.400781103882328849e-02
8.177845035781859673e-03
3.326979655168651323e-02
-1.401042382273752669e-02
-2.766567962894181734e-02
1.716783442286919648e-01
-1.871951884685705766e-02
-9.266007391980114749e-03
3.072586617850450361e-04
-4.273183775050685973e-02
-1.639837636724524386e-02
-3.711734986155784677e-02
-1.235211384186067907e-01
-7.070443785755315021e-03
-1.119713014797717038e-01
-3.101249563577444107e-02
8.988170710405132477e-03
-1.092751884503307264e-01
-4.036252288439529795e-02
-5.799526968574091751e-02
-4.730648597361539892e-02
4.938364771567428646e-02
7.168374264457061384e-02
4.132931487523148345e-02
-4.507612702425583553e-04
3.304396500499113404e-02
-5.645326483021041730e-02
-2.310294298658243511e-02
-1.896391292001957732e-02
-7.108008477474345166e-02
-7.974566582984411733e-02
2.242800351208286760e-02
5.748667900611995757e-02
5.696613916978533060e-02
2.901627252126661588e-02
-8.166230305152318014e-02
2.178902423561781751e-02
-2.450539070992880167e-02
9.816371271345042393e-02
-3.724138812040001661e-02
-2.503096572550755211e-02
2.983482733211722387e-02
1.360435540468123705e-01
-4.369070121283177149e-03
-7.232647951748649717e-02
8.328081257079275601e-02
1.465337863624756043e-01
-1.695694307966235173e-02
-5.264174687030261784e-02
-1.010434219054793387e-01
-2.782936053034033505e-02
-2.228848395586324055e-02
-4.825821000268371713e-02
5.778961643198653880e-02
-4.296796511147753933e-02
1.317356951717133483e-02
2.581476276918790586e-02
3.426078746366609251e-02
1.433462924451585005e-02
6.867435879902326901e-02
-3.340879004440302125e-04
5.434427624621292890e-02
-3.055549675542349602e-02
-4.758526205430309297e-02
7.515587449303870460e-02
-4.299682345221997326e-02
1.496120845269313139e-02
9.475902972127488166e-02
-6.436123928889307677e-02
3.297031611455470551e-02
-1.276722303697768422e-02
5.470113518114904511e-02
-7.096435080405763540e-02
-3.181060912193248852e-02
-9.884056856213992159e-02
3.780318636576484453e-02
-7.918401788833732968e-02
4.974572970967706259e-02
-3.685202597616415998e-02
-5.388923131601641714e-02
1.750265881221759259e-02
-5.972586830713898925e-03
1.561968965473803025e-02
-5.866603822818004799e-02
8.301443655839282898e-02
1.310413664995274674e-01
5.912145891802165348e-02
1.409737460460992221e-02
-1.837656301878904871e-02
2.676487103178236057e-02
-2.031326580551559915e-02
5.598337739403309171e-02
6.908480105934833304e-02
-1.017564634079904003e-02
2.309167019722992154e-02
5.947936997996399605e-02
2.611304077545544694e-03
-1.524090514451127698e-01
-1.212749224122246922e-02
-8.336641061794285504e-03
-2.389977888994719926e-02
4.240323594088105802e-02
-9.760931693309375656e-02
2.773410546031158247e-02
4.044590394963940017e-02
6.645489687937113088e-02
-2.424701837796916504e-03
-1.233791764246941307e-02
-1.305847433788215883e-01
6.731324463663611313e-02
-8.534595000420897026e-02
-7.542818750783095161e-02
4.983876779779981142e-02
5.893925306612050191e-02
1.453975643476711037e-02
-1.908558389309772006e-03
-2.630155938939400181e-02
-6.530172810457338106e-02
-5.272862250024600017e-02
-6.797946648736974407e-02
6.145240872437015417e-02
1.717319275540809403e-02
6.001215958072835671e-02
1.239511577564407219e-01
-3.291312549657295083e-02
2.814777925358436655e-02
2.061330988211503359e-02
-6.344288271630819410e-03
6.197531584646880781e-02
2.418095983236342658e-02
6.589505258416074318e-02
-1.102929710250047900e-03
-4.423536481838077905e-02
-1.105653967676905464e-02
3.736899609587048671e-02
-4.881647610738475834e-02
4.498947685009951208e-02
2.360409362523073484e-02
-5.924057472551322312e-02
-1.024662358015892560e-01
-5.752545740149260511e-02
6.771271471532473718e-02
-4.590888554969061591e-02
3.141703846967169172e-02
7.770559156475500759e-03
5.781648324661003285e-02
-2.804542232626353049e-02
8.003454984498456493e-02
6.238466840382312500e-02
7.040048588064483359e-02
-2.183809844526576893e-02
-1.918467171150632644e-02
-1.303769482950902468e-02
1.153472388590983111e-01
1.025528859757455780e-01
-1.157550132259432818e-02
2.555548861408006231e-02
5.712730248156178831e-02
5.155328390638829611e-02
-3.159000063430377619e-02
-1.669838286788017170e-02
3.475476109309329296e-03
-8.114097411993388687e-02
-4.867240985945961440e-02
8.641881894285230459e-02
-1.775017169043430904e-02
-1.206222279087140921e-02
-5.221698816749986011e-02
-1.067633103748743678e-01
-9.624500881372338723e-02
7.110435884781586557e-02
6.806243421700425289e-02
-7.267849115300102636e-02
3.896702671448298849e-02
-6.127940898377355616e-02
6.723745391622271139e-02
-5.288065485264691924e-03
-1.449165920019638079e-02
4.421199256845656511e-02
-2.517491924553916238e-02
3.779935361738499811e-02
-4.711965827807972074e-02
-8.158756445811600824e-03
2.327707000611427962e-02
-2.792307498582423993e-03
4.190043195979438473e-02
5.368947748868985181e-02
-1.147415894631522056e-02
-2.643138434677046525e-02
1.022630625614924238e-01
7.026337118615375021e-02
4.805345857207753840e-02
-3.594449128135770305e-02
-2.497234722087447387e-02
-5.306368737576724892e-02
-2.540541021183358519e-02
1.725841504291310627e-02
-6.161060353495044495e-02
-9.383405977893653771e-02
3.216389834024030447e-02
4.290423627567132615e-03
-8.807268744472425415e-02
1.028525167167354260e-01
-2.491538205867976224e-02
-5.483873836317873680e-03
-3.440267430564974277e-02
2.845037849577037106e-02
-3.088500038819750118e-02
4.721111817569312308e-02
-8.242374239632105359e-02
1.816985763802843584e-03
-2.528749683520627525e-03
-1.376475216678171853e-02
-4.979931303506601042e-02
3.361170025274828888e-02
-1.767870220593936378e-02
