-2.327830207003784568e-01
4.290378136635924350e-02
-2.069427986879444625e-01
-8.057352285311032702e-02
2.107843750352158402e-02
2.161456231779716741e-01
7.817626969161690920e-02
1.492172736685663526e-01
-1.214310057795246339e-01
7.412318661315529800e-02
1.126440490151827192e-02
-3.234606152404610052e-02
-4.870951555651521769e-02
-8.776772320804587801e-02
-1.112198541669272983e-02
-2.998039817873479618e-02
-3.268325539621625558e-02
-6.797173319170272954e-02
5.267419667457469423e-02
-1.039291863666069460e-01
-1.171561926139078891e-01
1.762793105310722641e-02
1.843002230967313165e-02
-7.659511626060665213e-02
7.071958732540328807e-02
8.914844226224998003e-02
-7.175798314198772454e-02
3.954203062568836802e-02
-5.586597085672924401e-02
-2.085094130210254221e-02
1.047112200355185783e-02
-1.259036355768215591e-02
-1.468321541094810834e-02
3.964037294258231092e-02
4.792596076543579470e-02
1.304332543930091792e-01
1.146880834593430459e-01
8.012111282046406602e-02
3.135602324242352940e-02
1.266480303158140919e-01
1.115991795856516589e-01
-5.758356540869629531e-02
-1.477749668540340733e-01
-1.141036895474409202e-01
4.791106791816516358e-02
8.324762024914043879e-02
-5.554925907142296143e-02
-8.730788443923136188e-02
-1.148538857756314924e-01
-1.070949245972384750e-01
-3.699308974662616351e-02
2.949243633728334396e-03
-1.410371385243678610e-01
7.568530832960115862e-02
4.516441653222517255e-02
7.192321945933002891e-02
5.852517540548871772e-02
1.012381443771264156e-01
-3.010307845031327811e-02
2.063207658461232216e-03
-1.297860345980841705e-02
-4.901724210855133018e-02
-4.946487652508944205e-02
-1.453202294245720810e-02
-6.499970810039176761e-02
1.789030693958289578e-02
-1.720905645802047954e-02
5.886965651409058892e-02
8.592323876733831689e-02
-1.024841203072121565e-01
6.324192762324790107e-02
8.189159289896220939e-02
7.814956161634534215e-02
-4.059694653651362700e-02
2.660166746967935689e-02
1.797124478888265445e-02
6.142195801189557353e-02
-1.894271123008460164e-02
-3.365146734347782952e-03
9.409378730438638537e-04
5.690836404087087907e-02
-1.509908313663342171e-03
-7.088252427202684780e-02
-7.306239846326369192e-02
-3.549492591109548040e-02
-1.410444965106678328e-01
-2.804737027788856141e-02
-3.177694958369008289e-03
4.259948618293417366e-02
-6.571311439708245328e-02
4.623139529559030375e-02
2.137166033256254760e-02
9.594849510105880191e-03
4.187974777303341001e-02
-1.320755003352697306e-02
8.857848132347473369e-02
-6.988717975028410634e-02
9.975731425932164007e-06
-4.620780021452258052e-03
2.049715658582329514e-02
8.036109637363259006e-02
6.732433652210703667e-02
-8.709351233837622774e-02
9.344189801815559748e-02
2.131622781077376766e-02
-2.575652491827174970e-02
-6.788683334977989314e-02
-4.617384027775345810e-03
-1.230022542289772175e-01
3.522543966285877209e-02
-3.549043329446039535e-02
1.987236449913955955e-02
-2.687476196119778504e-02
-7.042410050057772153e-02
9.828394825261923748e-03
-3.993515226872518947e-02
-2.261982950856463934e-02
-3.868026185523754101e-02
5.216879499059493691e-02
1.279381895386338397e-01
-4.317977660247668964e-02
-4.277140836282789654e-02
-9.264988861781803253e-02
1.061152511713173291e-01
3.837547142273459166e-02
7.998208932931542836e-02
9.937041860469247867e-02
4.174107803122611982e-02
-6.731071717246525123e-03
4.536088891640824988e-02
-1.755757030911368408e-02
-1.090482930852120641e-01
6.762799495671767414e-02
-6.125417469929558996e-03
3.647799533069354810e-02
2.408994102132665585e-02
-1.496082728155551378e-01
-2.407228892919353880e-02
1.900978210520363684e-02
3.664942226150938454e-02
1.479096746032182918e-03
-2.995089548366661365e-03
-6.562404031293175713e-04
-1.409602687924935670e-02
-4.135400550192629837e-02
-4.484480400231986852e-02
3.555071218222560087e-02
-2.436413213580325421e-02
4.966343603038644861e-02
-9.653713400505707989e-03
-3.739869874141246719e-02
-3.574184295135436618e-02
-5.329258589818008929e-02
6.659027126388179785e-02
3.908148435819116390e-02
2.605965272887037984e-02
3.011468142870939906e-04
6.271261248379321473e-02
-1.266890298644759716e-01
-1.136847795774200386e-02
2.550370026401239942e-02
-4.133009204645137630e-02
2.992549628095803396e-02
4.239583268712179137e-02
8.111012522899672256e-03
-5.153056042894008093e-02
-2.443275950802420438e-02
-1.780841396706149896e-02
2.165671155181844026e-02
9.333287247115304788e-03
-2.756715554701257356e-02
2.460687493383427113e-02
-6.823294170535195921e-03
-7.221244492081380084e-02
-3.190076185316086717e-03
5.038904667935354548e-02
-2.879721275673779654e-02
4.050171721382352097e-02
3.764600490594683518e-02
3.265969569008267404e-02
9.992463769777784957e-03
8.926864628843904966e-04
-7.671478966278371357e-03
3.277806021969675160e-02
-2.512044822759910284e-02
-4.435454279014967860e-02
3.386690069235700432e-03
6.808815209993940298e-02
9.482052995124577721e-02
-1.445115584302571372e-02
3.158903793356755696e-02
1.265311515334336390e-01
4.582040931081555329e-02
-4.347526342730226312e-02
-4.769658969250762520e-02
5.305214247086781527e-03
-9.957690209523563374e-03
3.248345776822453984e-02
6.802730721322805540e-02
1.568121305275093844e-02
-1.029191966221325027e-01
-7.642938469418647518e-02
-1.053861737788050652e-02
-1.834445034400175242e-02
3.168992724571917906e-03
7.847126126736458929e-02
2.686188548517282407e-02
7.188858739881234805e-02
-3.883647756437554055e-02
6.069319899379050504e-02
-1.565404510333563357e-02
-5.150887559431562707e-02
2.856143882073127957e-02
-1.340041417442832880e-02
3.071237631584609884e-02
-3.618639974862276898e-02
-4.861612573040010807e-03
-5.306240120176682236e-03
4.280508530012395313e-02
1.430548186425979751e-02
9.170668674898957429e-02
-2.206688391310809546e-04
6.030648021383203106e-02
7.946805616140685535e-02
-3.412273221601778289e-02
3.702039919577800736e-02
-8.514216022164832268e-03
-6.662688432071101063e-02
-6.804828454916980740e-02
6.344848186365931522e-03
-5.788117472956993623e-03
-7.857869494233110999e-03
-8.542254194959844615e-02
-2.592416673113519948e-02
1.156636533929046064e-02
-7.861520187435791507e-02
1.313152930007190911e-01
-6.873056090382212435e-02
4.297534485811334987e-02
6.705354140130735316e-03
4.911324967979239370e-02
2.427095455929295306e-02
1.835191445510413188e-02
-4.794095973750883005e-02
-3.352804419828252225e-02
2.710346091037740129e-02
-6.943954533374599447e-02
-3.298426071076681482e-02
4.958302880509870419e-02
-4.194119403362505522e-02
