-2.926668557693880013e-01
1.670782495971355822e-02
-7.483937841561112692e-02
-4.254892778681339249e-02
1.657148128311357882e-01
2.484692866110991410e-02
9.944111963661543541e-02
8.075248156984546344e-02
-1.012158114211304250e-01
3.951720685427074359e-02
-6.456385555461333081e-02
-7.621495933051664062e-02
-2.673084462825289082e-02
-6.209892253560738568e-02
6.732975862541534795e-02
1.483715050432923149e-02
-7.710418902900499638e-02
-4.740538024996450439e-02
6.784511679991155064e-02
-8.866691851648593123e-03
-6.921502800674360356e-02
1.001681956842029597e-01
-3.467194749221948896e-02
-1.668975139352585346e-01
4.573241400191582762e-02
8.141850766404849782e-02
-5.744387273473011007e-02
5.736647207483699940e-02
-1.682622675366818588e-01
2.763141374288815774e-02
5.486181452055509389e-02
4.984028210556203098e-02
6.075000753802798931e-04
-3.008237367490017560e-03
5.662867845005254558e-02
-3.333422559573994619e-04
8.473338479140803126e-02
-5.111260117600713304e-02
8.771360282738664693e-02
1.071952684492050722e-01
2.877980396847605940e-02
-9.135351883178310928e-02
-2.386025314128166139e-02
4.404924227933492559e-03
8.645445211117668005e-02
-4.666107560558601514e-02
-7.368462348547625759e-03
-4.109327596240598679e-02
-1.290097446025370298e-01
-6.496607561897277394e-02
4.784395960351758154e-02
-9.905097056363819374e-02
-8.144758777965106777e-02
4.555954277381808748e-02
-4.835079492652271521e-02
3.222501122400153045e-02
1.029005926092289580e-01
6.683422613979536631e-02
1.374988338964935192e-02
1.225184775398573400e-01
-2.716280322592664817e-02
-3.245242138588973202e-02
-4.401306588395010461e-02
-7.399938373045741868e-02
-6.575581108546244002e-02
1.646435672141086451e-02
-6.181444950536698745e-04
3.523825988185325109e-02
6.425172898047919190e-02
-9.128006867816054748e-02
-2.823028123049207971e-02
-7.478535158448536280e-02
1.099337374486839131e-01
-5.487465366593433785e-02
3.535911611072225375e-02
5.641750925838766306e-02
7.911097305691401627e-02
-4.092713522647286467e-02
-2.462167664616580695e-02
4.658773518824874116e-02
7.449758646568618858e-02
-5.753177149924953993e-02
-1.219700521647262836e-02
-6.797522745550689527e-02
-2.594019469271912834e-02
-6.475241907150793008e-02
1.344887675909152945e-02
3.010925906479688247e-02
2.730092463034836537e-03
-5.555904229854302656e-02
4.595393498315997888e-02
6.362067218252275003e-02
-2.220660047944449100e-02
1.051387373052967006e-01
-4.787377129435543138e-02
1.635114545375058320e-02
2.211782382464271002e-02
6.312107945434694556e-02
-3.202726643790411963e-03
-8.548698044127464590e-02
2.564438224633182328e-02
1.370405385903495366e-01
-8.544813379628102279e-02
5.011206230547023827e-02
-7.472539899395380658e-02
6.666318384978585365e-02
-1.969491980290385622e-02
-8.463630475768577077e-03
-5.352701892501669084e-02
2.507221725481578734e-02
-3.579557389609300949e-02
-4.592430618613095594e-02
-1.158526932048005165e-01
-1.681121848771632010e-01
7.080865492052568211e-02
2.700427087244048827e-03
-4.002060377367003263e-02
-5.019959528237203164e-03
1.181356103052676881e-01
4.008443371294861252e-02
8.499869055048396571e-02
1.571738182742358700e-02
-6.065486617867923286e-02
1.512476930808134661e-02
-1.831849757647776092e-02
5.276709514936488155e-02
9.052925301418801585e-02
5.341699000962989857e-02
-2.215440258640693702e-02
8.959133698379148636e-02
-2.612561243610199424e-02
-7.564652537270057098e-02
8.380000452747025930e-02
7.640718072358765323e-02
-4.471157391859978403e-02
8.460696859075086951e-02
-6.895502616812347607e-02
1.503003031511200051e-02
2.222232934700310580e-02
4.453658112231972249e-02
5.060989925308136128e-02
6.350223015193018350e-02
-3.706207694341760034e-02
-2.252128756690213729e-02
-2.032337950877503505e-02
3.122048526843233460e-02
6.884788697491606158e-02
-3.950747690364145998e-02
5.573483982758190014e-02
2.896697749242361022e-02
-7.004503668993567606e-03
-6.075088542831032917e-02
4.094436382326382268e-02
4.610950445694323580e-02
2.747814873109604566e-02
7.534409217043393225e-02
-8.308061001985320160e-03
1.140467997365006425e-01
-8.252446652598990906e-02
-1.011344236762050201e-02
1.217271691866118194e-02
-1.054072254166461275e-01
9.695328831274507841e-02
-2.352478931714193505e-02
3.846706718278155440e-02
3.208893823023861031e-02
-5.339427459857431363e-02
-6.879243357208149334e-02
-5.481638369844393094e-02
4.186146653821651298e-03
-1.182968129083626294e-02
5.067080289141880078e-02
1.051255323722998132e-02
-5.630802902442733071e-02
-7.443529283440171451e-02
1.126844603333537753e-01
1.984577061641952175e-02
4.271514168027004676e-02
-1.668532902122855932e-02
-6.797650771216864896e-02
4.418056003406849869e-02
-3.278784863126769228e-02
-1.281079683887635656e-02
2.143606886288105390e-02
1.270256028281601009e-02
-6.692746540353237961e-02
-3.064890553710452464e-02
7.391499652706734480e-02
1.037833844456468035e-01
-2.369974553466023398e-03
3.594638813084691936e-02
7.068242161367732646e-02
-7.581211742720721236e-02
-4.151071279165934047e-02
-2.246100576751468639e-02
-1.673075984333972834e-03
-7.769877680148251642e-02
2.993825335354912548e-03
4.641442501500983586e-02
5.290872811491596772e-02
-7.528915087026406827e-02
-6.310322901860600242e-02
4.807144292292930832e-02
-5.515656618285123131e-02
1.246497025152882576e-01
2.093450088156997152e-02
3.379654456567800919e-02
7.207358508109440454e-02
-5.144857710281155322e-02
6.494716439914068051e-02
-2.601719298623282606e-02
2.457569714262817367e-02
4.155285152521173003e-02
7.019098594937494759e-03
2.040783986968863761e-02
3.361983256759502880e-02
-4.253363786439594979e-02
-1.889977067967308841e-02
1.982027521946985726e-02
-2.876883033994679251e-03
1.402302431949518646e-01
7.470923118125401274e-02
1.361999220662458293e-02
5.090669932603630182e-02
3.121631528959121354e-02
-4.314995342136140888e-02
-2.562291051317622595e-02
-3.708863312445842553e-02
4.346434787872493523e-03
2.285565402818893338e-02
-5.799207863729057000e-02
-2.660654999577805047e-02
-7.198444263867498187e-03
2.368847927603685150e-02
2.903508714682859551e-02
-1.043303466703072863e-01
5.781726873481933537e-02
-3.753932004815546675e-02
5.328161201234048877e-02
-2.089499581886460761e-02
2.091317546346142808e-02
2.446753374409135501e-03
2.624416420297985292e-03
-6.904833858938402846e-02
-7.546238788597943448e-02
-2.054687574315446075e-02
1.706662603385885810e-02
-2.128232832718600365e-02
6.775462094330685081e-02
-8.161453324834299153e-03
