-2.089684857756415881e-01
1.666756942058567406e-02
-1.832990846177609545e-01
-9.289935513652815280e-02
9.350022741443256291e-02
9.106328308769379154e-02
5.861897430875587928e-02
-3.467663255179219417e-02
1.256911676905904558e-02
1.208073104402822423e-01
-5.760568909681818700e-02
-1.193279555666733327e-01
-8.576202860493695179e-02
-3.967471330745206415e-02
1.427946744233364040e-01
-8.001875747634655534e-02
-3.454099921915645272e-02
3.322786314573199923e-02
9.121681458282099308e-02
-1.844231949497671108e-02
-1.454527781123378556e-02
4.206400472055321638e-02
-2.887823206194118156e-02
-1.000238810835527153e-01
-3.734394964089473440e-02
1.593000653462409849e-02
-5.794243131854578954e-02
9.114427793694314384e-02
1.830264585983761710e-02
-1.424895371847424430e-01
1.763395691561535014e-02
9.775153188402977214e-03
-9.104225085877451495e-02
4.695533841848444773e-02
5.598620747003242581e-02
-3.843271676595571423e-02
-7.358112071472758253e-02
-6.684431276867848493e-02
1.362479872539635040e-01
1.360426115033494254e-01
1.279756755574599225e-01
-5.381075001091686211e-02
-7.394161387360102811e-02
5.214293579343685925e-03
8.275011524811898278e-02
-8.242485201668126038e-02
-5.071278198676124754e-02
-7.619549851308532462e-02
-1.767865323405658773e-01
-8.055649530765658650e-02
2.808780540490776398e-02
5.320674366658464244e-02
-4.543905442479822393e-02
1.333356465859430150e-02
-1.730015996113317550e-02
-1.279556250842890999e-02
8.631230270195829057e-02
6.328967728213515109e-02
2.216532609238384965e-02
1.434141245407888864e-02
-2.146990318393382155e-02
-1.661274213801688243e-02
-4.125692597563217212e-02
-7.804614585880091659e-02
-1.181712584957850393e-01
4.420872567277416010e-02
6.922514597840814798e-02
3.981582181637739054e-02
-8.990318763152231607e-02
-9.547049792211644015e-02
5.526408835719112678e-02
7.527181739311439301e-02
1.909061812749984419e-02
-4.896514347496276620e-02
-9.071222988794030995e-02
9.965598699672920113e-02
-5.177685417876438240e-02
-1.513134823323806881e-02
3.795422411808262175e-02
4.116913435581644187e-02
4.638305033679532285e-02
2.466476294849682602e-02
-5.119810916503719778e-02
-2.742583771157891884e-02
1.260434669649477916e-02
-5.215773764933697570e-02
4.792908908162770570e-02
2.764431612545152628e-02
5.171436164939017047e-03
-1.952723511671674433e-02
1.327418353974603449e-01
-6.467618071784001117e-03
5.936503315792542729e-02
1.148631192217823976e-01
-3.241787689340200340e-02
-1.249480541086663357e-02
-6.561685376422689286e-02
-3.231452822095656069e-02
-1.598411638029977044e-03
3.494888097281215883e-02
5.546546156513834647e-02
1.485491224635248353e-01
-8.064285205368608433e-02
3.968422878624499467e-02
4.864199479436791956e-02
-2.820221770944181250e-02
-2.465226444262198259e-03
-7.415174736361158925e-02
-6.822885269288639365e-02
-1.487884820669707966e-02
3.036608289875805666e-02
-5.592431909804190110e-02
-5.005066325408647626e-02
-9.103500097017036552e-02
-1.059846866301037208e-02
-4.516608856688513612e-02
-3.861177391054332331e-02
2.440014201444579839e-02
7.139837560717139653e-02
5.260881665592567064e-02
9.273562848555139126e-02
1.952874551017593635e-02
-1.210772932711134259e-02
1.055304357972506983e-02
-3.651606522607327154e-02
3.335904081766311730e-02
2.735379194357529659e-02
4.742035080473422370e-02
3.374370027188369758e-02
-5.637641762021555064e-02
-1.833874426351238957e-02
-1.591830853728262718e-01
2.567045843330205759e-02
3.980377642854030645e-03
4.497800682137884087e-03
1.172720457498530877e-01
2.126785029892996459e-03
-7.993606343445560508e-03
5.938463051305848533e-02
-2.135798302860744680e-02
-4.996003964653475751e-03
1.075411093299680487e-01
2.215792516443379490e-02
-2.399807527560799195e-02
-3.901319873216097661e-02
-1.796201437495258471e-02
3.664746945702326841e-02
-8.321021885562636736e-03
2.742799002225827093e-02
-1.586366250192893998e-02
-1.013504218989275119e-02
-5.795515638343951698e-02
-3.149215674226116257e-02
2.192993127176825346e-02
-9.622716728533684026e-04
1.236334076417826972e-01
3.333766875021550169e-02
4.477833280607321220e-02
-7.145830046766496468e-02
-3.255215087192447204e-02
-6.592565370695938239e-03
-5.177409771070135697e-02
5.870219698835753459e-03
2.966722384518835978e-02
1.251179733728258192e-02
-5.436072202924637636e-02
-1.486967256643246908e-02
-3.048910444600952049e-02
-2.768169836356660848e-02
4.635174743235350586e-02
1.639675587335194529e-02
4.656248507974773687e-02
-3.768831934959127744e-02
-4.818427005655876588e-02
-6.990674878670653791e-02
9.248112718767698137e-02
4.558140900832739068e-02
1.900388378310554835e-02
6.008518875926977670e-02
-6.206206723833763463e-03
-8.166871129117157790e-02
-3.658293789647915073e-02
-3.703843480393598925e-02
6.245986711565321148e-02
-5.426930546512857140e-02
-2.036539020706073545e-03
1.460739274224319428e-02
7.536995520812561633e-02
1.532610214185036457e-01
4.608965640734662399e-04
-2.367598387043457625e-02
6.134451706571039664e-02
-1.831352069274382724e-05
-3.967682785829493297e-02
-7.666757198875684409e-02
-1.755073423601368615e-02
-9.945608642240469366e-02
8.098371009758999206e-02
5.890349467663180683e-02
6.824278607254748164e-02
-1.260763935423582505e-01
-7.912434022964753844e-02
1.636549072874660029e-03
-8.699700181684802414e-02
7.138478206603864062e-02
5.963105120592621100e-02
7.116709660873210899e-03
1.158271656069503192e-01
-7.702655475417108377e-02
3.364922516101102878e-02
3.987023374074490263e-03
-5.924812870418370153e-02
3.118758590121441590e-02
-4.275803051505348840e-02
1.034536447908570717e-01
-4.685202750587549002e-03
-3.356245305678025315e-02
-4.184990644771226925e-02
1.234993224624426206e-01
-4.219110433014450212e-02
1.011914152275107392e-01
3.576853374328100438e-02
8.882586173691474005e-03
9.516585156139674428e-02
2.886290156833034790e-02
2.802463319847691911e-02
1.735914082571475212e-02
-3.181564526138432741e-02
-6.434918053392421969e-03
-4.387647687158765381e-02
-3.295825791326562754e-02
-2.246797118177012303e-02
-4.583115256680533878e-02
4.736363553034144552e-02
3.328994031690492988e-02
-3.634546628485715858e-02
6.610391789498090698e-02
-2.127940480889280866e-02
7.817958912092083656e-02
4.611880700110909670e-02
2.827970089389853989e-02
6.300757354379392383e-02
7.186629550083012408e-02
-4.207571026986198226e-02
-2.940347138737636756e-02
-4.733312558246569046e-02
-4.255556227184834756e-02
1.155043190050473144e-02
-1.004985599879413410e-02
-2.752963950206211916e-02
