-2.625614595171159027e-01
8.866900245372308365e-02
-8.880999871765518638e-02
-6.044296516668508368e-02
3.543924699018478203e-02
1.340420938766247183e-01
1.160338830453995773e-01
6.037090122828656785e-02
-1.183978086483978148e-01
8.166586871005912518e-02
8.337038717120827391e-02
-5.662085008624555271e-02
-9.955301507217508006e-02
-1.095762762628127995e-01
-5.204508473797360424e-02
-6.577444396302990770e-02
-4.252273423571337196e-02
-4.548903478391397304e-02
-1.316157939138572035e-02
-1.325947360954457810e-01
9.726715873577526650e-03
7.147228462207151634e-02
5.881706860969874995e-02
-8.537546678238561171e-02
-5.249305274768099189e-02
4.833371822544100388e-02
-3.107392602643858567e-02
-3.975836745354666135e-02
-6.497982483042286095e-02
2.666855726052510742e-02
-6.670954356450892186e-02
2.124136163802518851e-02
-1.887190965938290860e-02
-1.536479799065471876e-03
1.459711809718725051e-01
-7.300636965835790790e-03
2.422059390523290112e-02
-6.977649783443998222e-02
3.060985784235483592e-02
1.585372749663587488e-01
2.287366879075863890e-02
-5.601018557757707350e-02
-1.614352326690944861e-01
-3.403307912880621650e-02
7.740333833329242352e-02
-9.916786353228847564e-03
-3.956251270072121823e-02
-1.286288615632521226e-01
-1.523269182300871216e-01
-7.622294133822578310e-02
4.002267557934982567e-02
-7.567487224435233417e-02
-9.078722539558646554e-02
9.366838291636428058e-04
5.672345646070357794e-02
1.137549530998069741e-01
4.204330272733913104e-02
6.305473029606718793e-02
3.402103162990216534e-02
6.944443634324065726e-04
-4.446407631446257225e-02
2.622563667390595543e-02
-4.534369110447523943e-02
-7.705020292963706170e-03
-9.696394492543790322e-02
1.143145538975243701e-02
2.021625579855661214e-02
5.247956839110949623e-02
5.596170084192653854e-02
-9.163850829979724999e-02
8.402080474200966653e-02
-4.528054305211579207e-03
7.175969299806686519e-02
-5.757245512964816181e-02
-4.581984362996732729e-02
8.802890078412393612e-03
5.982931641516881643e-02
-1.788110419141178756e-02
2.234954732467612018e-02
3.736824682999559388e-02
-3.299213101249133528e-02
-5.137919331536883183e-02
-4.926579674156793265e-02
-6.528716500124111255e-02
-2.347678058604690289e-03
-7.717200424883212395e-02
9.246621200126006052e-03
5.792393262061028281e-02
-1.013979403171876188e-02
-1.231420179263006606e-02
7.358509171580372710e-02
1.031842491378688331e-01
5.485252040765967868e-02
3.042885061875976946e-02
-9.464065660467566726e-03
1.050755590957871549e-01
-1.324900665407472908e-02
3.251734165965811107e-02
-1.923915574218275359e-03
4.497714502925697494e-02
3.347837838415990142e-02
9.518824674599328517e-02
-4.524639005063550712e-02
6.871384948309610871e-03
6.449390904129292945e-02
-9.071015087660398712e-02
-1.884973047179808745e-03
6.059291415916054357e-02
-1.084500377490579259e-01
5.579322006979133691e-02
-4.838949777694170895e-02
-2.159103384627692607e-02
1.583170304756908661e-02
-1.088956478384905252e-01
-3.850351175730240549e-02
1.777871887197952569e-03
7.161409142109807086e-03
1.757339559555060049e-02
5.046914661680954733e-02
1.120520557088467706e-01
1.087628674530159573e-01
-9.841369746939594796e-04
-4.039522698276797052e-02
1.183418817268799272e-01
-3.873952483980801133e-03
-4.336653811155252725e-02
8.706635351694609615e-02
1.827108209936085387e-02
3.084086034427648872e-03
2.837237571409267564e-02
-3.428968717121200910e-02
-7.489414273586403326e-02
2.923570611720751472e-02
-3.913049749537301364e-02
1.302249893767691395e-02
6.334110708194231124e-03
-8.838689939834604159e-02
-4.620543727990544802e-02
4.466387321524743770e-02
7.483449472141249365e-03
-4.506884602244405624e-02
7.602413918505685278e-03
-5.949519174372903257e-02
4.028842056282046918e-02
-9.435807459674279418e-02
-6.519539032304544346e-02
2.622069977833059798e-02
-9.078103585486512264e-03
3.496714714016500164e-02
-2.015314458870146389e-02
-9.419250438244680668e-02
-6.024438406854191325e-02
-6.329689607678984711e-03
8.351768350337458735e-02
9.313707716194449815e-02
3.760145988217486902e-03
9.533182198522593617e-03
1.159843298771245229e-01
-1.108143686196033789e-01
-5.989633293047910007e-03
-5.847458068978428694e-03
-2.527771588093272875e-02
5.008790038237809217e-02
5.104414758132171104e-02
-1.192448178221105180e-02
-1.595169908405374634e-02
-2.826822195445431382e-02
-5.270537609992572564e-02
3.145384593071547108e-02
-3.582454590008855248e-03
1.798872114645375412e-03
6.634841333742183545e-02
-9.895344015729902118e-03
-4.756669412854996892e-02
-9.030845705228952858e-02
6.653516799168672502e-02
-3.192421418303344194e-02
4.688540253915041839e-02
4.469780516170196449e-02
-4.035831079346566264e-02
-5.035091902053098756e-02
-5.886710073052962150e-02
-2.146871673202176145e-02
5.924679957978074007e-02
1.764516479391477558e-02
-1.749097891344554177e-03
8.613445921334063685e-03
1.007194119156100826e-01
5.330078781181660230e-02
-7.739910144529862923e-03
4.380938501316308797e-02
9.342982770106242341e-02
-2.418139348066437530e-02
-8.574146022003947820e-02
-2.041185265385199107e-02
-3.253867346964418178e-02
-4.932157629306863078e-02
-5.191989390838352286e-02
1.096026923383913859e-01
6.203183500685623131e-02
-7.292789512421227888e-03
-9.085939986149786651e-02
-6.802504202282062817e-02
-5.708488142782501551e-02
3.204225756679053572e-02
2.259418155318644941e-02
5.347361599945846256e-02
1.066901081614510388e-01
-8.706701668202337929e-02
4.707503090875021085e-02
-4.881042338849749841e-03
9.287111112344809474e-03
7.677572627264880878e-02
-1.935841492858153892e-02
7.897618168409580031e-02
-4.286581163569652686e-02
1.603993688183721553e-02
1.979776179228419711e-02
6.235225426669875701e-04
-1.805673240937996984e-02
1.753770257739084293e-01
-3.581975637453036626e-02
3.974016725642555946e-03
4.397646577013513552e-02
-7.367911378676130808e-03
4.373547894954988441e-02
2.761253590553890830e-02
-1.056337230358370821e-01
-2.954783581358394473e-02
-2.224970413804012656e-02
-4.721123764712411436e-02
-3.810804431621357680e-03
-1.118215690019852271e-01
4.649542463120134861e-02
1.189541304632330335e-02
-1.043298299663778794e-01
1.260657653820420332e-01
-1.736475649373524222e-02
-1.360387365543188135e-02
8.490613012018786293e-03
-3.369983867746948196e-04
-3.238728761950126350e-02
5.365653903327680108e-02
-4.150831272248996229e-02
-4.601297203747502923e-02
-2.502040783094535911e-02
-6.281389084549912627e-02
-2.919433198488566306e-02
2.109023368541233442e-02
1.496700947179538041e-02
