-2.143224833926332118e-01
6.419318168480103726e-02
-8.523572712799427908e-02
-9.313363057130305545e-03
1.178836798429935828e-01
1.490538797404729610e-01
1.758984409840810836e-01
1.765526959909880234e-01
-3.187500199436356374e-02
1.131205425450276802e-01
-6.184170142922392789e-03
7.596377529461362244e-02
-3.113806563441641473e-02
-1.124914728990724089e-01
-6.983367960314629252e-02
4.402725611607680861e-02
9.012669600591655117e-02
-2.886175345193175285e-02
-8.249510835418354116e-02
3.221680332156478307e-03
-2.046479537937884452e-01
-2.847529572842126891e-02
-9.821602935662687717e-02
7.364319472558226998e-02
-1.160710040531542087e-01
6.956634087674194722e-02
7.155513782516911836e-02
-1.980338335603339800e-02
-1.352203793175841273e-01
2.625478640451579804e-02
-4.987925462863243564e-02
-2.572924481793468360e-02
-1.070747155192655758e-01
3.148007860330630237e-02
1.787490076151556084e-01
-1.131118652357922250e-01
5.913692064802788910e-03
1.906030938711483075e-02
-1.840485860466691270e-01
6.617428898520653913e-02
1.177426206574953664e-02
-1.508009466068248317e-01
2.184078734562498736e-02
4.852933339106889343e-02
-1.129679841611117529e-02
6.683856169871049691e-03
-4.096903371480272588e-02
5.591382937128028252e-02
-1.143145896788861499e-01
3.416108496814180238e-03
6.007145979796278679e-02
-1.675683652125092155e-02
-1.719165437062238067e-02
1.785860787884948828e-02
-2.845138021760161562e-02
1.339715875335898143e-01
-3.801610305364171855e-02
-2.643990233487204106e-02
-5.857536470075819408e-03
3.020684220427067093e-02
9.304340066470029313e-02
3.347670629421423821e-02
1.702279957667890767e-02
-8.017304629333149232e-03
-9.718226552832076592e-02
-6.765687428795107150e-02
5.374390241096681231e-02
9.011022322781510330e-02
5.990616763911191939e-02
-4.400566866383251452e-02
7.680589757382952354e-02
6.094822076689091449e-03
5.092832720575230648e-02
2.700417435047966844e-02
-5.282964558952941980e-02
-2.505911668437753315e-02
4.172762807422372017e-03
4.814075925067172468e-02
4.908566884335142239e-02
3.692449049709928266e-02
2.216562206411787361e-02
-7.602987804870806055e-02
7.638892817353586107e-02
5.497921967411583365e-03
-2.939159841951581240e-02
-7.666579077593031755e-02
2.043654474130294704e-02
-4.651309357034425634e-02
3.014740616336932660e-02
-6.563527287778013475e-02
3.248064996010607830e-02
7.816657726390041638e-02
-5.248495182591637886e-02
3.130325197242295188e-02
-7.017050735066378275e-02
8.422012921129896912e-02
-6.254414019391794921e-02
-3.847857541699931799e-02
-1.411632426618085294e-02
-4.616614229538541780e-02
-2.047492243418168149e-03
5.544765327837096122e-03
-8.723955063631697038e-02
3.269677139785240327e-02
1.039273566934468575e-02
-1.049453532159471021e-02
-1.857653176043116625e-02
-5.535072138496033994e-02
-4.927826278004065336e-02
8.553005016970398333e-02
-7.250078816375915558e-02
1.857222837942821766e-02
-6.425720329562355226e-02
-1.284074922648542338e-01
-3.347709430397680097e-02
-4.283116311256120190e-02
2.037707342678682018e-02
-2.220742129763009567e-02
-4.624882364842562710e-02
4.083107860740500111e-02
-3.914111972337915024e-02
-4.564201165339542426e-02
-4.588878586238404750e-02
2.701673175734072702e-02
-2.286012426548679130e-02
1.767557309176516142e-02
3.045238183674205470e-02
1.194468653555064153e-01
4.047876574299985597e-02
8.980556501697538330e-03
4.181313131644619902e-02
-6.471170382204127769e-02
2.604769501215270164e-02
3.714879541347416297e-02
5.290237978320216222e-02
-8.138949217257414326e-02
-8.585019349743135131e-02
2.225334754407137447e-02
-4.482570966019721638e-03
-1.106169977361415487e-02
-1.063127348928258747e-01
4.119668962458154088e-02
-7.524542812965460958e-02
-7.779930838682931615e-02
-1.031506316960298462e-03
3.593510087618421306e-02
-4.779666513850991394e-02
5.519932703033209043e-02
-5.413297038197088795e-02
3.892901947771754828e-02
6.503089476216963871e-02
-6.375585940878031321e-02
-7.273863814820889784e-02
5.789969860968085386e-02
9.676293279583695478e-03
5.812530864980251788e-02
-4.184579468373085011e-03
-5.038091597800867238e-02
-1.163763677362894960e-01
-5.180981483906071938e-02
1.895593476098599711e-02
1.582169771986479540e-02
-1.266975332412491155e-02
4.093580596968161844e-02
2.192879501449671725e-02
1.749641840230644133e-02
-1.255787600013274496e-01
-2.362178742939349471e-02
-4.220473898771429783e-02
1.024627962078540275e-03
-5.727750731860734024e-02
-1.689990630279149253e-02
-4.511918613515224219e-02
-8.726741679199179202e-02
3.549231118987286604e-02
9.120557478752403663e-03
-5.261581693674367843e-02
-1.428020548044059077e-02
2.194787804009174989e-02
-5.199203833300514166e-02
-6.674081851215997452e-02
7.256078858249696839e-02
-2.810933197509694892e-02
5.297835914943450908e-02
1.018413809363056255e-01
3.391103031297880432e-02
9.820957428512247511e-02
1.280219163817132022e-01
7.661922960442302775e-03
-1.027809642131538061e-02
-3.635545654349659535e-03
1.644273556373505585e-01
5.165961978733493720e-03
2.512038695324734713e-02
-7.625414769146816873e-02
-1.469558756806923702e-02
-6.453364261464067386e-02
-7.485695981010177802e-02
-2.599443185383754767e-02
6.634705915039039448e-02
-1.678741874526366168e-02
1.720964391415928706e-03
5.491255254218494787e-03
-1.850570234195644467e-02
5.869391932002787637e-02
4.255930936346524751e-02
3.931600630544970082e-02
4.128102883751633145e-02
6.058624293203653671e-02
4.693369615296008601e-02
-6.378460740482459757e-02
7.098783227869055745e-02
5.311289271619874450e-03
-5.423819157485439829e-02
-9.091738935478575062e-03
-5.425886191311445061e-02
-2.299402290718502093e-02
1.241567747687719395e-02
-6.833980674367272010e-03
6.685760945069074875e-03
6.926563331075739904e-02
-1.546218903804489481e-02
-3.405501720850361014e-02
4.666988478803357071e-02
-2.371632071699919866e-02
-8.763376855507867477e-04
5.822195835429492400e-02
-5.782484799912141621e-02
-2.365907164021410422e-02
-5.520285439180991696e-03
-3.245514713662140532e-02
-1.957597436155803644e-02
-9.787570952124635681e-02
-3.088395451355391980e-02
5.753013694764914920e-02
-9.339112795918426760e-03
1.595647820193248079e-02
1.505654246809504625e-02
5.251832066549660255e-02
4.978027686556468073e-02
1.391727525798720083e-02
4.556381004943205193e-02
-1.386298916484347658e-02
-7.093650916918819993e-02
5.928193047838126867e-02
1.344961767325719183e-02
-3.539742516611938360e-03
5.012098471070776558e-03
1.080713009575954035e-03
-1.780192317990084497e-02
