-1.805208997671017002e-01
4.382194341263525444e-02
-3.165303751600340720e-01
6.493339688371029331e-03
4.863515261447569349e-02
1.964940737306801466e-01
1.320903500328970970e-02
2.721875522868153485e-01
5.276830270336464734e-03
7.170654894542347058e-02
1.668382929008480897e-01
-5.169004651610947798e-02
4.570684207502611479e-02
6.362594183251596425e-02
-3.706690774749479833e-02
-5.078287126364231657e-02
7.516155735019526204e-03
4.880600213543886262e-02
-3.095358261861904173e-02
-7.151662431347041715e-02
-1.093095433477051792e-01
1.155433028428481113e-01
-1.410467262363299945e-01
8.541593369712215111e-02
-9.039063668957889042e-02
7.806920594099894806e-02
-5.023104846876670637e-02
-2.881201296536943512e-02
-7.847837864242332429e-02
2.478759431503464034e-02
-6.220393693802878793e-02
3.808833531119428656e-02
-2.540712218323312385e-02
6.821266301807955845e-02
8.167757559340002582e-02
-1.384747268688891510e-02
2.031254682951235888e-02
-1.259344117011340636e-02
-3.743316971397136778e-03
1.063663892643483821e-01
-8.272042546545557706e-02
-3.568523497676440864e-02
-2.927520426533362571e-02
4.626378903316591407e-02
4.181399871366837245e-02
-7.103574638546533704e-02
-1.464507679920895311e-01
6.964580883527658750e-02
-1.464721572413277551e-01
-6.077928731411495061e-02
6.508940286076625448e-02
2.031958842161088116e-02
1.632994796323685577e-02
-2.326535417527651403e-02
-2.705320177839528120e-02
9.693835862678591708e-02
4.897185972960917816e-02
-1.917971003871420665e-01
-2.773501302459194587e-02
5.135238068655882497e-03
4.078903382436070008e-02
-1.295190118478128883e-03
5.475313907896595805e-02
4.902511796843883607e-02
-3.099675782650950298e-02
-2.257838570669783423e-03
2.644266599024749226e-02
1.977584196922197168e-01
3.005037446029189957e-02
-6.827603734696625903e-02
1.575118198732699398e-02
7.000615321966099924e-02
-3.855618794677299205e-02
-3.500299396203591321e-04
-4.580149032938322234e-02
3.303339783975580563e-02
1.543361610141906308e-02
-2.861269954395168416e-02
2.735215538096298984e-02
-1.735359048783118724e-02
1.434372310468653468e-02
-6.064348045805521836e-02
6.651663109587109546e-02
1.051835340282682510e-02
-3.309217695126364034e-05
-4.891956020519669379e-02
3.060718918196036337e-02
-3.650480356697297785e-02
-3.340518067891055931e-02
3.365652915179812715e-02
9.318241307237640214e-02
6.768715528099934764e-02
-2.120752326749898373e-02
-1.274197578653900667e-02
-5.082439351564110863e-02
-7.116342069853803798e-02
-1.608018302209350547e-01
-3.162782332683185260e-02
8.686891498501923825e-02
-1.097359398495207500e-01
3.146573447209454616e-02
1.289985952148790249e-01
-9.116240179540031907e-02
2.917999400597334758e-02
-2.324535340898728833e-02
3.618684097165105005e-03
-1.729861317487419586e-02
-5.604942014833258664e-03
1.770041369302170764e-02
2.256321157161228844e-02
-2.698632318301824942e-02
-1.855770273667821726e-02
4.555083609797015709e-02
-4.501944383791559728e-02
4.860020912692575865e-04
-8.291193693506464582e-03
-2.361882226315155028e-02
3.885272823373885770e-02
-5.380060671683133122e-02
-1.078530577933177297e-02
8.758980210849502332e-03
1.602229981267895217e-02
-7.476293050735977053e-02
7.823175762338593908e-02
-6.716287073127898133e-02
-2.005795856307711258e-03
2.587556988293282859e-02
9.289717900370957071e-02
3.056328667347756739e-02
-6.020045521996941762e-02
-1.541725183809151446e-02
-1.121725290703158850e-01
-2.857177235607389829e-02
-1.103455830414870470e-01
-1.724932203018455026e-02
-4.074539578882057506e-02
8.161800306306418035e-03
-7.022212843646678804e-02
-6.293765099922393746e-02
3.065105863132532374e-02
-5.560441136317678668e-02
8.393845560291049446e-02
-4.378683462949615329e-02
2.092430580501998885e-02
1.146754679406027143e-03
-4.014643069191448088e-02
5.686852591089149034e-02
2.219278415628870085e-02
-3.664867684778406760e-03
3.951278658040113106e-02
-1.600629919964757439e-02
-3.227660851431292388e-02
-1.017880320355966234e-02
5.073510083837301510e-02
2.008182724615285158e-02
-6.600847939565343547e-02
1.964898421635974737e-02
1.184752829443772026e-02
-7.262529488913233022e-02
8.217273506030913985e-03
1.259582142659741201e-02
4.593438798307360876e-02
-6.264699523523242775e-02
2.427302914595729985e-02
-8.565286839463435260e-04
-1.300225022124160482e-02
9.053702246334532910e-03
-6.146979310830180676e-02
-6.358845279289285224e-02
2.127562505023584960e-02
-1.128498112173693807e-01
-1.940752041970437297e-02
-8.145845976040005931e-02
1.291553615516451581e-03
1.519033405328284753e-03
4.625076374073953944e-02
-1.133131016946870712e-01
-6.212006595608537962e-02
1.025669048517522525e-02
1.701354440179652511e-02
-3.763582210629028840e-02
6.942659382492313846e-02
-6.630468909144097284e-03
-2.151133656038820702e-02
7.408217715293377408e-03
2.118213386500291187e-02
6.182018669821832957e-02
9.222290523637892423e-02
-2.384488051089654614e-02
8.900615389383267906e-02
-1.928017669781000379e-02
1.213486822891054473e-01
-6.128919114757778314e-02
1.001089594408366944e-02
7.369703843017431054e-03
-3.976598636388736785e-02
-4.770000934832145656e-02
-3.714796870442236415e-02
-3.188089087384676171e-03
1.120957327395888381e-01
6.088034903733174213e-03
-1.040601852042882802e-03
-4.255574614049704302e-02
-3.777995986004404998e-03
1.591680816767247764e-02
1.100567785880941958e-02
-7.915675174036530901e-04
2.872096815485616905e-02
-6.947125669311608742e-02
1.102257106802230187e-03
-2.767613473573060645e-02
-4.063167242347356933e-02
-1.758199593294235488e-02
4.359152136133624678e-02
1.514907627422672730e-02
-3.157344107799585960e-03
-1.216046590384897014e-02
6.114789647795769445e-02
-2.216617156643279143e-02
4.104544034227678578e-02
1.767918973937264437e-02
1.909177278527728408e-02
1.335793327001147911e-02
1.007007176500551021e-02
4.352239474594654656e-02
1.922205876865883123e-02
1.183394099700817853e-02
-1.843214420714684929e-02
-4.636610700286037529e-02
-4.211315067094308084e-02
6.592186450692985415e-03
-9.338870196765701806e-03
-1.499426042541277503e-02
2.363300462470209126e-02
1.693192143986578871e-02
3.163823694894938102e-03
2.730964135542919904e-02
4.814134857139774383e-03
-1.405386075952301875e-02
7.575847278179567712e-02
4.147600229293938595e-02
1.301682929220614529e-02
-4.339230711727199569e-02
-7.975750202963440005e-02
3.780739892784579226e-02
4.358424835541289261e-02
-5.935962961699395996e-02
4.203721387727969022e-02
3.936712810722703404e-02
3.420345919723440098e-02
