-2.219226848882610847e-01
-8.738031397076134743e-02
-1.761086024543033757e-01
-9.122546131299190397e-02
1.510540969313434456e-01
2.075769901877275170e-01
6.490090076367191485e-02
2.586391945493288769e-01
9.888341452024414571e-03
7.280451226807023446e-02
1.148571048502388947e-01
5.397649096061821888e-02
-2.203360941741781907e-03
-4.804046059637435799e-03
-1.083428401717039802e-01
-7.846753100918186716e-03
5.149953155442388297e-02
-4.303630164650695811e-02
-5.291258024916919295e-02
6.902916644066246776e-02
-1.148326531285587954e-01
-2.960868758932228700e-02
-4.365773400243286306e-04
1.715026479425703354e-01
-1.854554197768524537e-01
2.726314803658460434e-02
7.407150267864640036e-02
2.888618811711863091e-02
-1.327183050824596866e-01
2.412970880672288612e-02
5.772637439518309849e-02
-5.987401801378981758e-02
2.612356739710955389e-02
1.033980826043714579e-01
2.581602994296501585e-02
3.361361878215841231e-02
-1.888171728826151807e-02
-3.314205917898375292e-02
4.318813053699261523e-02
1.376539340070316586e-01
-2.741086903782799164e-02
-2.459253099468385745e-02
-3.499999879912462503e-02
-5.924234853705384607e-02
-4.145724206270155060e-02
-7.620923519939878932e-02
-5.980969368462336205e-02
9.405041762213744994e-02
-2.089114999524363248e-01
-7.566924337781541499e-02
1.162526461122612570e-01
-3.667119247022065931e-02
2.148497798750747395e-02
1.081423686562227177e-01
-4.058007730029735208e-03
6.991803542717754671e-02
-2.057299397343081634e-02
-2.834489220371231785e-02
1.245309884019810305e-02
-7.790644550236246191e-02
-1.844015179701444934e-02
-5.816660319231165693e-02
-1.777874902671547352e-02
2.034057220828755508e-02
-3.325160289211061271e-02
-1.507699679254206546e-02
1.723314961029346476e-02
1.498552127162202652e-01
9.237139940010379024e-02
-5.433234501680263978e-02
3.141381149063413730e-02
-3.397071172557462188e-02
4.181792125863083298e-02
2.421903909659419568e-02
-1.742038459377190027e-02
-2.199843154049404420e-02
-2.864375744723431094e-02
1.026004022385753819e-02
1.092968159424792668e-01
4.551945548886025816e-02
-4.861569549947264424e-02
3.372557506515770631e-02
4.117637328633610982e-02
-4.495543577543923558e-02
-4.592307190805981071e-02
-1.155493819944459523e-02
1.688111002269114536e-02
-3.844355106448118370e-02
2.091094936934540308e-02
-4.334263281571527904e-02
4.332770096434263724e-02
4.626930828705005244e-02
-2.917484884212612553e-02
4.234666528824135995e-02
8.480802545231019146e-03
1.480072493985248698e-02
-4.951496461827564755e-02
2.098821680985452423e-02
5.774521852202456340e-02
-5.908827008817362642e-02
-3.530163523777036377e-02
6.760901044548215527e-03
-6.548872015286157089e-02
2.472088623235660712e-02
2.095222387554141266e-02
-4.949465338813338611e-02
-1.828040054870444867e-02
-2.514575934827005879e-02
-3.483294463660616125e-02
3.110148149904030240e-02
1.211253526063764234e-02
6.450693462396211997e-02
6.995200701916509667e-02
3.568236484547733511e-02
1.456373885332893844e-02
6.956769115894503863e-02
-4.103657464291706608e-02
1.970681618463488230e-02
-4.139233089221476536e-02
-7.501299177021704921e-03
3.449847768631793959e-02
2.415693172352673460e-02
-3.115338435359326502e-02
1.393948639883593466e-01
-8.272832501767857227e-03
2.486870504048671604e-02
3.139102248602828465e-02
3.378171621813522152e-02
-2.173966712052741862e-02
1.249251501554642790e-02
-2.988016690456256341e-02
-1.393979612064388252e-01
-1.102453145275982156e-02
-1.657119260096974467e-02
-6.035770567091780503e-02
-7.017842996192284744e-02
-6.604168768808317547e-02
-4.838796846489196168e-02
-6.652566876587133471e-02
-9.876092769577460295e-02
-8.079158564913663243e-02
9.485843291563031410e-02
-6.832137060376245949e-03
3.661808333073148652e-02
-1.755255430002674449e-02
-5.235821081523791415e-02
9.898871993494642516e-03
6.762723512870771891e-02
-3.076668852579634433e-02
4.870479757327494247e-02
4.106751422141629443e-02
1.951589714175664542e-02
-2.941454091918227487e-02
3.772245349098718448e-02
8.986056620880861212e-02
5.508236082647029880e-02
3.130648473360627543e-02
-2.139427840122208602e-02
-1.212387433903809458e-01
6.331923299622062296e-02
2.209643404098789524e-02
1.719259235460007113e-02
-1.833967152205701751e-02
8.566513980293670449e-03
-3.292619937999181207e-02
4.565495062926359579e-03
-7.552615190254345634e-02
-6.262493450968802111e-02
-8.914237023962065520e-02
-1.293965549933656124e-02
-9.115217135254274905e-02
8.225363559412886966e-03
-7.365562779631122658e-02
3.422696576878209163e-02
3.925870626070463408e-03
2.911561047106913519e-02
-1.348117962881188736e-02
2.724619484288639745e-02
-5.106539938656756705e-02
5.742001062367919906e-02
-1.857271273081617657e-02
1.134991866373083330e-01
8.837266264342662214e-02
5.071163187729984395e-02
1.761873696004088649e-02
-1.363092197238083281e-02
1.386050407757964398e-01
1.079368111826320004e-01
1.695619310939684363e-02
-1.919906803337367157e-02
5.832909303344981783e-03
4.658708286200466397e-02
-2.619741159658346003e-02
1.861154206484417692e-02
2.909500582026670196e-02
-1.886968704119490817e-02
-1.109668359309346625e-01
-1.721619641659525787e-02
-1.016184210959024739e-02
3.394648821996353732e-02
-6.352557292490509933e-02
-1.913526534093638876e-02
-3.277932603843332869e-03
-3.222717356060104954e-02
4.821853433479664219e-02
-2.426856198357029218e-02
-3.960644234529125951e-02
7.475113013217093982e-02
1.019571589469108440e-03
-2.935826935702246648e-02
-8.391638527067138420e-02
5.451387459855571577e-02
2.742808304989078488e-02
7.557440329999219261e-03
1.366332865418086115e-02
1.185256455573479618e-02
-3.899759447545671914e-02
-1.508449532052396486e-02
-2.870394128486293550e-02
-2.413300163857580796e-02
8.198978521605278236e-02
2.189599512780220428e-02
-4.905592429660120268e-02
2.049843252345429426e-02
3.039316402541110494e-03
-2.099992103396539772e-02
3.177243674194230039e-02
-6.313163938749087600e-02
2.606553531098877718e-02
2.258475122408731828e-02
-1.148813609581455716e-02
-1.804380568972778487e-02
-6.498703602857702766e-02
-7.859686431572181220e-02
-2.170426102753462982e-02
-1.343918787211326009e-02
4.837906803820040541e-02
-1.306341381333345035e-02
-3.534238810723720065e-02
7.639288393036414160e-02
1.193244017988979652e-03
4.505764397206206417e-02
-5.224407017843520074e-02
-2.166745303583218415e-02
4.216904798195710707e-02
5.229571221462357700e-03
1.237247336324491347e-02
-8.244292452222842793e-02
2.349057340430059371e-02
-8.981736816717376601e-03
