-2.469685220083458199e-01
5.541148035301603908e-02
-1.333170895257185240e-01
-1.336859779123345249e-01
1.235098213207953682e-01
2.150842544450645155e-01
3.780216687385113978e-03
3.600984495021250509e-01
1.010646111190053181e-01
1.027238804998544808e-01
3.318128848071923154e-02
-7.863735581159550514e-02
-1.463352687575361355e-01
7.353809805328727356e-02
-4.738903028096695669e-02
7.453415428832121936e-02
1.045698807822582066e-01
-1.545127068329618658e-02
3.380530575333079435e-02
-3.161819635486160657e-02
-1.447448377641976369e-01
-3.253223598745295063e-03
3.903583750357007137e-02
2.044181663770591045e-02
-1.081980567791177711e-01
6.446464299396885422e-02
6.702338482894992788e-02
-1.524465388928652847e-02
-1.552722327424054527e-01
8.805822113859207434e-02
-2.179236346669247495e-02
-7.409378509577627114e-02
-2.932881181274342788e-02
7.845469016914589921e-02
6.838605968093296184e-02
-4.913424601472685116e-02
-1.029042763726371323e-01
1.166817443737839209e-02
-7.092904863688230532e-02
1.009490561289467792e-01
-4.490159986611875348e-02
-2.153232239261178294e-03
5.318307469747228511e-02
8.843293639659187064e-04
2.528313370580434483e-02
-9.429727591845382673e-02
3.680553472711066421e-02
-2.628765923064028346e-03
-1.626644321445487040e-01
6.344765067454435914e-02
8.504708371954720902e-02
-2.374389110002915471e-02
2.117867872763935441e-02
-1.354391886556675223e-02
-1.766426223140029825e-02
1.272485384881506532e-01
5.426924417599953560e-02
-5.645283034991109561e-02
1.881195263104929252e-02
-1.366757049667599241e-02
2.705202957385063889e-02
-1.976684811764549757e-02
-2.231153093155524222e-02
-4.844017077687312600e-02
-8.408700502759218487e-02
2.176810742069953605e-03
-3.904413740757602808e-02
1.159985775811951808e-01
4.499970811918515418e-02
-3.488808751593724250e-02
-1.352189871208154572e-02
-1.303305130470994513e-02
-1.602077960674205825e-02
2.909248475010834528e-02
-6.054695279451763334e-02
8.554561999445230158e-02
-3.759460151938365940e-02
-2.517083092302978622e-02
-2.288605367456390469e-02
1.908300378187258867e-02
3.191634923305131100e-02
-5.045345647144600792e-02
2.690486719425103784e-02
-1.282260639170978156e-01
-8.909689483990969328e-02
-4.076567300704952296e-02
5.020544178888416281e-02
2.895524837815669286e-02
-4.893968948939524805e-02
-3.743019566574717905e-02
-4.664088709701724733e-02
3.026443119575027846e-02
-3.034275518783919809e-02
1.011029939403879779e-02
-2.994131085122427038e-03
1.838008660546556691e-02
-4.022611149234353589e-02
2.034702834624189591e-02
-4.408773499330549727e-04
-1.517642529064159272e-02
-1.980014936514697468e-02
2.265931384798468284e-02
-9.526497697123066655e-02
6.654490383229597072e-02
-6.796469557470372069e-02
-4.955134159889588302e-02
1.321022884736784350e-02
-3.117000153853962188e-02
-8.205522240409173287e-03
1.292955658332947330e-03
2.228097373394961889e-02
4.086367962863830111e-02
6.000346152934351446e-02
6.151387467263268877e-02
-1.248034545223124757e-02
-8.217040474539897069e-03
-1.855692537653138435e-02
-3.632034605293352897e-02
-3.555983770587289178e-02
2.310242709042546749e-02
-7.104040285919902768e-05
9.010396115168622933e-02
1.120070351746704773e-02
1.196868855356489486e-01
-4.327752885368670727e-02
1.650579889512315476e-02
-4.587411147550312512e-02
8.803545568760427764e-02
2.014193602439659850e-02
-6.608024471659890153e-02
-7.869731838339368013e-03
-1.008818777222373064e-01
-4.604905312565329284e-02
6.098972726536633360e-02
5.064096654766235550e-02
-3.803083769850521684e-02
-8.535672095470843435e-02
-5.778084886802433567e-02
-6.747042782185883741e-03
-5.792757084455422284e-02
-8.542796462052289208e-02
2.025437431580798253e-02
-3.205124808101760675e-02
1.600119860871982921e-02
-5.306484341183632936e-02
1.396491032304470435e-02
4.810780196788332769e-02
3.089468186565611646e-02
-2.121096366036458875e-02
5.572047392215230543e-02
-3.189402418513322818e-02
-4.155724670910390661e-02
-6.016776575150236533e-02
1.882103170971704056e-02
-1.845007681638932001e-02
8.502631702095270194e-02
9.210183273881946894e-03
9.099283005498601251e-02
-1.253048026014318417e-01
2.108890425573812719e-02
1.238515063485673678e-03
3.561946150607899625e-02
3.129433071283301698e-02
2.598052890526045960e-02
-6.252459971760368496e-02
1.820589025281797724e-02
-4.269477396099050082e-02
-6.652152859244245785e-03
-3.669699230900819870e-02
-3.070879789308176080e-02
-4.368513883327750091e-02
-1.762147537932057945e-02
-7.557147290327050765e-03
-1.591511674717227195e-02
9.543873292080855622e-03
8.810049983328366308e-02
-5.561057641768152315e-02
9.647977802327073124e-03
5.752714282271553271e-03
2.846907726636253161e-02
-5.034525282493562681e-02
5.626579455392365786e-02
2.151501116425649091e-02
3.032059952571716094e-02
3.735898587709193808e-02
9.759003416199486802e-02
8.412921596796536783e-02
9.094777343323937058e-02
4.263721666749609174e-02
5.379791125993847734e-02
-1.920709581605153232e-02
9.087188859661342322e-02
2.500574752620914748e-02
-1.128478662662133099e-02
3.784285334205995943e-02
-1.878200522230941139e-02
-6.737038857071758757e-02
-2.073536222224332468e-02
2.416156259590472588e-02
4.931711492013169523e-02
5.172025896287037010e-03
-3.019660912301584330e-02
-6.142538753278135866e-02
-9.335877697691429000e-02
3.119070048281571278e-02
-2.893288945307940369e-02
-5.441478045195715513e-02
-1.093608902689327360e-02
3.265724270493050932e-03
-1.679968325125264818e-04
-5.306575809513494613e-02
4.398427414908423483e-02
6.512233416283318144e-02
-4.719328805506307206e-02
5.838830020978317409e-02
-3.902635189899182622e-02
1.574579870545063376e-02
-1.361777107264021749e-02
-4.741335408127830831e-02
3.031799098445814647e-02
1.347284458554834537e-02
-3.527753933819253312e-02
-4.116833692139594547e-02
3.971710717524316869e-02
1.538260168158154736e-02
-4.576296051614163994e-03
5.895845279925399779e-02
-1.341782807899453631e-02
-3.540125872362018949e-02
-7.690111752502572229e-02
2.650928360617909110e-02
6.806327810799903816e-03
-7.090713011487471962e-02
3.571499509504558450e-03
9.508234520594027045e-03
-6.948076620358063782e-02
1.439386291293653919e-02
-2.776368705733332429e-03
-4.427233163382994496e-02
8.691171643951535464e-02
-2.076629206860023877e-02
6.457281276332003939e-02
1.447875907391181450e-03
-1.051981326997707689e-01
2.420346864184503080e-02
1.911881193915545424e-02
2.928602496066371602e-02
-4.921866789547321708e-02
-2.892655442430750942e-02
7.059525698720576711e-03
