-1.937288945767853821e-01
3.858486241760774454e-02
-3.109736953610258703e-01
5.459575458654156860e-02
-1.387162421827061072e-02
2.485900447385612222e-01
1.549625598055168751e-01
1.201060011300794234e-01
2.919371972895994788e-02
5.053131064283314378e-02
7.330726092866836352e-02
1.616421463019227511e-01
-8.061708019520144597e-02
-8.856095161586935438e-02
3.887265816391391460e-02
-4.120798782696982743e-02
7.540393070454356160e-03
7.817673467636761242e-02
-1.136109837851783655e-01
2.732442373256719834e-02
-1.068553881061337502e-01
-7.067253973182359428e-02
-7.863774464875043779e-02
7.456910282352009756e-02
5.739845986199307304e-02
1.739442789639686626e-01
-4.133643611976764443e-02
1.274404227350401375e-01
-5.330132749659755032e-02
2.955160633313623497e-02
8.146512108035947053e-02
1.382235072368542990e-02
6.888654759743552652e-05
-4.402101576190146914e-02
2.377219015226307575e-02
4.045563799519264619e-02
9.686996991121457623e-02
-7.124974844108782068e-02
-2.253316133486244974e-02
5.813931713288238157e-02
-1.064291310873340252e-01
-1.730887713551199913e-01
-7.833800902631225804e-02
-6.845437225386721662e-03
5.086046584478971788e-02
5.327331868054144964e-02
-8.641074164615719644e-02
-3.557040498735373341e-02
-5.044356803725198735e-02
3.961709395675632600e-02
2.116361969276797997e-02
1.027705741143845053e-01
-2.284087981396527856e-02
2.858110429767886027e-02
-3.472257055538529452e-02
-1.733346571039368327e-03
2.115587769815787875e-02
-7.488559556318104271e-02
3.509817772500247596e-02
-8.099660997542107443e-02
5.377737414295645502e-02
3.476606336066159764e-02
1.445688460192934288e-02
-1.777420886133052047e-02
-1.230067716705922215e-01
-5.790771106301308147e-03
5.645169994334001129e-02
3.858847534842579224e-02
4.727282554246872714e-02
-6.664453477608003884e-02
2.537946264218506054e-02
-8.783310089592502590e-03
-8.021050504714384924e-03
6.080012024934695891e-03
-1.202452193976015059e-03
2.866072641113563343e-02
6.533407315507687441e-02
8.534496146369816016e-02
-5.673323327622823570e-02
-1.332137141379551026e-01
4.553541872536717716e-02
9.597182971871294488e-03
4.456429733034098645e-02
-1.400919086027587607e-02
8.389603857020144773e-03
1.015805435206495883e-01
-2.659117082082826226e-04
-3.789809588239435173e-02
-4.482552943291828046e-02
-3.802317210642865847e-02
2.916891093734268886e-02
4.863348969741027907e-03
-6.971339262179436502e-02
8.219156103684152614e-02
-8.621554015538783824e-03
-3.586284593042596280e-02
-2.008765448628855449e-02
-2.639476501978622533e-02
-4.475963645657007883e-02
-8.702208394943573844e-03
5.723570593085627357e-04
5.966084273138936786e-03
-6.234246321113889877e-02
2.916870448415308931e-02
1.019386709868804093e-02
2.021751354254865130e-02
-3.780708443464449175e-02
-3.261509639592088949e-02
-7.246245447681409768e-02
-5.676568083586079790e-03
-3.699001152792685126e-02
3.311670882892559648e-02
-6.481745845696104680e-02
7.184130564702943811e-02
-3.075368002959797883e-02
4.786882149198680436e-02
-8.607859287295136289e-03
-4.951810720599293669e-02
-6.332504275818803645e-03
-5.120864914905468024e-02
5.312887026554942438e-02
4.324127647363699978e-02
-3.082910426153283312e-02
2.295656241787266336e-02
1.300741116659369020e-02
1.232355218046720102e-01
6.763846924855732023e-02
-1.751755313778942521e-03
-1.476436221897763600e-02
-3.812330190338596939e-03
-2.657523951636392434e-02
-1.095084148191232953e-01
1.130444762329085515e-02
2.364845587396118692e-02
7.021675990691068903e-02
-3.217425001838924992e-02
3.917679812106363707e-02
1.368055179129330605e-02
-3.185682823937509289e-02
7.059983380021850330e-02
-6.020150922609392163e-02
5.620354320943755921e-02
-1.570987997760659172e-01
1.137418751073864670e-01
1.234820613219225760e-02
3.442710163219889295e-03
-9.289361266173662207e-04
8.515234063779884843e-02
-4.626137695774014402e-02
5.240229267360763804e-02
1.174615766333233224e-01
-6.155549806123832013e-02
5.138093433577813063e-02
-4.119085221223281208e-04
1.346412003085980559e-02
1.205253075581625040e-02
3.211475709091873854e-02
6.667061669569984694e-02
-9.906109202133300817e-02
-1.934982519551342595e-02
3.882741050652599446e-02
6.232192111877343094e-02
-2.251286010455151934e-02
8.065489553776367115e-02
-2.175531453416932812e-02
-1.348744924128491077e-02
1.430049631080529231e-02
-2.268679691679179392e-02
-5.006720387260626265e-02
-2.840637608154510454e-02
-4.417984708243582331e-02
7.130679833914803367e-02
-1.385235525390769197e-02
4.338280013510964483e-02
-1.052890621654829599e-02
5.882192019543878991e-02
-6.030191429397070008e-02
4.288934260309425206e-02
-4.546202461646341175e-02
6.379613452799647033e-02
3.335271923350641848e-02
6.175864799980738951e-02
-4.380661412449906797e-03
-3.927259240103928711e-02
2.986806466393224571e-02
2.493242266896534068e-02
1.200948526578408948e-02
1.577425208212471508e-01
2.068970639603497086e-02
5.582126072002321915e-02
-7.087861442391202305e-02
4.380186570113820538e-02
-2.962500044204000125e-03
-8.726982777695896712e-03
-9.251841839849864191e-02
2.384128315305011556e-02
-8.287058557744482468e-02
5.762531750850151402e-02
3.895957495673665200e-02
-5.885808391248420132e-03
7.178002345858236488e-02
4.668470922302049575e-02
3.396719274349393330e-02
2.869778475866931883e-02
-3.183693991544336854e-02
-3.772532897156181952e-02
-1.877210035327519155e-03
3.586645886124401050e-02
1.437973992674779732e-02
4.164401696341074079e-03
-2.857360316512329301e-02
2.433119657197732946e-02
1.703582902871645169e-02
1.808189293156841834e-02
8.836134579038847081e-02
2.047774778804286287e-03
-2.627774047014642608e-02
-3.194546547544452331e-02
-6.240959490662471160e-02
1.910352654031739761e-02
9.303899011608185443e-02
2.339861310567698319e-02
-2.851342206035410373e-02
3.501442654775364927e-02
1.432207066911877526e-02
-1.079512760454098309e-02
2.506121505041249142e-02
8.385319953335888810e-02
3.237805372539205584e-02
-2.222743856992577885e-02
1.812813844603942265e-02
-4.364007521821955393e-02
-1.099730377223241823e-01
-7.784558376024487691e-02
2.501985559476208390e-02
4.366794639881591521e-03
1.746913986482758960e-02
-3.832734647244330582e-03
6.628306964995063499e-02
6.900518936372722345e-02
-5.086043143592478347e-03
6.704075285579255694e-02
-4.521937330095036900e-02
-4.955602577514996165e-02
3.044217657535243371e-02
-2.598488662069498977e-03
-5.919666714343263005e-03
-1.410608622392941353e-02
6.592480454826007974e-02
2.035370382995656952e-02
