-3.028198259600505815e-01
7.038437140332626241e-02
-1.934637170563358599e-01
-4.388271228347650349e-02
1.112426640307532938e-01
2.136583519070169301e-01
2.299564408130258808e-01
1.286625299532505873e-01
4.203294262714508955e-02
6.489816995296734947e-02
-4.690373132712283288e-02
3.557766473647763078e-02
-7.973948882258172222e-02
-5.876261502458813429e-02
3.383275819530865564e-02
3.616992716396045388e-02
2.406914221112508526e-03
-1.076227121276026044e-01
-1.342979986691899830e-01
1.050410914442783672e-01
-1.221861944242405712e-01
9.080096160970507757e-02
4.577446642370832514e-02
8.742896012821849139e-02
-9.476038618563924210e-02
-4.255375949596563318e-03
-6.812472985782699365e-03
8.480849398782755455e-02
-1.287043836443662603e-01
4.100193580326384063e-02
2.566890145943278093e-02
-1.099690038929897473e-01
4.693113241552511472e-02
-2.371855215163903505e-02
1.092579489187700537e-01
3.704656580365650598e-02
4.347355975462470490e-02
-9.108756129925882350e-02
-1.158268203429811162e-02
1.249353606648121728e-01
-7.833091592736253495e-02
-4.995470191847380115e-02
-1.036434724447808479e-02
-3.598933502643560101e-02
6.603485734691563747e-02
-7.688568835422093795e-02
-6.631357677118901797e-03
4.563644733761518246e-02
-1.064869729813436305e-01
-1.268402267817138156e-02
5.534222021274906589e-02
8.688921100380736506e-02
-1.479044047635189908e-02
-9.605948552003402974e-02
-3.798974527258722894e-03
3.600045241313819949e-02
5.067160986981046611e-02
-3.488528043227905051e-02
4.606685369398665769e-02
-5.751988738041476090e-02
-1.448968246785043226e-02
-2.383685422543315238e-02
-4.478995643480088856e-02
-1.289901331808191998e-01
-1.639391750956572802e-01
9.366100743353703018e-02
6.294278512296123951e-02
3.698689159562050521e-02
1.827371391945301678e-03
-2.217209096311144323e-02
4.884492513998502788e-02
1.358564273975209659e-02
-2.672067163789093938e-02
6.823492277896745992e-03
-1.311286933058486981e-01
-4.326000783534627442e-02
-3.286083701193210499e-02
1.216544890560907199e-01
-3.560244996918518479e-02
-5.139894854572985179e-03
8.935534165820929742e-02
2.080331177264831480e-02
6.029020935391749686e-02
-2.413574843675212606e-02
-8.242750943628904259e-02
9.973669196470311485e-03
4.761838310292278859e-03
-3.904851286502878695e-03
-3.668234059636167610e-02
2.715715985875265595e-03
2.692016333281021037e-02
-4.300636792754611304e-02
-3.026855671665186487e-02
4.954783826335489028e-02
-6.425319803323573109e-02
1.079534216838086945e-02
3.032558237079695587e-02
-5.501527094910412669e-02
-5.077536124630264991e-02
-3.833078745878752171e-03
2.020673318326918558e-02
-2.830362401336000006e-02
-4.292619195050266512e-02
9.002153470726440010e-02
2.876699015148505983e-02
2.217225445409236328e-02
-5.801725964257129636e-02
-9.187490116517607608e-02
-1.399809778641848863e-02
6.440442719058724064e-02
-5.279123773924936222e-04
4.124161358129339178e-02
-6.440040531245659616e-03
4.013085585691909124e-02
4.418533408916046346e-02
-2.149543449127742228e-02
-3.359837752506094483e-02
-4.701359726630145036e-02
-6.627610463836201837e-02
-2.074834610486282413e-02
6.594343319038485640e-03
2.655139307624579045e-02
-1.773383400225713932e-02
9.219155049702300320e-02
-4.109087489688462852e-02
4.344200599530704393e-02
2.003228830662694832e-02
3.263420581418002148e-02
-8.978401501018300201e-03
-4.733390879612100685e-04
-5.106395552582362191e-02
-1.401597389027234297e-01
-3.219170112522042829e-03
-1.188442098868510051e-02
1.214677496576832549e-01
-5.950286948800025469e-03
7.573670643850742568e-02
1.732425639685494789e-02
-1.103691644178909220e-02
4.786021896190048586e-02
-6.112358828006196620e-02
-5.682858211669025716e-02
-9.688040643343236169e-02
4.343278510398312225e-02
1.966119647813345528e-02
-1.442301084583102848e-02
4.819148438744172425e-02
1.563797118180485224e-01
-6.349005483249473003e-02
1.065570452157661857e-01
5.328311670444695752e-02
-1.295790276940950690e-02
-1.554606309197055156e-02
4.427924330860123769e-03
2.901690246492022798e-02
-1.508724200311508702e-02
1.723064146117983444e-03
6.836636952762759067e-02
-1.061198703327846105e-01
-8.615134350871667124e-02
3.448865131256576705e-02
2.495101256221059910e-02
3.232710435561883533e-02
-3.629499776436468891e-05
-3.885968078206553794e-02
6.546832839982971892e-04
-4.235250209845242003e-02
1.312776989858597046e-02
-4.213486290465096734e-02
-4.671437607302063311e-02
1.535069136977047950e-02
3.479486991982998212e-02
-7.442599924446728632e-03
-3.415974015714978024e-02
-1.838269700733466405e-02
-5.359724827518772862e-03
-2.335256124175026302e-02
2.540136481825437317e-02
5.405342081015227645e-02
9.403442083395957551e-02
8.205710426991540823e-03
4.191310373813031398e-02
-4.501089814641692777e-02
5.747672576145173434e-02
-1.647403789967565729e-02
5.243325788742569937e-02
5.062972348049861460e-02
9.653779473381522702e-02
5.537858060690579315e-02
1.743052553445331374e-02
-2.984482079230195081e-02
8.424556184232186162e-02
-4.490659090058961994e-02
-1.110473250067494158e-02
-5.599866919934130133e-02
1.502285925482856922e-03
-1.210244602120152391e-01
-2.552139989644625420e-02
1.565949313453323700e-03
4.923089464774228763e-02
9.017573940046867687e-03
1.968663567476469645e-02
-8.487830463668064040e-03
-4.074813240448275919e-02
-3.526794742222171940e-03
-3.464923215402594681e-02
1.897822925443590214e-02
3.332567456888544614e-03
-1.702235395148703982e-03
2.617464445981244892e-02
4.399140108759249518e-02
2.558581534292895046e-02
-3.161944999380228438e-02
-1.337725713547074750e-02
3.426538802902065473e-02
-4.226398808138202845e-02
3.395086407992567532e-03
2.884994547520415217e-02
-3.971303830607850194e-02
1.859281561601376989e-02
1.035203637361476747e-01
6.358098851608274746e-03
-5.016495131993763817e-02
3.659238785865918941e-02
5.144312380877459623e-02
5.676436285938465942e-02
1.399309496240232036e-02
-1.011211335911384179e-02
-1.732448528422823875e-02
-5.087381551501301419e-03
2.213079314133090808e-03
-5.849903486514800716e-02
-5.505208911800743565e-02
-3.809624329755888217e-02
1.572027908123950143e-02
1.759673046565715313e-02
-1.894615232397928520e-02
-3.592841828694460365e-02
7.156791531240638826e-02
2.301828758216008589e-02
1.321697057777622940e-02
-1.602309707610056685e-02
3.307210005747766163e-02
-4.728182056959972374e-02
7.579991205173131075e-02
2.524755250340431079e-02
-5.464424451700300271e-03
3.273877464557681943e-02
1.104960334190852739e-01
-2.844272213992721579e-02
