-2.805913895338736364e-01
5.338224479868653588e-02
-2.856782192258813802e-01
-8.122279929906270346e-02
1.153107916324638549e-01
1.481297524960987488e-01
1.784763214607848758e-01
1.294872048300103884e-01
-1.303567007407887071e-02
1.272595524658163557e-01
1.510719473378240307e-01
-1.269997961111390614e-02
-1.100599102662076917e-01
-1.318964757143999134e-02
1.227012077969533432e-01
-2.819113585605260638e-02
-8.745547216658730583e-02
-6.119977458139281429e-02
-1.601081691876630742e-01
6.797620114640695599e-02
-9.446593445341346096e-02
3.972641469178886386e-02
-4.189374792187046392e-02
7.774938051735140465e-02
-1.168242163371543546e-01
4.395646712133848000e-03
-7.546471460833608161e-03
1.382641740340165015e-01
-1.171095359156830440e-01
3.153308662938524021e-02
-3.470837273883935897e-02
-1.416098711418790901e-02
1.847094035917454941e-02
-4.839656613898733750e-02
9.881117879930825798e-02
6.740178417301684322e-02
6.138469869087947312e-02
-1.163415058552410286e-01
-7.208863756079787743e-02
6.494733690164851414e-02
-4.714859599527598116e-02
-1.260769700264638138e-01
-8.814306622094515709e-03
-4.919686504727133897e-02
-2.717339213601777451e-02
-1.813811474026190071e-02
-1.668529250590879143e-02
6.880266143279505087e-02
-1.417736394799024857e-01
2.410634046449608783e-02
8.688902008929867693e-02
4.829081876347393609e-02
-4.390338880186375747e-02
1.448792563598207128e-02
2.178408528297019059e-02
4.936145191216684963e-02
6.311138112755203255e-02
6.777906209744449448e-03
-1.914823986402574424e-02
-5.932843326097984871e-02
1.258330805003839495e-02
6.969816131266361181e-02
-2.800063946747518781e-02
-5.538760415350274524e-02
-1.310110814932213819e-01
5.329356056027592659e-02
-8.107540149848106725e-02
1.053857125631412761e-01
2.109139117656316439e-02
-7.311185911451514863e-02
1.071545806155292102e-01
-1.424963987079574251e-02
1.299294926771635966e-02
8.985189847544561639e-03
1.675398579955875459e-03
6.593243399220807821e-02
3.696882914152250371e-02
2.849654082475026190e-02
-6.443367980760963953e-02
-5.880410383580106370e-02
2.328466541212943774e-02
5.146959935303582626e-04
-7.884019350162160475e-03
-8.032352160286142240e-02
-7.921161581073354885e-02
-4.223000505728533895e-03
2.883988136578898714e-02
-1.257735798931436041e-02
3.299286634215110176e-02
-3.189396253456833891e-02
3.750625499665473372e-02
-8.010733606322151257e-03
-6.687229173218332823e-02
6.292611071823486779e-02
-2.692393033084715045e-02
8.360937180365315925e-04
7.250136399514754693e-02
-6.368548328291441518e-02
-9.753723616830946297e-03
-7.989669132086958669e-02
6.517107807395386421e-02
2.436238196644619977e-02
-1.191771662763835976e-01
-4.588797016685001312e-02
-2.202180437570661412e-02
-3.216829496392936694e-02
-3.999057849885432475e-02
-2.696580112853479844e-02
-8.883900295303776007e-02
-1.595516653600505957e-02
-2.341119077747279287e-02
8.595725317263601395e-02
-2.779755035778870217e-02
4.102072604918158977e-02
-1.799162991196067568e-02
3.688552829138602718e-02
-3.607515520621476512e-02
-4.636589541474189780e-02
-3.179769118168952052e-02
5.406993329845270757e-02
-1.838537281923843802e-02
3.849037615132835238e-02
-6.610706355218807541e-03
6.049483405370722350e-02
-2.881900893055070606e-02
2.674734889909525029e-02
3.957029643183920115e-02
2.038575804921657214e-02
-1.958876473022369558e-02
-1.206429904952818072e-02
-3.628951480129386647e-02
-1.589569426238721384e-01
-3.755445363669968756e-02
6.224537969688145878e-02
1.003757299517015755e-01
4.170979974826975745e-02
-1.666303487134851435e-02
2.593439430609663279e-03
4.023846621388632583e-03
3.367375477251838278e-02
-3.513438449395911434e-02
-4.777212458099144854e-02
-2.814762800462077691e-02
1.596032955165977915e-02
-6.178587130361158641e-03
-2.748490457445332963e-02
3.748421773471386637e-02
9.863667516653935874e-02
-5.393793009942690619e-02
3.872079146582151771e-02
1.787149535258017105e-02
-4.043447191794895257e-02
-3.086113903100539888e-02
-1.000441321230970647e-02
3.659425865213329632e-02
-6.243250753256220087e-02
1.503350527803241736e-02
8.271774418552564623e-02
-1.330627190981134300e-01
-5.538033185706226630e-02
4.281663697015124226e-02
2.975319994602687590e-02
2.482324407723529580e-02
3.946426572010085232e-02
1.204981742025275533e-02
-2.972420520567324587e-02
-7.285078052412140986e-03
-1.848784608726347298e-02
-6.494292944926033373e-02
-7.428927853821294669e-02
1.228514389597845299e-02
8.054461830373386977e-03
-5.311855321866266327e-02
-4.554695927921646736e-02
-4.764043619999337731e-02
-1.152070276105251340e-02
-8.655373888976976293e-02
2.654013567324554901e-02
4.857629575101649749e-02
6.699976155160985991e-02
1.363709843424793129e-02
5.270223785879689371e-02
7.520310082729519952e-03
4.786112363742978104e-02
2.661632163595540473e-02
2.243393265580361678e-04
9.160404969056125390e-02
7.821071485518209243e-02
-2.391395516775230920e-02
-1.424101385683603123e-02
-2.537194041776013459e-02
6.559413053961297979e-02
6.449015816178381606e-03
-1.973801995716891605e-02
-3.453383762426768394e-02
1.794919244182311552e-02
-1.148305996947723423e-01
-2.722568341042317860e-02
-3.974766490866041627e-03
4.551509969481052492e-02
4.095795133445288838e-02
2.574455903537743989e-03
-4.961783971394745883e-03
-1.704701841976675319e-02
4.025156264383975002e-02
-1.044777144075719789e-02
-2.395371668465419088e-02
5.218014364161495389e-02
-2.516088641197216855e-02
-1.681251047091314454e-02
-4.679335533278918685e-02
1.023253035520046116e-02
-5.584314583962325662e-02
-2.062007710725354340e-02
7.911348703149113926e-02
-2.658581576906868943e-02
-5.031459497291216471e-02
-1.040202838132850936e-02
-4.223491621851786781e-02
2.906563737347179002e-02
1.146795500050690753e-01
-8.015298467724188067e-03
-7.187673354633503098e-02
-1.532175266421897074e-02
2.776052775772804709e-02
2.404671393004465321e-02
-1.640617484252631167e-02
3.674924356718314161e-02
4.323238565756709791e-03
4.090606932348352792e-02
-1.659386935065695901e-02
-7.131903341021721132e-02
-8.734519141147464860e-02
-4.211868540268117606e-02
-1.391561794337773002e-02
5.413547841182539747e-03
2.013443881768235688e-02
-2.721888334102428100e-02
8.162139040396745870e-02
3.376678349971161397e-02
-5.191160386396409879e-03
7.383112386246230580e-04
4.004170494655713672e-04
-6.274782926913324843e-02
2.527576351028963664e-02
3.058044727748428573e-02
-1.076485615828351450e-02
4.765715303726566349e-02
7.387674099467990418e-02
-3.208146815188234885e-02
