7.998231053660254108e-02
2.296487721091861334e-01
-1.845101042061057794e-01
2.714785168070751875e-02
-1.501105326263936224e-01
-2.556509798564944851e-03
4.664346172442722371e-02
1.152743791555174147e-01
5.747945527551014122e-02
1.390444535233589241e-01
3.118358657352400531e-02
-7.524279230649963401e-02
9.117550745318331318e-02
1.129807818553040383e-01
2.068638690443030947e-02
-4.036602579942432517e-02
8.685303990593422341e-02
1.171310646455074739e-01
-2.261984455951812981e-02
-1.252179746431154317e-01
2.046038575043258867e-01
1.134480792108883696e-01
-7.246474185961862546e-02
1.728266475674138103e-01
3.553132592071503448e-02
9.338556924758340677e-03
8.448798213747771291e-02
-3.633906675358505867e-02
-7.996086579774841496e-02
-8.980040481404502617e-02
5.631965781446725272e-02
-5.584800552730025125e-02
-1.771315634207084114e-02
-5.345078065056255157e-02
1.058991022394596276e-01
3.556131556320487469e-02
6.381525388210218530e-02
4.854026537202745656e-02
1.521784652900497539e-02
-4.351655486424850505e-02
3.410934178325103830e-03
-1.069950603625290791e-02
5.212298840452705279e-02
-3.621316964055838750e-02
-2.418735599403680752e-03
4.081243927855533055e-02
5.472166185886979950e-02
-1.514840846459532264e-01
-6.159117052768208617e-02
1.880861958655135474e-02
2.569666970649598162e-02
1.542707789721877443e-01
6.285287998614095791e-04
-3.507521282124077822e-02
2.982118581816854339e-02
3.023708178431483082e-02
-3.237231793606699243e-02
-9.586273351238809581e-02
5.303679821496017424e-03
-1.216592697181324428e-01
-6.892381957193161046e-02
1.945338040413004121e-02
7.767759496409094855e-02
-1.697097042628257710e-02
4.282002974626655800e-02
-6.805933266086297215e-03
-1.141660490677244288e-01
8.095303138476390992e-02
6.943964802113809787e-02
-8.744663027741637895e-02
-1.307064421297221279e-01
7.472158617662663649e-02
3.156296049980642643e-02
5.866455752840089334e-03
-1.550558213737783242e-01
9.732925672285681895e-02
-1.380279069178615668e-02
1.402231883384052677e-02
-6.024338518665336289e-02
3.067092534728672795e-03
9.167681946378088143e-02
-2.761376337624281072e-02
-4.088924443555901761e-02
-1.416211873602585825e-01
-3.537817749339066536e-02
-2.148851911329233838e-02
-4.585215086071003747e-03
-4.292464707996875711e-02
-3.260949674779360652e-02
-1.095495576548323330e-01
9.163986852913992565e-02
3.712480198520016345e-02
-3.104568040673902352e-02
4.279465897060683033e-02
-3.938867357817114195e-02
-2.843374420621264890e-03
9.602987050782654452e-03
-1.720843956678136666e-01
-4.390328598555318790e-02
1.038753457378429820e-02
2.419603286529624364e-02
1.093718962414024082e-01
-6.504341057223082812e-02
3.537174407173442059e-02
-1.511722121592024015e-02
3.322344312523421023e-02
7.155832223611370557e-02
1.041884389251131844e-03
-6.697277723098339630e-02
-4.958181984221928656e-02
6.088491279745096574e-02
1.464972590890033666e-03
-4.959013380251350855e-02
-3.724835667290585239e-02
-3.640768991791826226e-02
2.951234858676322903e-02
9.338279792748534203e-02
-4.248288545957380064e-02
-4.773443806970132514e-02
9.026288535136364408e-03
3.661428523284829956e-02
6.000458977153620699e-02
-9.610604881861757598e-02
8.134603096819517654e-02
-2.682938081277081235e-02
-8.754784944480784037e-02
-1.226945887181036046e-02
-7.969788731558499761e-03
3.771090319403633956e-02
-5.746652244838581364e-02
1.023913698091375932e-02
6.547501068559952175e-02
-4.066318389613062662e-02
9.127550592005538588e-02
-1.891082851112070584e-02
8.827703654965991797e-02
1.084242697273916228e-02
-3.092572183677964881e-02
7.919733411882382002e-02
7.702376137238167719e-02
-5.451061263663928985e-02
-8.311122990304295813e-03
-3.162155412473707794e-02
1.931534226972134172e-02
-5.902601684976364199e-02
-6.862299937366712899e-02
-1.312629166070336702e-02
-4.704144308565383348e-02
-5.397357039192016148e-02
5.224410169119395736e-02
1.124799647232954149e-02
-9.920253714152936497e-02
6.475450045200688287e-02
8.435720222237348687e-02
-4.052395805310846089e-03
1.266819904687335047e-02
-5.087609231183049668e-02
7.097911633561676537e-02
-7.238460452011606650e-02
2.748370928306902855e-02
2.317951925170484012e-02
6.331117055140654537e-02
-1.232762360196393119e-02
3.669194817940615166e-02
-9.993380273645499981e-03
-3.551116786619215506e-03
2.079202698721632075e-02
8.558067406186014442e-03
3.030207583899579421e-02
-7.794304783919907276e-02
1.649813043050210593e-02
-3.526207897642502816e-03
-3.655595554316507650e-02
-6.708428987302483826e-02
-7.736931859508642921e-04
2.353962590492447368e-02
-1.834716179831653859e-02
-3.768259613874889308e-02
5.045923958041225593e-02
4.036510202605830128e-02
3.063879123091146905e-02
-1.685975471139449650e-02
-7.205059446448659755e-02
3.797599315817923923e-03
1.186847524714417131e-02
9.925087028371595843e-03
7.356927787822974130e-02
1.213488488752425126e-01
5.853473437856862582e-02
3.719774708921011475e-02
-6.324512075573585079e-02
5.671526375846695084e-02
-1.888994463466737994e-02
7.953734870133243040e-02
-3.011837690678077425e-02
-5.529872328548131322e-03
2.003519266519539210e-02
1.683633045818460836e-02
5.789960719752132445e-02
1.349896823008211446e-03
7.032686635539210467e-03
-3.794280330081423874e-02
-5.402134267170596860e-02
-2.305424898489082455e-02
-7.322302782550045575e-02
-2.077272672224761071e-02
4.692837982403370162e-02
4.087037306536739530e-03
1.867704786570482337e-03
6.851099185303674783e-04
-3.497933834260987928e-03
-2.124154170550468859e-02
-6.493565900746533538e-03
-8.537912650853730911e-02
1.024244936826907426e-01
2.065148146795698150e-02
-2.000032022062799009e-02
1.161955131690668719e-02
9.957814999053581778e-03
-3.018330497764987706e-03
3.408651138434787287e-02
1.263240282893992802e-02
-5.696527642160011118e-02
3.383194583819646578e-02
-5.573652587716473698e-03
-1.342328479788002134e-02
4.940633589458069685e-02
-2.202829968620360207e-02
-9.807503875639137555e-04
2.864832356237760960e-02
8.498998697809979908e-02
-2.115592770961783817e-02
-3.434754334406146109e-02
-3.507907287423452786e-02
4.651885129573179317e-02
6.985462021391836140e-02
-9.573277839493210539e-02
1.488030633944106319e-02
-1.588873693607976284e-02
1.632053500088402956e-02
1.131536594423742000e-02
7.592796820884185893e-02
2.028345675731428599e-02
-2.947823495603221072e-02
2.939031152673030056e-02
7.871502544604161433e-02
-3.194276332086592313e-02
-1.908502577442804798e-02
5.699028428629461518e-02
2.765285878476917217e-02
