1.811358051761265478e-02
2.745321635898732016e-01
-9.785568321568510752e-02
-6.198225053868874901e-02
-8.036773172568688339e-02
-1.113944371588765636e-01
3.548338847484260733e-02
1.629726331331543265e-01
-3.852893680398812581e-02
7.217723820050496800e-03
-2.144853201403522369e-01
9.841202455581131436e-02
-2.764786058802336244e-03
3.148359620256782621e-02
-7.869971090541669212e-02
-4.973270905482804483e-02
-2.570138485765934705e-02
2.204829854285457816e-02
-1.687282596751896735e-01
-1.724337799156611950e-01
1.262614280456162974e-01
1.401115753024613497e-01
9.197137953974306862e-03
1.315875846212369582e-01
-2.815461040278999585e-02
1.288797803285928953e-02
1.993863225085385493e-01
8.260684092767705752e-03
-1.207341298482573627e-01
-1.028369395940309516e-01
-1.726363594575548374e-02
-1.318509246496972487e-02
6.369815744413419301e-02
3.601505109230167256e-02
1.083021397046786492e-03
-7.627621352349889250e-02
1.155341758462759549e-01
3.022554982660533712e-02
7.791688042081281775e-03
2.111241984971013452e-01
-1.290433019462653708e-01
-3.880123875341696948e-02
-9.155829517509926629e-02
3.994729455727615702e-02
7.289345619790973951e-02
-3.862989217489880972e-03
-9.264519561256527938e-03
1.358159058782098562e-02
2.873850630589414035e-02
-9.486226785217381774e-02
-3.560280272774821869e-02
4.649578358499957542e-02
-4.489982597251755692e-02
-6.043534941150847939e-02
-8.494596918047670961e-03
7.400791119835369025e-02
7.603213493712025761e-02
-1.444233628084547888e-02
1.625364751660168458e-02
-8.705964492891074546e-02
-8.406917228571750278e-02
-1.825038357239754799e-02
1.601438429074347747e-02
-5.340866833210479447e-02
-3.175790455221351449e-02
6.732954119659348424e-02
-3.836792318658669571e-02
4.422754813986159994e-02
2.701316931942954538e-02
-2.850362372050936968e-02
-2.160923129540268800e-02
-3.228304636896785207e-02
1.050421740723601199e-01
-5.241693814492424941e-02
-2.645378493897446170e-02
1.358046365969919345e-01
-2.671638928735524388e-02
-2.914172586947181426e-02
1.115949768605497411e-02
9.365909652214191028e-02
2.527596113168197045e-02
-1.459660504951796889e-01
-7.560460449091520319e-02
-7.933326521388761599e-02
2.255986371814162894e-02
-2.073942336139879966e-02
-8.396005755392499381e-02
-3.830351773962611950e-02
-2.514240175724763784e-02
-4.752560193629647330e-03
2.463729050265808795e-02
4.953828887381622054e-02
3.425333138190503335e-02
2.733141783382403087e-02
5.387024070198891124e-02
1.067799507401691328e-02
1.486475040649759289e-03
4.998488012208126413e-02
3.616469510847434427e-03
-1.869460058040599629e-02
7.807498475789984016e-02
3.411937072742732974e-02
-6.432579287196546480e-02
1.974010229339786746e-02
2.838835602805189068e-02
-5.782957056989073558e-02
2.801820862804846671e-02
-1.901649405519440991e-02
-4.408178316410815006e-02
-2.588978583802065137e-02
4.594221776517332795e-02
-3.005019044765349853e-02
1.509873011178478747e-02
7.590295620315935798e-02
-7.668050316719220161e-02
1.110015839964192119e-01
5.190433632952515947e-02
-7.523485837095514328e-02
1.477967903730356344e-02
6.480007244322290305e-02
3.663773739959806652e-02
1.280785578420013272e-03
4.491661285433178920e-03
1.066970195312064032e-03
1.515882179827915399e-02
-4.433000831093490690e-02
-6.984473106842088719e-02
3.055871258261167248e-02
1.066983571313509689e-02
-3.060696650782668109e-03
-4.460254434038905813e-02
-1.876622906814719507e-02
2.781034556558381263e-02
7.432475523259637895e-03
1.045910015435999735e-01
5.228230869037425732e-02
1.472353327123564898e-02
3.860889185262920964e-02
-3.597876868838047366e-03
2.583674999228883877e-03
1.040917088496392390e-02
2.877776487013698412e-02
4.571592926071735286e-02
5.426379610452213703e-02
-6.448610424929100693e-02
-1.117377991159851647e-01
-2.778456332279741550e-02
4.651547974712821887e-02
-3.232324125331188791e-02
2.646632494032971628e-02
7.842841215609624994e-02
-4.751215905484364177e-02
-2.025150026866684785e-02
9.532561254224947156e-02
-2.188099820477371060e-02
8.080870505334476761e-02
-5.678443669693862550e-02
5.129258490341054300e-02
-1.034965771053208139e-01
-4.604929265674537198e-02
1.416638937102270880e-02
2.587661047659673558e-02
-9.867643466438725044e-03
-3.990830351306222726e-03
-1.858495080855566972e-02
-3.228013708865343223e-02
3.863892097587459228e-03
-6.119888501402706224e-03
-4.319137618787803612e-02
-5.887858348326208136e-02
-9.475893824100653506e-02
-5.583136315393585902e-02
-1.278471530169924056e-02
-2.178519259441958483e-02
-4.151549696675854717e-02
7.371581276678534564e-03
-6.819088880968302013e-02
6.578789014998061291e-02
3.215430235505392642e-02
3.868750930112573733e-02
1.144156411653910778e-02
1.929825952564601446e-02
-5.176415583437524864e-02
-7.790383881940336416e-03
2.631681468417149811e-02
3.306998997401623674e-02
-7.058047802793621962e-03
4.677350281501387735e-02
1.301575563066876551e-01
-9.365003428116251694e-02
2.775052139911836097e-03
8.518041704581451323e-02
8.487741717306800798e-03
2.567714085503919330e-02
-2.946970542491798156e-02
-3.791273785739285307e-02
6.238734274246881401e-03
1.028402835943923316e-01
-2.469156362852361827e-02
3.630193288330622881e-02
1.757506269941271418e-03
-8.370133224596343346e-02
-3.127576658010678464e-03
-2.651668558577240792e-02
-6.714334725647069790e-02
2.447269880486995300e-02
8.448071841019505479e-02
1.641158465367063141e-02
-5.818560628836904822e-03
5.924103968243428497e-02
-7.999460816536181629e-02
-3.577722578659886521e-02
4.731268943328609949e-02
2.120905477215388746e-02
-9.640987121942997534e-03
6.698069507889217733e-02
-7.996708704238747120e-03
-3.116735408839018187e-02
-1.246335686696865147e-02
6.043799117179398522e-02
-3.649641994432527986e-03
-3.649615242429636586e-02
-1.299485228440964979e-02
7.574950002657468429e-02
-2.828726689712675324e-02
1.425453722054922587e-02
4.730238991217299016e-02
-6.196690157702992169e-02
-3.559594752700735026e-02
-7.820513325196554871e-03
-3.692789631095678982e-02
-5.239944902303412394e-02
-1.062668473247158352e-01
-2.220840928015843305e-02
8.885279824270454763e-02
6.172824027123676935e-03
-1.569703865644657068e-02
-3.083164989210918430e-02
7.390441438716833893e-03
5.792467394016897336e-02
-1.351932530109170756e-02
4.755145105909010239e-02
5.508411283317729557e-02
1.942931089980930431e-03
-9.587048396113607984e-03
-7.020825734770873294e-02
-8.931811589299344656e-02
9.705860728954168043e-03
3.181321431819107703e-02
-1.194396673083592160e-02
