1.230464120990317906e-01
1.323264386129039127e-01
-2.135070159277032420e-01
-1.560750731486627157e-02
-6.031521096423549111e-02
-1.918052670013190852e-01
-3.162370115715523039e-02
9.042909091340325944e-02
5.520528452962385202e-02
2.647111415893313446e-01
5.160376176701875900e-02
-7.370634625231586856e-02
1.375423531223967655e-01
1.258455368022823040e-01
-1.356040362303301619e-02
-9.570948513648985453e-03
1.678515259132438639e-02
7.167469006796702014e-02
3.636717636716035873e-02
-7.438647274654686635e-03
-3.793584349189428606e-02
1.963120137025102865e-02
-3.780045063217803841e-02
-1.065103823695853075e-02
1.831187518985359988e-02
-1.090724877874104000e-02
7.980393179486565403e-02
-1.509374138947320101e-02
-1.972728123209638029e-01
-9.632905740138197892e-02
-3.248679883415443725e-02
-2.828576739284871869e-02
-2.332569268495873482e-01
2.202171224023169796e-02
-1.025172925525578982e-02
1.083073818284769479e-02
-8.923381730487471575e-02
-1.540840893428434000e-01
-6.038630584574018051e-02
2.286612751994389001e-02
2.233389727972239988e-02
-1.626642892470573087e-01
5.446769330755087818e-02
7.119665331870847274e-04
-8.984368490035898880e-02
6.669397749007786869e-02
-1.268324326216153375e-01
-3.401170407886196234e-02
4.947418655875699539e-02
-1.916319641408823285e-02
-1.041407710685541277e-01
7.138365902696083842e-02
9.761621641913539871e-02
4.679664282617787552e-02
3.358833333255997972e-04
3.245354125921742772e-02
1.184422915800742160e-01
3.375269481219404094e-02
-3.478469735338154956e-02
1.844276101209205154e-02
-9.527913575151256143e-02
4.258496169147703292e-02
-4.742995428596202129e-02
-5.987370302679299872e-02
5.988289883713077133e-02
5.520652033022260818e-02
-1.028626988199091846e-01
1.416414310143054300e-01
4.056475483620485684e-02
-6.130199774233923565e-02
1.649830146410810605e-02
-3.177606810156610555e-03
-1.107920316264214139e-01
-4.163274098306191801e-02
1.186569574134927751e-01
1.056708739451917012e-01
3.747983307095467675e-02
5.282593221210839241e-02
-8.635923607094746213e-02
2.751357375401067284e-02
2.235283410654445579e-02
-2.170538363402753270e-03
5.757558642510728075e-03
-1.105968841730478429e-02
2.640571486430563428e-02
-3.614691308397096486e-02
7.246778327575455203e-02
-3.841053631012091713e-02
2.803239192302805355e-02
-1.611832912706819693e-02
2.027770681878067471e-02
-2.409738473414199146e-03
1.807987180097606755e-02
5.215652810542539125e-02
2.298116601685715795e-03
3.084329307904312353e-02
-4.671831487646284364e-02
-2.476159120889494594e-02
3.710440411846899905e-02
-4.032544568496411463e-02
-6.803518461048849858e-03
1.815245691261455031e-03
-9.633672663450952578e-02
-1.904819426425139253e-02
-3.960642781894884584e-02
-4.782799111998957409e-02
3.196409152795862824e-02
6.545305195354834960e-02
-2.165129918429390191e-02
-6.326692069435546628e-02
3.892735538993444266e-02
-2.548831465511418662e-02
-2.954846482816214301e-02
-3.834471175469914526e-03
7.944496806800452338e-02
6.959476496611395613e-02
-3.240825280198079278e-02
-2.402487231665638087e-02
-1.378281138373200186e-04
6.046696000834698992e-02
4.340731429579385015e-02
-1.205226528468444774e-01
2.854728460779057397e-02
6.687451341872500954e-02
2.858424958452384507e-02
9.729599867575280947e-02
-3.632239676899380598e-02
-2.337989344533695796e-03
-3.277982896436448107e-02
-9.680407734329651848e-02
-4.375566467633627138e-02
-7.132281402101051104e-02
4.724614712043582326e-02
6.998458736086746179e-02
-4.063552259402164468e-02
7.828433322331748625e-04
-6.597107048688419240e-02
-6.910182591551750075e-02
-5.857244134338321362e-02
3.885044497620032677e-02
4.700174937849433549e-02
3.588019823709906464e-02
-8.009797964321585528e-02
7.902810344838422096e-02
-1.246185685431033807e-01
-1.253763323925971909e-02
-6.036369796419829847e-02
5.059538482551327598e-02
3.351603899753297089e-02
1.503340524259294021e-02
-5.964282639728490931e-02
-7.550210991060875287e-02
1.061454577221890294e-02
5.973751053139519929e-02
4.427386494505427400e-02
-1.901664500190677551e-02
-1.691571128987492609e-02
2.570872332660931528e-02
1.185423550814967107e-03
-2.991051805652014325e-02
-4.691789667316134671e-03
-1.191522590240574365e-02
-4.952997932108302304e-02
-1.806620530023692398e-02
-1.130873858502981499e-02
4.294374368295598293e-02
-9.198100203590115972e-03
-2.432891561102588831e-03
-2.535971869869107879e-03
-7.264195846602576612e-02
-2.233582367477339806e-02
-4.026525492638958342e-02
-4.781039913499557370e-02
-4.539531764134559222e-02
-1.113368016080125839e-01
-1.987803436631359333e-02
-6.753613925105116100e-02
4.238403505295047086e-02
-7.659492111067016211e-03
2.670070773664310476e-02
1.105621000209006111e-01
2.165533370977806502e-02
2.771464578084296537e-03
3.935665070969513596e-02
1.578302734696553772e-02
2.304946217347644127e-02
7.790675979332221945e-02
7.704635179997910283e-03
-2.538643379986998613e-02
1.531375024312755205e-02
2.296680892166576976e-02
6.505250717124685944e-02
2.212697337358425151e-02
2.414285492676079489e-02
-5.804628106492619455e-03
-5.717733150862112229e-02
-1.336826934229581598e-01
1.817840872518834694e-02
1.509748513834589280e-02
3.386562517867414829e-02
-9.396809670454205066e-03
-2.264266569402831678e-02
-6.708794345154482641e-02
-8.011916998877680052e-02
3.241777573600647389e-02
9.321098710242408172e-03
2.348624499098252855e-02
1.980246879440752950e-02
3.816962788751708524e-02
1.826324280158505425e-02
-5.797907532059991959e-02
-1.067088374069143607e-02
-2.933361725936140321e-02
-2.199361595014829793e-02
8.989286249477404511e-02
5.888444464749175399e-03
-6.688589005364883010e-04
-4.286636075722823069e-02
1.397970349677439897e-02
-2.738181560193781242e-02
7.520588123767252275e-02
-1.524654449880128403e-02
-3.856697412709239603e-02
3.851448894872185058e-02
-5.468101429914139222e-02
-2.842777542047593767e-02
-5.707897631979100966e-02
-2.377574945477848103e-02
-5.738621815688669560e-03
-3.684317768013861683e-02
-5.925256783761420620e-02
-1.881415543909356267e-02
-9.896600144958443701e-02
3.686153295373773009e-02
3.909527888305902241e-03
-3.815712449322382349e-02
3.871236243282796113e-02
1.930629485400846626e-02
-2.260322911609754376e-02
1.838322450089333385e-02
-8.160089490668086254e-02
-1.838347893042837147e-02
4.811280681092555689e-02
-6.992933980468793442e-02
2.586381630175272825e-02
4.591617124664326699e-02
-3.015844146487572236e-02
-3.840370305975135401e-02
3.004809174082242323e-02
9.309529435813500287e-02
