3.273856604345187077e-02
1.943426292127511945e-01
-1.890055453328947921e-01
1.682436353397180617e-01
-2.204463687645172587e-01
3.166714551880306372e-02
5.362550127705129240e-03
7.839369988848812754e-02
1.465512381121524856e-02
1.159736269058381369e-01
6.481360599138056254e-03
-4.007297910497680665e-02
6.487095517944935219e-02
1.900640990525281557e-02
-5.541097934964752530e-02
-1.118711881628263460e-01
-2.487701501956735700e-02
-3.466414189948887475e-02
-3.525033348382838189e-02
7.299355195391972473e-02
-6.505904447458406292e-02
1.806529502412394447e-02
-8.124030504172082001e-02
1.463252836479723706e-01
-6.345764526439044706e-02
2.271281841597139542e-02
-1.105982099731175755e-01
-9.613558693304231906e-02
-1.032262993655476691e-01
-5.961073792695788937e-02
7.325844103587381140e-02
1.308208504449201726e-01
6.355098808622967888e-02
-2.059744883088854631e-02
-8.947542787459888958e-02
-6.997062144156643293e-02
8.407959115521747295e-02
6.513026307585130514e-02
4.438332536487435420e-02
3.485102806480395998e-02
-1.380901608150942872e-01
-1.284717060518296428e-01
1.003975072176999626e-02
-7.442253597690652589e-02
-6.285761768712525011e-02
3.024380952191394606e-02
7.948691043098125852e-02
1.385591140825659026e-02
-6.538038039724222705e-02
-2.006185553951882888e-02
2.702774325323807625e-02
-8.515147956368503135e-02
-3.975876170041807434e-02
5.441853092954799381e-02
6.536136426203760508e-02
8.927587542590498249e-02
-3.761655563630304094e-02
-4.527962366022219437e-02
-2.311192331335921654e-02
-7.458652925537595513e-02
-6.586868400264613010e-02
8.872126599933062574e-02
1.700858610354732681e-01
-8.387432383988034645e-02
-4.262879446486069618e-02
-4.174225488916092491e-02
-1.241524031588304294e-01
9.250076464659143238e-02
4.527033282439286987e-02
4.470085137643704798e-02
-3.320130314018874401e-02
-1.221524337756132832e-02
-2.557202301203738773e-02
-1.038855810864293822e-01
-4.715440070165281827e-02
1.102896740149292981e-01
8.890053234245474945e-02
-8.859279847081289946e-03
-3.564074911029668780e-02
1.217055378881681388e-01
7.191892308308524273e-02
-2.050955351351038680e-02
-2.253615885412312697e-02
-1.225476619213600876e-01
1.553728533118249600e-02
-6.043946043077012137e-02
3.920692615648342649e-02
2.751928862510041526e-02
6.335303981062860579e-02
-7.156430056875077994e-02
-1.042107603404558019e-02
9.239201507900644122e-03
-4.735853172771585171e-03
-2.192797673030270553e-02
2.802009141251931429e-02
-8.074337900594294513e-05
2.158635470207474413e-02
-6.073355883112289272e-02
-2.550030310667863315e-02
5.170447057811064506e-02
7.945562905567100931e-02
2.719524566034808855e-02
-1.125301356809803865e-01
4.901992032752687523e-02
2.950889772375968681e-02
2.057722956586429536e-02
5.835697639409034854e-02
-7.138403161744364192e-03
-2.936532423195110583e-02
1.870068124997700115e-02
7.842768830589252893e-02
4.563150571218973356e-02
-1.422126183014937525e-02
3.478913371963880674e-02
-4.237202650918906605e-02
-3.722152801219284074e-02
9.300995592247493504e-03
5.527178391357146989e-03
-8.854891765266936776e-02
1.048685381490629953e-01
-5.891081715439105276e-02
8.869974334366845931e-03
-6.360913936084489594e-03
5.243817924644527534e-02
-6.306876697046943925e-02
-1.118501333909829032e-01
1.146154270205726050e-01
1.366220750729696745e-03
-2.750064011289622690e-02
-2.566108803896240478e-03
3.755786963732355571e-02
-2.817439281188621747e-02
4.225067749877078199e-02
1.792035130113190169e-02
9.288589986996249881e-02
-4.293184949831511943e-02
6.130614836444607529e-03
4.232005798503582494e-02
3.044747266415823855e-02
9.949028049315720990e-02
-6.425645662407590553e-02
6.484949936433270778e-02
-9.138990820007712734e-02
5.250993257207679787e-02
-1.079399948974744949e-01
7.659993358824558098e-03
-1.069822033002347100e-01
-2.014106158597747231e-03
-1.459830934751073488e-03
-1.661602489556735646e-02
-8.819676823851969535e-03
-9.854000845729007571e-03
1.697081451126565598e-03
7.922532995603112638e-02
2.016231687945751680e-02
-9.014750955995050677e-03
3.245385873974672430e-02
6.263888200186289168e-02
-7.798476943090670854e-02
-8.240637177884679865e-02
3.641459552622491880e-02
9.216275200782234056e-03
-6.019031229728945276e-02
-7.643861393159753770e-02
-6.469807210842380696e-02
-6.019432273002153083e-02
1.894093959090155941e-03
-3.818820940198874164e-02
-1.670478914003746887e-02
-8.257691543077863572e-02
-4.038940224753817532e-03
5.253148864801174267e-02
1.678132156467472373e-03
5.343330128836620840e-02
6.736173468852796331e-02
-6.054750817262699591e-03
8.893702728031670224e-02
2.532488009492275816e-02
8.139463986136050155e-02
4.477745064161983701e-02
3.698411039445351212e-02
4.466803266857949373e-02
-5.377234995559107555e-02
5.539256477935271261e-02
3.241047922569469109e-02
8.715940297182079438e-03
-1.312447531847013744e-02
-2.834256362445157149e-02
-2.865253665436884312e-03
4.630164902172084068e-02
6.898091348383381116e-02
5.548410290646251658e-02
1.115832725129355281e-02
6.445998608522912621e-02
7.630048794425003944e-02
-6.172146209412607276e-02
-4.975643629877397195e-02
5.976941738205731464e-02
-7.722322167535686059e-03
7.646782324999620850e-02
3.289122984945317373e-03
-1.191278656698943894e-01
-1.088313469924527682e-01
5.567850863315024559e-03
2.082370407752357974e-02
-2.916099268425146468e-02
1.664981279133516054e-02
1.624168442030015161e-02
-4.562051044244926773e-02
1.032596193774967287e-02
-6.901256248214450439e-02
2.391748556814367321e-02
-7.667078456651239306e-03
-2.002773344102335568e-02
1.118192196386730980e-02
8.501215044651790412e-03
1.101778497822497177e-01
-4.440899213435969134e-02
2.321692981039426285e-02
-7.421205509901768541e-03
6.425167752507016106e-02
-3.661555162637505911e-02
-7.892638561612709547e-02
8.176032448598095914e-02
-5.031612560680896046e-02
9.228941484161064593e-03
1.115999826493191925e-02
-5.392397773313659104e-02
-5.408579869387614841e-02
5.028250481240498920e-02
-1.121504145417976349e-02
-3.065995875841311807e-02
-5.700983861911081835e-02
1.945317211160689161e-02
1.516197566800503785e-02
-9.849154906177741073e-03
-1.719148857234853792e-02
-9.685208416090175521e-02
6.191640254517808556e-02
-5.615274230371909876e-03
-3.243938776163846072e-02
-3.418760223009908571e-03
-2.409935869254365033e-04
-1.138515064256562931e-02
2.872271922718030047e-03
4.924156357652001437e-02
-3.800513314776914064e-02
-1.802545805898525186e-02
6.705637365625258250e-02
1.085764505720561088e-02
