7.289107706691941302e-02
1.995783257303802849e-01
-1.019802326904197809e-01
2.952456906847739093e-02
-1.690285718796860071e-01
-1.097092290292537020e-01
-6.330103635576683763e-02
1.231624193951204316e-01
3.809011493516802072e-02
1.172512522365007082e-01
2.061198451105527782e-02
-4.992828645996392166e-03
-5.446870410356628375e-03
1.078545822615716993e-01
-1.226805919557206054e-01
-6.714449142365833123e-02
-6.082767222594481771e-02
1.583644548881373848e-01
-1.126602809719459419e-01
-1.018605912115529283e-01
-2.140707505200189348e-02
4.138049081005930330e-02
-6.754769731980278524e-02
-7.548201286234347898e-03
-7.293777330860559682e-02
6.325440283569475075e-02
-7.605001979949589652e-02
3.502274575915542698e-02
-7.870511980612876490e-02
-1.071864089067257886e-01
1.120277021330931821e-01
6.040775101964673821e-02
3.700986057578463384e-02
-4.802891918143942229e-02
-1.797129793133910858e-01
-4.938292202549614610e-03
2.060386206203129039e-02
-7.337362580488122031e-03
-3.327488253945288382e-02
-7.426226563323538865e-02
-2.584748308194595792e-02
-4.216237845124105876e-02
7.494652708209406655e-02
2.719493151733081565e-02
-1.396104727511176535e-01
-9.369721633437434749e-02
3.943953910139654656e-02
-8.430594041825664742e-02
-1.160401919509433388e-01
-6.716870196669508242e-02
2.462293764936037202e-02
1.016237543967685175e-02
-4.343158167305505996e-04
1.312229308251998405e-01
8.279485129172442504e-02
5.916115893971032880e-02
-4.794719291828686281e-02
-3.909613826428198768e-02
-7.616991216481908133e-02
-4.395436632645229047e-02
-8.073789595781173667e-02
3.301875882833739395e-02
1.271384365943802608e-01
-6.281008292151765704e-02
-8.339735511662350886e-02
-3.905800352291840302e-03
-1.375817735043502188e-01
1.915367562277545121e-02
4.269930682861442645e-02
-6.352818268117511880e-02
-6.006253125572371537e-03
2.444342838984952734e-02
-4.015155486448777900e-02
4.849258871356168163e-03
2.482991897584038016e-02
6.499527259542682220e-03
1.145344341616083284e-01
1.179984861859005758e-02
-6.020120874446532877e-02
8.920161328403561352e-02
1.098364284626177773e-01
3.083394548411274119e-04
8.345298918831676668e-03
-1.077668974450810835e-01
-1.005466047572823318e-01
-6.345119189988597530e-02
5.965314728059189359e-02
-8.563664218268085548e-02
1.889648564422051827e-02
-4.626001286021141218e-02
3.385518291296592958e-02
2.370845651600324375e-03
-6.474225360420854392e-02
-6.929734810550675084e-02
-2.447519688738350463e-02
3.868480991911353931e-03
2.200719545556574508e-02
-1.324711223062954024e-01
-4.071369733072325442e-02
-2.832228980889192615e-02
7.554316643607621347e-03
1.165922048765041241e-01
-1.247775009578053484e-01
-3.021356599919947789e-02
-1.734839076537822780e-02
8.563501142071465455e-02
9.802165209987553224e-03
8.144182063268601973e-03
1.248367101615014373e-02
-1.108196211242048618e-01
2.156024123359710082e-02
3.902701904556048207e-02
-8.574703222347020148e-02
3.628382653194543901e-03
-1.178269425713784901e-02
4.327741194563449606e-02
8.454713638521996200e-02
1.403618776878541759e-02
-9.962967748097589782e-02
3.903846574013097176e-02
-3.540205472033356587e-02
6.548105149651400024e-03
-7.935315952285344754e-02
-2.114885016681456245e-02
-4.910895401517351155e-02
1.909700664444978838e-02
9.263267373931921567e-02
4.532423773887248042e-02
1.976530544252387556e-02
-5.721308832784893772e-02
2.283408585485337955e-02
-2.332833217384200700e-02
-1.604262084255275896e-03
-8.067567611663956995e-04
1.812008614427119274e-02
6.990668858634107620e-03
-2.682302370661468829e-02
6.306501492196553427e-03
5.561591378598525204e-02
3.556839244088658841e-02
-4.251622243710074384e-02
7.606416352347203369e-02
-2.773026049354501699e-02
3.669411997048149798e-02
-5.433266092261624519e-02
-8.525811724167877900e-03
-8.714719817549336500e-02
3.523408623781433546e-02
2.696615442995631967e-02
1.153353264518578065e-02
9.042622143823528247e-02
-6.348471660261431615e-02
-2.219937448112173015e-02
8.883519361455191610e-02
-1.268867661178648028e-02
2.249278619181066530e-02
9.271352189987458123e-03
1.141420477438935023e-02
-8.083254287346577915e-02
-6.624612974512100738e-02
4.018915647213164299e-02
5.215386885334373501e-02
-6.819162877080491014e-02
-5.942725538746530811e-02
-7.291898818518717518e-02
-1.138209130797790576e-02
-2.470833312693689748e-02
-4.393743149064938125e-02
-1.290771303249359514e-01
-8.617335103440491861e-02
-1.796375252116470117e-02
3.216480405257214625e-02
4.094115726420196472e-02
-3.664177878352768702e-02
1.069516419052061844e-02
4.522654882493532674e-02
3.163367742450163417e-02
2.817454904691505876e-02
6.267463559590141786e-02
-1.206189952223656395e-02
-2.742951035400815335e-02
4.772735366091945819e-02
-7.003141051594879984e-02
9.437056422238226938e-02
-1.708825287096131171e-02
3.167159264021592729e-02
-3.437530189776455414e-02
1.871688230228854902e-02
7.078325450398392782e-02
-1.255586359396180726e-02
2.129972700949566908e-02
1.439993236142839972e-01
1.873017928447453725e-02
6.367078027079703384e-02
2.137922665534822131e-02
-9.445404669072919590e-03
-8.829362383773627088e-02
7.535694596385829336e-02
6.433512760718376917e-03
5.629989298758055621e-02
-2.695382963278864646e-02
-1.606040242014581537e-02
-2.034541765119466522e-02
-4.054008390293638991e-02
1.297471853282044195e-02
6.522690351624219063e-02
2.846366432703917662e-02
1.919140267364749172e-02
-4.816725170130356504e-02
-2.226576530963054676e-02
-3.878657573796620572e-02
-3.130018660241248168e-02
-3.948309926237848072e-02
-7.300344283855243754e-02
-9.601644209758284851e-03
4.694879026528420152e-02
1.301159884190233428e-04
-4.540191845791656522e-02
1.487226688453648256e-02
-4.457744284077120450e-02
8.108637724566716831e-02
-4.849362362019408318e-02
-1.289554503936113650e-01
9.498545556606310947e-02
-5.584371868834143299e-02
3.562054546299813634e-02
3.479798285508236416e-02
-5.922802018032478216e-02
-2.056920837024941301e-02
-2.170293290564013610e-03
-6.584875695908644355e-02
-7.678800231081825411e-02
-4.241263769143960999e-02
5.766405673311901514e-02
5.336401967549685155e-02
2.741467669227708875e-03
-1.216971797684842163e-02
-6.870839214925000436e-04
3.304682675064037067e-02
-7.837034319095086826e-03
9.657905497592395722e-03
4.491682949458433022e-02
4.225871885047539217e-02
-3.838584734557809464e-02
9.946719713968910082e-02
3.107037460840558762e-02
-7.562784061509075784e-02
1.232765100111407781e-02
5.201945643435990085e-02
6.138504784950984949e-02
