9.218295179692830021e-02
2.752034946258611336e-01
-5.271140189527364489e-02
1.068088111424950332e-01
-1.204341523413077625e-01
-9.531514615606016816e-02
-8.558513726835606517e-02
1.272464446729837939e-01
-5.117408745118918328e-02
1.042922990964576524e-01
-5.739353108549317961e-03
-9.336679224099612984e-02
9.481796480648911965e-03
4.151392054169637802e-02
-1.234355348416923404e-01
-3.534358293638583531e-02
-3.682133740692920820e-02
2.241924061784738090e-02
6.033865485798328709e-02
4.102485475433994416e-02
-2.182642630845084766e-02
8.118980379368656575e-02
1.817180982574151393e-02
7.460550373948017511e-02
-1.045323271653472580e-01
4.096471018521560120e-02
-6.176995117364558752e-02
-1.476722487399054762e-01
-7.947157421057227111e-02
5.896805331905308201e-02
3.250041951121058169e-03
5.780790619009484876e-02
7.290367722067252199e-02
-6.715435159923238695e-02
-7.238713544090309704e-02
-4.857724509441739558e-02
-2.977610092931361890e-02
1.303972085388778734e-01
3.980339386509086641e-02
1.256045907834230646e-01
-6.810476646570384762e-02
-1.088715394640242251e-01
8.512667677918182851e-02
-3.039553153173602234e-03
5.708128826808378520e-03
2.873259781320260109e-02
1.825330932764242589e-02
-5.639356314634694917e-02
-1.597141268315320772e-01
-9.774094272276649675e-04
1.627600073721950300e-02
-8.854680165705475225e-02
-1.858597860249027595e-02
1.096991892580120448e-01
5.829095408174130716e-02
-2.648255818920325702e-02
2.495270593579917290e-02
-6.151211013345444373e-02
-1.259965105400326184e-02
-5.826162113865207548e-02
5.629380362946317766e-03
4.081250900571626455e-02
5.137047717918752365e-02
-9.656710917956497220e-02
-5.175008604057323991e-02
-3.631982317244698832e-02
-1.833341267773861694e-01
1.791967718948097796e-02
1.203084986788833244e-01
-4.790702345220274050e-02
1.385292082057653848e-02
2.729879117532984026e-02
-1.046204635465168842e-01
4.118922927716119065e-02
-6.791394758973415269e-02
9.849104763203422874e-02
9.816563422001385597e-03
-5.448561510247851986e-02
-4.951149761241061681e-02
1.603488600830455801e-01
3.589513167519962217e-02
-7.461537308844455943e-03
7.595268706710468776e-02
-1.546213020500878110e-01
-4.675499188545911150e-02
-4.118582486758810834e-02
-3.044415612907268656e-02
-2.723537974853436697e-02
7.022928997918069516e-02
-5.484727344066073901e-02
-1.997693782290795722e-02
8.301497998056113145e-03
2.783008539658261143e-02
4.167791679678727740e-02
9.352580223964160333e-02
6.529973930534213600e-02
1.031646142163578431e-02
-4.045439262900905886e-02
-5.218031400187378606e-04
-1.116625707183632916e-02
-3.972144731950864177e-02
3.173659379972407907e-02
-1.526778656155182157e-01
-3.390726597630262101e-02
2.068024069753977671e-03
2.492990670805220882e-03
4.396354797541423415e-02
-4.083437975812512222e-02
6.183250290105392344e-02
-1.043626912822767129e-02
1.078121491032388579e-01
-9.496896240684646329e-02
-4.582517541630354296e-02
-6.292401163094286931e-02
-2.523420590312442507e-02
-1.165359314402583252e-01
-3.781040435784649434e-02
-1.202219097566105538e-01
1.947941259358206695e-03
5.718641230914331408e-02
-7.150773174380942870e-03
4.597847701101841905e-02
-3.038566218277164929e-02
8.896540648264116002e-02
-3.415812625747018799e-02
-6.309247832284689550e-02
9.102290783189653789e-02
5.512048590589396085e-02
-1.567558668524064724e-02
-7.520172245844979064e-02
2.495504431813219334e-02
-5.023206325073620998e-02
3.050677663243199153e-02
6.310135042052218701e-02
8.980079357111322991e-02
-5.135809750801270668e-02
-3.932626070522794032e-02
2.283492246551750704e-02
4.422479342517846024e-02
5.008825273725536764e-02
-1.558098536467971730e-02
4.632696475458965291e-02
3.499595489220173796e-03
6.070921968181627881e-02
-3.113177808688306208e-02
5.719927341197493520e-02
-2.339317685955099799e-02
-1.542053107106383138e-02
6.703626329141477991e-02
-2.239888293635989777e-02
9.758203588804745254e-02
-1.570471330047696137e-02
-1.609085587720494523e-02
4.901521035020220407e-02
2.878895970502352505e-02
3.350547687072868291e-02
2.305995737709537821e-02
2.790199065332303260e-02
-4.083486118978191942e-02
-4.588690183230022257e-02
-2.358643728178016000e-02
1.668181323592525869e-02
-2.431618450956041927e-02
-5.374152808892075812e-04
-9.823165913294622242e-03
-5.897991717059562072e-02
-2.836426820777616931e-02
-1.670798248526981014e-02
-2.623737192399081680e-02
-8.734215648781813723e-02
-1.091312718428670905e-02
-1.628559498237999031e-02
-4.766517282061240096e-04
7.324501226534275988e-02
-1.114443790139070523e-01
2.439593022471156156e-02
8.554909867004714674e-02
7.476186586401327785e-03
3.204718599431016085e-02
-9.358206096753607720e-03
-5.022497932778617613e-02
3.015485009131219779e-02
-1.262805552175438190e-02
8.684349645530121953e-02
-2.674920255111872675e-02
-6.474217267081835980e-02
-5.146525043962589530e-02
3.079436327141819862e-02
-1.567864721505886696e-02
-3.184869859980718476e-02
-9.392525296288253139e-03
1.277317621710122864e-01
-1.057045100857254526e-02
4.994915337641604725e-02
-3.072651579578507958e-02
-4.314356669995972338e-02
-8.619827487126460741e-02
4.582001721998070487e-02
6.875772534422472382e-02
1.207675437636408222e-01
-3.463023877291220715e-02
-7.787521561257901292e-02
-9.298783675114463687e-02
-5.209602907395854965e-02
8.052494667564767672e-02
-1.055827766525063542e-02
5.917885160877991296e-02
-5.342316421187492254e-02
-5.578039115546292934e-03
3.115949479512446912e-02
-1.587022262648923182e-02
-1.222155526353891318e-02
2.618640894432113647e-02
-1.958804420814112476e-02
-2.804050541857909529e-02
-4.216801422340827471e-02
-1.114280447255513833e-02
-5.652265560631995756e-02
2.334063203300897754e-02
-6.086984591530959776e-02
4.826410818964537580e-02
-1.067948152364723985e-01
-8.911141782655308818e-02
3.218305288545383197e-02
-2.479541533592796720e-02
-2.877269419261883204e-02
-6.088012791997979636e-03
-1.742541881782621975e-03
1.323366215803156547e-02
-3.538385125567948628e-03
1.592304255683513886e-02
-1.451031574793506043e-02
-1.003013682134989981e-01
3.172565842351965371e-02
9.218295179692830021e-02
1.492788893425689607e-02
1.775657502175270394e-02
-4.833185250135203781e-02
1.003850341578555079e-02
6.034023670485562374e-02
8.777290026875095991e-03
1.007870295912823705e-02
3.014295185179417108e-02
-3.448622193157845767e-02
5.142254057407275036e-02
-2.009440714716682203e-02
-9.337679914186243491e-02
-1.252231249713611251e-02
-1.892989274532192205e-03
-4.670158735952995716e-02
