9.810802238091842487e-02
3.179592961940378437e-01
-1.236330479948123673e-01
2.942956574897131333e-02
-1.610254820598531200e-01
-1.480618985469120963e-01
-5.857645236886602907e-02
1.026816683899764437e-01
7.569690426933790850e-02
1.807768773609219337e-01
-2.554964525899228525e-02
-1.058416106229243120e-01
-3.473323507676519956e-02
1.193045199791928079e-01
-1.754832839079054907e-01
-6.010564354150758209e-02
-4.949143357070463073e-02
1.276760928917383686e-01
-1.700139018750566888e-02
-6.108910438331463522e-02
-4.533166875433866649e-02
2.892546387937318733e-03
-1.311700488329040903e-01
7.668172088634436605e-03
-4.941711243931889291e-02
3.493995998160222966e-02
-1.982029333165695115e-02
-3.068667748954981983e-02
-6.687324195393515303e-02
-2.120789843517849327e-02
1.461168233318520943e-02
5.937173777560977167e-02
-2.963330178575510412e-02
-1.099127570421653127e-01
-9.730851558321289285e-02
-8.154306855533133280e-02
2.526145058989991143e-02
2.808365073283157487e-03
1.676813522706203582e-02
1.127857679420020687e-01
-3.459371348351700931e-02
-7.061296296306628084e-02
9.858602557792794929e-02
-1.146865647715723108e-02
5.760319065412724572e-03
-4.447303167009530878e-02
1.005217952450283836e-02
-1.305996988569712303e-01
-8.980365277996170403e-02
-4.295712093179341468e-02
6.848778533799397550e-02
-2.110760188349500299e-02
-1.667652796188384343e-02
4.728182812639646071e-02
1.124398603877167085e-01
5.140708230132293860e-02
-1.146172353579662066e-02
-5.758405573597196597e-02
-3.933757090624617758e-02
-8.046057449782205440e-02
-7.526814036252507667e-02
2.160535626011408222e-02
1.945780526294428048e-01
-5.346554962396981442e-02
-9.182807165725981324e-02
-4.720556577142975135e-02
-1.126983820677856796e-01
5.988089298913296110e-02
1.072510930080726593e-01
-5.681237314292700291e-02
3.136764639652528386e-02
3.515478872456299919e-02
-3.053381383581654784e-02
-3.645984560628420801e-02
2.275523850764848977e-02
3.868454945622215591e-02
8.491429602787786690e-02
-5.474509328148397663e-02
-7.159158615245726776e-02
9.658878383076344165e-02
5.910418786523565643e-02
-3.144951673072591408e-02
5.777158409650828830e-02
-1.576005474015663710e-01
-4.218337386287662749e-02
-1.221664381728525955e-01
-1.505794806529949133e-02
-8.765591998566289733e-02
6.861889496239130526e-02
7.947092022839953238e-03
2.448619368042014716e-02
-1.898867931218361019e-02
-8.089956834477587955e-02
3.869413232183614715e-03
-3.434942744304183421e-02
-1.322188950150098539e-02
3.999931245584821549e-02
-8.346096664025776102e-02
-3.158497099837587196e-02
-1.011130981104066103e-03
6.062696991875273639e-02
3.651453881035124360e-02
-1.735084124515312298e-01
-6.100002379009897453e-03
-2.335020812867967532e-02
6.400445244506018649e-02
4.799055961188707781e-02
1.843194871439027618e-02
-2.018878686824154833e-02
3.158832962330167683e-03
-1.289416166011677495e-02
7.916935268574934459e-02
2.615844994967198023e-03
-2.792804471562677221e-02
-2.039840820191367657e-02
-1.094255407364143687e-02
6.770029563864683742e-02
-6.086577123228485015e-02
-1.034157282212378182e-01
-1.585890307742257935e-02
-3.129699202079249537e-02
4.607053542494340959e-02
-5.009102515264288874e-02
2.872086507655341198e-03
-5.313865373554887972e-02
-6.938681836056517782e-02
9.399783579854900650e-02
9.599409152738666573e-02
4.167243149113603745e-02
1.106189310426206919e-03
7.921507928565665879e-02
-1.598064552771488733e-02
2.334897560577112521e-02
8.037405138964165766e-03
3.195192388132477457e-03
5.805860786883753830e-03
-1.190429169918524530e-02
1.753732196121717338e-02
4.542913050333248492e-02
4.728324552774129663e-02
2.617428786904688401e-02
5.583926549355180263e-02
-4.272485198967661962e-02
3.180762626180594355e-02
-6.582029763315841442e-02
9.400421410460076468e-03
-7.229412421033240554e-02
5.537941119637071474e-02
2.743706921500473420e-02
-3.735407178951203732e-03
8.785392479092192508e-03
3.317304595297354032e-03
8.541352943198720835e-03
9.291799166529311760e-02
-6.937840639171429132e-03
-1.327991051742111184e-02
-3.871203471708287852e-02
2.267342979959329277e-02
-5.868134006838388039e-02
-5.159417927884126648e-02
2.012543519074192974e-02
-1.283900625995903350e-02
-6.321086175731568946e-02
-4.659047521391643937e-02
-2.128782754579814935e-03
-8.241973128711228835e-02
-9.139604156473930818e-02
-5.020746775442842119e-02
-2.598370901431189608e-02
-6.956738296666815924e-02
-5.351401858734865236e-02
1.695289041105411260e-02
1.017882125335664578e-02
-8.543324979852405521e-03
9.586039360488140398e-03
-8.770941147989409770e-03
3.891811254739292042e-02
1.458416625925176499e-02
5.941435225517298357e-02
2.491939466970377257e-02
-2.291669900866891499e-02
2.330355713659094941e-02
-2.119551157994753812e-02
8.298139197653983667e-02
2.384293997444640253e-02
1.718987375329611780e-02
6.074797285529991413e-04
1.045271865670980779e-02
6.282945754326400845e-02
9.706672540162754326e-03
1.048723546076383295e-01
1.046666157211281478e-01
1.855138018422905141e-02
2.730586715138928061e-02
6.386533142175727581e-03
-4.174216147468741769e-03
-7.152687869975823953e-02
7.825703922883850416e-02
3.166545474430437074e-02
3.546261132097407870e-02
3.015650776043580020e-02
-4.779840929044368303e-02
-1.424241846978276799e-02
9.811221295880750634e-03
7.961891541664400940e-02
5.362349743470086472e-02
3.051424753464327538e-02
-2.943428014909653043e-02
-4.634757576171338184e-02
-5.222227295303981387e-02
-3.298406937801966893e-02
-2.301141839419120622e-02
-6.532975351555438126e-02
-4.993249189353028000e-02
6.773206391661478788e-03
-9.366896787347438538e-03
8.008317598322316428e-04
-4.066690848926587942e-02
-8.871022008163902822e-03
-2.324433441083498600e-02
-7.890519221337375863e-03
-2.554191117774111744e-02
-1.179577730100897920e-01
1.110686170258062128e-01
-3.087414422394071239e-02
-2.910519653251291208e-02
1.514092767011781431e-03
-6.999667069571713363e-02
-1.871062214401408245e-03
-3.315951901405217450e-02
-3.476361676646102378e-02
-6.895229240915484725e-02
-2.454202696817759516e-02
8.377831047613740201e-02
7.677816580393862812e-03
3.816260681752272396e-03
-1.804505977339552905e-03
1.587264570785294412e-02
3.312245088757744677e-02
1.225069226263403310e-02
8.202039386474114374e-03
-1.969941364740062859e-02
4.393084484262289868e-02
-1.881957716913015832e-02
3.184783732169748499e-02
4.173297917901869908e-02
-3.902756058167242137e-02
4.078507662312338966e-02
3.775649051915454940e-02
3.761989616781417911e-02
