2.142575773456176138e-03
1.333687625453607584e-01
-2.447205076011111091e-01
2.465380316214038983e-02
-2.012437596356434766e-01
1.259361758656362684e-01
-1.133155670595864944e-01
1.927048539870450938e-01
-1.197124613831821891e-03
6.493178646355507455e-02
5.813455707430947861e-02
-2.483925975714580854e-03
-2.918597146351877350e-02
1.620349828172845674e-01
-7.455129339836441549e-03
3.860368807619932868e-02
7.100814462161544882e-02
9.139171884283307790e-02
1.197846402291744272e-01
9.955960546733558236e-02
9.943676737264111123e-03
4.164521856792220700e-02
-9.865214874423793023e-02
1.228154814783090076e-01
1.553923064702148610e-02
2.729450469581656130e-02
3.262476783242561351e-02
4.319618180604627503e-03
-9.286986823045473294e-02
-6.556569735487187411e-02
-6.765697887511558373e-02
1.430979841483205339e-01
3.586893531895753422e-03
1.212622251683425668e-02
7.655695514381677391e-02
8.801166039111932293e-02
1.734179678329633711e-02
5.644413979014081643e-03
-7.095720314868643464e-02
9.790174980332862209e-02
1.092843467606956498e-01
-5.017706861085174247e-02
-3.127072654851881933e-02
-4.666630506412276086e-02
-1.113076475203201021e-01
5.775080268198135719e-02
3.353670486512297898e-03
-7.291086508035946219e-03
-2.214034947670171991e-02
-1.583000979564849198e-01
5.086202680918257973e-02
4.480669435601535022e-02
5.154564444243633914e-02
9.492280253388832301e-02
1.081008394658046767e-01
1.011319119126078969e-01
-1.274185938946875707e-02
7.193472203607566805e-03
2.061238751305806416e-02
-1.094772822977100185e-01
-3.796833078572042081e-02
-1.113966187078041514e-01
9.626738930619887710e-03
2.881011934953975340e-02
3.377402016179436445e-02
-5.404537497484911829e-02
-1.360483051882439010e-01
1.155808750936521134e-01
-4.989897191341447630e-02
-1.302048525733118765e-02
3.622213893873958701e-02
1.487625066034907982e-02
-5.369051328773488674e-02
4.587879363739535282e-02
-7.794715640677636614e-03
1.203145867709608657e-01
2.176499125511950974e-02
-6.070875952455685037e-02
-1.850618338682474828e-02
2.255334935452717876e-02
6.831202130541056024e-03
-3.929446714920695194e-02
1.708116270988944280e-02
-9.813581952139231734e-02
-7.721263257862193141e-02
-1.500303283861244008e-01
-2.407799518350648219e-02
1.978402412950808556e-02
7.946001937428869011e-02
-8.079747998487372962e-02
-4.102785307189884406e-02
4.546561736942816845e-02
6.660389445101311257e-02
-9.515401473165617519e-03
-1.416596283766711345e-02
4.259705505067686027e-02
-5.205001441367325399e-02
-2.549708915167996429e-02
2.939541711779824259e-03
2.400733329273306224e-02
2.386826730500025626e-02
7.242473384977650419e-02
-4.621375851652345657e-02
1.519626471106491905e-01
-2.749139137200549976e-02
-6.615201818595234373e-02
1.121298372489098472e-01
-4.026299013936841115e-02
-7.802617919026735328e-03
-4.398203516544150343e-02
-3.842973211843411091e-02
4.231906418732462455e-02
1.393940733964070880e-02
1.910647431712952579e-02
1.895534324370300519e-02
-2.227899212809439713e-02
3.201872658350073120e-02
4.313878445393027478e-02
4.478884367367318153e-02
2.217072385910607082e-02
1.168845746311117373e-02
-6.749251270697496918e-03
5.658786247761506127e-02
-2.597002639966220286e-02
1.444384786693431524e-02
-5.806128460943859280e-03
2.249708089931819546e-02
3.901714656839325862e-02
-3.143374631749733250e-02
-2.593742950147217077e-02
-2.255966412160078857e-02
-4.521080417069807400e-02
2.324892623938961973e-03
7.099823149565073765e-02
-3.347458025720886216e-02
-5.184145071010239081e-02
-8.727184485871326489e-03
-8.288375202509257189e-02
4.815306229066039501e-02
-1.002128839962133401e-02
-9.521398737984128335e-02
7.024169417780953828e-02
1.527947852432319856e-02
4.956816984163098933e-02
-9.204213985141495441e-03
1.072004030703475191e-02
4.935893585552157681e-02
4.894731182080153814e-02
1.189211752074219655e-02
1.056828128470370526e-01
-2.608189302754163746e-02
-3.659647409749981761e-02
-9.236810883331529262e-03
1.133428722535248928e-01
5.024148629060824073e-02
5.949096198611533021e-02
-2.279345161543775214e-02
3.774438586179148375e-02
-4.429244653684205613e-02
-2.650283046174454343e-02
3.204303314502987814e-03
9.022920197480691074e-02
-4.008289580467130908e-03
-6.172067448958166481e-03
-4.453110239859051078e-02
-7.988885908684070086e-03
-4.179014070836014477e-02
2.407178625051790283e-02
1.170126338740011714e-02
-7.191013325031976600e-02
7.558871437788206027e-02
-4.608107785192095546e-02
-5.872172457807021961e-02
5.319450420921554429e-02
-2.528231651512052175e-02
1.789636738886704256e-02
-1.505817945252007836e-02
6.171721724280393451e-02
5.697895469983877033e-03
-8.290442494970226561e-03
2.858419885602354188e-02
3.807638738653867927e-02
7.826300059454191493e-02
-3.028819818110472031e-02
4.714809709721939218e-02
-2.666860191693390392e-02
7.743883529636490237e-02
7.391988724706005653e-02
-1.439745725966170078e-02
3.686892631040201290e-02
2.224297326115497533e-02
2.914148586977674885e-02
-6.508270586881154118e-02
-7.078557554079194236e-02
-9.594953427081769071e-03
-2.257201143152125569e-02
-1.755598733238810105e-01
2.016876630662984421e-02
1.765774680514691983e-02
7.969599410588300292e-02
-3.257915334177657191e-02
-5.695387202168605140e-02
-1.111480144420626259e-02
3.435078064719356700e-02
5.746910762565298619e-02
-9.269654727719973042e-04
-3.931746842368736422e-02
-2.949010334587405524e-02
-9.443928187740282393e-04
-5.294085518542079871e-02
-9.468622807581217327e-02
7.201395648773672997e-02
6.886906137296535182e-03
1.960470591143455548e-03
8.323603841613767818e-02
-5.050127369133487060e-02
6.562746918250254857e-02
-3.500945671440797852e-02
1.570595460897613801e-02
-3.195272139246874751e-03
2.173080684565398962e-02
-2.605546978431183894e-02
7.008438944942277718e-03
1.603785029963829961e-02
5.157894690119325248e-02
3.732425982224050337e-02
3.196316368885862569e-02
-9.028924517904873825e-02
4.558707962101721939e-02
1.665260522156419495e-02
8.572818417245645084e-02
-1.741923205551183752e-03
-1.302597451854154431e-01
-5.572453856797598276e-02
3.505662343830416583e-02
1.117149323575538115e-03
5.122016935293281781e-02
4.008642360750572405e-03
-6.650991378350418204e-02
8.469503183436842553e-02
7.755274804988828569e-03
1.000132103557851981e-02
5.755666769200326605e-02
-4.388981839934979340e-02
-2.439934274369372907e-02
3.369718461606070747e-02
-1.842818366615573810e-03
-1.156410946880356422e-01
1.258981108730528910e-02
5.772056941169038252e-02
