8.775912894512459539e-02
3.934158581503733876e-01
-1.469776398544166696e-01
1.859584706235348217e-01
-1.466035848448191958e-01
-3.491249090684733769e-02
8.143355581796514475e-02
4.067028841207862705e-02
5.599995419970475730e-02
2.408369843060872983e-02
-4.553779911389153889e-02
4.485537815006222090e-02
9.478337279718332354e-04
1.825827638891627802e-01
-1.682523031548442466e-03
-9.389574253644517032e-02
1.098979621293740550e-01
1.377303527867693722e-01
2.322266809722711711e-02
6.340815472044175616e-02
-2.871619135660741923e-02
3.225567222218767016e-02
-1.131419802480263803e-01
3.058129132145135363e-04
-9.134297752352003169e-03
8.050894096302955993e-02
1.876857753745499527e-02
-2.328266456113506702e-02
-5.708699766423125377e-02
-8.150272942931387557e-03
4.424992792285085963e-02
8.750996594205202872e-02
5.368027493155368840e-02
3.717924632471962532e-02
2.364906044768043392e-02
9.808335081489183080e-03
7.250143131374456318e-02
-3.598435412748682977e-02
-1.133049608664859348e-01
3.666439455307023837e-02
5.172602553442791351e-02
-5.811304414877543900e-02
-2.611309003497517059e-02
-1.451151964322529644e-02
4.417068014964985190e-02
-7.252396017569506109e-03
2.947468604264319100e-02
-2.777429172397323162e-02
-5.843044924823093123e-02
3.511901122481914800e-02
1.071906346332358179e-01
-1.584054999553232562e-02
4.746786362246097762e-02
-3.761643734866528671e-02
-1.137590226614787307e-02
4.822383976803368624e-03
1.066882030611303461e-01
-7.243332721957880527e-02
-1.129282838147625534e-01
-1.504079609662276606e-01
-5.513150624715108805e-02
-4.184365226343530510e-03
6.747163000455790038e-02
-2.349849312865394668e-01
-7.068815118144218534e-02
-7.787327111814883879e-03
-6.967552541251627318e-02
-4.462967552390592618e-02
5.069642549279199800e-02
-5.344073758312765932e-02
-1.800328624222435892e-02
-8.184842498328605276e-03
-4.168770975805065337e-02
1.591807274101890088e-02
-9.741007249794900180e-02
1.352562835381766193e-01
9.617961022924462200e-03
-1.881108222033859786e-02
4.713948734674169513e-03
-3.382520593844081519e-02
1.401973494217329252e-01
-1.515830153447444810e-02
1.091336023491092100e-01
-5.218450340036966117e-02
3.296579713111077309e-02
-9.552547971993197509e-03
-3.060599371832201793e-02
-1.453915458721049755e-02
-3.242431093155054983e-02
6.287829520767682090e-02
-3.238187524977552325e-03
5.611070097897129239e-02
-1.255316468013916997e-01
9.699154627387349126e-02
2.892847326714543046e-02
-6.507042592662277969e-02
1.252749626774841973e-02
-4.550509258842590915e-02
4.079928598456385169e-02
-7.295252606106855664e-02
-4.966775696612187735e-02
1.534022295723845228e-02
-6.716008999933147094e-02
2.587896927357245108e-02
7.922120777420603097e-03
-5.259098893099842936e-02
1.274897257600435263e-01
7.476684120999959986e-03
-1.435709516222933788e-02
-1.817961857519360264e-02
-5.031257232577657917e-02
8.971765641098215782e-03
-5.687223171378446435e-02
-3.112022447999420946e-02
3.551228304315535989e-02
6.044586812811047344e-02
-1.032084081544694561e-02
-7.147648884693763582e-02
4.840624419855772687e-02
-1.376071858079589219e-02
1.504648523802496266e-02
3.471066266425878316e-02
-6.840769904351729370e-04
-2.099579532011250013e-02
8.010545698062391737e-03
-4.518565195626738501e-02
-4.210568397325753498e-02
3.240574963334325737e-02
1.584275803100679628e-02
2.046120923141000678e-02
7.118081909668397267e-02
-1.443406589884729807e-02
4.621497599346897911e-02
4.995456007392335557e-02
1.654215326754612456e-02
-6.514304959340036505e-02
-5.367941241769647910e-03
-1.009811903718119408e-01
-2.519910135076049162e-02
-3.426836555827840729e-03
5.930596981441377258e-02
3.614071063952295666e-03
-8.083686873154309616e-02
7.662987114158622236e-03
-1.264627132599792370e-01
-9.731398845425513061e-03
3.483124210149758648e-02
7.276881060948153790e-02
-1.090507320177078882e-02
6.854411423517459134e-02
1.426634490422850066e-01
-8.363075811839153217e-02
-4.721435354954804653e-03
1.235347547191651546e-01
-1.991651448030094460e-02
4.737436712033876035e-02
2.893282033698579489e-02
1.848239543963071593e-02
-1.361360821730912656e-02
3.547657496946661493e-02
5.868540834442399073e-02
-9.786772235058780606e-03
-7.962576127379464297e-02
1.606231955849970680e-02
-3.907363726015461447e-02
1.231918192095360527e-02
-4.676143027284677262e-02
-2.840454784971812446e-02
7.277108764606458891e-02
-2.964411826475470829e-02
-4.903584481377112891e-02
-4.088105229822793646e-02
4.930046406516500751e-02
6.474408518360651350e-03
-6.327346455649890400e-02
3.974256850725707557e-03
-1.973987164234310490e-02
8.897934454920525260e-02
-2.207417914551254925e-02
1.116955445094751191e-03
4.702487650539483033e-02
8.138284000316083067e-02
3.386139701988959833e-02
7.552343836554950562e-02
-5.142462869216234828e-02
-5.810962859390086249e-03
7.088697787580762466e-02
1.953542135762861842e-02
-3.127903053138482437e-02
-3.883813647658035384e-02
-6.633076567534110755e-03
9.520331354398466062e-02
5.289983789299034650e-02
-7.309632437134360979e-04
2.137885497437927787e-02
5.162569792255654322e-02
-3.003663107089657447e-02
7.782359031997319876e-02
2.926136911547652306e-02
2.804729461005925004e-02
-2.099731334450120196e-02
1.238676850680505391e-02
5.101596962661338747e-02
2.385392473904638169e-02
4.875183625086704220e-02
-2.061411568801726352e-02
-1.091352583757150899e-02
4.695318435358302768e-03
-1.192370206714291406e-02
-1.427512184523952767e-02
-6.652427928434610782e-02
1.113194884677289401e-03
1.157742000374782469e-02
-1.894953294469891442e-02
1.353239391251366552e-02
2.641686741548665215e-02
-5.870096809440816452e-03
-4.073121639095236834e-02
-4.132441892139125661e-02
2.584974730408997473e-02
6.461508761112129406e-02
-4.195222550778165971e-02
5.330618542140196092e-02
1.213974453809838448e-02
-5.384370405721898567e-02
-5.825546243687894366e-02
-3.402755168934369460e-03
2.925805706226481187e-02
7.501721173247226371e-02
4.744712878933350642e-02
1.168706276527712662e-03
4.996597975739289210e-02
1.064911358950336451e-02
-7.319468545162052808e-02
6.652341677048888291e-02
-1.115571972867776714e-02
1.115861777523801356e-02
-4.258582818729254871e-02
2.755862875911493926e-02
3.929319878764751806e-02
-1.958182460314683571e-02
-2.122926057098373231e-02
2.757691405288791725e-02
-1.622788771853089437e-02
-3.817513932481553934e-02
4.734255760928463008e-02
6.313394431495564056e-03
1.137110668910175197e-02
-1.546756450311782653e-02
7.602107436060885626e-02
