1.179349527443303638e-02
2.834584947473484662e-01
-1.779905461649710641e-01
9.906806274838850235e-02
-1.789552850063801659e-01
-1.080870830846301645e-01
7.099631774520452632e-02
8.093216694304263686e-03
1.082778889164886099e-01
-4.942251388984614247e-02
-6.554882625921898409e-02
5.855383575258465978e-02
-1.291357455178077616e-02
1.725956689116906473e-01
1.835886404705070266e-02
-8.219060463702212993e-02
4.589288959017828046e-02
8.123310567417800498e-02
-3.478568142211492520e-02
2.782312023329253439e-02
3.723699754104053093e-03
-1.179673153351509102e-02
-1.282741999685717837e-01
-4.480317109390960506e-02
-5.013095435735483857e-02
3.739210443250930160e-02
-4.517373944055268209e-02
-3.064343661456372936e-02
-8.895512011542106023e-02
-1.320775383868909025e-01
1.812316429539006790e-01
1.615656972361526056e-01
-4.568893854101746532e-02
7.199061664379613479e-02
-1.818377242166285433e-03
-4.271138000455326073e-02
1.225379807908738711e-01
-6.579815166251993218e-03
-8.941083210306828566e-02
7.930175963560102959e-02
5.145104779137181505e-02
-5.024348942832152637e-02
-7.330617264239909503e-02
-2.579104980122358740e-02
-4.728107791890116471e-03
6.855774648163300011e-02
2.752064678135536860e-02
-4.068848453379941138e-02
1.691866202854510823e-02
1.745197750717026111e-02
4.305178775109141237e-02
6.619257490858226900e-02
1.329215013738976013e-02
-3.178093163666231846e-02
-3.322270173946540762e-03
-2.387735305186730606e-02
1.979409490469830057e-02
-7.617806898800900950e-02
-4.310730460792170510e-02
-7.199195118362378132e-02
-1.656374783408038065e-01
-6.482530549165782530e-02
4.925359451116117365e-02
-1.933304142139089521e-01
-7.844084799278318310e-02
-4.048753619925081482e-02
-6.912979697875572260e-02
3.029502162905966384e-02
5.386803287323108785e-03
-9.259397649998217517e-02
-7.181479102150307992e-02
4.755839529508710389e-02
-3.190824673622025265e-02
2.660898926159107128e-02
-3.485998192701941084e-02
1.567009325659109997e-01
7.611114181565230286e-02
-7.007001365083176392e-02
5.339937584925564390e-02
-9.033159785715631773e-02
3.924511298320313563e-02
-1.435454393068727290e-02
2.297737275559495751e-02
-4.419665610573777353e-02
6.245909965024067784e-02
3.225519372791390421e-02
-7.400790704727384928e-02
-1.001706929174897009e-01
-7.656645344135122599e-02
2.527538361181912163e-02
9.885603773327041044e-03
3.719395863159877681e-03
-5.630717131622938604e-02
4.360839094970908603e-02
-3.697799672398910387e-02
-9.933827369999219392e-02
-1.020259034588991663e-02
-1.983202919929928990e-02
7.418463348395056001e-02
-8.735470659060592946e-02
-1.149035455258204386e-02
9.928352420356280350e-02
-6.404923721838289008e-02
-1.871989043392607160e-02
-4.378364939257538974e-02
-2.590471923104378446e-02
1.110670437927841481e-01
2.528429166516869483e-02
2.810554222431924445e-02
-6.083463104503212399e-02
-3.152366572138683848e-02
1.214174344245864436e-02
-2.583812569364398598e-02
3.563855246247118330e-02
-5.079759036476235584e-02
5.359585347538160793e-02
5.139409630422679676e-02
-1.447561672020136747e-01
1.059200239489942880e-01
1.580171891979234924e-02
5.777623275850793383e-02
-1.891363225340535192e-02
-1.191353713193027061e-02
6.758483358377949390e-02
-4.694614178565637702e-02
-2.817003386149049410e-02
-3.979164040612204016e-03
-2.999518389328210966e-02
4.533631975505630039e-03
-3.078116112477734256e-02
4.392160744725884247e-02
-6.650906102870977887e-02
-2.262095053112498505e-02
8.298966035882834880e-02
1.776172420116812773e-03
-3.359640625470346198e-02
4.237437533457560912e-02
-5.329735027943170028e-02
5.154493266824707737e-03
6.712068063172237477e-04
5.861268895898408271e-02
-1.731965788325863509e-02
-2.186853697629518103e-02
2.564918821754425329e-02
-4.632327868459581999e-02
4.523222564849949806e-02
-3.451280139085592669e-02
8.568372927240373860e-02
-2.174165560218123405e-02
-2.877448031292946171e-02
4.418928277319000841e-02
1.445760376887764501e-02
-1.353537002097921112e-02
1.315849597365048411e-02
1.450864991728530694e-02
1.220183109819864518e-02
1.894929783029933312e-02
5.045357936068953913e-02
-1.590207631483172776e-02
4.211213825844212916e-02
6.144441565578169506e-02
3.357031600107288072e-02
-2.918211550328555018e-02
-4.458363929226096152e-04
-4.906949474193667698e-02
1.175102354441803429e-02
-6.339371125504057736e-02
-4.939702417913800075e-02
-1.795916936866913741e-02
-2.702126197784824810e-02
-5.295730953134614866e-02
5.335523594445608191e-03
4.927594805327433630e-02
-7.114665365678944642e-02
-7.204693422452301821e-02
2.746593064842166310e-02
1.125047101856171960e-02
1.034882588385437618e-01
5.905739099305319303e-03
9.965035583868846192e-02
4.088112535792087776e-02
1.161402302206091947e-01
6.085915321436521919e-02
5.129300491228220432e-02
3.173038594069002571e-02
-6.305513850076543969e-02
6.963151722696123147e-02
1.007390067030950187e-01
-3.444734221230962706e-02
-4.440147460578656134e-03
-4.489265198935361856e-02
4.879688161864320639e-02
-1.634531035509041719e-02
2.789588601739522757e-03
-6.948875482889822763e-02
8.190171012783131754e-03
-7.152195961982067696e-02
7.084734973694294113e-02
-7.664929500115269306e-04
7.454235688475251143e-02
-5.662285671246029654e-03
4.766308994456634794e-04
2.444376511821820877e-03
-2.527902023284947508e-02
6.083189523838544027e-02
-6.040397504264904960e-02
3.525590653038786215e-02
-2.834168904682213969e-02
6.273398149124115308e-02
-3.664039151108901271e-02
-3.399219740408915280e-02
5.472650898086348775e-02
1.134125309033770165e-02
-7.541624692739426483e-02
4.890527961614418717e-02
-1.024362744559019316e-02
-3.750714176565284053e-02
-4.790821154741020660e-02
-3.537591502438940799e-02
1.744777370671315997e-03
7.600271045465563369e-02
-2.319583692538147723e-02
7.006200641186584484e-03
6.472121138510102123e-02
-3.532997349082250826e-02
-5.987553063439482459e-02
-5.689096576383544795e-02
-5.619246761804275181e-02
9.161512489989565022e-02
5.498210672135440263e-02
-5.269020138484174082e-02
7.354155210450109836e-02
-1.906987350372762666e-02
-3.137683297684950440e-02
6.080693934360836134e-02
-2.552841236314181035e-03
-2.349847719479709884e-02
3.079677524076086456e-02
-8.042470817357821877e-02
4.439870543564418404e-02
4.873018799075633928e-02
-3.932548564432344212e-02
5.158933948101217942e-02
-4.336987531901210363e-02
-3.307209891991495787e-02
6.205777016057023761e-03
-4.214096431871939413e-02
1.519547083958605257e-02
-5.781526804846674056e-03
2.283964824538134430e-02
