1.448077411656334239e-02
3.140290973263260010e-01
-1.784100548176482393e-01
1.851509669488426990e-01
-6.870148294810193845e-02
-1.198325100362964135e-01
6.504023032917064309e-03
6.509486329927192949e-02
1.080617876978891001e-01
7.375133761747675043e-02
-1.219013752394712026e-02
-1.060819415034401775e-01
3.825492352581683769e-02
1.604056734713093513e-01
1.976458207915140694e-02
-1.205263386331170555e-01
7.588485802183379814e-02
1.178297848092788452e-01
-2.054591116483718213e-02
-1.057007930183913313e-02
-2.784010444351818145e-02
5.959167983413383995e-02
-1.950520538898059264e-01
-1.493244941292267911e-02
1.969037707528931147e-02
1.605493929399081157e-02
-1.310625380696185116e-01
1.023826583982184908e-02
-2.243390378015347117e-02
-5.865286336644515153e-02
1.753808439096478655e-01
9.611322981134477750e-02
2.941227867268377677e-02
9.595368399130839443e-02
-1.021305503564478162e-01
-5.942177433415855164e-02
5.823594530245414236e-02
-5.808480195898059473e-02
-1.013113932537864081e-01
3.536997200458794066e-02
2.485239974504504373e-02
-4.426687863407854917e-02
-1.004900764784341510e-01
1.718441436641840458e-02
4.102706589383472296e-02
1.471040806439489037e-03
-2.228694480251844010e-02
-1.097208887528613175e-01
-6.717192850969477824e-02
8.375868720380685861e-02
6.189426211632131219e-02
5.966770706182884451e-04
1.397932511365712269e-02
-7.995320894298990622e-02
7.386620520872122335e-03
-7.782920459642689824e-03
2.585290186396607334e-02
-1.013665323971746218e-01
-2.911643725892342546e-03
-6.630407753683192906e-02
-6.510326577583476493e-02
-4.773129733417053738e-02
4.326225963909059030e-02
-1.170178491121774550e-01
-9.650770752628243243e-02
-7.722935550654393133e-02
-3.391465631492868865e-02
4.426309920686957028e-02
4.380423624983600939e-03
-1.401722399489292170e-01
-7.604571989241616647e-02
3.347212588261965632e-02
3.095452118814965084e-03
3.328818251015385615e-02
-6.143496047577241825e-02
8.969124059579412778e-02
3.335840561749220390e-02
5.098555288553440618e-02
4.002960081463520503e-02
-2.411659251029604420e-02
6.216354630496140343e-02
3.214858397198791518e-02
1.158970802202848455e-01
-6.238703868357834553e-02
-5.976387998634316405e-03
-3.289049903106571610e-02
-2.493625578624436567e-02
-7.801436278478129926e-02
-2.268479700603555360e-02
1.048192078770101149e-01
-1.696507260875418019e-02
4.375270780922780461e-02
-6.493619484626619864e-02
1.077251149723174040e-01
5.053293273237282474e-02
-7.414132726260375117e-02
5.268855603692526590e-02
4.715652069443288658e-02
9.559845157854972297e-02
-1.180143018448031461e-01
-8.703143495258612323e-04
6.291872310415644320e-02
-1.207803701333780289e-01
1.364278736762860808e-02
-2.951327711586670347e-03
3.050605165594079318e-03
1.202951186756531649e-01
-4.849035479523194220e-02
-4.034403566046832444e-03
-4.217604551025153775e-02
8.766752604981237901e-03
-2.358295088634187499e-03
-2.555156003382121760e-02
4.318326286144567872e-02
2.129504762947500695e-03
1.949813246091806548e-03
2.012089432825549945e-02
-4.535025819251085888e-02
2.305275124073874471e-02
2.110195939295889805e-02
-5.610593436621972609e-03
6.553668508897926570e-02
3.387345380937360588e-03
6.996664620630919582e-03
-3.963147865203173886e-02
1.080656346148696663e-02
-6.512627978794660599e-02
5.466394790644930196e-02
-7.710672659156672833e-03
4.084254885831042209e-02
7.368006841867878742e-02
-3.771480288379012308e-02
-5.344747851844349612e-02
1.228101250139169986e-02
5.115731435422839896e-02
-8.761150953939351657e-03
-1.778692930227914349e-03
-7.526925007028480163e-02
8.533440464598088943e-03
-1.490437366794165885e-02
-1.020091025124734117e-02
-8.914028784542737949e-02
-1.496693668620465399e-02
7.336624098078996237e-02
3.878934128214427818e-02
7.399072383730291060e-03
-1.945257686509549444e-02
5.846777266786234301e-02
-6.226967397078508881e-02
1.413235817073516421e-04
9.688868728690230858e-02
-7.483097149358587663e-02
4.660067493562593255e-02
2.481895856322269625e-02
-4.685349161999830675e-02
-1.281860227698382315e-02
4.267226405585961696e-02
1.610619777551265328e-02
3.654395658137847558e-02
-6.399275532922367449e-02
8.462623447269757015e-02
6.860240796340928704e-02
-5.356460701703619209e-02
-1.703053093821834396e-01
-2.856815035453444396e-02
-5.532399787258965307e-02
-4.772053271560209448e-02
-8.943670292224623064e-02
4.066707545217904118e-02
-6.935410903936750637e-02
4.043042256810223424e-03
2.083696080481471646e-02
-1.536478888972176923e-02
-5.711875336845574636e-02
-2.905171456796957694e-02
1.786049315331114662e-02
7.628898677410868301e-02
1.329906196092586756e-02
-1.684443464203885452e-02
6.179441099925540165e-02
4.306863148440177175e-02
6.642984472618801081e-03
-3.063384353844455371e-02
3.149987228747451462e-02
6.126998172912313106e-02
2.793590617428875697e-02
2.099826135891240744e-02
2.304131172445441147e-02
-7.508237089275488114e-03
1.232396974100809228e-02
-2.373281192415523447e-02
3.956938806216985655e-02
-2.071362324723583295e-03
-4.291087414331249544e-02
-3.890758336196819406e-02
-1.858891025807114794e-02
-6.265547925007357299e-02
4.487671621015669465e-02
5.250974188710022701e-03
3.089162072102871054e-02
-1.816045144313842633e-02
-6.735499451512992619e-02
2.615917044743692327e-02
1.047677469261735182e-02
5.832560546401012458e-02
-6.688472578669782398e-02
5.916116258116765891e-02
6.098331892429888212e-02
-2.398070185520160755e-02
-3.281298702839575976e-02
-4.837120160349157871e-02
7.342144761394974947e-03
-4.123139117732040754e-02
3.897679412273270805e-02
5.084719885377697590e-02
6.797681152566512064e-02
-3.318877007660327172e-02
1.224723387071140722e-02
-6.294028608617911399e-03
2.463845716910793501e-02
-7.079093253161136690e-02
-4.263345743719593878e-02
2.118709773981841335e-02
2.997834913188645450e-02
-3.111450569170136002e-02
-5.060410069651342241e-02
-1.203062544879653431e-02
-2.077460025586648842e-02
6.054207079765003968e-02
4.527780792271007826e-02
-3.555178944924868717e-02
3.751776649563606097e-02
-1.740483596042806044e-02
-9.256519128425402809e-02
7.777025228094391895e-02
9.125899424492064579e-03
-5.389976122274713066e-02
-6.740763653696933699e-02
3.271964867428817786e-02
9.931558572835669577e-03
-2.165311461264041171e-02
-6.535048080916523727e-02
5.050934505720247559e-04
-2.362530071801396958e-02
-2.537365699591263152e-02
5.066814848975137453e-02
-4.782115996504128497e-02
-4.817858579537659565e-03
7.831880914441924357e-02
-1.503840835431739797e-02
