-2.249857833710881272e-01
1.745618911771975867e-01
-1.860698953322359184e-01
3.088220921528634852e-02
-7.254980030100401187e-04
3.359132221903110560e-01
1.727738479028992080e-01
8.372242379729312456e-02
-5.972043621840783523e-02
-6.740082650044215695e-02
5.517765078574995291e-02
2.931687072412901551e-02
2.083314197049451408e-02
-6.272847034655842924e-02
-8.884237898487933049e-03
1.992559138540398594e-02
-3.773213777260131518e-02
-2.637099132782497191e-02
9.813516496830178293e-02
-2.461850239014547886e-02
-1.780190602341067893e-02
1.666630116537720918e-01
1.806395586288356281e-02
7.929051691624161569e-02
-4.794927115087724984e-02
2.959705719671169508e-02
7.213206952435083363e-02
2.860316970229489705e-02
-1.174415292171336750e-01
8.698067810512246159e-03
-4.730334558322280003e-02
-1.006573007222009292e-01
-4.574300692065249446e-02
2.730942320712947610e-02
7.976099098269517906e-02
-3.575432976232354593e-02
-1.523158237909044421e-01
-6.915302133055770129e-02
-1.475184065651086451e-01
7.758194804144422085e-02
7.298619056865844612e-02
-1.697777414703974252e-01
-6.094366225546345855e-03
1.908094714037896628e-02
2.295911483576293377e-02
-9.024690599579646491e-03
1.102161560151368284e-02
3.207602449594770117e-02
-5.041755254195668182e-03
7.976589277542755346e-03
-5.686030551630217450e-02
-6.575852986338648863e-03
3.611418670611646342e-02
3.901140763989711241e-02
1.345408122702853974e-02
1.459349314408415199e-01
2.310881558580973189e-02
-5.563384429604318476e-02
1.230872833718128605e-02
6.636798609311205834e-03
-6.344060279471817887e-02
-9.078688748319513335e-02
6.429224026404140035e-03
-5.743365187289922562e-03
-9.200762994526635874e-03
5.781308330900344211e-02
-5.193893829161369546e-02
5.201053714412461754e-02
-3.101135511447538143e-02
-4.941288110352864971e-02
-3.200739939769442488e-02
-6.058713853072856571e-03
-6.339504880092529382e-02
-2.081497265876650418e-03
-1.074063503850835738e-01
5.418791347584656776e-02
-3.035680239161194643e-02
-1.392210439711591419e-02
2.515426833579430255e-02
-5.253042128132054400e-02
3.167080963007118995e-03
-7.884710074567077842e-02
2.862630616399171671e-02
-1.105389227272547542e-01
8.463925510995696025e-03
3.889670568995948902e-02
-7.951263348425474317e-03
-4.115662821129466992e-02
3.113785404558892800e-02
-1.058102613141851250e-01
6.065233237406917471e-02
-5.870481744287750492e-02
-1.002119238345371491e-02
1.282243621553441496e-03
-7.499409558631300876e-02
-2.627122350641198506e-02
-1.376443006422444805e-02
-4.535677833195938397e-02
5.022582708888430336e-02
2.312482810873550329e-02
9.207069967842294173e-03
1.339166506623627184e-01
-8.160468594381510565e-02
2.814766244298419137e-02
1.470047640439919564e-03
-1.075273593083368555e-02
6.015953881137418857e-02
-3.758616238503112439e-02
-5.782069742704773474e-02
-4.026381568301948960e-02
6.474784555920674867e-02
-5.834904532636156493e-02
2.435557022798076621e-02
9.045470932903104666e-02
8.609606791001946785e-03
-1.114000696744787688e-01
5.605337239669824778e-02
-8.290202708698427014e-02
4.277389302679698163e-02
1.886137950458668250e-02
3.540326336683069508e-02
6.844013727417897971e-03
-1.079142741480124991e-02
9.092171946195373158e-04
-4.579316859961381908e-02
9.493400020649554044e-03
6.519332048272519220e-02
-1.137696289599281207e-02
-6.540814971887617957e-02
-4.896479189055294445e-02
-4.609181849148845378e-02
-5.742548221834526539e-02
-2.165399618145839866e-02
8.765960907717491868e-02
9.786216779172658697e-02
-4.574915050087707130e-02
-2.682774037462788003e-02
-4.533079883047778751e-03
5.964468718138349682e-03
-1.055638972114558566e-01
2.344501321001437807e-02
2.972483059393565830e-02
-4.608475990995383048e-02
3.917842805759830932e-02
-2.302355707088458645e-02
-6.298117410122158234e-03
-2.115571261090315111e-02
4.037433476982548591e-02
-3.513356673069530089e-02
1.188040642036434502e-01
-2.410299718779047862e-02
-8.563902475565260408e-02
-4.620344865131379569e-02
2.402502600472746636e-02
4.466392626854697595e-02
3.490295372194606588e-02
1.734581054897208971e-02
9.938025300094380232e-02
-8.188800956374650553e-02
-6.104506400778723224e-02
7.038310987743864877e-02
7.489939295072348124e-02
2.339017848864818547e-02
2.798302756441274977e-02
7.137892541033018234e-02
-3.012360777202365350e-02
-9.935051545836738954e-03
-7.054202599782231561e-03
-2.551173974045746473e-02
-4.160638403379938316e-02
-4.499215030990694891e-02
-4.141054107483180952e-02
-2.225054435698870306e-02
5.308739565019145006e-03
-1.300631880023499221e-02
3.820427844858388655e-02
-2.816344621558244596e-02
3.279756838615362474e-03
4.654353503108611678e-02
8.036590488448873415e-02
8.367353658444222353e-02
3.985729367241434146e-02
5.391161575883157697e-02
4.234413651864036426e-02
1.198292251356928217e-03
9.004808928257124201e-02
7.352045329786933980e-02
3.154460480652158255e-02
1.009379120168204108e-01
6.542481581416625946e-02
4.211858869571458164e-02
8.085794683896475876e-02
1.441274117100865490e-02
8.652775245665081730e-03
-8.634426201536882228e-02
-4.839405982341316026e-02
-7.196014731391724151e-02
-1.195164907593671347e-02
-2.215048242801177791e-02
3.735986295388637329e-02
-5.737695447029473456e-02
-6.020287065912840324e-02
-4.802923572965143301e-02
-8.754428623349119754e-02
4.136537922445750887e-02
-2.148945933874160490e-03
9.065832979913399092e-02
-4.067200430315364573e-02
-2.694234428871085732e-02
1.850570542392539208e-02
-6.314920755608746661e-02
1.620248373345421419e-02
3.194174805369878745e-02
-5.916284095579082969e-02
6.586653269658987453e-02
7.909467395727404204e-02
-3.614059102963486890e-03
-2.504218067531394781e-02
-4.073716546787604226e-02
1.230885905165414809e-02
3.385243418216119654e-02
-3.622549007975964241e-02
5.736251052104333198e-02
8.758137646516618580e-02
2.371846788724459813e-03
-4.070906185621041111e-03
-1.635522359499508999e-02
1.908235232096224714e-03
-9.090864801466738698e-02
5.484779281347918443e-03
7.640391653338112626e-03
7.152042382720480256e-04
-8.077569475691546985e-02
-1.307014014161054193e-02
3.222807810650604732e-02
-1.528865885366624371e-02
5.658972655747496194e-02
-9.865968946928435970e-03
2.013267578903781344e-02
8.340932995616709422e-02
-3.446947185131284119e-02
1.888108471137084007e-02
1.403778670560001593e-02
-8.446141806962630116e-02
6.680215421472782134e-02
-3.167045016527082063e-02
4.897511833390915531e-03
-3.594242788877397010e-02
1.218088958272088920e-02
-2.229629442249089072e-02
