-1.960365886131325563e-01
5.318275116776598893e-02
-2.491003267770352247e-01
-4.065079838599602174e-02
-8.582824802822104984e-03
2.585276431645608941e-01
2.219339001362477248e-01
1.773133456904542604e-01
-3.101187883018309555e-02
8.690327022638832943e-02
1.145398911375328788e-01
1.343719485190678596e-02
5.029308771990193688e-02
-3.185892136839629102e-02
-1.686372378716377227e-02
7.425753232078714794e-02
3.334219060786553640e-02
-1.061331766066355292e-01
3.059390037364064993e-02
-1.386918780612564177e-02
-1.705299194027775078e-01
2.535698177786963742e-02
-4.121585033500780801e-03
4.165719678542868787e-02
7.075088454937557281e-02
1.511861964054459113e-02
1.039585044862943036e-01
-4.313410438775043543e-02
-1.586802364584499470e-01
8.055873391538240225e-02
1.846125054926231121e-02
-9.231088225453276674e-02
-7.560856139004681897e-02
4.862763001063927920e-02
4.629681434090554548e-02
-4.723449446184396772e-02
2.188733857897441973e-02
-2.259971596648120695e-02
-1.522255052544782272e-01
7.191890632425847196e-02
7.413770049234050252e-02
-2.563984158085950704e-01
-2.104435867042472874e-02
-2.267155207704278641e-02
-2.092503073402936231e-02
1.951498330826273095e-02
3.809502640861591599e-02
6.776041119800092771e-02
5.265073564136669125e-03
-3.703716803344558883e-02
2.900878195330504686e-02
2.998000238890724273e-03
4.145869481047486510e-02
7.740852678374985849e-03
-6.121438105298668275e-02
1.749353216341656136e-01
-2.186882054608963247e-02
-3.424891286090301495e-02
-5.018673500382720559e-02
-2.538507375972887808e-02
-4.534430089770737776e-02
2.207450298277428141e-02
-2.581690924768170661e-03
-4.996908513092448989e-02
2.163769156081499223e-02
-2.312892859334521670e-02
-9.639495882346588163e-02
4.292246972620995457e-03
1.234002974741076203e-01
-1.756558242809993717e-02
-1.806327030850531914e-03
1.004146631828470998e-02
-4.951224399992654873e-02
-1.147110569687043724e-01
-8.249928519139447525e-02
9.903878593680837117e-02
3.322131950206309858e-02
3.584728994083810627e-02
-6.776293065825736428e-02
1.571793624904388453e-02
4.248965794740776347e-02
-3.028063698400626155e-02
8.335237443422310877e-02
-4.043654978443950165e-02
1.929575877269974760e-02
7.100557048804785609e-02
4.897859082436057526e-02
-4.784751063548761674e-02
5.498369285231839015e-02
-4.508092282115037930e-02
7.579481248950371494e-03
-2.862478471697126395e-02
5.688311393964416577e-04
4.449266034452619561e-02
-1.649342611597434671e-02
-3.594535993131980911e-02
3.346441592355580731e-03
1.275539741326247364e-03
1.539856316828763956e-02
2.638400825815185105e-02
2.259382672813178838e-02
9.294884108471511419e-02
-5.616642197644823586e-02
1.747100818872403954e-02
5.422357169295217300e-02
6.669433308374399239e-02
4.530474537168136667e-02
-5.908893288740555555e-02
2.330214148597507459e-02
3.538100083387854533e-02
1.593546014893377702e-02
2.214523682947367247e-02
7.440693631399369901e-02
-2.658556507866658911e-02
4.970425836472004699e-02
2.523292985349345416e-02
6.631537476792306873e-02
-1.792003899292703151e-02
-3.682817880517437470e-02
1.111125748709457517e-01
-6.860175345738394334e-04
3.925703297213659765e-02
4.259727039361071305e-02
1.274440626789377917e-01
-2.383188949814357867e-03
-7.694179677124541109e-03
2.606860332729948881e-02
4.761770436684761160e-02
-1.663020131464551868e-02
-6.005344526007499323e-02
-5.739358808085094632e-02
-7.991866503723528414e-02
6.858298347847351095e-02
2.449998737164352583e-02
-4.241867215468272945e-02
-5.981267933931949665e-02
-7.459898217204040394e-02
2.857817470222722908e-02
8.796616752207153667e-02
2.316391759765645039e-03
-6.955577857673597708e-02
-7.626758920662360386e-02
-2.365924348407142178e-02
6.860209988316920415e-02
2.261152593643323949e-03
-1.399213746663963360e-03
4.116451633228296325e-03
8.812939705343525443e-02
2.027186066254878238e-02
5.608145317929999485e-02
1.849403502584916550e-02
-5.509766693566883061e-02
2.989934816744814483e-02
6.669398665795872594e-02
-1.375193842444183412e-02
2.024890208096202446e-02
8.877349706799268075e-03
8.314892801851604676e-02
-5.576374924096363234e-02
-4.902139015546674861e-02
5.080299498255102381e-02
-2.167819188443717224e-02
-3.489553233571686397e-02
2.285644896661185449e-02
-6.917839492357533496e-03
-3.388352813721363932e-02
4.198132534741894767e-02
-9.429218580019266271e-02
-1.776178539556975619e-02
-1.809819632631013905e-02
2.603802337843701825e-02
-5.983450416379085951e-02
-2.727917248726293917e-02
6.782928694276120496e-02
6.809093289039190589e-03
1.229361184151128196e-02
-1.326820205520645897e-02
7.818955946324446585e-03
7.928646947238953205e-03
5.714775174632937688e-02
8.784570582856076129e-03
3.541825735242055788e-03
4.042681836919901489e-02
8.038407233310509992e-02
5.935640508687924782e-02
4.191726807039910380e-02
6.837594683190102718e-02
2.898103639723106483e-03
1.885107403743910282e-02
2.579621818032574315e-02
1.795764193725431224e-02
1.165502944491545734e-01
3.306300291819942033e-02
1.071243007782635365e-03
-3.608994545678593374e-02
-6.588946001157286458e-02
-1.076755271891181587e-01
-7.015547310427373839e-02
-2.923424215300270829e-02
2.630707024057098858e-02
-2.060761023497185290e-02
-4.607582618316306139e-02
-1.698418548067453029e-02
-2.960671285866330396e-02
2.735727575521239990e-02
6.418639935798293311e-03
5.923937615796788514e-02
-1.101567861294142255e-02
4.476240005823068496e-02
4.876374385099314229e-02
-8.814426186894822740e-03
8.516575595379166641e-02
-5.941233710457209313e-03
-2.481605366081320648e-03
4.169883086616625600e-02
4.477320224408014304e-02
1.503235962001492343e-02
-6.844000410892087105e-02
-4.651868430973779100e-04
-2.760698575987823966e-04
3.055207733338384177e-02
3.639602838468948554e-02
-3.909821249622162653e-02
5.014308535488447988e-02
1.384046595920229196e-02
2.911384344599835666e-02
3.630032038819819284e-02
4.560273453351111617e-02
4.296498561803728522e-02
6.136832007465482103e-02
2.250699982904442314e-02
8.445703178365670041e-03
-6.296442964035911527e-02
1.983224634105421394e-02
3.322683082137405097e-02
1.975537130997976135e-02
5.420665981598085659e-02
-3.877569009014483759e-02
4.601328058229708223e-02
1.061780229992000529e-01
5.719659778205099521e-02
-2.842114934174496538e-02
1.996716343778626515e-02
-5.488637869991361967e-02
1.054569849670617815e-01
1.376730713200608261e-02
1.130374740001147300e-02
-4.022693069110416797e-02
-1.884474389354480819e-02
4.509950384054158684e-02
