-2.228617866655221436e-01
1.935015617009021582e-01
-2.073718408596791907e-01
5.912429030913475200e-03
8.424522710500703671e-02
3.390363316552748030e-01
1.331457459754900874e-01
1.787176891722830063e-01
-1.293227927671628669e-02
-1.718189327755653695e-02
2.334447287402200474e-03
2.243748285761842844e-03
-7.360262826370557454e-02
-2.856125156794299749e-02
-1.002880419144250163e-01
1.898972312823961339e-02
-2.730680863090858418e-02
-6.301855326072165753e-02
5.721721594059680366e-02
5.623703875691669213e-02
-8.645142691043239402e-02
6.426402987960676272e-02
-4.030068683700446103e-02
-3.196683399570247192e-02
-1.614202695789326153e-02
7.505329437987769137e-02
5.801139866909293952e-02
3.877139549778293569e-03
-2.322943209892213423e-01
-5.371866865462494173e-02
-8.144925720326214036e-02
-4.156163601933856103e-03
-2.656668276634513784e-02
-4.576771320461624562e-03
1.937243277713121825e-01
-4.318059054005322223e-02
-5.992675959880858910e-02
1.856121728108934416e-02
-1.421663152050148260e-01
8.277772891144269396e-02
6.655772411809204869e-02
-1.262821103556388547e-01
-1.077229323454643312e-01
5.060861866261723990e-02
2.543207127259145342e-02
-1.122319545544222946e-01
5.497706065597061237e-02
-7.953868694172734621e-02
-1.351510614111152697e-01
4.142597594943322331e-02
6.527767700179371024e-02
-1.610813621745162821e-02
-3.362744790796286937e-02
4.849425078711824821e-02
-5.531020631081805944e-03
8.016985747455580846e-02
1.443768201379270338e-02
2.064010831654627953e-02
4.125059865075818288e-02
1.088112879957690154e-02
-7.948165209487143001e-02
-1.968760695242452105e-02
6.285991093130004204e-02
-3.309131387364122601e-02
-5.830680162732631427e-02
6.069032089420273515e-03
-9.217536904393265618e-02
3.135854861425150381e-02
-8.965023374130442688e-03
-8.218242365121149196e-02
-1.619621329934435236e-02
-1.652638097126856581e-02
1.185473499919813094e-02
6.949673430829116268e-03
2.980669581744849802e-03
6.911509932280229807e-02
-1.313212782636923731e-02
3.991885763523798231e-02
6.929992848032064980e-03
3.129261218800546279e-02
2.051334982603106316e-02
-4.465631055603606209e-02
-2.560065100155040421e-02
-3.334521928722686268e-02
5.112788825016707783e-02
1.270692365593821017e-02
-2.638165939254917547e-02
-9.711645773179693186e-02
4.160928374611036484e-02
-1.033357161119427409e-01
6.688141791409617232e-02
-3.457862212752101788e-02
-8.279715053920294610e-02
3.908835646283018161e-02
-8.663395784199912075e-02
-4.838037530968399696e-02
-1.446331856243623232e-02
-2.011430011431716847e-02
2.771492176891059492e-02
2.533324755667139098e-03
3.601025504848808650e-02
9.056521899446931534e-02
-7.076088805920568992e-02
-1.036940127747397120e-02
5.002664958678141455e-02
-4.701095633630891779e-02
4.270330403784512036e-03
-3.011184195894159310e-02
-4.031227507490139916e-02
1.631740425656829849e-02
-1.775541394531665942e-02
-5.762571751115402180e-02
1.127826871789437344e-02
-3.732108544478642681e-02
1.753442819078463583e-02
8.553155388094785261e-03
5.869070246938721397e-02
-3.248548856503988974e-02
-5.355060683573959618e-03
5.576496372482426384e-02
1.051619641396184419e-02
2.940159303174932556e-02
1.052453152920895113e-01
7.827838514698526318e-02
-4.124383345042170051e-02
-5.068980106665507863e-03
3.829190787776201588e-02
2.575592691549358562e-02
-1.812665835995379629e-02
-3.155082272907796387e-02
-1.168180158868292323e-01
-9.197328700708727600e-02
-1.124479877938754525e-03
4.230457801992723588e-02
-4.114756691549006917e-02
-4.428924179136737443e-02
-6.316531602782993193e-02
-2.460027532499963615e-02
4.796789230543593852e-02
-6.999218003245508135e-02
1.094162717005007536e-02
1.066227942409850998e-02
-6.290600492785103012e-03
-4.454010448327058030e-02
-7.460886279796402620e-02
-7.552388042050849071e-02
3.255064812617552462e-03
2.020898054964837681e-02
6.857495148541019325e-02
-1.789476412449643580e-03
-4.608357361075707953e-02
5.131517748053506661e-03
7.843359632216924046e-03
2.807270052163396076e-02
1.123809831781026093e-02
2.762982266994110786e-02
3.376666860962424660e-02
1.207461372094781882e-01
-7.593720502862617849e-02
1.710394781147873966e-02
6.762319461701923884e-02
1.522273657724152428e-02
2.871908466287461173e-03
4.199004475835002581e-02
3.777969481496507714e-02
-5.309141481672813995e-02
1.876783103107878062e-02
-2.157713711721904321e-02
-2.407802775452656460e-02
-4.121800268550056268e-02
-4.557909682968463994e-02
-6.071498636145825079e-02
2.106696332533693206e-02
6.684548790273972529e-02
-5.171286767830574060e-02
-4.478630598451131817e-02
-8.543153249798257978e-03
3.122353593193818652e-02
1.747020734165741565e-02
1.017313601814278518e-01
1.757327144630512969e-02
4.949569465319583750e-02
2.738439803381077439e-02
6.624892023670410357e-02
-8.315693619346154093e-04
8.195959284204225315e-03
2.718124780743858340e-02
2.989635899894163909e-02
6.524990407409654580e-02
4.005937311208337959e-03
-8.671594948052696594e-03
1.044719784440560351e-01
4.344304146985337317e-02
1.155683959873552921e-02
-6.906007137748158831e-02
-1.052535694838876122e-02
-4.942276644095610488e-02
-4.601818746396424409e-02
-3.788793802034885749e-02
3.739984014535422535e-02
3.916552506379757104e-02
-4.535069848722412394e-02
1.137602424428761985e-02
-1.568108699238337719e-02
7.153309197895316163e-02
8.278177508389274533e-03
8.598313909575322489e-02
4.515039676625676873e-02
2.230402390552592082e-02
-6.544214581954339340e-03
-1.122429601434864338e-01
4.008847318434415052e-02
-2.703005043532505022e-02
-8.705356210975928599e-03
1.181310797703200022e-02
9.011887761915921002e-02
-4.426710113572069477e-02
-2.028954793547380411e-02
-2.887079994506174668e-02
9.213749686980018255e-03
9.088091755371213720e-02
6.939567710517866028e-02
-5.430018455914636250e-02
3.942920603002253443e-02
8.204601908557537099e-03
4.468078180701397228e-02
2.336217892466342649e-02
-1.593855303772506379e-02
-4.171924252861296256e-02
4.325283899532134796e-02
-2.742262627111886203e-02
2.345873678401146079e-03
-1.291321371213164336e-02
8.935599608073666739e-03
2.579431699969967490e-02
1.081655188727407993e-03
2.046346861206682632e-02
1.232697187818855913e-02
5.537656353899890471e-02
8.618143391518534591e-02
-2.867493282909965024e-02
4.597646333365931065e-02
5.669098693643288833e-02
-7.632259486214870714e-02
6.675967667741901368e-02
-3.040915471057138719e-02
-1.413195322346680154e-02
-1.553244680125827901e-03
1.980617598990083369e-02
-1.423537339129012091e-02
