-2.396939751267481433e-01
9.514477437679025318e-02
-2.586315771771942051e-01
-3.960278545939966560e-02
4.966584775474839480e-02
2.240188719140650819e-01
6.388789956367586786e-02
1.611907665590082694e-01
1.754066391222719457e-02
7.018955144072873409e-02
8.666138444403083396e-02
-3.860242630733893426e-02
1.425834148288376325e-02
-1.294684123846750676e-02
4.549171373156583181e-02
4.250335194854153870e-02
2.685275140941556504e-02
-8.221697092987659272e-02
8.630266673188222160e-02
7.160588455233170280e-02
-6.090335962623555366e-02
4.124210718764544786e-02
-9.806030678462078487e-02
2.534105074912825981e-02
-4.829437668102839337e-02
1.172895120813061409e-01
3.461756293602090417e-02
-8.894649092141996422e-03
-1.621441205822043707e-01
1.955952705332680841e-02
-6.429476538654600726e-02
-2.471573251885985159e-02
2.131371845819012706e-02
1.177924955347041912e-02
2.105047187745663628e-01
-1.125059544193025562e-01
-1.943569211276928443e-02
-2.682985605409471744e-02
-7.686277957582023090e-02
6.653579562607879472e-02
3.930757467667456845e-02
-9.113887299566884523e-03
-3.511397424374183146e-02
3.657756251149063553e-02
4.025010609041323323e-02
-4.802245415363743525e-02
-4.271383920112459959e-02
-9.881174591916051797e-02
-6.608792532909269282e-03
-1.042488748942075119e-02
-5.607786881735728896e-02
4.269015804577714485e-02
7.529092949531403234e-02
4.516128482037527758e-02
1.214528949313973226e-02
3.036120565550825406e-02
1.012565841110501519e-01
-7.142065005514933174e-02
7.707951751043316813e-02
-6.269419788688543327e-02
-3.419408815804281937e-02
2.457339555949390741e-02
1.241868003785312619e-01
-3.109039236202162243e-02
1.650305069526841750e-02
-3.318322786017190162e-02
-1.264327597273219028e-01
-8.989052249884579154e-03
4.016216792379868200e-02
-1.336144004796316620e-01
-2.736470012675360983e-02
-6.227443779994225326e-02
-5.430667555737271612e-02
7.513844857196819160e-02
-5.797989778177283816e-03
-6.990977091307166470e-03
-4.815250405804180622e-02
1.237184992808532634e-02
7.537940343467401660e-02
1.005863324065327247e-02
4.813843109392883235e-02
-2.985697206570422577e-02
3.175464341179037864e-02
-1.179733009771911090e-01
-8.663523873405444553e-02
3.068891998478869357e-02
-5.695957216539954127e-02
-5.241143304773245894e-03
-7.028416890756948587e-02
-3.343614831419203844e-03
2.093274831801517771e-02
2.619728703267165670e-02
-6.754676307849880046e-02
2.169526008929352143e-02
-2.999487997037472015e-02
7.388724062050293362e-02
-2.547527968094688566e-03
3.169903020081603351e-02
-3.388044679287535027e-02
-7.026138070679772973e-02
-4.726847902810274449e-02
2.967741675962326867e-02
-5.101667371867830980e-02
-4.719329225282914431e-02
-1.280303983359741896e-02
-7.668372432430166016e-03
9.198710840621399099e-02
6.723947954991028831e-04
3.648519529018064145e-02
4.413985194032811477e-02
-9.929190545360375847e-03
-1.922220453281188110e-02
-9.502108230896484653e-03
2.428604277703492326e-02
-2.790650924510292355e-02
-3.079725323391213632e-02
-8.920869810302735348e-02
-3.141467774573139526e-02
-2.287481736560493736e-02
-1.044225724182718945e-01
-1.027005988144997078e-01
-2.075619333930855959e-02
-1.237538602820508100e-02
5.786374225056629267e-02
-2.660547442831382239e-02
-8.308127952278428208e-02
1.157665601933650576e-02
5.417062499821967414e-02
-2.342519884788093684e-02
2.077658842181745805e-02
-9.435843857743235474e-02
-5.085194145855390091e-02
1.211207158292383797e-02
-4.253714134968587107e-03
-7.946145598201079241e-02
-6.381017679740729094e-03
1.633749691693437648e-03
-4.507384670832312139e-03
-6.523729680028467204e-02
-5.909166194669740468e-02
-6.273052327902474412e-02
-5.173007298829336575e-02
-5.597039280462650984e-04
5.688338528100114755e-02
-3.960471424128317319e-02
7.227927945695558631e-02
-3.659435005751372413e-03
1.127778769466935144e-01
-1.943304896722522837e-02
1.337689530575931485e-01
7.208893725960022203e-02
-7.486970496286671217e-02
-3.102231350517055918e-03
1.013104828492391585e-01
-2.809417257873119897e-02
2.454842854955744530e-02
2.689486314720539173e-02
3.303596179154811435e-02
2.060717707971640791e-02
-6.671427938666890656e-02
-2.127985762067973602e-02
2.894330094385206067e-02
-1.184664976484395499e-03
6.762044969008522421e-02
-2.027006886829964749e-04
4.836177689240192534e-02
6.529641039319573513e-04
8.433170167422293292e-03
-5.297749481235768110e-02
-7.747309616921695119e-02
5.056944634898671159e-02
-2.821465001008410453e-02
-2.797201639277598420e-02
-3.773697473257434879e-03
-1.188324304335597603e-01
6.594962452440888967e-02
-2.588260984019638208e-02
4.990298077187022702e-02
2.863680321529015610e-02
8.792466514135950650e-02
-5.550212742513152206e-03
1.274860532266298974e-01
1.039245180741316943e-01
1.027651415712310147e-02
4.718964899816030512e-02
-3.273103566303943446e-02
1.274036513783846636e-01
4.643410227257238621e-02
-4.815218259439455611e-02
-1.089979645095892277e-02
-9.706791278737525452e-02
5.782752401297606981e-02
-2.854175713025306968e-02
1.606596728955672973e-02
-7.210604626927057115e-02
-1.200748874301832136e-01
-4.701548713771654814e-02
5.367192772678495982e-02
-4.800127327110192271e-02
5.543458434102586929e-02
-3.215404413440769299e-02
-1.185825817432800168e-02
-4.925144539525938905e-03
3.403121324343586981e-03
2.811442478850798357e-02
-7.343533416883468723e-02
-1.198273604218002804e-03
-4.809131881051512125e-02
1.642336342893330539e-02
7.971619806336534969e-03
-6.897084703581880805e-02
7.349255469804528984e-02
-4.357804063948320789e-02
-2.207026529290282216e-02
-2.180723659308580337e-02
1.828785258298659677e-02
-1.576414864297147680e-02
-6.895084485332321489e-02
-9.847003006213314591e-03
-1.388176467922123958e-02
6.761144870796222117e-02
-5.565535843032095448e-02
3.964611161541243753e-03
6.190596902382704270e-02
-5.486687953998137246e-02
2.091731806294714821e-02
8.159418869060315604e-02
-8.922402120354628458e-03
9.379952044941269884e-03
-1.257558644407612974e-02
4.612535429847972740e-02
-8.709314584047135599e-02
-1.844165507910447768e-02
-8.381110915659216454e-02
8.188643486413695050e-02
-2.430461623220940559e-02
6.185389191297244876e-03
-2.131443282185068594e-02
-1.284768756238222065e-02
5.171910750610382579e-02
-3.621352279007088171e-02
-2.430729509593649099e-02
6.908518093969093221e-02
-5.500668050835234163e-02
9.327131995879697768e-02
1.555934058148983681e-02
3.854109818708012503e-02
-4.584193051615381015e-02
-3.034963296420723627e-02
-2.077680273091562363e-02
