-1.488640200298927962e-01
1.695797799950080065e-01
-1.596282875578770577e-01
-1.243027688997340278e-02
1.927810309618711859e-02
1.015242504007666802e-01
1.902214014440804513e-01
1.448117252830255497e-01
1.420636527353327239e-01
1.246494571655593075e-02
1.229087962182122545e-01
5.070616399722105427e-02
1.598210916769581338e-02
7.324808424627636538e-02
3.746322195981895836e-02
-5.523403735144711418e-02
-2.730034496483601039e-02
-1.383429107094931443e-01
1.002261483855661217e-01
2.724988093290774474e-02
-6.184537525117345808e-03
5.253104160787323146e-02
-1.747030702894944443e-01
3.966194386219244056e-02
-1.781915385067927779e-02
-2.949089440597492395e-02
8.982780922272616889e-03
-3.123525678195288036e-02
-1.107428966167868095e-01
6.217535211644732718e-02
-3.484147440708382226e-02
-5.867827166421571428e-02
5.379106655032614426e-02
-5.812078520547004495e-02
1.348769075986378241e-01
2.750905423268748193e-02
-3.472141618733291107e-02
-7.277144285247895417e-02
-7.492684704552839137e-02
5.503863123798196505e-02
6.388237037584219846e-02
-4.201279081651526637e-02
-7.892801809991927334e-03
-4.427714894342289591e-03
4.109905101399712046e-02
1.019413757540038080e-02
-8.353068963073617681e-02
2.523678017920286121e-02
8.621455521841570047e-02
6.131361555380298277e-03
-4.209477196351855965e-02
6.472446371327700287e-02
4.424739092314276118e-02
9.731671553825083087e-02
2.925008165811679699e-03
1.957593983364610407e-02
1.614751538534653086e-01
-1.198454425763445103e-01
1.820174963900514364e-01
-6.961111911004316810e-02
-1.546170296131398891e-01
9.056138840000149681e-02
8.793253117247036565e-02
-7.870388010480433572e-02
-4.792844337267277571e-02
3.375068904302214179e-02
-8.371876618255598423e-02
7.051162905379143586e-02
4.857615673527276162e-02
-8.836534178762855962e-02
-3.065962965813495006e-02
-7.469666216205603573e-03
-1.268726598038282805e-01
-6.961177877059124795e-03
-6.999053386861495141e-02
5.527369027994848139e-02
-3.921330139388028158e-02
-4.974712750373461861e-02
-6.539838025875912599e-03
1.751479380335592417e-02
6.390234343132578099e-02
-3.839337998042268579e-02
3.065072424073584517e-02
-5.487807719014046320e-02
-7.764845987568148866e-02
3.086522386228714859e-02
-9.741958593594339522e-02
-7.251025392324673968e-02
-8.264212687246984268e-02
1.761480567200678776e-02
3.181385237823717432e-02
-5.125632089432137495e-02
5.941529573546435600e-02
6.767127732498361137e-02
-6.645786839459513935e-03
5.012885107422469094e-02
2.954451014941069514e-02
2.998824181142046436e-02
-3.663226955608509666e-02
-5.082416993971126257e-02
-1.111344784476898809e-03
6.099525604373700477e-02
-1.107719949765188644e-01
-2.581893061288515617e-02
-2.800753772018805404e-02
5.330947770241811073e-02
1.067708605699362184e-01
2.441099511642898234e-02
1.177255867572750414e-02
-5.700236739400538211e-03
1.775029261902116851e-02
-2.440670732286644769e-03
5.591264481638227174e-02
4.269997386857548455e-02
-1.589408113233510209e-02
-7.492607744155563645e-03
1.752751059281061272e-02
-2.223701048460856311e-02
6.938075098752967407e-02
-4.990434660102747999e-02
2.613300232938859866e-02
-2.463802828839383938e-02
8.078459606468760268e-02
9.563875899077979581e-02
-2.400706297415348273e-02
-1.243062504415155811e-01
-6.083023096329184115e-03
1.558004606363988347e-02
-7.256463927065527619e-02
2.425868682543851074e-02
-4.533539105377920597e-02
-7.221267372044534727e-02
-3.436791142917745845e-02
-1.451348490081610237e-02
-1.703536717613327554e-03
1.361268177460201595e-02
-3.834496822575511783e-03
-1.120785259876115429e-02
-1.457087536849922815e-02
-1.948769191143603571e-02
-9.265152284659905479e-03
2.986741398769679479e-02
-1.984442167671544507e-02
3.431440562916636405e-02
-3.392956699497701872e-02
6.574411568157050023e-02
-1.669014482263707182e-03
1.031191630147958449e-01
1.176636519613718027e-02
8.719715625259194525e-02
3.492869619066354264e-02
-3.571233627397663035e-02
1.724385655713538829e-02
1.041441655630904600e-01
-1.082762425884673807e-01
4.439295601741950759e-02
3.105846775506692845e-02
6.902167576252374315e-02
-9.633389461722522210e-03
1.013381528305911175e-02
-2.510415176123017081e-02
8.375314182667269181e-02
3.126743355757598958e-02
5.449650021088330715e-02
1.762704603995452965e-02
6.859384924928439708e-02
-2.572254687724874131e-02
6.338238432820432651e-03
-2.459727592564566519e-03
-5.451049967362592980e-02
5.579152381019279044e-02
-2.138703786840501220e-02
-8.403994757385542524e-02
4.150576838969785576e-02
-1.191127429464666349e-01
6.863650729806035355e-02
-4.675607998749829741e-02
1.479002926169533175e-02
4.143580772379294730e-02
4.359099202999302397e-02
3.768285227452200514e-02
1.103919938530154368e-02
7.473855060685923035e-02
-1.047738848518510978e-02
-1.149920267416400244e-02
7.075079265027935972e-03
3.306244320452333962e-02
2.234490163202818448e-03
4.598933454377774482e-03
4.019645214517992421e-02
-1.008100945618515404e-01
8.528527674520940127e-02
-3.824096174600753045e-02
1.245428120436193990e-02
-1.062481895290059708e-01
-6.211924432205213897e-02
-8.781192323559605661e-02
7.599637668081854480e-02
-4.125110277033001288e-02
3.702414456945398585e-02
-2.177209638944371806e-02
-3.698496806245956531e-02
1.137320750948035697e-02
-2.997057756785516218e-03
4.800408444885283232e-02
-6.219660784521885422e-02
-3.219913078612524071e-03
-6.305541258320505882e-02
-1.950949735733096407e-02
2.689238156365556659e-02
-7.254675514024060134e-02
2.402300477073213147e-02
-3.137389544047475970e-02
-2.236139314573023368e-02
5.911976780992365260e-02
3.844604288084454979e-02
3.057783175017279170e-02
-8.117643443024825933e-02
4.112763630441400656e-03
7.154201882989539782e-03
-1.022297940047484956e-02
-1.255125130492998169e-02
1.377734037696490797e-02
1.284603527996367733e-01
-2.310277830615785474e-04
3.705628469726886254e-02
2.322899335769085943e-02
-3.305745910260449866e-02
2.639551057971697631e-02
-3.115836968029311177e-02
1.550257259704848449e-02
-1.303301239753667518e-01
-2.329217417907382057e-02
6.809052825109788987e-03
7.801182289424994643e-02
-7.025670689976599992e-02
1.326826567288679967e-02
-1.027391252434842056e-01
-3.637027437507189126e-02
6.233414706949393785e-02
1.932951997112928059e-03
-3.606617086240612724e-02
2.627743134161031682e-02
-6.287096416439971747e-02
1.081123902378854779e-01
3.902812001891039356e-02
3.081978058008595298e-02
-8.303986553515500801e-02
-2.189391370398951348e-02
1.012615589113971537e-02
