-1.892627811226303969e-01
1.276584947886935106e-01
-1.262483560913234548e-01
9.225107167285660770e-03
-2.180491985350605649e-02
2.269455374105436574e-01
3.671979715110675752e-02
1.382314152430895726e-01
3.356556352265276100e-02
4.562132396850123589e-02
6.968443575357918807e-02
1.018132548497353573e-01
3.165976605077711059e-02
6.555879505588192713e-02
7.705800851708925758e-02
-1.758095363512362716e-02
-1.190180476426227867e-02
-9.304163690209460436e-02
2.110829843725780738e-02
6.101629621487342919e-02
1.263700974579329561e-01
1.080592915353990324e-01
-1.082340340382922789e-01
2.582834407408461999e-02
-4.576476355161841758e-02
4.524751172158977819e-02
4.637150737961826669e-02
-2.548912979113618013e-02
-1.209072296789174134e-01
-4.163078008246907935e-02
-3.256022450901618209e-02
-6.739522133152372335e-03
1.300971079163319201e-02
-5.328195116655348035e-02
9.927105815217728002e-02
-2.664712750088110704e-02
-1.701031507853402111e-02
-1.124293614151774569e-02
2.951055595300563009e-02
1.647115471002829484e-02
8.400960530269983156e-03
4.140247558470704775e-02
-1.437683864626500101e-02
8.021571245803800487e-02
-1.594520957193194463e-02
1.233170286967507669e-02
-4.048729458861137498e-02
5.415489250046532504e-02
2.411302819914415418e-02
-4.035195240131532468e-02
-2.217652371973901845e-02
6.188534659235175178e-02
1.262461126569834266e-02
5.525613833213920828e-02
-6.071560590598310686e-02
6.046297416709611738e-02
-2.022463068290757462e-02
-6.969165680786124084e-02
9.223666461795407279e-02
-6.333811054218280168e-02
-1.424575197348273425e-01
5.777579552531206253e-02
3.918697901291929436e-02
-2.317373028389290920e-02
-4.838162454830641918e-02
1.071288972501848770e-02
-1.748954069649874821e-01
1.495234966181191102e-02
9.473094296015507898e-02
-1.315178678731556416e-01
2.152771549786316671e-02
-2.333059541938885262e-02
-6.286134569125981231e-02
-5.295248180151965189e-02
-4.191338270199272686e-02
5.291069783693615018e-03
-5.049041777429535971e-02
1.998528428175309554e-02
-4.784474266780230000e-04
6.753722371451682804e-02
9.063197809890752299e-02
-6.396213582533337438e-02
9.523312171571149398e-02
-1.206908083724253684e-02
-2.059307971959984176e-02
2.213796469201934763e-02
-4.312644971405365374e-02
8.301092648476027583e-03
-1.602359656991988457e-01
-5.364752580299755706e-03
6.852647309749582138e-02
9.790838211256400886e-03
-2.583076277673248752e-02
1.290924699759266048e-02
-5.558935843896031792e-02
7.543022163507244471e-02
8.341299198289178762e-02
-8.523402970110728963e-03
-2.935989531560640083e-03
-7.075406318252294713e-02
-3.156824094043523404e-02
1.336381587001373439e-01
-8.208242509727053937e-02
-3.057054362501945843e-02
2.477782089069288998e-02
1.113749472753521909e-02
4.742048820190120084e-02
-8.893755420625881758e-02
3.438623984717367570e-03
4.096651319584379558e-02
1.302404773921259779e-02
6.156046925698271943e-02
6.267489526540441676e-03
2.982502235089035461e-02
-1.583030366932731622e-02
7.697040941684246684e-02
-3.680199798747278706e-02
-1.629210060676275496e-02
6.529389453544777455e-02
-9.524731844864463282e-02
2.103265263560412032e-02
2.553540062439978858e-02
-3.255843677227645422e-02
1.198509226413677423e-02
-4.574948015517679711e-02
-9.267357345567954485e-02
5.059642004686290551e-02
2.693277978896075828e-02
-2.257171870020411100e-02
6.560012332286510421e-03
-3.454149251423770106e-02
-5.228074848498137639e-02
-5.432511308101690972e-03
6.170969269425785608e-02
-3.937987931250235690e-02
4.500574661778742290e-03
5.920374148275626969e-02
-1.133098392863254172e-01
-4.839196537846759960e-02
-2.982502235089035461e-02
-3.960464339044648258e-02
2.786695986962376467e-03
-3.982513092167989238e-02
1.193523193592907899e-01
4.615105490204642058e-02
1.037532997489583886e-01
-4.146094509219470231e-02
1.314639553416712126e-01
-5.108026573742168591e-02
1.095529631082745037e-01
4.261424561129013855e-02
1.959745057021630189e-03
-1.793622249506807501e-02
8.425133535284062836e-02
-2.490878137029352984e-02
5.170015468850777673e-02
2.516127289453426452e-02
-2.933812699177556702e-02
-2.077069662274128297e-03
4.251886459817629665e-02
1.326399005261365630e-02
5.032156428654475239e-02
-5.615999699554991703e-02
2.043831780379769605e-02
-9.953136664294663996e-03
8.728908566391962998e-02
-7.650847226476078025e-03
-2.044077156010712729e-02
-4.818346619948885023e-02
-1.176467484022649251e-01
7.825558181073918873e-02
-6.197897492238742950e-02
-1.263016026032381944e-01
-3.046794155762356376e-02
-1.417711339877556209e-01
-1.897325001875791589e-02
3.472590982772243585e-03
4.874895186782864792e-02
9.508344258083603617e-02
6.108135581073498993e-02
5.462236813107402417e-02
8.202619902412294772e-02
1.011321271518981074e-01
2.986557943731913550e-02
7.101679037594017807e-02
4.418058342458641187e-03
5.000976196693884823e-02
3.180296025826335332e-02
-6.413985788945951450e-02
-3.115895438802168335e-02
-8.317466213792264196e-02
8.840684177018984236e-02
-2.364642891007454062e-02
3.667257986898093958e-02
-3.177267389467262892e-02
-6.958575969627839308e-02
-7.199734645085147100e-02
-3.034420213230497841e-03
-2.754057522680750450e-02
5.624300406613191167e-02
-1.836159867813920085e-02
-1.336880050068804324e-02
-3.011379441484914390e-02
-2.242067247252767931e-02
7.101156738036723537e-02
-2.530706107297619675e-02
-1.485528607294302542e-02
-1.398304581226244257e-02
-5.887735683994001212e-02
4.430190414725712622e-02
-9.622626205512402331e-02
9.350490609331571501e-02
-9.014059587111261651e-02
2.388787853092282434e-02
5.776717232456748258e-02
2.204191765933579197e-02
-4.194966324171078842e-02
-5.424056364932613311e-02
-7.751696610793806785e-02
-1.113076442451505985e-02
5.740408649809440600e-02
-1.101081079464531071e-02
-7.165227820642196266e-02
6.670557559392659153e-02
2.692696088114124656e-02
6.922274397712845084e-02
5.585800970118174301e-03
-6.166692722715057945e-02
3.287090511145206173e-02
7.569627892633819938e-03
7.861470657345560886e-02
-1.235783887973670170e-01
-4.774168490280608634e-02
1.979108699669219346e-02
8.993195647748764010e-02
-4.693860551638996854e-03
-2.555446981629024700e-02
-1.213069465817241677e-01
-4.609766817548544698e-02
1.143922963554013655e-01
1.302955116407804141e-02
-6.402933369455028612e-02
3.874130675980299449e-02
-2.028061138042423078e-02
9.684892024547361866e-02
4.430986132843200281e-02
-2.306765790400223948e-02
7.278507233350283573e-03
-2.634068839149438998e-02
9.951033444600862823e-03
