-1.448269016529057374e-01
1.918933676410841671e-01
-2.551955017491890354e-01
-1.854337499462117497e-02
1.539401730669451296e-02
1.613593748817643836e-01
6.438928784159629604e-02
2.246452884449212650e-01
-6.641925646357675628e-02
1.363359093268713684e-02
6.684562017465173200e-02
9.685698903332139176e-02
6.799251215190511843e-02
-5.863493806934661629e-02
7.024562471886786064e-02
2.457391983877610028e-02
5.885280090667142222e-02
-1.442914522050874615e-01
1.051435613415227371e-01
9.893860277304324102e-02
3.155983077533330849e-02
7.989705472036801037e-02
-8.077851959847232033e-02
9.105483494889937690e-02
-7.881559360941647885e-02
8.949464485808726610e-02
-1.791063657002177692e-02
7.763193963600187320e-03
-1.550366887640111657e-01
4.422138926288089744e-02
-6.913347145627054928e-03
-1.090479802528426662e-01
-7.135884106157804052e-02
-5.502770148893439128e-02
1.132694370881462270e-01
-4.698093947845260153e-03
4.820331014371981998e-02
-6.129565612732819357e-02
-6.903217020938601234e-02
2.414632158305392295e-02
7.456306740049160192e-03
-1.629406894032064401e-01
2.028442587624880791e-02
5.848308907774041332e-02
3.331312422471239404e-02
-4.778521102319974873e-02
2.224159065695103729e-02
-1.996244977367638701e-02
-2.105591340203129616e-02
-6.060002451153507878e-03
9.514601303101593438e-03
8.405599558645336644e-02
2.329770930972799650e-02
9.154110836827064612e-02
-2.476386824991132565e-02
5.976656970304427413e-02
9.741767806059362100e-02
1.285932568144844065e-02
7.079036754444704982e-02
-1.183074423288552474e-01
-1.000492471477384127e-01
8.616013976598672908e-02
1.054839184421757642e-01
-5.719981420987774179e-02
-3.772514674347476893e-02
2.727578938499784084e-02
-1.169624059357254747e-01
6.895772030857819090e-02
1.307506235854750259e-02
-2.825509192639315964e-02
6.036985052064509222e-02
-8.382348967789643446e-02
-1.546154004031524976e-01
2.905277923302188384e-02
-4.664260565930471863e-02
-3.866439516964966655e-02
-4.948792243495029469e-02
-9.109752961794854997e-02
-2.263739938800768750e-02
4.000799126069103789e-02
1.121199388499709709e-01
-2.657316201620390020e-02
-3.001651279469967279e-02
-1.270099533044440586e-02
-5.205118005161641498e-02
1.716342842230099072e-02
-8.384468269434013077e-02
-3.037261033960456102e-02
2.058637492121101475e-02
-9.935238098729809800e-03
2.433808751825309105e-02
3.035090292955787417e-02
-2.096081917128964772e-02
1.975658945375496217e-02
2.701828394733501310e-02
-7.969500091310879886e-03
-2.689873887399733474e-02
-6.634329767486678298e-02
-1.266608515125400118e-02
-4.218199009151207129e-02
2.054175984937730431e-02
6.834398015438299112e-02
-7.078580658783376056e-02
-7.314080338109778257e-02
1.185176578479487687e-02
1.814643459763792127e-02
1.109968461500831366e-01
7.717481518746738267e-03
4.068476177770741394e-03
-5.716816185683968460e-02
4.623266825061893986e-02
1.708698953289488481e-02
1.163016502062158911e-02
7.111659596747095524e-02
-2.031203166627658374e-02
2.145882076480937206e-02
1.433031992149999068e-03
-3.641032240129464526e-02
8.605462049155757293e-04
-4.770572006508249502e-02
1.723774115148135611e-02
-1.807664853216397680e-02
7.491254641437120054e-02
7.360663822797643141e-02
-6.791206099239559257e-02
-8.012932057857687085e-02
5.204089217955637503e-02
1.198146155856512698e-02
-5.129361544602185213e-03
-5.761997090480982381e-02
-5.677718842565124963e-02
-6.349876963607914426e-02
1.610885295033303785e-02
4.530134148593028404e-02
-2.381786412108367543e-02
-5.885818489304951023e-02
-2.432142116551582606e-02
-4.592591819869538267e-02
-7.622064934680543302e-02
1.726544982022973351e-03
7.531751135156128200e-03
-1.351826388689407628e-04
2.593126738547106222e-02
6.633757075942003228e-03
-4.357047559764209294e-02
4.631956647661941706e-02
5.176068483754771299e-03
1.581727408040735083e-01
-1.113068883210659166e-02
7.654632908331947261e-02
5.557570214066590714e-02
-7.487410406577350852e-02
-8.294356798060112043e-03
3.943283062672100353e-02
-2.234844735474799532e-02
-3.801505897812673326e-03
4.453208299909413442e-03
8.590777826435391784e-02
-4.861033265532192088e-02
-4.060828859539443794e-03
-3.890952086793357523e-02
6.172376877665337186e-02
4.244570254531778927e-03
1.180559724428009855e-01
-2.800787436079037185e-02
7.122451574538077312e-02
-3.916922105163588713e-02
-1.425268078035354588e-02
2.844802382042579871e-03
-1.189914143563136489e-01
7.143829772678843282e-02
-1.079214925551750387e-02
-8.029838460943021505e-02
4.321276628611445819e-02
-9.450672466120497994e-02
5.136645358020693747e-02
-7.526569476928554603e-02
1.547947523060658886e-02
6.967324181035403075e-02
6.461905031760388496e-02
2.403421807050633990e-02
5.390224257847275185e-02
7.069139821522944789e-02
-1.932683074490017597e-02
2.105001502205020199e-03
7.671947397008994918e-02
4.876324472704100105e-02
3.704827334773780345e-02
-2.356752590095601008e-02
4.180384220749182311e-02
-1.790247485818748097e-02
6.624779192924273863e-02
2.984738017803259535e-02
3.457414299601849900e-02
-1.624225235804490491e-02
-6.453314658590254826e-02
-1.043173423363808194e-01
-7.442692456023038659e-03
-5.846011283013965304e-02
3.156175117811785280e-02
-4.784971598101620677e-02
-8.189876598709021349e-02
-1.538990215787049663e-02
1.458316152382893582e-02
1.348712592745901669e-02
-5.677406777112636860e-02
1.028149357936392928e-02
-5.636097541500885433e-02
2.443599376735781231e-02
-2.819168434159643674e-02
-4.006347718400152247e-02
9.854461156605053007e-02
-1.934620623727992261e-02
-2.698165912280126727e-02
5.314862165716787573e-02
1.645538277422209025e-02
-2.003508215042027960e-02
-3.811677173989367479e-02
-3.407998220806785633e-02
-1.249822137214099370e-02
-2.893066219166919376e-02
-4.971590167980080577e-02
8.945373342019516394e-03
4.962948355449645771e-02
2.117724170652604543e-02
2.319740255714259139e-02
5.995274589442415453e-02
-2.824192345015630757e-03
5.026956066116535643e-02
-4.672511439322625006e-03
3.372199855328529561e-02
-3.691943489663922218e-02
-7.278041922283452758e-02
-3.725509386905149350e-02
1.120185690172726956e-01
-4.421967461753755629e-03
9.130486453286523491e-04
-6.605527155009249807e-02
1.229942539103413314e-02
7.207491124986378783e-02
-1.733527017861054634e-02
-8.060239122880442225e-03
1.808450160783647495e-02
-9.458587269025356403e-02
1.196765866355123942e-01
1.323754215128242033e-02
7.820703168415817780e-03
1.993820468852155678e-02
2.759896573931060193e-02
-2.051459986713879621e-02
