-2.370114190195310999e-01
1.029724921657315523e-01
-1.332124044232609883e-01
-3.007971187984072314e-02
-2.448427941093017646e-02
9.315566179263815028e-02
1.113258231045402141e-01
1.011375508918794103e-01
3.788388650387709139e-02
9.081492053113025820e-02
6.760302243322166560e-02
4.978639568975312679e-02
3.914829711537601287e-03
2.535633849501076412e-02
9.409616882925642134e-02
1.018893345919968940e-01
-1.898963878607237421e-01
-8.527992957017857534e-02
6.786941543074821726e-02
7.996611664071678893e-02
-5.443710344141906160e-02
5.647763877427735418e-02
-1.248804478320333089e-01
4.421190865174966927e-02
-5.973708380814869018e-02
-1.370074234105655292e-02
-2.468243891425597400e-02
5.391375361319101361e-02
-4.074594023941217197e-02
1.315155028322811670e-01
-2.485632888245221939e-02
-5.473105433524146080e-02
-1.925060241336890715e-02
-4.927191013945163289e-02
1.829344626119343287e-01
-3.687714758420278238e-02
2.553037143543163134e-02
-9.217508679006962413e-02
-6.965188589816417863e-02
4.457348540781817109e-02
6.284297667277621846e-02
8.095837962264814530e-03
5.623447876325185502e-02
2.616348818911305718e-02
-6.367200111724564959e-02
6.297032918185807918e-03
-1.075575041801837967e-01
-9.405963942586553772e-03
2.304369127564105668e-02
-7.224697474727423407e-02
-1.008590767413723166e-01
-6.087113949384870097e-03
5.754964451449150892e-02
1.080674503623535454e-01
-4.825491296266070165e-03
6.822577370061801150e-02
7.707303793243878987e-02
-7.261641497569693016e-02
8.031761385494945449e-02
-1.361671756464633010e-01
-5.435546630116002559e-02
4.237142720419341535e-02
3.886324624253632842e-02
-6.236787997035803111e-02
2.524267557643644286e-02
1.086283303995448091e-01
-4.441282037039943897e-02
7.352939985907550047e-02
-3.177532672079895482e-02
-1.276819885734971904e-01
5.713420297279675139e-03
1.308499671266667545e-02
-4.121524656673318521e-02
-3.031143411289648551e-02
-7.563173493602655395e-02
-8.016163115788708937e-02
-1.468331895476978136e-02
-4.370635886548703691e-02
-1.053599853446907791e-01
-2.378310787832877901e-02
2.585502561449155162e-02
7.265562510829944899e-03
9.194994127934645600e-02
-5.110256224656514051e-02
-5.623340647156719468e-02
4.916653960990537836e-02
4.181737409072783934e-02
-2.601172317267703288e-02
-1.009964015631215489e-01
-4.336576328338177799e-02
5.853615286438183796e-02
-4.268925445952764797e-02
-1.852634086649108947e-02
5.676444105686866137e-02
-1.158693374307959677e-02
-1.478890394265297038e-02
9.186548043765115079e-02
-5.632094121609187987e-02
-6.930989633686886198e-02
-3.372979277443493434e-02
3.206570330900580801e-02
3.591934090840527560e-02
-1.005399269929603268e-01
5.569143451108215376e-02
-2.050214552465186996e-02
6.558357550349509790e-02
5.756186863969667278e-02
-1.937373724182441664e-02
-8.816350062551923938e-02
4.627835770032066171e-02
-4.587431819353949419e-02
-8.078148723773483086e-02
-4.942052976694596977e-02
6.934935667086447597e-02
-5.479153158625647835e-02
6.375935714648955921e-02
1.964331137134879557e-03
-4.071630924585930428e-02
-5.792362411104595016e-02
-3.933051521565648218e-02
-5.514599547415003494e-02
-8.292532000288236477e-03
8.404014592437074674e-03
8.494126411310570779e-02
-7.491437179898674525e-02
-2.278659147271493157e-02
-2.928807467210988932e-02
2.802470060923947792e-03
-5.242434046319355279e-02
3.688490382738851547e-02
-4.083715651872087474e-03
-8.876019520497825666e-02
-5.441226201739102902e-02
2.423636557343599937e-02
-1.847851665735510476e-02
-6.191587328221624664e-02
9.197832126593389820e-03
-9.307112946483050986e-02
2.317029318054364753e-02
-2.761422735235032760e-02
3.781150681516231519e-03
3.671230060921386318e-02
-5.985803831017871834e-02
1.005856066187270012e-02
-1.406392753465204697e-02
1.143549041414896814e-02
-5.703662442949238021e-03
7.223031848310579317e-02
5.650576855947169602e-02
5.869306488090424850e-02
5.307429219632419509e-02
-4.989180196235553505e-02
5.951183106825706781e-03
2.289271260644045250e-02
-6.121105595788699921e-02
-2.483577662516283854e-02
8.419198242691909584e-02
9.350698029159003333e-02
-6.309585879507600970e-02
2.476114512391026576e-02
7.896284479748955087e-02
-2.903479937619239670e-03
-2.418017748915963756e-04
3.821054229408171743e-02
3.122195272540033081e-02
1.252829861304559367e-02
7.140926474015901748e-03
-2.825091841164729597e-02
-3.132178308124249078e-02
-1.107989704568089206e-01
2.213410198259724987e-02
-5.087720227750505003e-02
-8.909957552317422647e-02
5.486333938607276112e-02
-1.039468478765290388e-01
4.243558598999244008e-03
-3.265013802020350769e-02
2.267621691530690917e-02
2.230477507573950732e-02
9.190397570913055869e-02
2.571409074407062997e-02
2.906932716843855721e-02
3.023937611168710238e-02
1.772108555436503405e-02
2.539265344006469763e-02
-1.482300281822526667e-03
6.379542189015040277e-02
8.467051046272820736e-02
1.016203680944271701e-02
4.540161627588371052e-02
-4.081921350453083380e-02
5.163863660278452533e-02
-3.424073976217703597e-02
8.605723381239106795e-02
-9.978481918862036615e-02
-1.441829849059960700e-01
-1.026680328133994652e-01
1.966078972580881032e-02
5.141988909911319322e-02
6.733630774818973042e-02
-5.015569294595120103e-02
-9.476073947235463812e-02
-6.198539352643859385e-02
-3.680905706222666052e-02
4.916832676271314095e-02
-2.287216034915106472e-02
2.327133880029509660e-02
-8.086898623920336926e-02
-8.414916224564486513e-02
-1.200812991681537989e-02
-1.518148065132508551e-01
4.851140513363218915e-02
6.521678026122790066e-03
-6.578094865958547532e-02
8.253690021164113155e-02
-1.461444208555823590e-02
-3.055309291556345536e-02
-5.166816036716892491e-02
-5.201779894248149960e-02
-2.008044894812991126e-03
7.543289631463380440e-02
-9.534678262107933178e-02
-6.535582074967258293e-02
5.998385386784588907e-02
2.691116143777268904e-02
-9.756674809583797472e-03
6.893098419856498460e-02
2.438527114537959034e-02
5.961859557699338702e-02
4.557850866079701802e-02
-2.699737368921963088e-02
-7.073801014555973488e-02
-3.171206151140381485e-02
-5.166194107539787660e-03
4.608316487065577255e-02
2.174939946919617756e-02
-1.214538325245229436e-02
-4.786584979640867016e-02
7.529310522200985574e-03
1.970407456681305680e-02
-1.320763113833601197e-02
5.426796729969148719e-03
1.292036419601468727e-02
-1.142528219731097361e-01
8.983591822303256536e-02
9.900887318254178449e-02
2.194777343085890786e-02
-2.225780869995125019e-02
5.068858617017275164e-02
-2.408653068203236644e-02
