-1.923501064624839607e-01
1.147923490713697869e-01
-1.662903848819503594e-01
6.358732349427864000e-03
1.045551800992651492e-01
1.423180449554420357e-01
1.967620815558261127e-01
1.646685373398494856e-01
6.307077756574208660e-02
1.410458266604430189e-01
7.169690310703904709e-03
2.991945614980094995e-02
8.121200870445720310e-02
9.316313368645971760e-02
-2.451066502875933611e-02
-8.352261834149906847e-03
-6.301268837242836318e-02
-1.008298131166504713e-01
4.556425377527641152e-02
4.028620607697266931e-02
4.277357918042531265e-02
8.928076518783764626e-02
-1.197711297248972157e-01
9.635800512848841093e-02
-4.886149075278552883e-02
-2.078683660629717170e-02
8.682539413555724617e-02
-3.261610762422077585e-03
-1.394964623966382378e-01
6.797724589210148161e-02
1.014143634039280442e-02
-8.459379810990323711e-02
-1.921152196125338468e-02
-7.025462262984910611e-02
1.553165191185975624e-01
-5.528032951883817686e-02
1.633608979711171228e-04
-7.934686351690584116e-02
-2.516434795222308868e-02
2.992636257537444749e-02
-7.120073455296688225e-02
-3.716911739820984162e-02
-2.178286625880755320e-02
2.184471637693851526e-02
3.605834534854771706e-02
-7.937182238160213343e-02
-3.719988860126007685e-02
-6.658307106234671695e-03
2.784393850406284218e-02
1.558161408854565055e-02
-8.559430668196871261e-02
-3.061071413121159088e-02
4.801959063733119565e-02
6.522465920858144806e-02
5.268248779643520258e-02
1.885201173894985108e-02
1.836767984098433004e-01
-8.601129067352494828e-02
7.267170062944476594e-02
-2.017907115582949149e-02
-3.639224709186833495e-02
4.018719118360214448e-02
6.989070186844169308e-02
9.304254476072842256e-03
-3.458238749913056329e-03
6.737231823035953748e-02
-7.248560323144208339e-02
2.979657647895369091e-02
-2.043252329828656316e-02
-1.628590880298190491e-01
8.115391951114348315e-04
1.027727410674676885e-02
-7.534038449931450276e-02
2.230843840690550223e-02
4.403430955961890741e-02
-3.131154537579341340e-02
2.609873262795616572e-02
2.958914438016951864e-02
-1.373865493839351026e-01
2.730328846647028102e-02
8.040744431537048820e-02
3.958253704366510028e-02
-5.403583949680999116e-02
-1.044673112194439424e-01
6.086543963335761236e-04
6.212893942082572951e-02
2.219506361877820674e-02
-4.824740011057974953e-02
-8.928852636905142137e-02
-1.113295288312248117e-02
-3.839688839991407809e-02
-2.411258823196617967e-02
-2.554249184748481893e-03
4.743927993802944665e-02
7.620789309375174125e-02
3.862551843857729011e-02
3.245055855181053217e-02
-6.796059525222874001e-03
-3.977444678002170497e-02
-5.643828407984399775e-02
3.611828081404444557e-02
1.475174893250652194e-02
-6.415426581536634587e-02
-3.629808721053462417e-02
-3.167464557178614748e-02
1.268238552737846296e-02
7.561045309141870008e-02
-1.293447006081108186e-02
9.010324525514472327e-02
-3.496251442747775467e-02
-1.327493632744908454e-02
-3.640069207759433906e-02
9.252787929460050409e-02
3.167519261539592651e-02
2.526821785763042408e-02
5.475017588050830677e-03
-1.173584280741798019e-01
-3.037507509629804384e-02
-4.054659883522885450e-02
-3.880255542679296454e-02
-2.653629913533045448e-02
-4.242757409723826867e-02
2.140020925376511993e-02
1.306679991001732100e-01
-5.354538071041491792e-02
-3.131335745775081641e-02
6.083504452278911540e-02
-3.494241057481826951e-03
4.625253720705886206e-04
5.503586940571689873e-02
3.890027109159024943e-02
-1.450240303614537540e-01
-8.107982929224365198e-02
2.365850784562159928e-02
9.490133056631606945e-02
-5.773040108614882482e-02
-6.113755963899849405e-02
-1.805893526566855478e-02
-1.740860298431471873e-02
9.474555989843067710e-03
-4.064899856093489444e-02
-8.065440031496139139e-03
1.813305967479399844e-02
4.641617162683486786e-02
-5.947786351714585279e-02
9.072191738758243751e-02
2.549582218952529955e-02
3.465196460824970098e-02
-3.898865282479563321e-02
8.760004207723399994e-02
4.481131662686285710e-02
-4.221949238416748684e-02
3.501797097341939613e-02
3.005980702593561565e-02
-6.041040192069591780e-02
3.869848038003195767e-02
2.980956876468601399e-02
3.726132843668369943e-02
-5.632634528119238176e-02
-5.163790802355668758e-02
1.727091894577774053e-02
1.151693988794119522e-01
1.463922890001950923e-02
9.594399568656035437e-02
4.381908208939534061e-02
6.833996999561248176e-02
5.040384602033996103e-02
6.202277877030243532e-03
2.984683611060240035e-02
-7.922606944982088506e-02
3.633596998051202842e-02
-8.713720899313291690e-03
-7.533166599178360567e-02
6.455764209712925965e-03
-9.880667489654898494e-02
7.320185426777464643e-02
-3.357090386464384874e-02
-6.034574820406481480e-03
1.258285436160120896e-01
3.244570353977372507e-02
-4.273087558863671725e-02
5.946897405848688978e-02
6.786479424006568173e-02
-5.614599184109241720e-02
-2.443896812565229948e-02
-7.581819290223337608e-03
8.030101014304229234e-02
1.898436210229145424e-02
-1.778154996528352391e-02
5.813124729121649931e-02
-7.125065228235946679e-02
6.597670741112909853e-02
-2.620092721230854807e-02
5.568592816526583833e-02
-7.494576091530807949e-02
-1.290336379354985741e-01
-8.790088187238843942e-02
4.913343980729835414e-02
-6.889501411818742434e-03
4.170927164736903947e-02
-1.079168998422773140e-01
-2.429906172245057880e-02
-3.657998562070035459e-02
-4.486711507506060959e-02
7.128805638917831700e-02
-5.442495845449297348e-02
1.207526969119739925e-02
-2.915961257581390145e-02
3.034372265941241709e-02
-3.101569735357824834e-02
-5.781129515994531953e-02
7.919618719263654683e-02
4.945376803105126264e-03
-2.376918160592559823e-02
2.282689898807629264e-02
3.943059568104817503e-02
-1.600088882521785716e-02
-5.851834902558841062e-02
-3.191442162399867055e-02
3.191674655934024357e-02
5.959253753384637954e-03
-4.424731466517772827e-02
-3.567456006606010976e-02
7.535515467677861290e-02
1.966454245060401257e-02
-1.586891455435797751e-02
7.419521708268733695e-02
2.985435796023690191e-02
6.046507209144849453e-03
-9.073436262970495034e-03
-2.574123962896369966e-02
-7.502785164700098708e-02
-1.955369773917195811e-02
-2.389975407753541087e-02
7.961628249472342544e-02
-3.501079102604100711e-05
-2.038103281851584916e-02
-7.275420164384500954e-02
-1.668842007203686154e-02
4.446873056623695114e-02
-2.736332650264384006e-02
-3.660781646434801192e-03
1.079859982882378916e-01
-4.587302570277267122e-02
1.116156326391407327e-01
3.629490751955277011e-02
7.161621417459622385e-03
-2.010771615497856935e-02
1.133036724580252161e-02
-1.552865342907363937e-02
