-2.893356628579624168e-01
-2.742123463014634055e-02
-1.531663661502697948e-01
-2.077641424464321193e-02
-9.219551447562996521e-03
8.871663660267581353e-02
-1.148665365420264463e-02
1.324365229808439903e-01
-1.213587299694664362e-01
-1.112605994168456569e-01
-1.068914532844962989e-01
-1.049770666714355538e-01
-8.885404910588705352e-02
-1.326170554756111175e-01
-4.471450353279158435e-02
1.246077953573038744e-01
5.335230617861480562e-02
5.803256935847238285e-02
-2.066402766424204063e-01
-1.020859491653090256e-01
1.336967993605522598e-01
-8.197696707912031922e-03
7.334213310741455327e-02
4.366311048567204228e-02
-1.434693405793422728e-02
4.458295416096231395e-02
-5.484187552546919420e-02
6.225821720566975664e-02
-1.087156293128131723e-01
-2.130910570659221015e-02
1.552831792297137969e-02
-7.639957058097092413e-02
-5.695861438806026217e-02
1.051190806195288208e-01
-3.201611132070091015e-02
-4.230523894435279930e-02
-5.486915021892321831e-02
-2.929027474606311215e-02
7.897170405317803510e-02
4.871174901507804855e-02
-6.319357220322367741e-02
-1.045002604997474632e-01
1.847710192382928315e-02
1.443395331800182736e-02
8.685646540068490962e-02
9.722882722490465424e-02
-1.037158254726391372e-02
-3.509054445357966817e-02
-6.519638819655779183e-02
-2.944802266697883406e-02
-8.117839374152767754e-03
2.161432251429199966e-02
-8.382993924637642535e-02
-1.326329378821394442e-02
2.735521873945966423e-02
-1.178611865579988482e-02
5.537605132447692008e-02
2.360845513583259905e-02
3.579523347220812945e-02
-7.510556264160321571e-02
3.205154986797791039e-02
-7.902833151196829442e-02
-3.393398612584964946e-02
-1.480246225788554304e-01
-5.638833209009911501e-02
5.764968461417493972e-02
-3.155711719371748214e-02
-6.044829081311661051e-02
-2.573120556351149099e-02
7.927996375184820366e-02
6.709170107841395947e-02
7.415495608077092571e-02
1.524332520769667958e-02
-4.850438712797453672e-02
-5.417169734345603227e-02
1.127201851551138528e-02
-8.521430620419385982e-02
-4.375239335975419225e-02
-7.809928494691394107e-02
1.833167400050095958e-02
5.142700968817245921e-02
-1.270227004265657988e-01
-5.661376578089258316e-02
-7.648974405728831139e-02
-3.067738772743918568e-02
-4.279740800459867767e-02
8.450575790921273367e-02
1.437773405190271789e-02
2.547734681804349546e-02
-3.802262966252695220e-02
2.299668561708016756e-02
-4.023547934967029727e-02
-6.031280794808172030e-02
1.205779315681519831e-01
-3.247180279772868966e-02
9.751983150526718352e-03
-6.793376549182716939e-02
-5.965365096872957823e-02
-5.608196492117882223e-04
-5.148608630310961415e-02
-3.559369760806008892e-02
9.808154175671421338e-02
-2.976800862841291404e-03
7.327919721612471959e-02
1.306420708021280297e-01
-8.873144286483657453e-03
-1.260116442390170621e-01
-1.644456208089424554e-02
-2.244310211102964678e-02
-3.947390311326629680e-02
2.049012273444212814e-02
8.690496611407867722e-03
5.147710606390433485e-02
-9.696877137221648554e-03
-7.980909280485626919e-04
4.408154510252589031e-02
8.390441585829783167e-02
-5.894376677039559614e-03
1.091018538154927414e-01
3.154327575064489603e-02
9.029778954605337943e-03
2.109844116953303247e-02
-8.223401714926457939e-02
1.260135367687669275e-02
2.968414358459510113e-02
-2.318686630272897078e-02
-2.542817815297331550e-03
1.601521758665879272e-02
-1.427338515667453183e-03
-1.058609893899047361e-01
-8.026489560716346117e-02
-1.014423035082205188e-01
7.119507666039907867e-02
5.053377275465979063e-02
1.096773312931594163e-01
5.649312628644492448e-03
5.528309471617443016e-02
-2.771669192168503548e-02
4.062537758657019937e-02
-1.273347822931621964e-01
-4.247040855056213177e-02
6.026812940261418172e-02
-5.196623223317983764e-02
1.896214616619329787e-02
1.006859224515220530e-02
-2.337300216989275994e-02
5.254219212039059131e-03
4.306833662624198755e-02
-5.969120469631525316e-02
1.015338499963172256e-02
-1.715136627983138151e-02
-1.311570615446517596e-01
-2.528278733807145726e-02
1.043756132952412471e-02
5.030247593248436677e-02
-5.275578822314074684e-02
-1.475037687049497379e-02
2.182699090638045084e-02
-6.096168589330221155e-02
-1.168218537494814385e-01
1.751087271545394633e-02
-3.524896032617182151e-02
-1.405147676639553235e-03
-2.533581527949431422e-02
6.437803606765768460e-02
9.488847298441705283e-03
-1.812653861898552363e-02
-3.387591143842713648e-02
-5.849727818313189137e-02
-6.916806597300777237e-02
-5.947515943741821243e-03
-5.072833223463182536e-03
-1.105144231774259217e-01
-7.381508000274997205e-02
-5.193962549140223456e-02
-2.753270834325639155e-02
-3.445714072219635549e-02
7.234399065227666882e-03
-1.005360786254440308e-01
-2.155561698361952924e-02
7.772140984018970078e-02
2.097490721782085954e-02
-9.942872607121065742e-02
-1.148728449745260033e-03
1.118503636387025227e-02
-4.133418564053661232e-02
1.092453149922182620e-01
6.441759365027263651e-02
3.042056030785374524e-02
-6.491655355256216453e-02
-3.991567893036855087e-03
8.210068657296484829e-02
-4.978095410690225320e-02
-3.822943492323344766e-02
-1.174563336252323377e-02
-3.184136774046281843e-02
-5.825299341169265510e-02
3.505351024396454601e-02
4.923171228674851074e-02
3.293773620046164946e-02
-6.308098523731958673e-03
-5.771625713125864282e-02
-9.888839027340924626e-03
-6.476593044952831668e-02
7.001269086784728257e-02
-3.024537142649803140e-02
7.608207088411021723e-02
6.173836525927871299e-02
-6.864242511208771061e-03
2.477414213647376184e-02
3.068640507507092510e-02
-3.251444037974048767e-02
4.717494064132982806e-02
-1.420907625360538426e-02
6.438319413893674181e-02
-1.515189004487938092e-02
-1.116484937987162820e-02
-5.277868412227153250e-02
-5.440466404482251217e-04
-1.319950440311534919e-02
9.897748760535904355e-02
-5.785092361091123507e-03
3.383980493947371521e-02
4.949688910228926264e-02
1.183925792250214819e-02
5.539954095843119958e-02
9.567108969862845799e-03
-3.501599362480534161e-02
2.512841628396433186e-02
-5.882969546743277434e-02
-5.441193729641025795e-02
-4.709059318796792598e-03
-2.922065933800903088e-03
1.781397434284505421e-02
5.111374035192909476e-02
-2.916922705892430190e-02
9.376898597472864416e-02
3.960099947391940850e-03
4.196206021637617634e-02
8.296672302987641301e-02
-1.117082383653298684e-02
-1.200606029947607657e-03
-1.821908703459686543e-02
-8.975266676123758169e-02
6.212648229170814745e-02
-3.259084662983822555e-03
-3.603439728079477211e-02
-6.116496585349424919e-02
5.677849008598430565e-03
4.853733941067817081e-02
