-2.947991014107206320e-01
-2.525570480902056963e-02
-1.963199382838397844e-01
3.713014937396306309e-02
4.497302750313956349e-02
1.948740111328088331e-01
-1.048244936306235719e-01
1.727442620619832336e-01
2.903005506117408352e-04
-6.080877114849139037e-02
-3.877439810440580503e-02
-1.192990149663465671e-01
-7.179529185938141045e-02
-5.456151216121074392e-03
-6.775663591640128380e-02
3.543786184724127819e-02
6.213613367626941164e-02
6.071136427333063967e-02
-1.367494308042322138e-01
-2.039610608535475933e-01
1.288321497738241506e-01
6.605264331787284726e-02
4.873493419315161335e-02
2.675676026354467316e-02
-6.727517714262533366e-02
-1.952151198184551642e-02
-2.845861124010217943e-02
-1.785499776780841152e-01
-1.186431986245232439e-01
-7.409938170397217631e-03
2.056806355981404336e-02
5.388416882612784287e-02
-2.624410027312322480e-02
1.071010377857261192e-01
-1.147425665251181059e-02
-3.939004057201577619e-02
-6.162461834586691750e-02
-1.661776798539330025e-02
2.703051863065678712e-02
3.003846361334995031e-03
-2.137161489311507206e-02
-9.351436645502211875e-02
-5.871806808614244561e-02
4.303190565810531554e-02
-4.464103917312809561e-02
-2.068068333587176708e-03
-8.757937810581364890e-02
7.103302213579595903e-02
-7.776775859308121541e-02
8.641599735687902073e-02
3.674247887270732510e-02
-9.955348194143803786e-02
-1.366709292816424733e-02
2.736431626198852426e-02
-5.608516541997986965e-02
6.841337537114312861e-02
-1.842806626761688688e-02
4.727456955607525074e-02
2.988515301984448480e-02
-7.289464549628847656e-02
-3.968971994987953444e-02
5.568135890490864132e-02
1.700045367688911291e-02
-5.834380118446340358e-02
-2.147433889868641255e-02
1.111941204663813645e-02
-8.449514707153515936e-02
-4.408953459109591494e-02
-1.520049425935279461e-02
2.513769405351877484e-02
1.321306907032629707e-01
1.271646016733183060e-01
-8.152183728554433795e-02
-5.734547302535762670e-02
-1.280127947473582994e-01
5.108757977725578853e-02
-1.229243009444197510e-02
-2.154028608558447577e-02
-1.007795974443143339e-01
2.390112891240498902e-02
3.684937534867030462e-02
-7.421185378196293314e-02
-1.654085421702338604e-02
3.057349986091597839e-05
-3.837919500173505444e-02
-8.901504024119079317e-03
5.226052397602615890e-02
-1.616695656051175128e-02
-4.059064123382456757e-02
-4.074343488409567365e-02
4.129892731393578625e-02
-1.040673564148650171e-01
-6.568553977244141751e-02
1.109516002404314777e-01
-1.683554878512721550e-02
-6.283075768518675292e-04
-3.283328028541846366e-04
-5.917799986665883694e-02
-1.510360432742641548e-02
-3.912329786308429980e-02
-9.184825841066914659e-03
1.283417552669970652e-01
-6.758958940266845961e-02
5.617766133441416676e-02
4.678358425698032896e-02
-2.480360102605310910e-02
-7.096393636497498603e-02
-2.589531128799495152e-02
1.679814424966935560e-02
3.096637671903209807e-02
-1.763673694935687097e-02
-2.086925684286415270e-02
8.002355116977574734e-02
1.752876966240841938e-02
6.907395497562597228e-03
4.556969076914504924e-02
6.352338777020011262e-02
-6.266600049149181895e-02
1.325793235816568466e-02
5.866264438651535434e-02
7.195403035684769244e-02
5.232979436943084595e-03
-2.978139512780442200e-02
4.639048585176376756e-03
2.512100417195218746e-02
-7.867621247844125421e-02
4.935367832016776535e-02
-2.071698013582741471e-02
6.690722433330888608e-04
-1.078666676403349373e-01
-6.709299157702901251e-02
-1.436951170256544341e-01
5.784199700196358818e-02
8.799260037265364126e-03
8.528791644594804766e-02
3.296805477152033037e-02
3.041856458867394503e-02
3.110107735610048024e-02
-4.206031084911947271e-02
-5.470112375900557794e-02
-1.118321761156526421e-02
6.636952952053755406e-02
-8.221989527451850632e-02
4.758846487288400512e-02
-1.994699318824326266e-03
3.248663292226112304e-02
-6.201073801741957547e-02
-1.666565908360538931e-02
1.435717522152252928e-02
-4.428966547182799918e-02
2.327186129811787546e-02
-7.545248061991816080e-02
-6.250877589921188804e-02
4.392651284968776895e-03
2.874521933903989926e-02
-3.835249857613186319e-02
-2.081095303093132010e-02
4.350066239812262064e-02
-1.080602628816040023e-01
-4.498163091554003429e-02
-1.086740221988602081e-02
4.559014695141913598e-02
1.695832280328850306e-02
7.874374741955915066e-03
-1.209318540211165756e-02
-5.029436730864202815e-02
-3.353484610348296101e-03
-8.038507911317940846e-02
-6.051459352362192207e-02
4.354139014008710459e-04
-7.970924968328285676e-02
-5.564952997147855351e-02
6.213657677047030019e-04
-4.989488096202941009e-02
-7.489528966230799001e-02
-1.518546598103951914e-02
-4.390638898806434320e-02
3.169696520725442251e-02
-4.540087187860868817e-02
-7.306556908427903896e-02
-2.212387807266391268e-02
1.837818124550082491e-02
-2.304041842719006805e-02
1.972622150265338631e-02
-7.793731597395238235e-03
-1.541089015573866502e-02
1.143606562484738437e-01
1.327771282178343004e-01
4.248752750780401127e-02
-4.426887696890324103e-02
-1.066280347262836894e-02
1.020857283749667388e-01
2.751614987482438259e-04
-5.352448710856119729e-02
-5.097747086833641361e-02
4.434608613340707689e-02
-6.172106518359241067e-02
2.680476213530698024e-02
1.409113407840912637e-02
-1.298738642400996957e-02
-2.757087200863340970e-02
-6.369785611179772100e-02
-3.902821723247819341e-02
-4.121813647130815467e-02
7.192615234670880764e-02
-1.433328505919159723e-02
7.549150983411258287e-02
-2.135931902904057364e-02
-5.124288429466523215e-02
6.832759971875557170e-02
-3.756397552114410648e-02
6.107499691418848999e-03
4.667827553523717227e-02
-2.027521521754722597e-02
7.314462447461987649e-02
-1.975336102245746350e-02
-1.249348408809256364e-02
-5.022251219906553182e-03
3.659441156057897243e-02
-1.472280178628435424e-02
5.360154857499806885e-02
6.931544131510711595e-03
-3.282076287424352118e-02
3.127957047002278418e-02
6.644718177924227587e-02
3.192061700515003153e-02
3.083817479690999577e-02
-1.614794043439053001e-02
3.376045490076580707e-03
1.953450941173807964e-02
-1.705392037712897754e-02
-2.143885443809904687e-02
3.008269918440475282e-02
1.108684462287324798e-02
4.951924785323098127e-02
-5.425540791743418620e-03
1.095684447678589718e-01
-8.456711295466188411e-03
5.967950865302473068e-02
1.083396337752606242e-01
2.241927420658580694e-02
-2.234959764349698022e-02
-5.476171689097630163e-02
-5.212567564089081590e-02
6.196007758045197350e-02
1.988695392402363427e-02
-5.970487579602527101e-02
6.026634999757730926e-03
6.243640384640102015e-02
5.157228790850488381e-02
