-2.051110192385495468e-01
3.373003240495886512e-02
-1.148708581330987188e-01
-1.078910235122128129e-02
-3.087587575300665757e-02
9.878530151593194197e-02
-1.862010972103570958e-02
-1.969952621253959549e-02
-1.004174720907176632e-01
-1.825156286367606850e-01
-3.387205679144109777e-02
-1.040711243978605371e-01
-1.529659109471667167e-01
-1.023450627356581044e-01
-3.754023476246054480e-02
1.098059577476093035e-01
3.604479235354790534e-02
6.246997354053261675e-02
-6.180638825244451351e-02
-1.212267901776665768e-01
4.921727186448564273e-02
9.828406875519354879e-02
1.763233342318962504e-01
8.573720530371212178e-02
-7.963646541834856762e-02
-1.330145805989007418e-02
-3.943036243515094831e-03
-7.167118327897263608e-02
-5.514896106114083874e-02
7.722064890740103216e-02
-1.566396187955869249e-03
-3.908638069514611818e-02
2.766364006795761152e-02
4.572538794271355234e-02
-1.217873717634663719e-02
2.849440679042143654e-02
4.056982872209098125e-03
-3.118375751871232254e-02
4.822516512743559719e-02
5.156081054123765051e-02
-1.910979983627002221e-01
-1.532897203174984624e-01
-1.883741053720540360e-03
-3.694012623608509266e-02
2.366242328333901471e-03
6.160711795202509881e-03
2.472466600066174774e-02
-2.885727578774567592e-02
-3.811308332981829666e-02
-2.852081000787001080e-02
2.300510778582497487e-02
4.988479037523201043e-02
-1.475846003230789627e-01
5.391537002999254036e-02
1.306071367896515303e-02
5.323577925168117286e-02
-7.573634413888704654e-03
-1.772551575167185742e-02
-1.113248437212771835e-01
-8.758772815022965175e-02
2.437994434748358072e-02
-3.784317079274443496e-02
-6.219585518121030498e-02
-4.894397130393386003e-02
-5.350580861715083236e-02
5.232085714144983635e-02
-1.095955498067912280e-02
-7.613352174177499820e-02
3.116782991408626607e-02
7.990700104019997363e-02
1.013368336799890246e-01
4.570299583352043643e-02
-7.019408292819905026e-02
1.446763910666745354e-03
-1.446717568736415049e-01
8.248287245338002671e-02
-8.330238470704938447e-02
-1.719410232202101679e-02
-1.285818776058304802e-01
6.220290382775631177e-02
6.652018036578588589e-02
-9.613874892329883626e-02
-3.877884941462782231e-02
-5.796639465401633856e-02
-6.049720924921997423e-02
1.044487527158529244e-01
5.198789621344788309e-02
4.805837312104584841e-02
-6.826555765609228221e-02
1.840019973736002970e-02
-3.648842871516173869e-02
-4.260930202739980632e-02
-4.607918326796475034e-02
1.357623065822881059e-01
-3.394970873184296328e-02
2.995207468469526357e-03
9.601502765215706378e-03
-9.020371064596433008e-02
-2.995425548141668337e-02
8.262524732504962499e-02
1.079237354630340449e-02
1.127270570703492875e-01
-8.664799947729220908e-02
2.260508735863947169e-02
6.183859394688399902e-02
-3.777490406680438124e-03
1.367048001939259565e-03
-7.800121836247370100e-02
-5.368584117506346870e-02
-4.390278708278985698e-02
-3.418052269912572050e-02
-6.618823195054744646e-02
1.175102841935886031e-02
-2.811459767570762686e-02
-8.809577590072247000e-02
1.533189663592446003e-02
8.170561313618808497e-02
-9.572334609066762701e-02
3.112935442907270589e-02
6.822486243155870267e-02
4.733808711820091525e-03
-1.829902634660575053e-02
-4.279248895199876807e-02
-5.194774618809466435e-03
-2.157014354313303850e-02
-2.999892287140712085e-02
-1.957144334795498167e-02
2.579882521435507541e-03
5.015816882138098703e-02
-6.318106904290872461e-02
-5.242425027172413488e-02
-7.533538908453522864e-02
5.405174771067824957e-02
-1.278410298053264844e-02
1.105832949503984530e-01
4.755647833273132091e-02
7.741625858475235933e-02
1.422666106895094894e-02
4.735681860432593843e-02
-4.598634363611016351e-02
-6.197208986047355456e-02
7.304520204186071286e-02
-4.910776471483166428e-02
6.197236246006373322e-02
-3.070160672928633552e-02
-6.742104412572381966e-02
-3.374654415156386894e-02
4.865875424701147922e-02
-1.157385815714308264e-01
4.641708993138848188e-02
-3.374354555607192441e-02
-6.792204322967061725e-02
2.147773228206302162e-02
1.130069000210653096e-01
-2.286604305203609154e-03
-4.550236253515013013e-02
5.279623188392000566e-02
5.050137170541389026e-02
-8.158991408155723268e-02
-6.424249396146093638e-02
-5.203291408862568274e-02
-1.919112797685941160e-02
-3.863896688206840818e-02
5.391038535177215124e-02
-4.345770983762794332e-02
-4.851443223541203331e-02
4.533436330200387582e-02
-6.316206495719353664e-02
4.759433073296733679e-03
4.256307692546549420e-02
-5.808217159424438475e-02
4.347301435747645028e-03
-6.183053278757448534e-02
-8.373827145174247977e-02
4.825051688932206762e-03
-2.202059489450129866e-03
-5.825772573031839929e-02
3.666308716686802333e-02
-2.898282737042150170e-02
-1.870675744791340869e-02
-3.983583485413999536e-02
7.517743709342691871e-02
-8.537492044836683669e-02
3.582492131267082242e-02
-3.246548184892616984e-02
2.950867197987300933e-02
1.057377204066057563e-01
9.080062586285483905e-02
8.862570950402663683e-02
1.111228863677546017e-02
3.845979106572489092e-02
7.962303015283268837e-02
4.392837250146790218e-02
-1.891498459201007218e-02
4.646615785762035072e-03
-6.309064386456714191e-02
-5.977330156610554529e-02
7.967096873790525946e-02
7.921880390339873512e-02
-2.070942980854833387e-02
-1.171196879236635104e-02
-6.050581560770985218e-02
-3.674046650767971017e-02
-6.062564259899196062e-02
2.027560703218087013e-02
1.646594987385954084e-02
-5.499969331411960760e-03
9.293036857531087117e-03
-8.740255514290225236e-02
9.746510170070452062e-02
3.285709063161478677e-02
-6.714980753349765463e-02
8.834921563398992483e-02
-5.753595990112679581e-02
3.146324998424098601e-02
4.851267980947517738e-02
3.474904861583923577e-03
-5.573497229442427731e-02
2.934168525949027578e-02
2.483097984083079343e-02
1.292564058203242994e-01
1.945282358342937182e-02
6.078908552470239229e-02
-1.870387568081725155e-02
-3.845823335378102670e-02
-8.822685736079903876e-03
3.853611895097446699e-02
-2.502849771531335740e-02
-3.564434355557782549e-04
-1.137729438122613845e-01
1.005382337091660812e-02
-6.434946982920611638e-03
8.925923095159807655e-03
-3.730797991162970728e-02
4.043539818133509711e-02
-2.838743092267624960e-02
1.199792576246206527e-02
-3.666250302488907598e-02
-2.738730196911528299e-03
7.590395394404733653e-02
1.168295640741179482e-02
2.475920826301703653e-02
-1.366526168438063349e-02
-1.183132847006529778e-02
-1.051155702562245678e-02
4.370577546468904645e-02
-7.901813166222983187e-02
-3.352052014850850914e-02
1.911772080150459657e-02
-2.024122054101996915e-02
