-2.423852288187942072e-01
2.370371811275054710e-02
-2.099790285978939131e-01
9.272775716346789987e-02
-8.959234949551517224e-02
1.847318224798416564e-01
2.673080512616893625e-02
2.651546496610366482e-02
-9.232964171145061072e-02
-1.082415374463307906e-01
1.279111153600471784e-01
-3.282878450278737398e-02
-2.026238501397530645e-01
-2.890773583796676233e-02
-1.567278069108027361e-01
9.955401855172033021e-02
-2.262781245903738164e-02
4.984976519096780828e-02
-9.218680446529789463e-02
-1.476210288928694603e-01
1.086046303043394778e-01
9.944790262188620000e-03
1.760800128967693612e-01
-1.196767938919319346e-02
-4.839909248124309865e-02
-5.345524907943229043e-02
-8.071822414799817436e-02
8.390708735417456987e-02
-7.247327662968834801e-03
3.359892014069788477e-03
-1.967069834758044741e-02
-3.031482005607705199e-02
8.961645689510623625e-02
3.610045138582001351e-02
-1.170730501639859200e-02
4.890599844715706745e-02
1.722764652155627657e-02
3.003388030042291115e-02
-1.743817965891448357e-02
1.367229301275117194e-02
-3.654985379438858983e-02
-1.276766193952094119e-01
-9.511670287676671220e-02
3.243858437387420190e-02
-6.663791249359261870e-02
7.741851027533636076e-02
-8.647367604946747111e-02
-1.288479426425063745e-01
-6.841477602986803519e-02
-4.106249153942881369e-02
1.377999923581168205e-02
8.308400218043061891e-02
1.448030654387222685e-02
7.995994342322990112e-02
-2.503023952173269104e-02
-1.144248505117565796e-02
6.206336174180654072e-03
4.000451282754047960e-02
-9.098103691243829283e-02
-1.201755676765745573e-01
1.147985694199598131e-02
-3.038793740146342875e-02
-2.957649028269447589e-02
-4.657679715893175976e-03
-1.520487666654368186e-01
6.630134861804246049e-02
-3.109005186091760853e-02
-1.400358000623191934e-02
4.362004447775355565e-02
-1.872552202568267266e-02
6.060068954682810288e-02
7.805715757784614794e-02
-6.653761559124600489e-02
-6.400651934932403975e-02
-4.728769437415898669e-02
8.519829702492513757e-02
5.650853978805834427e-02
-1.875248472447567372e-02
-1.299139451065824298e-02
-6.550309370444702510e-03
7.971156853568901746e-02
-1.144195736296871740e-01
-5.421399966356290484e-02
1.423576281728584740e-02
1.349273445027982833e-02
7.774676125447579911e-02
-1.766103756877726930e-02
-1.014195047923394967e-02
5.653655063465966302e-02
5.148679135240392946e-02
4.288167856134310341e-02
2.836107254139286563e-02
-6.100726246736759562e-02
5.111730117846179089e-02
1.705903929653034348e-02
4.199686109599266165e-02
4.369366782553014972e-03
1.481423197838767705e-02
-1.968381826669822129e-02
-3.709142092403244079e-02
-1.211037206323442930e-02
1.236884531276292859e-01
8.738299848771557531e-04
7.519513577272217419e-02
8.150260013889051858e-02
4.411679425283530909e-02
-3.040687634806869821e-02
6.451277474073631099e-03
-5.702538508663729938e-02
-1.893142885547318549e-02
-6.036532614932138552e-02
-3.228392835760711399e-02
2.448184135982091336e-02
1.132917665879488653e-02
-5.657977769599535633e-02
7.026128718085404568e-02
1.030009429769074558e-01
-7.749950680079897847e-02
5.248806165356006276e-02
9.930893267971585558e-02
4.167938073915926356e-02
3.940977930389596290e-02
-4.730471774028700491e-03
1.300252656324302203e-02
-5.703467384480057772e-02
-6.803599709776261655e-03
2.239765365754432108e-02
4.710853338499424586e-02
3.689299570101157305e-02
-1.488543012899401774e-01
-2.353655660883951714e-02
-1.175025016211688061e-01
8.483484273663773056e-02
5.174492485747041876e-02
1.011343724454521198e-01
1.080958449009761409e-02
-2.632249734029156255e-02
1.079701033070071675e-01
3.404846712137795522e-02
-6.538111098537681409e-02
-2.239353335236684076e-02
7.469097667692653486e-02
-2.168292528136258820e-02
2.612761413400221250e-02
6.818150892797791851e-02
-5.687000620981276511e-02
-3.030730230627954117e-02
1.119600044399251815e-01
-1.085555842155162820e-02
-6.365799213154803293e-02
-4.944575842540728516e-02
-1.081798774407800451e-01
-5.942159554853852083e-02
1.729996872032945471e-02
-5.701851791134150346e-03
7.976115676993029979e-03
1.949663352534574583e-03
6.408737130267516680e-02
-6.509315948231537974e-02
-1.877384525394841172e-02
2.995895580364289768e-04
-3.460940691396154761e-02
2.165885402479939686e-02
6.929496718765076890e-02
-8.294427323467494159e-03
-3.356096996143159532e-03
-3.324507989782459969e-03
-7.239842441896407466e-02
-2.010502911352612943e-02
-2.862820566039965542e-02
-3.029891712381308291e-02
-8.286497543152232526e-02
-3.623403601683734127e-02
-3.651295176293061634e-02
9.837806899685564918e-03
-3.936398608758129997e-02
1.982300506703581211e-02
4.557202098407197970e-03
-5.971478779064148812e-03
-2.085152721120792779e-02
-2.617984080927819590e-02
3.498417396997309525e-02
-4.409008455523741321e-02
6.079792204992918309e-02
-1.284295509518525516e-02
-1.248938953932380441e-01
6.639669392557051575e-02
1.280713735456345537e-01
5.725742332557974025e-03
-4.024417724536404582e-03
-8.131407810550674020e-02
6.711781961768571725e-02
2.018403777245575403e-02
-2.077118126024701805e-02
-4.016820460077572680e-02
4.611958785634267914e-03
-7.382137542631046767e-02
1.906266418967879003e-02
5.695562904284307698e-02
1.282528115455552724e-02
-4.973768566153471266e-02
-1.019906369187831563e-01
-2.478855109434825385e-02
-4.167894702282479852e-02
4.414834711616813512e-02
-2.736858499600978642e-02
1.152752959576001240e-02
2.088647751916078085e-02
-4.481341497205284380e-02
4.701954925037176575e-02
3.674415871223198071e-02
1.789000365035053192e-02
5.509422696437352857e-02
2.021081975610939351e-03
7.286166960720788510e-02
-3.179325061120796131e-02
3.594561465441356574e-02
3.705390446110062158e-02
1.015044409078402245e-02
-2.574569075847187721e-02
3.818695224188045634e-02
-1.420045107905426596e-02
-1.947910415682750987e-02
-1.068680662441420792e-02
-1.142224495556697084e-02
-5.701092787548823516e-03
4.419804377949303892e-02
3.586881072018417022e-02
9.723305787384997276e-03
-9.508182485486960100e-03
-1.380949194655576792e-02
4.135123818910344147e-03
9.830289149888052358e-03
1.456751967012894118e-02
2.469468765096297092e-02
5.391169937843603294e-02
1.533620958692454364e-02
-5.644131375621521014e-03
4.732777699206976163e-02
1.299855083017703028e-01
5.388907384298775166e-02
5.987782898937502735e-02
4.492506078515146745e-02
-3.107577536490790937e-02
3.939528594971902081e-02
4.763126999711643494e-02
-1.518805931567453714e-02
-4.616838094397076458e-02
4.411180651498888133e-02
3.918410223785911278e-02
