-1.967411371347168592e-01
1.350668284701342370e-01
-2.500701437584371689e-01
-6.568247649143339056e-03
-1.524370437711019821e-01
7.358598788289774650e-02
-3.910984161171939671e-03
3.719883048849138840e-02
-1.779364189880084934e-01
8.055735825894154434e-02
7.969523059156455314e-02
5.005414832708929285e-02
-8.895639072699505767e-02
-4.159486584026065442e-02
9.161034624485248079e-02
-4.741702170573409113e-03
9.232730862179049092e-02
-7.957110142175335965e-02
-9.924401720041677033e-02
-2.355736873487260519e-01
-3.411756873406525392e-02
6.831738709397436327e-02
-5.622829790566256231e-02
1.026549840149416915e-02
9.750887446887987475e-02
5.472763565764226373e-02
3.106450501614474446e-02
-5.442699577184595405e-02
-1.670527798022048149e-01
4.883610876841921328e-02
-5.848645319357086148e-02
-3.703381737736849422e-02
5.208225516910944264e-02
-5.668139346263448286e-02
1.115985147870001970e-01
-7.940605619441576044e-03
6.496455062805442382e-02
1.132013065977629726e-02
-1.812262434406892164e-01
1.286321200417088750e-01
3.268197393702490516e-02
-1.481127239267553408e-01
6.283537405837684702e-04
-3.963079873035008083e-02
1.435308962729530194e-02
4.702295575137872136e-02
-4.487412405830544515e-02
-1.320374665186614949e-01
4.842206652852113630e-02
-1.627082588588125711e-01
-5.398366354414248919e-02
4.069005572354884859e-02
4.600968917762876965e-04
5.337888310514770501e-02
3.075448719565636400e-03
-2.784636395467194117e-02
3.350636505213069188e-02
-8.648832385981482240e-02
8.012558786852967685e-02
-1.000463123598097220e-01
-1.215625703973305799e-01
2.230034330317954769e-02
5.684679196833376802e-02
-6.319668147373935611e-03
-8.917115185468653393e-02
-1.104023784867547500e-02
-9.095247770296042977e-02
4.477504553595936659e-02
5.601909288311399115e-02
-4.764841903263958983e-02
9.112674028391661019e-02
3.545251131423928642e-02
8.540330966242755395e-02
-1.133773034543128673e-02
-2.912137767821784337e-02
1.371415038234677919e-01
-9.354971598565960805e-03
-3.768975894637861118e-02
-7.554176900941600437e-02
-4.474337894826625750e-02
-2.344560751934194123e-02
-9.973086689903723490e-02
-1.006617874982992378e-01
-8.417563523934780412e-02
-2.342681953374308595e-02
4.083881803003409916e-02
-6.297347378158207670e-04
-4.737713336707807810e-02
1.499897882110466305e-02
5.220134209321292823e-02
7.538806080586711589e-02
7.577107878236608030e-02
4.792355864396497661e-02
-6.334313141276628686e-03
1.373957357790242181e-02
1.516094089183116222e-02
3.706240080845051021e-02
-3.151371451113810836e-03
6.195917948896176308e-02
2.545592197841891127e-02
-5.464647798309816423e-02
9.091021276441670074e-02
-6.556599098072052323e-02
1.696401262907767382e-01
4.347141626511675377e-02
6.868823302510243881e-03
2.688560739195466551e-02
-2.327911706234290015e-02
-8.738436624991384460e-02
5.349691019416612237e-02
-2.067641902314491245e-04
1.643595461537706789e-02
-1.415779092571135475e-03
-2.480906929816858314e-02
-7.450447950707128272e-03
-3.263498791492042833e-02
-4.278136727609641900e-03
-7.384966200557561977e-02
6.809215608029105769e-03
-4.777749409951442816e-02
1.041034252978616098e-01
4.202933399270723097e-02
8.875698114992965071e-02
2.641279247915761727e-02
-1.494884540995969867e-02
5.301744722492640095e-04
6.269297076240197553e-02
-3.316310694942896375e-02
5.377699570255514358e-03
-6.436657882657578766e-02
-3.515813409030926762e-02
-9.278014724904481980e-02
6.165359370610182244e-02
-2.187907491497421975e-02
1.312628234201243180e-02
-8.238804672920763128e-02
6.866896329628309481e-02
-1.639931001440563321e-02
-3.666839908652452795e-02
-4.543384544807768481e-03
1.509783252994784629e-03
4.083528524641721891e-02
-6.337428414102421609e-03
-6.581942003090945903e-02
6.723208385065479464e-02
1.282670229130119209e-02
-5.288615613923734055e-02
6.471295220210332433e-02
-1.911142799708273610e-02
9.531006994573511248e-02
-8.882474636294430959e-02
5.008080478528936785e-02
-8.641461714708087438e-02
6.837381528320030967e-03
4.107920789705528548e-03
4.374507853056598672e-02
1.755848055153264378e-02
-1.313797264416282674e-02
-9.507189609752816906e-02
-5.053396457469069153e-02
-1.687424459737280752e-02
-5.860139712597818573e-02
-8.477139102201221299e-03
9.302435894561517093e-02
-2.255521758302993229e-03
-5.512125198499184808e-02
-8.595792457406266351e-02
-4.343229871561350708e-02
-3.543523279073128307e-02
1.577519561416211927e-02
3.616642265078089807e-02
5.442160024777654287e-02
-1.390057216218795223e-02
6.831324410227819499e-02
4.729331004671397803e-02
-2.506285162671920662e-03
-9.294593114932050287e-03
2.319722071486072894e-03
3.316609375739595997e-03
4.724992104065577070e-02
-1.383971193533355647e-02
-5.930901368443881449e-04
7.392664457220886332e-02
8.880936269610355607e-03
1.379282226187317911e-02
5.848311310724217671e-02
-5.219462980434086408e-02
2.422654539596013137e-02
5.562268244508560000e-02
7.685506526088297860e-03
3.009176910534478583e-02
4.855778965183864260e-02
-6.821227072326489435e-03
-8.318690545362779354e-02
-4.873568136505578713e-02
-1.119153733612194548e-03
-3.891396481827087001e-02
-3.954186893184885587e-02
-3.553755505076194431e-03
3.148808577180839396e-02
9.293822325779275279e-03
-2.782468550975019175e-02
7.875730865749819981e-03
-2.172963816798028844e-02
3.053895527881211880e-02
1.316109631874602670e-02
8.459186138184540682e-03
2.575087729421351307e-02
1.340347739107854499e-02
1.346806309883801130e-02
-5.603033355825860762e-02
-2.195332760335804920e-02
4.921655744774225405e-02
5.908243378973814658e-02
4.017658168294300364e-02
1.461865860664041897e-03
1.808582879688840767e-02
-2.539669967851416327e-02
-8.321921436561487834e-03
1.155541404866035907e-04
-2.850359017227000955e-02
3.066469025935826889e-02
1.399033698227134838e-02
3.889405276515756071e-02
1.814479416707556400e-02
-2.111043754858570043e-02
4.938597048027890124e-02
-4.573352184743301879e-02
4.547607827040672096e-02
-6.689807521778634927e-03
-4.422245394585028189e-02
5.545821530961259072e-02
-9.644145995714758710e-03
-1.123148990720736207e-02
2.941113016723122600e-02
1.382513117386026218e-02
7.424684323275679287e-02
-6.259944834519881596e-02
8.806683581226522686e-03
9.771759774820797106e-02
-2.970881536127522801e-02
4.379026604464732186e-02
9.889000016579090752e-03
-4.480838216681681113e-02
-3.073040003463219441e-02
1.254343727765698871e-02
-1.801767818929736475e-02
-4.759378935143677991e-02
4.907608112464931921e-02
-7.974102831372517977e-03
