-1.740217140705135057e-01
1.289298873087196817e-01
-1.791970691568807728e-01
6.334567149951145226e-02
-1.318188907898872886e-01
-8.352637995071926979e-04
-1.175675790701072032e-01
3.450365933151626485e-02
-1.469693888266600246e-01
6.154424809967191934e-02
1.719222846837665797e-01
-7.791368860631676940e-03
9.482275575551879498e-02
-4.800053460124300425e-02
3.672964166416649301e-02
3.720929383916710131e-02
1.797417923729825381e-02
6.310365603886874952e-02
-1.181728510155733991e-01
-2.375619526487946220e-01
5.114257219149129924e-02
3.854341169287463231e-02
-6.134397429418678160e-02
-9.577610213926364760e-04
3.630953326036657353e-02
5.303591337194864253e-02
2.444331028537213846e-02
-8.605097842344767989e-02
-1.009926964017066331e-01
4.883472165986049024e-02
-1.204939813515105707e-01
-5.292414766759725997e-02
-1.359722752064725440e-02
-3.008579146105647140e-02
9.977339501820464696e-02
8.505004009237787654e-02
4.426431549669249121e-02
6.346353873557115943e-02
-9.581256776406164855e-02
9.298619471131190639e-02
-1.413236774283065968e-02
-5.708689972992293804e-02
-5.124841582094930015e-02
-2.645782070728429705e-02
5.817731522892723856e-02
-5.356836174190778704e-02
-4.185334907919093655e-02
-2.035300493924211418e-01
-1.103283988290792716e-01
-7.984880733329467739e-02
5.745134062972510891e-02
-9.767568841688129000e-02
-1.078445729447076798e-02
2.484130960957011205e-02
2.235457652479631678e-03
3.359273653882580146e-02
-4.371596725292870023e-02
2.892513656468041067e-02
-2.727388262759174870e-02
-1.579564169738473245e-01
-1.373519391998145878e-02
-5.781373572183683140e-02
3.208974982224951835e-03
-3.919746000064447400e-02
-4.480430105287956655e-02
-2.075436010587966909e-02
-8.102938193613028195e-02
3.761199493191678955e-02
1.103801182831481015e-01
3.669902633153587779e-02
1.987387318900486408e-02
3.393366859586940953e-02
1.149085674429806136e-01
9.569893570883478834e-03
-1.001171624929244816e-02
1.460323730130757280e-01
-2.435544822877220780e-02
-4.759923327164993639e-02
-3.328834188930618332e-02
-6.745918061181462033e-02
7.654120288557273930e-03
-9.509316128428671466e-02
-1.378558180448335724e-01
-8.104739940035134149e-02
4.406307262440661149e-02
3.515734872565619978e-02
5.858798420426074294e-03
-3.643181513407407757e-02
7.457694037184682545e-02
3.533066811753571984e-02
5.356444958334186102e-02
1.190031618069879588e-01
-3.166687778349935867e-02
7.799695656845396369e-03
7.530147931652934890e-02
2.824574895463952129e-02
-8.036783233349549527e-02
4.464357952940959523e-02
5.197966645051099385e-03
-1.136683055034923631e-02
-8.718374573078038758e-02
7.085837981788746520e-02
-2.209619460263009469e-02
1.428024015835015204e-02
2.961794754447963016e-02
5.941933584520200234e-02
7.492860394642448553e-03
4.665826940813670026e-02
-1.175173311619209793e-01
3.832669964313999839e-02
-7.716894282427078436e-03
2.415847642868216173e-03
5.862961818532934008e-03
-1.425902836282296263e-02
2.924744100433212049e-02
2.954577001350640331e-02
2.854824136192065862e-02
-4.642845701091065369e-02
9.336527928721404315e-03
7.351157704420965833e-02
1.071470601963567526e-01
3.712512859295515749e-02
-3.119967991145633848e-02
-3.665287003873052285e-02
-5.159142957704633548e-02
-5.844201403097973313e-02
6.002126989391011469e-02
5.924845706600581630e-02
2.305948289392321937e-02
-1.223923832141495388e-01
-1.213487700524844143e-01
-4.450098314424966173e-02
4.831874742551383987e-03
7.076524173092797743e-02
-7.563010063606731559e-02
7.109989279944829710e-02
4.878486855666715194e-02
-1.459647895765652480e-02
2.813412681574009935e-02
-3.222143523306044560e-02
-9.252922587772106910e-02
-3.109986603098068361e-03
-4.862601338407266521e-02
4.846051830932500415e-02
4.630857985852349090e-02
3.779863001946566232e-03
3.310612143940509788e-02
6.004933693976843151e-02
9.020213757552754397e-02
-4.734332785353003586e-02
-5.147980743814691701e-02
-1.184174506543513895e-02
-9.762813236091931468e-02
3.534366079093816115e-02
2.758839864147459228e-02
5.099961689270145898e-02
9.910990728196839017e-02
3.034865980359646373e-02
-1.150792308739988501e-01
-2.181268872637075543e-02
-6.208502326584477982e-02
-4.540490712115704403e-02
7.853105594111065013e-02
3.180025008837081973e-02
1.872832855644766814e-02
-2.316285001933490392e-02
-2.374931489059425166e-03
5.985419559919088334e-02
-5.164673816741418427e-02
-3.772096110995493135e-02
2.246483479190211283e-02
-1.565566897085937312e-02
2.678924155313550798e-02
-1.090440622958390934e-02
8.312655016700877530e-02
2.506534349735474107e-02
4.230769784328346911e-02
5.735098837880459738e-02
2.660174507287486889e-02
2.160189875152949968e-02
-3.266591387233068466e-02
-5.553036309976533413e-02
8.043900490630501166e-03
2.975207356797388708e-02
-4.249142573043014105e-03
7.573145784515154799e-02
-2.818125217534618934e-02
3.727242674666680217e-02
8.576887231034497142e-03
-8.238790591667112181e-03
-9.160767924158551984e-03
5.992687560924597756e-02
-2.243138404159527449e-02
-4.940252302236496085e-02
5.070283121213575023e-02
4.657751384140882550e-02
-2.046615246106861866e-02
-4.237007703216038451e-02
-4.064452797368207221e-02
1.124655859296918303e-01
4.482059573167710559e-02
1.657804110834370723e-02
-6.337894279300333722e-02
-2.764144607597406045e-02
5.760481209787107065e-02
-1.371581258396676814e-02
2.604388561791868770e-02
8.187067548461982036e-02
1.780929431572142278e-03
6.633046902849981490e-03
-1.319251651157011748e-02
-4.270497934022164134e-03
4.417537669920284377e-02
-1.544089505472620930e-02
-4.109636434236529912e-02
-8.847938804336246549e-03
-1.386002408046126469e-02
1.872258593836924334e-02
-5.775157188113786561e-02
5.733566276680779339e-02
4.633190924446710379e-02
-4.765116807389670889e-02
3.390904712085814759e-02
-3.577421358136821661e-02
2.781056617838373324e-02
2.475718025472115752e-02
1.461378936202668011e-01
-3.777289591220171078e-02
3.059623842550264136e-02
4.696707869530410834e-03
-3.839945143592107379e-03
4.124280110336518007e-02
-5.169896010056487801e-02
-6.727810868552921986e-02
6.662431161730031359e-02
2.173810647407718732e-02
5.417657677913917912e-03
-3.465494142651982801e-02
2.741342824689752336e-02
1.105639179530207433e-01
-4.091033940798725205e-02
-2.697426152934982724e-02
7.018889822403184819e-02
-4.317196186408671366e-02
-9.585865227414102144e-03
2.557277558730974149e-02
-2.471378759686604365e-02
1.753860165604957666e-02
1.894647626070191174e-02
-2.898611599040070916e-02
