-2.460609485015020359e-01
1.291274908165464808e-01
-3.439668740579052697e-01
-5.568917143330052305e-03
-9.010719466562881752e-02
-1.377732029843665995e-02
8.089048352341349224e-02
1.865762981920779037e-02
-1.125586021441608853e-02
8.658095742181885768e-02
9.363596768542266358e-02
-9.451382765229739960e-04
3.888378152738049265e-02
1.325097024041581653e-02
7.699861306147233464e-02
1.115574521069813592e-02
1.021898141460799575e-01
-1.025938370867012783e-01
-6.403636820048677625e-02
-7.123649546691483703e-02
4.550591236163504388e-02
-7.848676048127732618e-02
-5.345955027643725654e-02
1.253950853557181215e-02
-3.120099016640068626e-02
7.234276786291975181e-02
1.684402678632249684e-01
-5.437737278888072484e-02
-1.762877562694361855e-01
2.623067664741693741e-02
-4.817088452697108891e-02
-7.973221167052399472e-02
1.155944716701769355e-02
7.117162453952979861e-02
5.132295037022312212e-02
5.620470432035216263e-02
5.837895568516236755e-02
-6.514915657781734926e-02
-1.492508954497268336e-01
7.889575867857587244e-02
-3.669489327841016918e-02
-1.437509578328443338e-01
-9.658064557130960348e-02
9.605230541061786712e-03
-2.307196642911854209e-02
-5.100219075747752795e-02
1.005345302003501917e-02
-6.811765149889463522e-02
-3.435511030918396436e-02
-4.595740888048618911e-02
3.139159064478388994e-02
1.572010988325002467e-02
-3.241604414227097775e-02
-4.432696911971239703e-03
-7.629572163748524205e-02
9.207688273492940778e-02
2.729278160350010266e-02
2.815106152796767805e-02
-5.106218272347587232e-04
-2.614160350367942046e-02
-1.570260339943220784e-01
8.133546406093898617e-02
3.339735734960194713e-02
-8.334155175005879268e-02
-2.936046618012704695e-02
5.213943813860195259e-02
-1.012652188648694301e-01
9.224446863887663739e-04
-8.831562078537308347e-02
-9.593123013199519877e-02
2.551369401258271608e-02
2.008058532732597684e-02
6.537265794713061073e-02
-3.587038090248741151e-02
-9.404069679150783845e-02
1.007600858691947154e-01
8.533332353932024383e-02
5.608170313591894635e-02
-3.343394956000222268e-02
-6.033541920123057511e-03
1.112088631552734380e-02
-4.142392289776330311e-02
-1.396901212344583629e-02
-1.143989014414232980e-01
-3.397683030956354100e-02
3.025681484278298222e-02
-4.519927605816673882e-02
2.803663062439136835e-02
5.311606497512727509e-02
4.107629689896066805e-02
7.774945954014189815e-03
5.490885859572967181e-02
6.610719842327095197e-02
2.996173397417793011e-02
9.430358293464667294e-03
1.081089893594870677e-01
4.057684532542704670e-02
-9.284503026746365045e-03
6.514389243526853834e-02
4.743624775554024231e-02
-4.671855895524215652e-02
1.306732549185168346e-01
7.696689981245875833e-03
5.804426535372052970e-02
7.081684059079796159e-03
3.301217618749375388e-02
1.886296347704163184e-02
6.348202831135274157e-03
-6.361735529297342373e-02
4.199614161250520006e-02
-4.703556305165719487e-02
3.612257826837774605e-02
-1.662888063838395200e-02
8.727755755349150824e-02
9.671979226612117952e-02
-2.634038908175742252e-02
8.670790671316366827e-02
-2.821018683635128504e-02
3.007764140554232066e-02
-3.513622560750919756e-03
8.215102097484271171e-02
4.839319825436786543e-02
-5.073734661009796781e-02
2.840146138176817894e-02
3.818365056838850247e-03
-2.274757969376309599e-02
2.936126864088144106e-02
5.372657711706876199e-02
5.578649387359318340e-02
-5.653117745366902785e-02
-5.711151707124536431e-02
-8.156589869117020219e-02
1.062008660792634375e-02
1.062053598594880216e-01
-6.895291684892626560e-02
-2.580652799107546747e-02
-1.584426661116956556e-02
4.670758129212206761e-02
-1.967765373333063214e-02
3.031295499716024980e-02
-4.385833203914742823e-02
-1.847348112528989991e-02
-2.606713514567183545e-04
3.868945763109690739e-02
2.061983895427744670e-02
5.888347881066374745e-02
-4.079996151357821038e-02
-1.507820547659672467e-02
-1.668752447031492114e-02
4.743008485694651111e-02
-2.936935744528570980e-02
-8.520650264169613020e-02
-3.156530734889468476e-02
1.130387946595890966e-02
2.231868046975562375e-02
1.133834034059552354e-01
-4.641657692414933971e-03
-1.497799417758824241e-02
-8.543953724477158784e-02
1.278011836816872818e-02
-7.724079571714785597e-02
5.112737463516268954e-02
-5.260082097394722100e-02
2.920777394778132155e-02
-2.553439750004602923e-02
-4.966830839309685497e-02
-4.954617386627837954e-03
-5.221355341387760862e-02
-5.417470330075146306e-02
2.238223536150347331e-03
5.166836157734364110e-02
-4.060040557317599885e-02
1.108455089256847083e-03
1.938122473065820306e-02
-4.152195150351984526e-02
4.605293380868902275e-02
-4.192918428715872864e-02
2.625786401777574497e-02
2.139286544819840943e-02
4.322101770800924891e-02
3.513407501268742822e-02
7.857775953082538067e-02
8.159774033390448239e-03
3.574664145416014960e-02
3.673161388253115556e-02
1.181759237201958634e-01
-1.402672510090171437e-02
3.989337345169623184e-02
9.670496279138002249e-02
-1.976521825084989747e-02
-1.951353445984237156e-02
1.115092723632876426e-01
-6.518613396937973301e-03
-5.721375057135491549e-02
-5.039341193076552622e-02
-7.412907760062666281e-03
-5.786002036451210612e-02
-1.744678073769051789e-03
-2.007663722041436866e-02
8.918593762115654966e-02
-6.789902909096806605e-02
-2.362145945529605176e-02
-1.549882330561886713e-02
-3.371554908793349126e-02
8.478492185976871376e-02
3.522558763711829827e-02
-1.681501943497273541e-02
6.790130807951054448e-02
4.716902832432767756e-02
5.510321459044343478e-02
-1.593077188049302900e-02
2.798081145431585703e-02
6.133056683196726200e-02
-9.108346841942220606e-03
-2.863526634716784952e-02
8.322789120880670632e-02
-2.098383515246968894e-02
-2.213366511822298724e-02
-4.809532482233753320e-02
4.622870481233106593e-02
-2.701487339503904142e-02
5.828901588381010801e-02
6.232677371089975077e-02
-1.384629982488420116e-03
-8.266048725859116708e-02
-3.287501959535306384e-02
1.036546581055774047e-01
-8.805048775212195866e-03
5.782114916556935907e-03
2.000967989506789377e-02
-3.487404562983422579e-02
1.540978226031152441e-02
-5.335497359092488540e-02
-4.703013841695750236e-02
4.274178814548631328e-02
9.366161433113303486e-03
7.927301152843067855e-02
-3.261620995284653102e-02
7.485989465886659644e-02
5.295403209960043017e-02
-1.054819254401884870e-01
1.579114370922880903e-03
7.037600075076513861e-02
-4.832078419589152379e-02
3.522481727479408360e-03
4.177421306627053521e-02
2.623176799404291007e-02
-3.129478177937403127e-02
4.478597667122465736e-02
-3.984246534143760093e-02
