-2.755655923329727863e-01
2.587378416075292176e-01
-2.573515269924640525e-01
-2.086779303851865521e-03
-9.135183486609479986e-02
9.066024342597381325e-02
-8.403123073162165058e-02
1.632029137410467290e-01
-1.064094594753645512e-01
4.521487387149353970e-02
3.732443318741427568e-02
1.879392344154904790e-02
-8.487175356111209545e-03
-7.019773167062946795e-02
7.984838131060911781e-02
3.773984041318355180e-03
2.516669063325714314e-02
-1.991870340182431282e-02
-6.417839815224508915e-02
-1.401849759640870219e-01
-1.017705946670420525e-02
-1.477698637205837606e-02
-2.912088861512325197e-02
4.446367507857118019e-03
-2.534339007139220241e-03
6.413852072882982036e-02
7.844606005089209411e-02
-4.917196000880769829e-02
-1.175070401977648948e-01
-4.603559717749071412e-02
-9.940891863982134410e-03
-4.029488366720940934e-02
-7.470868250995146842e-02
-7.366919012802773149e-03
1.075106470333051234e-01
5.355750226698776512e-02
4.628878053941877513e-02
5.580998514003994437e-02
-5.469355647262651166e-02
1.046741304127817157e-01
2.857770660856784675e-02
-1.470090609408702953e-01
-1.177274795322638262e-01
-2.106279572684257792e-02
9.360139478664533663e-02
-1.218679113449489260e-01
7.376644789281455727e-02
-1.809916894925663322e-01
-5.325664694164004148e-02
-1.460840160682073119e-01
3.287350726553673469e-02
-3.196930582797477549e-02
-7.407878624584729454e-02
1.236210564989703546e-02
5.477160626383110326e-03
-2.522542805971873803e-02
5.540630452133083091e-03
1.411801716967894249e-01
-6.860221716937524306e-02
-1.309101692999436739e-01
-5.774783305452235727e-02
-2.551803648336540067e-02
1.892141984590644740e-02
-1.333816300312439806e-01
-8.353645142661131340e-02
8.863710793313987757e-02
-4.608720120796615249e-02
4.390810532093737673e-02
-8.088018354368925467e-03
-7.617722256265214986e-02
-2.434749839761797888e-02
1.833126181700319920e-02
2.116944869609897750e-02
5.614292334879856378e-02
-2.060229151961937358e-02
5.239642897981709735e-02
2.328838047746891945e-02
6.295357666289572163e-02
-7.829023884491162488e-02
-2.799433400511484524e-02
-2.419846261708775287e-02
-9.928232695885730319e-02
-9.241436289749578939e-03
-3.364224377346895778e-02
7.382890860401038202e-03
3.584712427720865291e-02
-4.889751564713553517e-02
1.539129355615377094e-02
2.910919680511667856e-02
7.642515156948798127e-02
1.582061960335944678e-02
2.830159198832331302e-02
2.073556423487287826e-04
5.006502638922054327e-02
-3.092821278158584819e-02
-1.017966924572353063e-02
-4.027838986380728736e-02
-3.342013418039765146e-03
-3.853627537577420520e-02
6.150156521065074794e-02
-1.387985221608074859e-01
1.011649519492908156e-01
-9.925407175134142237e-03
9.499800932957344624e-02
-6.257397560527157288e-02
2.510457789259722128e-02
-3.886549029979859127e-02
-4.078193802632254505e-02
-1.561217829293867765e-01
-2.914451581451153739e-02
1.647884066908667303e-02
-6.599389962630156092e-02
-1.460755951812383116e-02
-1.306041292136109026e-02
1.112914165000737296e-02
-3.185917315335928118e-02
1.588798669911160866e-02
-2.101682881904887862e-02
3.247570734888450411e-02
1.398841554357928762e-03
3.172656158212400906e-02
4.834448607441388379e-02
-2.262901110897318560e-02
1.155615021344388593e-01
-4.898624813379257904e-03
-6.607682100500890388e-02
-7.068638669420777843e-03
1.808667332731210900e-02
6.067701422875857592e-03
-1.598907213979344419e-02
-3.530014939181183586e-02
-7.833168213573848959e-02
-2.022839717878415280e-02
3.440537795577303104e-02
-7.219316870880497505e-02
-5.578576639074060706e-02
-1.593249213065449019e-02
-1.916934885274227318e-03
-3.471625483255496442e-02
2.133358639788768968e-02
-5.231211571896611512e-02
1.740607775612587269e-02
-6.619704482516579336e-02
-1.070012877628401769e-02
1.425534374167579735e-02
-7.327493951084176720e-03
-3.671513677903597700e-02
-6.330384380434265351e-03
-5.143502118615153607e-02
6.347215715256229740e-02
-7.817982779386740966e-02
-2.051056648635351740e-02
-2.477939942678938565e-02
5.597325291548888027e-02
-1.591011762519548012e-02
6.014917772283680242e-02
3.961087798477125853e-03
1.984308940437108301e-02
-1.015680758151424751e-01
-2.699047380606827903e-02
-8.943851887439405873e-03
-3.862834837957597467e-02
-5.863933356752359938e-02
7.047958780471651197e-02
4.321032000527719186e-02
-5.342050626700001886e-02
5.561787060716407056e-03
2.848239747878211423e-02
-5.634773880623514253e-02
-7.342317495913940235e-03
-2.476433230258448526e-02
5.007675299628070592e-02
7.404332804823808567e-02
-9.832812215528509772e-03
-6.598085073120495136e-02
6.270561285900630444e-02
1.700232754330957552e-02
-3.350747478491104651e-03
-4.165210794547251349e-02
5.471871474237280375e-02
2.342739470656493572e-02
5.579878048878363778e-02
-2.484648814611282314e-02
6.757726995585253485e-03
1.178182998421363308e-02
4.266118770255773095e-05
-1.145466808635111494e-02
3.910256262591402937e-02
8.866724218154968529e-02
-7.775993174818488819e-03
2.543619381331938684e-02
1.386333405474110270e-01
-8.440756086620824009e-03
-2.710081526300531923e-02
-2.494148410241623509e-03
-1.207436881375311376e-02
-4.545337287680620286e-02
1.172998237436305262e-02
-3.245253251119289972e-02
7.912415023421977278e-02
-6.670977940982908416e-02
-8.402270545349185826e-03
-5.444875920061387209e-02
-3.635084642499187418e-02
5.985114095882993618e-02
2.905052897276226564e-02
3.031206135365013474e-02
1.722662935075711978e-03
-1.041555151260615542e-01
3.248398904763916129e-02
-1.408705823109903388e-01
2.314609532533534741e-02
2.152566613370997251e-02
-2.379245059578804708e-02
2.326941608326182562e-02
4.338639309644762299e-02
-2.724094299781625039e-02
-2.420368217512640710e-02
-2.061001646551657851e-02
4.894650989859165857e-02
3.251770739256883147e-02
2.404810454852107302e-02
1.916583435032958097e-02
3.357804320959358046e-02
-1.087982076102790574e-02
-1.200536625648217399e-02
3.880212486520939058e-02
-6.441515730487820668e-02
2.654917757242730367e-02
-6.518973971781372168e-02
2.089702256353508786e-02
-3.400608176581638997e-02
-3.371806655324373347e-02
3.668622042750187273e-02
4.006522311350885907e-02
-2.892407648001259560e-02
1.770042603245208443e-02
-6.521733378131137904e-02
-3.599337629345159949e-03
-6.813263093116478895e-03
-4.558692396848843670e-02
4.295525760245520741e-02
2.388459319369699851e-02
-5.985510782293931853e-02
-1.337407356243030220e-02
2.825993991517489548e-02
3.449254457501847032e-02
-3.221859191990065346e-02
5.555217376998427409e-02
-6.783494213769385162e-02
