-2.901232898591772913e-01
1.426212813364199916e-01
-9.879419277071833927e-02
7.412828924691911145e-04
-2.956819087543104130e-02
8.043026825974916583e-02
6.420090755562393725e-02
9.064405633287234143e-02
-1.101892773423053251e-01
9.955549581667531844e-02
-6.356122962817238597e-02
1.025200185446749866e-02
-6.640921285805172214e-02
1.341010048515323128e-02
7.866788591094654726e-02
2.028914341051049341e-01
-4.128624815569940931e-02
5.042288750556897514e-02
8.924927122091888543e-02
1.084272173215552852e-02
1.196556941041884183e-02
3.629374476357431767e-02
-7.252563835528204328e-02
5.601166198073202068e-02
-1.197013572449700664e-01
9.857153571484429666e-02
1.080909217200340944e-01
-4.884390981868223097e-02
-1.894232787562599163e-01
6.660945020715769091e-03
-1.198434681019281134e-01
1.319933375299644357e-02
6.023781252074311005e-02
2.964060724457650078e-02
-1.168095373999403566e-02
-3.420932087601998711e-02
5.065571580221319564e-02
2.598888110848431368e-02
-1.810255227455792593e-02
8.136416007074667722e-02
-4.547762308026032964e-03
-5.522722294344568211e-02
8.399127695615517253e-02
-3.464560980229594318e-03
5.733202512676843082e-02
-3.914169217922558452e-02
6.037096982068515527e-03
1.104743944119230270e-01
-1.867253213277407786e-01
-1.146143042907559334e-01
-1.382543808801172877e-02
-2.888818612717939868e-02
-9.319599915357444642e-02
5.737117007804241192e-02
3.835137960853674671e-02
-6.958973119550553033e-02
-3.297122301184664261e-02
-2.108419420357220478e-02
1.064943234329398560e-02
8.773056887986389885e-02
-1.979602804856534989e-02
-4.371323513468613337e-02
5.717659137697056471e-02
-9.719909868120278629e-02
1.350769425662769934e-03
7.186751610037753202e-02
4.440405577981310775e-02
7.966567030481028211e-02
-1.019131106359020128e-01
-5.500023236597589155e-02
5.747363458453359081e-02
5.554679330046097957e-03
-2.894473679329249288e-02
-1.254285895258286203e-02
9.670056462655157031e-03
-4.248763643610713181e-02
1.477981563746187110e-01
6.094901146163852514e-03
-5.355237056803154733e-02
3.228828149689375038e-02
1.993692122176922432e-02
-1.803107423818774424e-01
-5.143911622688569080e-02
-2.765671389519789442e-02
9.766969763796408410e-03
-1.032706489506688974e-01
4.879556061079580453e-02
3.871865451733332020e-02
-8.969311694931633716e-02
3.123942601381071021e-02
-6.464450258442494546e-02
3.369112481016160732e-02
-1.094386111220833555e-02
4.408699241876229413e-02
1.871254020694439885e-02
3.786541634793598454e-02
1.681503077565622492e-02
-3.493785390329838449e-03
-5.116882624768648302e-02
3.939457644358566879e-03
1.080364840933767667e-01
1.869359448029853099e-02
-1.897018776363699685e-02
4.442038706781030986e-03
-1.463580662641642514e-02
-9.260416903481644146e-02
-4.593901778040915956e-02
-3.351982535733137591e-02
-1.172350104293409800e-02
1.323876521809493577e-02
2.140895762365678523e-02
1.843508738213239795e-02
1.804127413034038035e-02
-3.767642466644212373e-02
6.893493966381096516e-02
7.492221905464241383e-02
3.315326673309607758e-02
3.344296802390598049e-03
9.947652544379412612e-03
1.779766575104888005e-02
8.681297254263552199e-03
-4.283327955115303481e-02
-5.331578177744060454e-02
6.222868964459420116e-02
-4.752698483853997485e-02
3.924877672113701726e-02
3.121482163913072427e-02
3.541855247237372939e-02
-4.920660050628661297e-02
-8.850365480685394581e-02
-8.908957557798140303e-02
-1.458629703754071583e-01
5.971893598455151747e-02
1.786954490677337623e-02
-3.477389636722127975e-02
-1.439803596629936171e-02
-1.404651931785095773e-02
-6.679203114182807877e-02
-4.671249766390791472e-04
3.005254249576891704e-02
-3.048879560781680639e-02
3.408346967860300530e-02
-7.866967662234973513e-02
4.446203901504876960e-02
-3.613283143688264532e-02
-1.934133060906449014e-02
9.164610261987568909e-03
8.808459252427679187e-02
-3.077444989085547332e-03
3.915082480738191206e-02
9.378815160038503698e-03
-1.075991923687150305e-02
-4.791904319315685307e-02
4.161864000636162492e-02
1.655906648768263462e-02
8.347866790987477567e-03
1.983975722103152595e-02
-3.768820754747519153e-02
-1.011018109275676757e-01
5.764661730608283685e-02
7.776092639945318165e-03
7.390928524230759578e-02
-1.736248706584291035e-02
4.669025702828015489e-02
4.416571209204702558e-02
-1.023885803276800184e-02
-2.029735561300557642e-03
-3.991148319723374083e-02
-7.229026724844528351e-02
-5.173705479015031083e-02
-7.130290479494817181e-03
-1.162581415446666405e-01
-1.751039982774733536e-02
-5.995301777917799160e-04
-6.723612756982200178e-02
1.995930511430924273e-02
-7.270288296997091167e-05
1.088580982993935797e-01
5.496137392852642328e-02
1.852383503927505174e-03
-1.357395057854614631e-02
-1.949329037874014681e-02
-1.099353544653313948e-03
6.951351851818528271e-02
1.163115763729381524e-01
5.769206556149607951e-03
8.692299385124820088e-02
4.890472237793494492e-02
-4.470990928747988619e-02
-4.249347415528156174e-02
-5.217166044770724966e-03
3.924222271740129830e-02
-1.768098299601628468e-02
-3.241044382882013464e-02
-6.042186183876413486e-02
-6.817671664146748856e-02
-1.032727978043527367e-01
1.633812851475566555e-02
4.485760716401592657e-02
7.346189390533179597e-02
-8.104684601009941314e-02
-1.019069505886750215e-01
-7.051961181295987591e-02
-2.913440894511956994e-02
1.925383644990407567e-02
1.812321708415086732e-02
2.777787342873849416e-02
-3.364209513194196116e-02
-2.496398534397610558e-02
9.628909496032397874e-02
-1.009982361800065009e-01
3.399088989905749841e-02
6.420398757923743982e-02
-1.210965004992041461e-02
-6.234039422192589296e-03
-4.354369057903104134e-02
1.675991267866568796e-02
4.201220255855719898e-02
7.636202265127235191e-03
4.928395923890491366e-03
3.079615331306227027e-02
-5.579276541880470730e-02
-6.678264781407530770e-02
-6.350399849172606859e-02
-6.360392018802470127e-02
-1.920788679529793208e-02
4.324177663645131092e-02
-8.286706833722543020e-02
4.789676674330102524e-02
1.093111124701754387e-02
1.071486493796695860e-02
4.092445282379662819e-02
-9.686821102811925266e-02
2.088195125769465657e-02
8.211038532668869794e-02
-8.794008211403844810e-02
2.091318126456648274e-02
-1.139962581570550526e-01
2.849566218759768538e-02
9.685463743568299699e-02
4.821759059829856808e-02
-7.648952130318029119e-02
1.251245267295650505e-02
1.303996043811153117e-02
-1.309801530180331776e-02
-5.397050168067904496e-02
-5.846837476901189240e-02
-4.646222783819650703e-02
7.263053822928158126e-03
1.854618311758700344e-02
