5.991072365323341781e-02
2.310416601033711825e-01
-9.989517682458515235e-02
2.275707648442161224e-01
-8.793169666655878403e-02
-1.161903705052802493e-02
-1.232992566317567956e-02
1.157866639737685360e-01
-5.769645139923527954e-02
1.425949165989215950e-01
-1.603368871332026824e-01
-8.549082696430722328e-02
6.737794913835629118e-02
1.295250155621169574e-01
-1.074973798668143153e-02
-5.536590022019021590e-02
-3.818526330152074988e-02
6.647520370532514211e-02
-3.113996614782175640e-02
5.698498377612312010e-02
5.595240376128798876e-02
-3.812477373770020717e-02
-1.712106695970431192e-01
4.919426173854109935e-02
-1.028394109771203213e-01
5.673287580799270952e-02
2.986345243023736523e-02
-7.232607038964215806e-02
-1.646360398321031204e-01
-4.262004068687017672e-02
4.162421080681114050e-02
-2.853840401195237146e-04
5.856905422867342281e-02
4.395322931109723469e-02
-1.012903876873917294e-02
2.742953085355980675e-02
1.694494560017954093e-02
-8.299736948810360060e-02
-4.684092479474608051e-02
7.634998876127134515e-02
-1.670656358600165065e-02
-1.391706146524390730e-01
-6.071503730729984477e-02
-1.516043534859554121e-02
3.515438193594536131e-02
9.119302419700452134e-02
-1.385922853767224822e-02
9.214736968025420694e-02
-8.831180000678241770e-02
-8.302747803225751788e-02
1.133519590299919555e-01
2.856565156322288810e-04
6.852135856798423352e-02
1.182206536693242681e-02
-3.765815942219270102e-02
1.848576056508789700e-02
-1.225731093903976478e-02
-5.744914581201628762e-02
-6.998509702223613960e-02
-4.791628346507591923e-02
3.966197840206522884e-02
-1.209263355104860972e-02
1.191333444585691570e-01
-1.237435960741006813e-01
-1.002410844879643020e-01
4.769326225792678425e-02
-1.198342536555639798e-01
-4.893598901193573630e-02
2.863489440288907034e-02
-7.164127130733602411e-02
3.701668394640667686e-02
-2.117577506426918457e-03
-6.781322876990271420e-02
4.129407266372980140e-02
-7.760170720719957067e-03
1.097120608340815262e-01
-2.827795148124536903e-02
-7.083423289814254342e-02
7.587203265254748030e-02
7.596763749806789701e-02
5.944407527828681620e-02
-8.957721034722407327e-02
-2.914415113613494021e-02
-4.635220590327036178e-02
-3.342021153533362987e-02
-9.159911488925240319e-02
6.159911816771069387e-02
-1.532376398279880758e-01
4.137540660427228151e-02
1.038699814850492509e-01
8.100308715117575387e-02
-1.989170015120722557e-02
-4.111015169265384850e-02
-7.598047790660412276e-03
4.200240681844584489e-02
-7.714997686657357190e-02
6.058050252290169378e-03
-1.129496148760437448e-02
2.633407711416796068e-03
-9.617333161822867738e-02
4.416453407120005115e-03
4.665989887599261698e-02
3.932502837116626238e-02
1.251749099423406578e-02
1.605367819812109770e-02
-3.158856302005164790e-02
-4.197059530233752250e-02
7.101348772606341786e-02
-6.132531433688113293e-02
-1.236010573215168135e-01
-5.052741630332906880e-02
-1.238806512569913532e-02
-4.695093678300077400e-02
-4.289026827659547791e-02
-1.212056229110088437e-02
-7.711022950115771317e-03
-2.187181376147441167e-02
-5.683958403065585835e-02
-2.279683406766919856e-02
-4.154536320532209621e-03
4.522473629113566568e-02
-1.803256566858111101e-02
-1.773222953470189600e-02
1.384669466408781219e-02
-2.890284001019547203e-03
-5.597260100866725298e-03
9.236896039096163802e-02
7.823265831630736578e-02
-2.246145077096828660e-02
-1.204592103033922668e-01
1.773403468497356320e-02
-1.270100665798487294e-01
1.491129055166580050e-02
7.441990846702464801e-02
8.756511492365313259e-03
-3.944287403041122492e-02
-8.957053469716281038e-03
-5.124896552041131176e-02
5.718716060655032463e-02
3.221535887759068711e-02
2.446727925774701794e-03
1.519800290990976077e-02
-8.096340790463806003e-02
4.239582739935294879e-03
2.024465811847761879e-02
-5.692146292222374088e-02
-2.796419592836542345e-02
7.833139663022389843e-02
5.865355569705109351e-02
7.703918151121985636e-02
1.193320812856484558e-01
-1.681872131891889305e-02
2.276222967755565235e-02
1.603813006417736386e-01
6.782722719936794264e-02
9.335283540790073609e-02
8.302669466515848889e-04
2.981553079944035400e-02
-7.168193827760725723e-02
2.510313492608350072e-02
-1.085126917460317759e-02
3.634516804534490553e-02
-7.484149620405763925e-02
-1.013286023780486100e-01
-8.896185846121865137e-02
2.691611886874518619e-02
-9.585007348184314052e-04
3.344330383503539214e-03
2.461768574076024507e-02
-1.779564821028400967e-02
-1.079004052095442895e-01
-2.156081702316060486e-02
2.247023810625302723e-02
-2.598844192630152261e-02
-4.396273189460282033e-02
8.157712493756725733e-03
-1.741745219864930180e-02
-9.854689986884204375e-03
7.778801233901169732e-02
-1.718830029246429941e-02
3.032614991024974380e-02
2.445907093292677692e-02
-9.143161056781694274e-02
6.153971850594096987e-02
1.104343252993846176e-03
3.283711393814468110e-02
6.675336714435797791e-02
1.041225662853269007e-01
1.848429600920711152e-02
-1.593998779044488584e-02
2.277602375038634622e-02
1.080739721111374507e-01
-4.087132690576781164e-06
1.269190938180442957e-03
-2.470913533471189721e-02
4.222689258147577923e-03
-1.018797522213728962e-01
2.896874502483102326e-02
-4.003121678121975696e-02
8.064389630655222074e-02
2.850471922669420288e-02
-5.247289146404361670e-02
5.642405887378054707e-02
-1.091461973130711770e-02
-5.272779230617925805e-02
-6.723524008857698075e-02
2.661874590606663413e-02
-8.784883005125733446e-03
-1.429215806792159295e-02
2.543695148858635818e-02
-8.490265451069414770e-02
1.016027127438299572e-03
1.405796536475154360e-02
4.075273193886290446e-02
3.728810361650005539e-02
2.507718163349833759e-02
1.659805021306683462e-02
-9.245175888738491055e-02
3.113332455719957162e-02
3.073268337520578333e-02
-8.612303827266128836e-03
-5.522220344667735925e-02
-2.060810639298715774e-02
3.894424384216085833e-02
3.796162902446802243e-03
-2.137379664312762800e-02
2.554025376734068639e-02
-2.278222256830039066e-02
6.890095101662155330e-02
-3.158733688024447511e-02
-3.089157065855195356e-03
-2.027483478150970617e-02
-8.239359781138815009e-02
-6.482669279402008405e-03
3.999872407632966420e-02
-2.702323580467738337e-02
1.360729086673727675e-02
3.921464172908160212e-02
6.385473858076183562e-02
5.152716301888324302e-02
1.275209241067317388e-02
3.570188741928720377e-02
-1.660816586647601359e-02
-1.700335753821570137e-02
-3.647629688583424543e-03
-4.771795535126568608e-03
-5.481090166024898264e-02
2.280279446950962425e-04
2.829525367630214214e-02
4.276101270525598658e-02
