1.096818926182811932e-01
2.398147790295901416e-01
-2.265207294219550027e-01
1.837081607249930471e-01
-9.582712649782994252e-02
-7.587182627037707128e-02
-7.123696046961888739e-02
1.991639450328031025e-01
-8.761167683191972699e-02
1.276546805087002967e-01
-3.300772377736393287e-02
-2.407214005965871428e-01
-6.061343539102481692e-02
6.324218284016670799e-02
1.081566363140624154e-01
2.297290847437106695e-02
-1.521916757079487753e-03
-6.362524854143661313e-02
-2.144883083384851660e-02
1.146408909354985212e-01
9.270353674022707713e-03
2.242525548418802112e-02
-5.515458544463760354e-02
7.540769469933415736e-02
-3.354368835255951142e-02
7.540870965973922591e-02
-8.862781590069003512e-02
-1.864295642369207320e-02
-1.424426863512880670e-01
-7.114328944642801800e-02
9.612860247879519149e-02
2.636863858316669529e-02
3.597160460412966027e-02
7.817755438543957935e-02
7.147760430759612926e-02
5.490952161779955737e-02
5.305109637545066259e-02
-4.277887855964513514e-02
-3.542450820513649151e-02
-4.153443888104961512e-02
-2.248533459203676255e-02
-9.262764389445411750e-02
-2.494510750406293983e-04
-8.242231524340880647e-03
2.170902084478799551e-03
1.405774837926859477e-01
8.214261180016532715e-02
3.415119126598370469e-02
-1.126792343977561228e-01
-3.878491114370389431e-02
1.565193359125518005e-02
-5.323126821768042055e-02
-8.018121718768875597e-03
6.064329487132893298e-02
1.748979770023676578e-02
1.000328604911911515e-02
-5.189885439042574156e-02
-9.231837563683058245e-02
2.808133515574188707e-02
-3.532297942397085583e-02
-7.936738264611047089e-02
-1.784254555198735298e-02
1.167486690309133546e-01
-9.947715329908397852e-02
-6.182883410577192512e-02
-5.744315745478854179e-02
-5.609512633355900196e-02
-2.262071721381035683e-02
-6.652738048678394703e-03
-1.158943670357650280e-01
-3.461447157991268120e-02
-8.405771112190723107e-03
-2.523073700644572551e-02
-2.636313815258436305e-02
-8.225206382062217464e-03
7.045799472905363292e-02
-1.399368473331348214e-02
-1.392846534212291432e-02
-9.614372866289659647e-02
4.569246973537235273e-02
6.845999606067793009e-02
1.678544791977357176e-02
-7.822551944974388827e-02
-8.085809755589848380e-02
-8.396688853598220648e-02
7.274646851722988208e-03
5.245898157139372575e-02
-9.774297885471109129e-03
5.236226566698763685e-02
2.385294462688676217e-02
-2.134186710341700113e-02
3.110189006190061320e-02
-2.445740265909572553e-02
2.251277126363199210e-02
4.036307635161942575e-02
-3.233827553857200002e-03
-4.885269628953255866e-02
-3.896668727818684147e-02
1.359422251040290075e-01
-4.797842249286503324e-02
-6.747227588324970077e-03
6.000665277208164228e-02
-8.159135733757717779e-02
2.619020199582302796e-02
1.542854408016419536e-02
3.313754048723873552e-02
-4.210163804419489453e-02
4.750718619898659789e-02
-5.493378244554664169e-02
-6.158537457118705427e-02
-1.797845202429259812e-02
-4.077616523648457808e-02
-4.549494534428163983e-02
-6.423857929202542172e-02
-6.309697802092466279e-02
4.700029532829765738e-02
-6.495632000170394049e-02
-4.829587591504562460e-02
2.584855322721179779e-02
3.618114481679011313e-02
1.392420905655324809e-02
-6.868541549257906054e-02
-1.106018723738352860e-02
-1.041601478674376163e-02
-1.313587948773473242e-02
-9.553131465073819162e-02
1.368236691048484999e-01
6.106325929442200234e-02
4.209188132804288912e-02
-6.481258851208215876e-02
-5.160075069725800906e-02
-6.140094644338762314e-02
-1.061281888335345071e-02
2.927309511524824395e-02
-9.028465691032791160e-03
2.013373681479654551e-02
7.003848867517575155e-03
-4.870696761975885913e-03
6.941838060833370461e-02
2.937370715798348977e-02
-4.075170796478812252e-02
2.527788355429433018e-02
-6.673400678086209570e-02
8.411114387613563559e-02
-8.169226404623647353e-02
-4.983501425835314136e-02
-1.509285411135049583e-02
-1.781569821224023367e-02
3.456758695732990196e-03
3.304642323538966447e-02
1.110558543408274590e-01
-3.482171994649715940e-02
3.019628345530869784e-02
1.171621180630190162e-01
2.330931873766578510e-02
1.301146498646758506e-02
-1.510863510861648606e-02
-1.993804590056661580e-02
-3.882253016000809798e-02
3.277012482060191051e-02
-2.809125557518503055e-02
4.262807508784606514e-02
-2.258074087011372952e-02
4.900778878755952805e-02
1.495069417332366667e-02
-3.250823229543457066e-02
3.446713861788579941e-02
-1.665055640787340210e-02
1.321396595760898109e-02
2.581633641951525202e-03
-3.646173225780575955e-02
3.186455095466822485e-02
-1.136575580062728665e-02
3.788264408425125879e-02
-3.231008583183752475e-02
1.326396094272343749e-02
5.800335011707297888e-04
3.841952539787722807e-03
5.147705649047188553e-02
4.056763998422920070e-02
2.566170229070348016e-02
5.353467589748112793e-02
-9.136277404512420375e-02
6.465847823380203863e-02
5.155792591629553001e-02
-2.086670193055118611e-02
2.016300696325255826e-02
8.257541056128385459e-02
5.343003675378380640e-02
1.874527098065518690e-02
5.157969845401728232e-02
1.098172752400547875e-01
-1.368516951082918501e-02
6.721912511382929778e-02
3.138977866970114883e-03
-9.325642823572663498e-02
-1.568815130738721308e-01
1.404849259518748360e-02
-8.935220296398888734e-03
1.444730327899932110e-01
-4.385336148137809059e-02
-3.045333036305827162e-02
-4.617473963107367879e-02
2.643667367096488863e-02
5.120769909522850973e-03
-9.800703226332149742e-02
4.190234565755985435e-02
-1.436421076248198085e-02
-2.160873620863502931e-02
-2.285906920571162751e-02
-1.078265777384639773e-01
2.230313282899685015e-02
1.792721289416547223e-02
-1.539433009231572962e-03
1.031055712659073934e-02
1.160361668265513400e-03
-3.981463758563891231e-02
-4.827518381904540717e-02
2.758420100120495197e-02
3.128415730625698499e-02
6.288534240613760651e-02
6.743920781843923407e-04
-1.661863426610091232e-02
1.566365474690087356e-02
-8.333293117070963985e-02
3.315076771316292914e-02
5.787641458512226417e-02
-4.959813559607214456e-02
1.427021233270883011e-02
-1.879935854804816800e-02
1.845672755969009204e-02
-6.139970229837495019e-02
-1.051081208857768123e-01
-1.536227698791032409e-02
9.091884346020809304e-02
-2.545854650639751970e-02
5.306376701018497566e-02
-1.670490590053220689e-02
4.548659647643344545e-02
4.638565495137972165e-03
-1.301827504337905138e-02
-1.334774428712939311e-02
8.295729759885754617e-02
-2.706342809142725861e-02
-3.514470653991832311e-02
-4.009352251242669085e-02
-2.367542477797347777e-02
3.735217993963802201e-03
-1.062110226988518397e-02
-1.896610672040437498e-02
