4.912895482082083043e-02
2.707310393871249499e-01
-1.222277609794837072e-01
2.224669354281068878e-01
-1.054286413441346271e-01
5.216727783892969629e-04
-9.546615132930452718e-02
2.165375113427747411e-01
-7.830823368052847178e-02
-2.807335493068529447e-02
4.470035937931667730e-02
-2.425691934424050455e-01
7.794762704362623307e-02
1.170980773108451778e-01
5.909871221361511634e-02
-1.949758586042634606e-02
-6.786300561812179388e-02
-6.763393523396521445e-02
-7.675081156395663351e-02
5.113567189270865065e-02
6.951362116976392974e-04
-2.775082803895292938e-02
-3.937455515783436916e-02
6.419926060227047759e-02
-6.910194558273317911e-02
2.119811941998545404e-02
-8.836549556546181849e-02
8.065342641479407437e-03
-1.640214980137531253e-01
1.249232676388741968e-03
1.500055868343126882e-02
5.365038197270022985e-02
2.785635299771813816e-02
1.170002143388024080e-01
-1.312370077706659886e-02
5.176471113740159502e-02
1.991215524501748976e-02
-4.346510242978216670e-02
-5.145698207410311781e-03
6.936103911657894895e-03
-2.058213514837752001e-03
-5.920959727467971223e-02
6.310846334231389257e-03
-6.081910774733882696e-02
1.376707747330882005e-02
-1.443491991256173543e-02
1.478664785240363377e-03
5.182755258215083344e-02
-1.331876903988841732e-01
-7.309502449139644586e-03
1.298732399021989559e-01
-3.066757867546162156e-02
2.558771436255051490e-02
1.215654759469092863e-02
-1.927302059292631447e-03
-2.985465174943024297e-02
1.743743218586059482e-03
2.717884264388841994e-02
3.268590382165425384e-02
-1.124332427594098294e-01
2.553309393359787585e-02
-1.055225582285950342e-01
3.485233878843849858e-02
-1.105062695407490608e-01
-6.245808234061296649e-02
-3.596793063203764657e-02
-7.372452411297400476e-02
-4.572650657104877781e-02
-2.120673504454029593e-02
-1.271493871803417719e-01
-6.104877004463275109e-02
-1.821744216464237301e-02
-3.892289254996895292e-02
-2.898822245259456351e-02
3.755609934768877611e-02
1.808877340220656771e-01
2.771248522127757116e-02
2.935672126466153803e-02
4.185595368181810327e-02
8.191992322435567853e-02
1.130910226753276959e-01
-1.086560806096285720e-01
-6.604270830043776352e-02
-6.070874883128520721e-02
-9.969362784036056579e-02
4.403537785356098633e-03
4.811987445788248191e-02
4.812796393742633377e-02
6.752972563772746684e-02
1.311522655398345838e-01
1.388378301355740890e-02
2.788305485702551132e-03
-5.414887148654310388e-03
2.255632988177397671e-02
3.142456981001291033e-02
-3.804725571544107648e-02
-3.234269285417763068e-02
-3.446864753917940061e-02
6.898524004248458852e-02
-5.816730400792308187e-03
-3.082492891780862221e-02
6.207873178769447720e-02
-1.315073147700583124e-02
3.481537710141696662e-02
4.742539592744856453e-02
-2.200016172110213358e-02
-7.940018188269658272e-02
6.893242823700720945e-02
-2.987632234707008824e-02
-1.227276316239803988e-01
-5.320161316239521015e-02
-4.738406066002324307e-02
-5.224468692367052053e-02
-1.798850331673854802e-02
7.103023416392140361e-03
4.373011509500149274e-02
-7.593821347855711501e-02
-6.537706909341832462e-02
-2.770952565559079567e-02
9.468002491477008065e-02
4.433820719144468403e-02
-1.177578302705542307e-04
3.270277334606888631e-02
-2.219552594049262542e-02
6.354957016589646290e-02
-8.143902668431753089e-02
1.096712116401932224e-01
6.216873546863569550e-02
6.114706050949694771e-02
-1.355732647627426735e-01
-7.334744256041536570e-02
-1.113302455120110668e-01
5.002994526806542330e-02
-1.244270471253911860e-02
2.658541683962636556e-02
1.331850596738292335e-02
-1.909219112946421507e-02
3.736122838924607614e-02
6.353493675777850680e-02
3.012689890855057770e-02
-2.353278925403140195e-02
-8.421378393598728460e-03
4.891580032324648053e-02
2.330490269614954313e-02
2.447985027380017442e-02
2.353107928274571214e-02
5.037565542434421090e-02
4.971708629090986625e-02
5.897062878750402443e-02
4.002056257913150228e-02
-1.491226497377574249e-03
-3.308794437817137030e-03
-1.372679449590546129e-02
5.100472755310034995e-02
4.239183237550393779e-02
5.498984851847248806e-02
6.563570225037948513e-02
4.841849463567831648e-04
-1.219307192367208165e-01
1.300939577343061815e-02
3.337206268410199995e-03
-1.861918676459081365e-02
-6.163788803661738626e-03
-1.774230033566185499e-02
1.063263433850605844e-02
-5.492217311643485256e-02
6.810585442475346196e-02
-1.376651844423465096e-02
-3.586566119552789256e-02
-3.150701015642125291e-02
1.787459292186080809e-02
-2.063816959204717305e-02
3.829868726256441258e-02
3.970510576098421757e-02
-4.220472205597323306e-03
4.413728556537568209e-02
7.039425638189613331e-03
8.708887046443877789e-02
3.345996178499928420e-02
3.307988778269069230e-02
-5.838861375316765912e-02
8.828400885688587885e-02
5.138233525066995822e-03
3.086478440239055765e-02
9.342822728145279074e-03
1.987427280422673567e-02
3.280599642041104325e-02
1.000754775820812126e-01
9.068655139734858872e-02
-5.431822441195313655e-02
-1.545718678483783484e-02
1.298843218314927883e-01
6.332891810191562665e-02
9.127343327303653886e-02
-4.004305527835100992e-02
-1.075427248823260934e-02
-1.510763576997887492e-01
-4.213333075479552131e-02
-1.392097488902124466e-02
6.520442776168965116e-02
-1.165131684789483951e-02
2.703892095503022432e-03
4.980126949266709159e-03
-5.114402444475799753e-02
2.138845237770842928e-02
-6.112999368070319572e-02
2.338221312870080587e-02
2.249217307449728406e-02
6.037842841657766347e-04
-3.590009080968407235e-02
-6.738605516566602283e-02
2.807256571316881985e-02
-6.770565537577479150e-03
9.602277986686098485e-03
3.784975403194346111e-02
1.147874128429253113e-02
4.638810103829626996e-02
-1.088238879840688553e-02
-1.879932566272599775e-02
2.796510059467561746e-02
-2.107868450249239468e-04
2.739334538805340835e-02
-3.285430310923188185e-02
3.053942948122416326e-04
3.235913488577084329e-02
5.192995355491333148e-02
4.486576621714435248e-02
-3.122851502529550016e-02
3.852387732726498398e-02
-3.099076324845771377e-02
1.938844365471063412e-04
-1.483406667151844667e-02
-7.718238200921516412e-02
-1.482610872822733451e-03
3.249007922537914400e-02
-2.913458941783729841e-02
1.985651541010607229e-02
6.863979295871130981e-02
1.236217164179558535e-02
4.943050168024025470e-02
7.406839276171433943e-03
-5.285241729541866051e-02
1.900399607199824981e-02
-6.660755785379081362e-02
9.553149196285594044e-03
-1.393337218084252267e-02
-4.831842843140205651e-02
9.013028458448717542e-03
1.505866482308166471e-02
-3.644800507049612837e-02
