-1.667975042389856222e-01
9.930570203798375073e-02
-2.364081783155219940e-01
-6.536699690691025189e-02
4.982397401743150767e-02
1.821957196431387427e-01
1.606664226626167979e-01
2.188340340000881068e-01
6.355300652761174118e-02
-9.921246718530564446e-02
1.367431356207080284e-01
-2.195117907619710540e-02
-9.646494159551469161e-02
-2.554586854580898417e-02
7.381782063137050202e-03
-8.181433692955440706e-02
3.037919922987849033e-02
-2.492513674713956601e-02
-1.642341391321935212e-02
7.610988418370644160e-02
-5.379955688587557266e-02
2.785095354643777818e-02
7.738252228286954248e-02
2.985417186890823235e-02
-1.614858438016167699e-02
-7.122735423441224623e-02
1.572076245142285666e-01
1.006814533299091666e-02
-1.375414530331643959e-01
3.793792545614766559e-02
1.471420449838569365e-02
-1.172337988247473678e-01
-6.447980650622857357e-02
-2.847659244261657036e-02
9.800750213022607626e-02
2.721271014489177326e-02
-8.580810492406261425e-02
-4.100178243636316833e-02
-1.618494180327688103e-01
1.489606858804028988e-01
-1.174094921591025964e-01
-1.151884051217224869e-01
-2.036352456045185597e-02
-5.987191365479559158e-02
6.085721393313201638e-02
-2.233617775922013340e-02
-4.280403426867847999e-02
-3.937961787538860059e-02
-6.380477590962863044e-02
6.846260569453936629e-02
-1.496866797315282993e-01
-1.164426977321577350e-01
-4.846223842231389863e-03
9.071340637160293929e-02
9.197645478347647729e-02
1.098618309566290613e-01
2.589484977456386200e-02
-7.795678098159723735e-02
8.505933957469109796e-02
-4.040077524532946496e-02
-1.139267358287568283e-01
2.897515996407549685e-02
1.148552677241416672e-02
-5.545010563832592637e-02
-6.819829595222073881e-02
-5.888520218501856057e-02
6.170553242413161221e-02
1.469720605603296038e-02
4.999787128995323649e-04
-7.839896499049749112e-02
-1.214192643474485689e-01
7.976118167360619904e-02
2.235850024200787545e-02
2.827706921643477391e-03
3.028561157934023945e-02
-4.000070247191817030e-02
2.221154389698858436e-02
1.387038257647638939e-01
8.999873412453510829e-04
6.649030529363122999e-02
1.282266594217269517e-01
-3.698110558688525590e-02
2.453327454210996530e-02
-5.608684163083310810e-03
-1.717163402953426551e-02
6.831378914262109525e-02
2.273586566223854272e-02
-1.792245202100119922e-02
-8.470163461703067442e-02
-4.162142376891939111e-02
1.657720170771247170e-02
-2.249849684742236122e-02
-3.870763416939904805e-02
5.959034888986231016e-02
1.688766382464540125e-02
2.376263572540908767e-02
7.096724599388269661e-02
7.414261917043865613e-02
9.722765849662853843e-02
-6.102277234714108961e-02
4.983058095917615449e-02
3.321162081383489950e-02
2.145941093167926667e-03
3.244284220403299834e-02
-9.318065009777025051e-03
1.780503447863637789e-02
3.759936780053361322e-02
-7.546846560141907967e-02
-6.872704372698895670e-02
5.973201326697932800e-02
-2.321281629663002853e-03
7.992378941460310388e-03
5.674865834394374892e-02
3.423210466058820151e-02
1.391498905501258087e-03
4.475898342937372626e-02
3.990339440758195605e-02
-5.602888656417010643e-02
3.186528003443297313e-02
4.770327400753075070e-02
7.827439527333140967e-02
-2.495788280306813350e-02
-1.339701765124534476e-03
9.890716874614401133e-02
-5.089773034106762767e-02
8.709411726937871245e-02
4.607774183061838502e-02
8.185317676670375575e-02
-4.898790723393897650e-02
-8.318845252231003504e-03
-8.024942183952253616e-02
-1.310364698701009523e-01
2.300258084451274262e-02
3.403601319540969922e-02
-4.872385407188228185e-02
5.985446619698448628e-02
-3.683081369846090327e-03
-4.835992704287009683e-03
3.163220893900408476e-02
4.606674095188821941e-03
4.272760542315666432e-02
-1.464855202386485672e-02
4.296115760657666935e-04
-1.816508073118690281e-02
1.782880022539746470e-03
5.541267699261717868e-03
-5.158459570224899898e-02
7.213776514879842450e-02
-7.051537608009465774e-02
1.628171746356959007e-02
3.338680098766626247e-02
-3.535101911032365735e-02
-3.025437293245049689e-02
-5.273141325546912631e-03
4.428854351912865639e-02
-4.209760466252510103e-02
7.531913588897696339e-04
4.800937426001090219e-02
-5.430495585680833459e-02
-9.201170249695883596e-02
-3.451620315560802871e-02
2.733192374909008959e-02
4.636212897843287190e-02
1.968939199476866381e-02
6.998213815074270927e-02
-7.627573125051019531e-02
-6.515342591138790183e-03
-6.857392945568338560e-02
-1.836142877662734138e-02
-1.536951048734991505e-02
-6.583647464117310666e-02
4.938239938665334172e-02
-6.755652457207321493e-02
5.617215456792417315e-03
-2.608157606018199695e-02
4.462123190125110231e-03
2.725940775256267649e-03
5.436983859054338175e-02
7.059517254155428870e-03
5.510259974607713274e-02
2.851504740937303717e-02
7.658439730560961944e-03
2.432842727549316270e-02
-2.493668285892632758e-02
5.066754577358543489e-03
-1.180394287746686782e-02
5.329104687926692480e-02
2.767468290649321636e-02
-2.165049908175017968e-02
3.259242849673704701e-02
5.823368075491778401e-02
1.669131577920496962e-02
-5.391569152693074379e-02
8.083836975824561233e-02
4.147623141320085777e-02
1.505074158443706241e-02
-6.679826575301037184e-02
-4.868033164495273735e-02
4.379228522002707319e-02
6.919873446601092215e-02
-4.969520279847637612e-02
-2.520063980338480003e-02
-3.917865138523346502e-02
-5.361497945995107733e-02
8.478665890132706939e-02
5.140495744636663228e-02
4.928736847214175432e-02
-3.147065959158764498e-02
8.046389086596163545e-03
1.217505415381304155e-02
1.567047913459150912e-02
-6.935236189784033112e-03
1.764871295405671600e-02
-4.387811131764200734e-02
5.482029731289080748e-02
1.808688789636433633e-02
-6.262258235279517804e-03
2.904135767165293494e-03
-2.815339753018546165e-02
4.526345229685699301e-02
3.712745255378246262e-02
5.224086386719545283e-02
-1.924765700132680113e-02
4.595920174960762411e-02
-3.072199045981435783e-02
1.263337064668200601e-04
-4.790600448698664748e-02
-3.608923259642337483e-02
2.527931372619848793e-02
-6.332455387689756021e-02
-3.342285051446716032e-02
-1.168100885947059332e-02
-7.440965507804027379e-02
-4.795485095435119815e-04
7.839495592390485768e-02
-3.090512462176549582e-02
8.015493615806752736e-02
-1.231847289847099458e-01
1.653050410004156673e-02
-7.315648500625097049e-03
-2.514701452864184089e-02
-2.082883286545836321e-02
-3.115695814884787002e-02
-1.044698288247439960e-01
-1.984054984157702581e-02
-1.501555801602018000e-02
2.077546417097732995e-02
-2.331916881519920451e-02
2.579359678870050965e-02
-8.577253648525283783e-03
