-1.866256998960803271e-01
1.277962346581097697e-01
-2.338608346445210928e-01
9.758615234425943585e-02
-1.009761730603293654e-02
2.249528974811113580e-01
2.325472916585736849e-01
5.551974441562034651e-02
-4.762792162711845106e-02
-5.750755267745347871e-02
1.310471626492615282e-01
-7.013507970638166444e-02
-1.045951908248712592e-01
4.384058622973476677e-02
6.672101361419148502e-02
-1.434970420277948550e-03
-8.256482408379858459e-03
6.150306409149029069e-02
-3.840468475287079318e-03
-9.030640614846777159e-02
-5.934422837554075014e-02
-7.205648019621933853e-02
1.736535796453203551e-02
-3.936732303452399745e-02
-5.059442128904171471e-02
3.662412636624250151e-02
2.643982908095721812e-02
5.868097389242905859e-02
-1.037260585279595887e-01
3.721675398853876993e-02
4.446401663057025083e-02
-6.014592385440330202e-02
-9.636999141652231871e-02
2.401299547110244056e-02
1.838750940962125338e-02
6.614526234717504893e-02
-3.122897511310300869e-02
6.639645248887068515e-03
-2.155577070112990323e-01
1.289501039980660291e-01
-7.249413348283612057e-02
-1.285183848770252990e-01
-7.680137724805824462e-02
-7.540506465786235742e-04
-5.487216573405923926e-03
-2.440485620833185432e-02
2.624225223865667492e-02
-7.452708256488931038e-02
9.821901566725336433e-04
7.884142674788160998e-02
-9.448261804952529097e-02
-1.057933777482046589e-01
4.742060314884336686e-02
5.037183862763751352e-02
-2.450151793430458552e-02
5.189674767300435365e-02
4.397545986583299010e-02
-6.034387801359018116e-02
1.141990718343635462e-02
-9.360268076905031709e-02
-3.872043038366532186e-02
3.415585650196079764e-02
7.674351055830805519e-03
3.685452977765443089e-02
-6.256339314516988492e-02
-5.268036624285780956e-02
-3.927724720329461155e-02
1.177914716076510762e-03
2.222056875332206402e-02
1.717021653122512148e-02
-2.414937837474601112e-02
-1.900682362624214836e-03
-1.860161959185042263e-02
-1.668642767986976139e-02
-3.878165862385741375e-02
1.552648696819698172e-02
4.721232422758487451e-02
5.186992387253924058e-02
-3.832524239752911621e-02
-1.360268537090079423e-02
1.716271135534051251e-01
-2.237914475018932398e-02
1.037698615883098918e-01
-6.080084306448043513e-03
1.047324998699631082e-01
3.035857365939184215e-03
1.245392695967766084e-02
1.881658731245763189e-02
2.217419307783763394e-02
8.815528827792058417e-03
-3.174720270572047726e-02
-9.267122258282266267e-02
-6.130658489831364300e-02
6.690795698060432450e-02
3.122945533459470929e-02
3.948727550284431009e-02
-1.980622090225155757e-02
6.577020936215523250e-02
5.173422699959809995e-02
-1.445766142426776479e-01
-4.234517650457252091e-02
6.667158510208122391e-02
4.865473808098421532e-02
4.821811384042108684e-02
-5.655914953287574654e-02
3.735725307639693044e-02
4.193328367083207914e-02
-8.949843348867794757e-02
-5.189805113133897502e-02
8.896123714713823072e-02
3.108816731142874726e-02
-8.243934906832370291e-02
-5.941053324293084359e-02
-1.656115847360559515e-02
5.478226141050546172e-02
9.636450317090285156e-02
-3.959700611369838114e-02
-1.578997078008021193e-01
-3.644359738689739725e-02
1.160270006409948144e-02
1.168494485486059609e-01
1.027917533143168569e-02
-1.295977169811622642e-02
2.997336741997602347e-02
1.081990473108893937e-02
5.650893208545768737e-02
1.148878123580706206e-01
7.038071299938759851e-02
-2.148847108922127824e-02
1.185183211368782616e-02
-4.067438303033341779e-02
-1.212000837557569155e-01
2.310853259301549889e-02
8.677118703422802282e-02
1.393136268043617884e-02
9.264865217271263387e-02
-7.633353861053443490e-02
-3.737594741303821438e-02
6.901664385220605824e-02
2.472838828759899368e-02
9.514216796684385382e-04
-2.761753798782299891e-03
3.448594017443616655e-02
5.443687925336584965e-02
-4.032656546420016613e-02
-1.008935063606862526e-02
-1.790001599247275851e-02
1.585732527444502771e-02
2.002753440685626357e-02
-1.599871620221635440e-02
4.502762515415362730e-03
-3.792295399362272112e-02
2.919084649924644920e-02
-3.732428930114504995e-02
-6.484122088645633518e-03
-4.449327584002899655e-02
2.401724886145752136e-02
4.909990340379262463e-02
1.575126492784897025e-04
-4.472858437096332435e-02
-4.079714822453370249e-02
5.915529552009084896e-02
1.209479674726130077e-01
-3.423989526300876690e-02
4.252666592690102637e-02
-7.529626018845657354e-02
1.423307898336596908e-03
-1.740806337575845006e-02
-6.025613468674907020e-03
-8.123804070529422675e-03
-8.714599990850196987e-02
-4.189863912035924481e-03
-9.836706109283829824e-02
1.488340178773680557e-02
6.868607995823897833e-03
9.935161805543421543e-02
-4.006079717007784285e-02
6.181246393828732782e-02
-2.986096128938246427e-02
1.091403157361618276e-01
5.248906658148452115e-02
-1.797534216359984380e-02
3.684571428312817531e-02
1.667483376099865300e-02
-2.068622678579677687e-02
-7.043161647750809107e-02
3.760590490449357282e-02
5.502391572543729320e-02
1.896970936524055087e-02
3.332298092767268377e-02
4.168579809492957422e-02
2.999899066671187289e-02
-3.812656790610467750e-02
3.056126143042550355e-02
-1.363297362641318483e-02
-4.041609247086759560e-02
-5.412675907433125988e-02
-2.352515903860272900e-02
4.370488935679362613e-02
-1.139562169657024754e-02
-5.565345179952442545e-02
-1.901478158239036306e-02
1.990922841222178552e-02
-8.021101844221774357e-02
1.139154667419779859e-01
7.262355317484999948e-03
6.110032976762732465e-02
-2.334150861956155870e-03
4.815935531075774749e-04
2.759229205797348455e-02
1.277567535911847824e-02
-1.951675024736018726e-02
2.706037815284248818e-02
1.443978003400886445e-02
1.025016652317932708e-01
3.006423218651320048e-02
5.222696855162020646e-02
1.891516992439717243e-02
-6.383862131638642912e-02
3.063631318927161756e-02
-4.447639948474915554e-03
2.707241799167017793e-02
-2.760484641982799761e-02
8.965447117194622062e-02
1.445768543534235034e-02
3.283826593486904172e-02
-4.561620519530554252e-02
-2.875247288039212146e-02
1.058689440300775858e-02
2.359053776454454049e-02
-1.779563642109766193e-04
-6.263220202462385297e-03
-1.115550066025835507e-01
4.611131355325104320e-02
9.227750956269668847e-02
-5.016671544761020646e-02
7.656943026756582449e-02
-2.578003905289281278e-02
-6.793991866473832186e-02
3.095792438257194412e-02
-7.551997480051979468e-03
-3.446714293318951794e-02
4.576099197505391521e-03
-1.619399484166375233e-02
-3.368119185894778711e-02
-3.006701061085804896e-03
9.074128101073969388e-03
-1.552967701096329145e-02
3.334242989808664653e-02
3.139039813738535994e-02
