-1.929252217222151011e-01
1.103378817784750471e-01
-2.410033031892564737e-01
5.083827077645217823e-02
4.484320651009211789e-02
1.372849910547107588e-01
2.717341468845127506e-01
8.720378165635975232e-02
7.724080306615114730e-03
-6.339669719534991865e-02
2.089301041549434801e-01
-3.024625482304407059e-02
-1.217604150186599732e-01
4.071229046120783401e-02
4.834841273516305576e-02
-4.798326478215808599e-02
-1.136793167711876162e-02
-1.500562698904141928e-02
-1.288827740558235249e-02
-7.145922689655896665e-02
-8.404458607174852131e-03
-4.752326668742973270e-02
-5.394848554713640304e-03
-9.666266603656964440e-02
-3.432979598632682899e-02
-6.136476292470206817e-02
-1.605349522141410676e-02
2.477545924127149204e-03
-9.391361785491682268e-02
1.004921024991860395e-01
2.776793939159429708e-02
-7.641806591090605227e-02
-1.219384723217470552e-02
1.385665218584401087e-02
3.847252229977138338e-02
1.620545618921221537e-02
2.342102598293357291e-02
-3.518578924064532515e-02
-2.202779282711536946e-01
1.892741102174067269e-01
-7.914921468309785157e-02
-7.628922361962675591e-02
-1.263032516830286944e-02
2.256004765943808374e-02
-9.489631216274729136e-03
-7.975735966585129066e-02
5.457580129927522804e-03
-3.496296668548561776e-02
-3.370806752648705662e-02
3.097631653117320291e-02
-5.546213990757718065e-02
-9.920488403263728883e-02
2.277514168453144069e-02
5.057908063608847898e-02
-4.753347102366452769e-03
9.278936765656370378e-02
5.683604504686148862e-02
-1.321259797659611879e-01
1.437235591936229274e-02
-7.319520195955774543e-03
-6.837457315172189298e-02
-1.778719521928512695e-02
-3.038817873880795759e-02
2.008644964244439557e-02
-2.224260916043578271e-02
-6.642427357095237461e-02
4.434469959239246105e-03
-4.218305315262236774e-03
-2.055441046511989958e-02
-6.330485816923678288e-02
-3.081471999342224113e-02
2.857508565934624781e-02
5.376259934346262759e-02
-4.026239633219393099e-02
-8.391283303537931670e-02
2.366004164870848941e-02
-1.450648439137960065e-02
1.022146613692990758e-01
1.247013381783670070e-02
-5.297298445993045557e-02
8.281163459986480568e-02
-5.883796853192701376e-02
1.027779072726194565e-01
2.229777948978388380e-02
2.141903558418782258e-02
4.166457250137461932e-02
-1.093603732808622660e-03
2.891681382427136598e-02
2.110380523663304975e-02
7.911237870213225915e-03
4.631544130247167157e-02
-5.631508858944529738e-02
-3.523095597479931895e-02
7.020760650789159563e-02
1.125749064790221472e-02
3.284013018024783959e-02
2.199650064455668103e-02
5.903124869726599638e-02
1.365616876282846615e-01
-4.212794973695450224e-02
-1.060863203641394248e-01
4.334825452327510653e-02
-3.002082263435546308e-02
-1.124919335155392637e-03
-1.332719769103884490e-02
3.412142678609640656e-02
5.950790829837115936e-02
-8.610181371352261526e-02
-7.427706234148631625e-02
5.388812940757062298e-02
-1.324087904354454177e-02
-5.568231937236788054e-02
-2.827029384590706504e-02
1.366276979738297037e-03
5.070072970674324025e-02
-2.513210915688747840e-02
-3.347835286226384655e-02
-1.248819047444626323e-01
-2.487743568993917506e-02
5.583990108930515783e-02
4.899596987557089389e-02
7.280810631943794575e-03
3.308510116356306457e-02
6.130494209457811733e-02
-7.137280787854432054e-03
8.055119011123784700e-02
7.934771411549461362e-02
-4.792638815396417507e-02
-7.004313268189081565e-02
4.105033837372040056e-02
-1.055014613421053626e-01
-1.180344271056762845e-01
-5.651716790373428195e-02
-2.361945850165012711e-02
-3.701654753168726747e-02
2.891875432099797957e-02
-1.625008761392438689e-02
-3.703220533286064736e-02
1.070602155230199019e-02
5.273467138779793428e-04
1.791386281595699903e-02
-4.486930284538109305e-03
-9.301837972714452688e-03
5.411131998797159143e-02
-6.346802717847310760e-02
-3.174993904513085524e-02
-9.102953786656359236e-02
3.439038632377341281e-02
5.045455427718390645e-02
-2.324253374092500810e-02
-3.477828492805594418e-02
-3.652924865542582500e-02
-1.198460815410130886e-02
-4.805007809186588597e-02
7.051273288973190778e-02
-1.733750183131190642e-02
2.985835621876153576e-02
6.639914748402671318e-02
-6.009815387166358991e-02
-9.153339787868149113e-02
-4.877672720230338799e-04
6.403639197833093689e-03
1.175930644708914619e-01
-6.582231810362002347e-03
-1.673427500405521434e-02
-6.885983116073636501e-02
-1.303488527896220876e-02
-2.079780897694976163e-02
-5.344101219628618477e-02
-1.675204058615578639e-02
-9.770130018107084369e-02
-4.587300804880321131e-03
1.346594320699189343e-02
2.340148718830695543e-02
1.053810167176946928e-02
5.685866187077859984e-02
-3.233382781880161233e-02
9.821904478183608733e-02
-7.086690699917945480e-02
1.122352191813439787e-01
1.164184282713265697e-02
-5.985478881667384565e-02
9.245061715040874331e-03
2.915760270257233139e-02
-4.295232627736519926e-02
-4.584028725917164288e-02
4.683636430304775194e-02
7.917986114864232483e-02
-2.732098946451043051e-02
-1.196005083345758058e-02
9.082702361335312502e-02
4.945479698089525616e-02
-3.015013332139634614e-02
9.886094771626463898e-03
6.339100953253052305e-03
-1.971133155108543630e-02
-1.202667009349271954e-01
3.253510416892786174e-03
9.461259815857997555e-04
2.203745181685630092e-02
-7.596375547899708591e-02
-6.629238670722271964e-03
-7.097142616769581969e-02
-9.064026753183637708e-02
4.538115904228625513e-02
1.254383923660799642e-02
2.499486919873956589e-02
-5.211046712178971085e-02
2.937045511937804582e-02
-1.373741200767746203e-02
3.681791427193002991e-03
-2.626361948954534110e-04
2.828150188734527767e-02
1.704990683369135562e-02
3.663801684263667119e-02
3.803196262914929765e-02
-9.677491373515234238e-03
2.545496766398825869e-03
-8.352911653611104492e-02
-1.133768669365564120e-02
6.524040328351599083e-02
4.322091778980095139e-02
1.153551698925014100e-02
5.864967343576502762e-02
-2.859974335051031560e-02
1.871612438505229278e-02
-9.279994001803974768e-02
2.786084903659107048e-02
3.118502029980477208e-02
4.719525582695138777e-02
-3.408318561784601936e-02
3.764302686282323257e-02
-1.714918666104584821e-01
7.948783136189234433e-02
8.075233263400365125e-02
-8.227301293086837497e-02
2.351206204488395790e-02
-3.425900131264545539e-02
-8.687600499376219032e-02
2.313333061479267913e-02
-2.085261128105660861e-02
7.237283282955389759e-03
9.163995791444482300e-03
7.377433986193230459e-03
-5.284641723377892820e-03
-1.398114508790846561e-02
1.298041754325650332e-02
2.395004553881725437e-02
5.064622851419742222e-02
3.100612657571483795e-03
