-1.893880962908059129e-01
1.805274516016862341e-02
-2.504905436432814381e-01
-1.668505358295690744e-01
1.369567427686446855e-02
1.106143711331384616e-01
2.640920255703756991e-01
1.326919650614507007e-01
3.971012192707235045e-02
1.684040598834728175e-02
1.541137110191662662e-01
3.010663378619220232e-02
-2.280243188102221985e-01
-2.972113485204245023e-02
1.077404549218085456e-02
-6.339941459719031051e-03
-2.102768408267761610e-02
-6.768794863455271371e-02
-3.956441865662837370e-02
1.326386216047892135e-02
1.588465517364670565e-02
-3.554060277240510268e-02
-1.831446461805507839e-02
-2.892897952279349649e-02
-7.762182635460562752e-02
7.053164466150284827e-03
1.252528685162808408e-01
1.657552124102744384e-02
-6.639364512582485167e-02
1.547809873505593126e-01
7.470929361218847653e-02
-6.209554858249002884e-02
-4.818143601588607827e-02
-2.801261157241142011e-02
-3.290758174637362088e-02
-1.215615746167433564e-01
-3.771692251145381284e-04
-1.571996016660243481e-02
-1.734749868310949128e-01
8.802396699778221312e-02
2.321566541437562400e-02
-1.330772640825836073e-01
3.001593991421678143e-03
1.837473839263389919e-02
6.136886476625785791e-02
2.227447493106860660e-02
-3.897370901068706456e-02
4.880832991787636271e-02
-9.875383171324028653e-02
7.386982553561950715e-02
-3.467957740885298928e-02
-1.115464655741790247e-02
6.554354834052694700e-02
5.614913589643068942e-02
2.130882842203419072e-02
7.002306594664875483e-02
8.756493339226957551e-02
-9.991189450098815483e-02
-1.626259073199248437e-02
-7.638053311417787594e-02
-1.529124670197798408e-02
3.206184972861016169e-02
-1.738993355281848868e-02
8.526989864005098813e-03
-9.522476722687264750e-02
-3.990983503090066858e-02
4.317754656657940733e-03
1.070867393567248620e-04
-1.126363247043465562e-02
-5.618945168816114055e-02
-6.789132681035651984e-02
-5.515223631909615259e-02
-1.337508043551711122e-02
-9.601855517909251361e-03
-1.930543344255654728e-02
-2.111008156445395856e-02
-2.968708300150649151e-03
1.085079209934771277e-01
1.712851396445730021e-02
-4.363258191175513334e-02
1.381039102969744969e-01
5.983030086978135924e-03
5.754679443486750146e-02
-4.031629151298302821e-02
-4.473187027255053246e-03
1.009813958222736431e-02
-2.899598370227276720e-02
1.055753969493754447e-02
-3.320092077975775324e-02
-4.043737216351891289e-02
1.334569322204087229e-02
-1.094701023435528803e-01
-9.797733623697754690e-02
6.833290134573134778e-02
6.428119759565817382e-02
2.414396150809613312e-02
-1.193026574829014474e-01
2.433637778680959943e-02
2.241458063704092341e-02
-3.242872343335717611e-02
-4.286901414391503830e-03
-1.333912941132112291e-02
-9.925614648689989883e-03
-5.534821771327669282e-02
-6.998428282138080547e-02
7.250451958707547495e-02
4.474053316994715257e-02
4.730588363977655114e-02
8.464317133224139684e-04
-5.790513851756245133e-03
3.438187360793440450e-02
8.396346707496785353e-06
-1.197945434608489908e-02
1.826555256660029880e-02
3.371173185663328686e-02
3.141173259782970018e-02
6.427516688631668140e-02
-4.140418483181825676e-02
-1.013426386437128457e-01
3.286556669399999520e-02
-1.802705633750401742e-02
6.558479705966933221e-03
-2.414949243489551874e-03
9.165592005015282817e-02
-2.420853341253711988e-02
6.943308931510255855e-02
1.962869279079517207e-02
2.308828750380911496e-02
-1.259638591606906666e-01
4.145839457821944019e-02
-6.822614779473602786e-02
-1.116327613597838386e-01
3.054737535066350245e-03
2.643389847838517603e-02
-4.027927428603052945e-02
4.315089149766671538e-03
1.022465120305421013e-02
-2.330379373596819931e-02
2.155128959263123440e-03
-7.602981904495920151e-02
3.340996315770550923e-02
-6.280244101005451329e-02
1.144735253291535772e-03
3.145431407041771737e-02
1.996594605021296057e-02
-2.227340872831209614e-02
3.507220657393689267e-02
6.545442045385015117e-02
-8.844485053591356200e-03
-4.072224821252326543e-02
5.680528373655265376e-03
-5.052791505110616060e-02
-4.359979617699252102e-02
1.268564707809042950e-02
9.498500488200303099e-03
-9.048629562626406275e-03
2.551706406429712568e-02
7.113838066762791235e-02
-2.751126304499989378e-02
-5.840548747988974498e-02
3.881361200303022618e-02
4.430992053166268180e-02
4.359729726428196450e-02
3.450422037424364513e-02
2.611157205755849572e-02
-2.615511977639459890e-02
-4.748540552890350569e-02
-4.797116084100110783e-02
7.457395249978431007e-02
-9.445356944555630130e-03
-1.006843250792417294e-01
-1.523320528942060693e-02
-3.838140006061098453e-02
-7.112018858309500369e-02
-3.388145800793482265e-02
9.751723642870840231e-03
-8.806434942718493683e-03
3.181722283366397036e-02
7.929513162443577179e-02
1.159638768697342781e-01
-2.077742630442361293e-02
1.256776503582406751e-02
-1.694262817762744221e-03
4.238699054146520540e-02
-5.569576649306201381e-03
-4.695516957055785590e-02
8.171624485261139159e-02
1.115218762731070706e-01
-4.299419301129624865e-02
-3.367461467317236362e-02
1.327938873812056081e-02
9.224822900022890126e-02
4.002951629031864522e-02
-2.256451539967479353e-02
-1.191048435527331667e-02
-5.330037540638714322e-02
-1.063726167417178153e-01
-4.001965391482094347e-02
1.937616933168359243e-02
4.829591953686607209e-02
-4.563790938372894873e-02
-6.195720877483317651e-02
2.948483766613147102e-03
-1.078619687172142766e-01
1.009939903423348745e-01
6.150890383455789694e-03
4.679330666458555651e-03
-9.005501661125676904e-02
-1.811911628176121614e-03
-2.435546947991831454e-02
2.813915651207440569e-02
-2.281007522203293346e-04
-4.191462940149623395e-02
2.749517004714385759e-02
6.050524053348676351e-02
5.812337689428508092e-03
3.545457353748940419e-03
-1.749981907441104656e-02
-6.469678343884312233e-02
-1.783367381254246861e-02
5.225326434298832590e-02
2.303134561284438456e-02
7.525059142413289236e-03
1.006348799264086963e-01
3.596834999078146744e-03
1.980285034730345020e-02
-5.529390801036709879e-02
2.253596115710207459e-02
3.481888346275793106e-02
-1.115731206430917166e-02
3.698657362324615349e-03
-3.956835027929299364e-02
-1.623539922981792893e-01
-4.022936266949152240e-02
5.435551630929590788e-02
-5.672271966059560383e-02
8.846367567833314516e-02
-8.346904886547362734e-02
1.881747908727364861e-03
3.896331353381111279e-02
4.471434456474043806e-02
-5.089069053900784761e-02
6.779683459106104586e-03
-6.510297337023635000e-02
6.126321073685520036e-02
1.497321841101347320e-02
2.069986005388768993e-02
-3.428571544683187838e-02
2.482316598282757053e-02
-1.730683637548318526e-02
