9.243553798838777258e-02
1.029059784759570051e-01
-1.693192350211715214e-01
2.753685944905776353e-02
-1.443544259699205967e-01
-6.195001480156601265e-02
-9.084660404454884819e-02
1.768962730766395208e-01
3.269097035711157617e-02
1.225603200340872612e-01
9.442936726794796953e-02
-1.231499225130535113e-01
-9.582001871057516107e-02
-7.664345433422015130e-02
-2.997953257169635316e-02
-1.526544546807405422e-01
-1.039798030036120230e-01
6.964501449027564808e-03
-3.056375290116566945e-02
-3.992046553614722604e-03
-2.520210356601367344e-02
8.372612310373127309e-02
-1.732677787231199917e-01
4.181731328114172974e-02
-6.198717562993972391e-02
-2.502651522382720248e-02
-8.442542544505532431e-02
-6.513261349580803938e-02
-1.720856598625936096e-01
3.136572745741524754e-02
-9.505013136406524621e-03
5.987137381592042701e-02
6.351697449172638565e-02
1.519034562792803689e-02
-5.613115700883086062e-02
6.095695679757193175e-02
-1.001639618539095361e-01
-1.124903526065380291e-03
-3.624860545578936777e-03
1.262161022283682932e-01
4.592550456402778349e-03
-1.675340411673330865e-01
8.784264471991512502e-02
2.130107361694894702e-02
2.222282671041045723e-02
-1.336206029690716612e-01
-4.895075251820032308e-02
-2.019596748791845364e-01
-9.677320767084356123e-02
-2.064119466365972946e-02
5.790925465282302509e-02
-7.796232092941694433e-03
8.817637226993177424e-02
-2.949349361903727453e-03
4.029059972798388484e-02
1.656125109533080828e-02
5.278352858415429755e-02
6.911327868870313640e-02
-3.155465118911958411e-02
-1.269216437493639604e-01
7.106813023591933287e-02
-4.384278411475076714e-02
-4.197356702258764338e-03
-3.970675649179141592e-02
-8.647561302890185986e-02
-1.044329662787707447e-01
-1.199673923812254739e-01
2.741121882545108357e-02
5.776571923916922618e-02
-8.162938164079664577e-03
4.470598490667879177e-02
4.168944437908090467e-02
7.508818453564229146e-03
-3.188426499429782100e-03
5.726041424818355957e-02
1.259935486326098919e-01
3.020078348158925993e-02
-6.149026953466582568e-02
-5.787764737998118275e-03
9.355049996442697802e-02
2.798971419335360630e-02
4.067382934088949881e-02
-2.490087460022052251e-02
-1.196261915280856791e-01
-3.660986081501643036e-02
1.075147782244715439e-02
9.905465627702315923e-02
-4.828768541266133252e-02
8.349935291951349203e-02
3.861023780511111531e-02
6.074698440477768052e-02
4.026841978706340724e-02
2.169211934504756013e-03
6.633972335622780048e-02
-8.133216357622095535e-03
1.799101739512994416e-02
-2.132740158391482205e-02
-1.494616059056094563e-02
4.439186620705859454e-02
-2.479028342648105510e-02
-5.651359815397577480e-02
-5.905692090032765157e-02
-1.303073928762098488e-01
-2.328005913388386111e-02
-1.085990928014645210e-02
-7.737014735992668590e-02
2.000390702577481764e-02
1.511393281755442353e-02
-5.048517934293020315e-02
-8.071208510424342231e-02
3.769252989407405330e-02
8.323470200157527532e-02
-2.931036341131370432e-02
1.398279011181744261e-02
-5.464321550077509866e-03
-4.355153098019077726e-03
-2.978008450944705601e-04
3.064739904621350056e-02
-6.272398161170735821e-03
8.709360034725319166e-02
-6.657924614944468744e-02
1.541433903437989215e-02
-4.210167589309736502e-02
7.153301768386753634e-02
-2.713120992678277194e-02
1.768053250345035183e-03
-1.381062989032965337e-02
8.283858265484260464e-02
-9.737405438570150007e-03
-3.288599614365957102e-02
-3.293680089241403375e-02
-2.534083961068931898e-02
2.717889508570143359e-02
-1.127954553487206697e-02
1.379959134167989786e-02
3.808045603233686793e-02
-2.408628455979980321e-02
-2.122527786830109842e-02
8.063800341594490328e-02
-5.085822743736073855e-03
-3.914786997428535559e-02
6.876775840348302131e-03
-6.996444677697878645e-02
-1.944862003500237232e-02
-1.076669182210790304e-01
-2.070437492813642644e-02
-2.430462156709883165e-02
3.739116380345295504e-02
6.191991590183159450e-02
-2.502668662986213752e-02
-9.055655075223340705e-03
1.998385251968752899e-02
-1.445425955150712351e-02
1.304868207135788660e-01
2.404288455175449327e-02
-2.624730328583470620e-02
1.608933599995029939e-02
2.462161988810591950e-02
-1.571719292938421886e-01
-3.807579378818665844e-02
5.325129565348940552e-02
3.091129577759801211e-02
-6.177408364730967855e-02
-1.304180526123632951e-02
-9.333867638645543252e-02
-8.795392151779432566e-02
5.682795682204488680e-04
5.709329336412283414e-03
2.552294138220328329e-02
-7.783321790390458628e-02
-1.089752947669378469e-01
1.322925490104024174e-02
1.608590787925161594e-02
1.277753143657496537e-02
2.414596814116384826e-02
4.295051285929792073e-02
-1.165646740569211033e-02
4.667807990100936166e-02
3.669960901490791627e-02
7.964665947230016585e-02
1.482634777214202407e-02
2.495349625294528487e-02
-1.876542986096211771e-02
8.997294748448984858e-02
-8.791244125734027498e-03
7.596190965811526474e-02
2.574367807399139188e-02
1.376336981837762985e-01
1.747745063326045303e-02
-4.451318739858494550e-02
4.896144825478020851e-03
8.086734469068672382e-02
3.350552611632531125e-02
-4.737014890765919861e-02
4.843893409788715965e-02
2.464403979747529713e-02
-6.167250843100773733e-02
6.162664017605937877e-02
6.578097396354969095e-02
9.633008878933199681e-02
-1.968577742493716337e-02
2.875799032313513734e-02
-2.245124239256360982e-02
-3.463444054360815400e-02
1.650191032603662983e-02
-5.885569021531504227e-03
6.236718280938858411e-02
3.688020241331446680e-02
7.132931875195189231e-02
-6.061842987857712223e-02
-6.769468806238169989e-02
-1.291390207796852020e-02
-1.438806254081558163e-02
-7.782653306854216135e-02
7.183884033139693870e-02
4.932476048642648464e-02
-8.094101500450139042e-03
-3.250602324541770199e-02
3.336339623215796996e-02
2.448473502860756129e-02
2.595101081384765598e-02
-3.908177580721477334e-02
-6.199564308806546770e-02
-1.396386688556072037e-02
-6.108249457755764861e-02
2.545900693117287422e-02
3.895202143876967584e-03
-4.355297079088422257e-02
5.075709787674963225e-02
6.135311042551157279e-02
-6.708873344768274960e-02
-6.510926799385001983e-03
-1.180650253619060785e-01
1.660262851216389585e-02
9.687632554145991781e-02
-3.862587003549710490e-02
-7.815669537303218325e-03
4.885582785605382949e-02
1.816468598972515239e-02
-2.189376140454401057e-02
-1.000133645116164580e-02
2.143675863420276689e-02
3.362575030922807656e-02
5.189667375940536925e-02
2.222313524127333614e-03
-6.681345535557861592e-02
1.650708678829163967e-03
1.961604944992598101e-03
-1.156524511390019140e-02
3.419139022451053722e-02
