5.429197976521097507e-02
2.436690573885033073e-01
-2.193590412542433324e-02
-3.672817253132969889e-02
-1.610307696632615193e-01
-1.172167652962787243e-01
-1.300471846194136971e-01
8.906627385360811611e-02
-1.654272808255682903e-02
2.184204481782152651e-01
7.047991390473487550e-02
-1.906510069039256683e-01
-4.346292782320195641e-02
3.037801735667380876e-02
-1.152521365365900968e-01
-1.451608573552498893e-01
8.294910918883328932e-02
1.475966915877036101e-01
1.003529008044578841e-01
-2.721491247414426634e-02
-1.526159843400274295e-02
3.759446051740039652e-02
-6.969155734262467983e-02
7.134747451397295548e-02
8.162906406342398252e-03
-1.052677714768896211e-01
-2.202816930505957158e-02
1.516363994019763158e-03
-1.791800505343055239e-01
-1.073380614495543506e-02
1.333005787666607066e-02
1.104059205350303163e-01
4.723133247223870040e-02
-5.002782141231200234e-03
-1.978346297829671266e-02
3.152518667181919421e-02
6.223967889593230718e-02
2.596251731710634211e-02
-5.992306936021232766e-02
5.346417188491192629e-02
6.535402221710108484e-02
-6.353942903083020788e-02
8.349714091280827782e-03
8.581378393861160969e-02
1.031102733271758477e-02
-1.114718763980466903e-01
-1.568846303640955911e-02
-1.851357595072394835e-01
-1.017270324144809585e-01
-1.452947172184085312e-02
3.803308013906383372e-02
-3.069098218559987955e-03
3.419943680765704513e-02
2.132457614391373296e-02
7.115470559419784236e-02
4.908628120894895780e-02
6.029778990283981427e-02
8.693061123823991876e-02
-2.597541099919693092e-02
-6.659308832096484665e-02
5.813868422912511075e-02
3.854320108868415640e-02
-5.097070121900912354e-02
1.198693808382710578e-02
-7.607171963196411764e-03
3.447154373489346585e-02
-8.532847914075525342e-02
2.833565811352478994e-02
2.738470719673979231e-02
-1.435766089622752539e-01
-3.836423008325013252e-03
1.284053332830733390e-02
2.129570769206415998e-02
8.543956574723440833e-03
7.120025210755680581e-03
1.076913483388364512e-01
-5.165041595072485635e-03
4.943575022872889746e-02
4.585659804071529067e-02
1.627026616043688034e-01
2.258232971428800542e-02
2.956149563446443945e-02
-9.341455929588775992e-03
-8.528685096714849756e-02
-2.875930766792979959e-02
-6.847278622927234493e-02
1.403950175537353184e-01
2.653148034317643830e-02
1.473285699803860913e-02
-7.209708304964468351e-02
7.734538099193068172e-02
6.049899832361967794e-02
-2.241400855535997591e-02
7.295084574454166471e-02
-6.815874971767900414e-02
2.452920872979997072e-02
1.614195225508135642e-02
-1.048848793539242236e-01
-2.891848603410268614e-02
-2.839788268839312999e-02
-3.608114412096568441e-02
-1.583273831549072974e-02
-1.329756914680612634e-01
2.094968815086949154e-02
2.079077770536342379e-02
1.669949516272836026e-02
2.069161356855763606e-02
-3.942228228659538231e-02
-2.831100941217758876e-02
-4.317990312879273207e-02
3.599517507700064622e-02
1.591157397170174861e-02
-5.325449047304396666e-02
1.093112971606644869e-02
1.105407181205228214e-03
-1.065309504407669673e-02
1.356512477171498317e-02
-5.180393449281122525e-02
-2.454672404339316300e-02
2.944783029156715533e-03
-5.605148176436753477e-02
-7.829981487738430987e-03
-9.769231462262772947e-02
-1.214015521516330484e-03
-1.130621864961080421e-02
-4.339186186632864456e-02
2.466477658720957547e-02
1.015270296367017794e-01
1.257117258790579201e-02
-1.054531390882439135e-01
-5.142007115742859569e-02
-1.762261582024770082e-02
-4.526911499855144211e-02
1.788035550172603757e-03
1.987144142726287796e-02
-5.645198967117618510e-02
-2.208590620875871754e-02
-1.223241369678187557e-01
1.395029422034834484e-03
-3.654823031347846640e-02
6.037002801263045143e-02
7.923385330207644017e-03
2.864205888611383571e-03
-1.232000366078115361e-01
-4.653775284601517626e-02
-5.838651084593120960e-02
-4.165915193385383297e-02
7.288594196300515748e-02
4.493431463527975539e-02
5.290344741934646655e-02
1.281444455337598862e-02
-2.778484671263157721e-02
-2.481809418879583201e-02
7.776260045033206447e-02
-6.493472637353185639e-02
-1.105765525097096406e-02
6.784809570450422989e-02
3.142632394576357763e-02
-1.059768570117052278e-01
-2.318109891454153346e-02
-1.174738351760900093e-02
3.940741268958702220e-02
-6.110255660579257120e-02
-3.287510495157865142e-02
-3.524161471149336866e-02
-6.069571907323034754e-02
-5.288084161308375698e-03
-3.407381550500303887e-03
1.457984080720252373e-02
-8.502730282116913174e-02
-6.836628776421242726e-02
-4.203986720140135552e-02
2.970068042087607718e-02
-3.972255437393098360e-02
1.469852966260263086e-02
-2.727653422751226756e-02
3.370850567579751489e-02
2.591737268474761033e-02
8.630695890605574391e-03
5.504470287863445777e-02
-2.946480976382671174e-02
4.030819546151046678e-02
1.613257503174274701e-02
2.168107808119763141e-02
5.732644923758482142e-02
6.386076638059431931e-02
-1.378230796225383796e-02
3.323981195928383398e-02
-5.468461750243187001e-03
-5.658417503016721813e-03
1.959210064202238782e-02
1.364584926862706660e-01
6.862426187627422569e-02
3.945523652861392810e-02
-4.183822340953791130e-02
3.172157252059634724e-02
-6.987742730522925050e-02
4.520404376659816620e-02
4.869089728489317537e-03
6.390393509803526939e-02
-7.743409622273057791e-02
4.164491864842916015e-04
-1.970921546350494144e-02
-3.121607320247862805e-02
2.255737960219063309e-02
7.870038976435965450e-02
-5.461864203822809627e-03
-1.779783593634627972e-02
-6.459634257134147517e-02
-2.381603740481541553e-02
-9.031230589480911120e-02
-3.038819834201287109e-02
1.205693235803315111e-02
-1.151099041525934091e-01
9.963477294713721233e-02
-7.464782175807971321e-02
-3.063003023389892013e-02
-4.573941623906603582e-02
2.653623593501244771e-02
-5.011248434302628674e-02
1.463215231739862024e-03
-2.862146248485224892e-02
-1.224285925377942008e-01
3.261743225026702414e-02
8.201353022030694745e-03
1.334864487292652772e-02
-1.216011530484120175e-02
-5.975501612195111695e-02
-1.295429914145467074e-03
1.820922812024439175e-02
-3.419705901173904043e-03
-1.091361440247326162e-02
-8.185133774663236328e-02
-7.216446509734925074e-02
5.465327078441423875e-02
2.068876691147270019e-02
-3.502871825162359731e-02
6.672473783862223340e-02
-2.637109633400286975e-03
1.137195968323112365e-02
4.807769385871485737e-03
-6.597211519544882120e-04
9.091010388264543496e-02
6.083828635806055873e-02
1.220016944453040236e-02
-2.064707175769923964e-02
-3.864521188257487305e-02
-4.009898291080942617e-02
-2.508742143911402004e-04
7.507672925557100536e-03
