6.734395746447725817e-02
2.000155348935557797e-01
2.573688121690702411e-03
6.202186239908273613e-02
-4.576851690993397059e-02
-1.722364869743100713e-01
-1.669320263041711855e-03
1.244349663321212413e-01
-3.284852162829193789e-02
2.001754546544524116e-01
-4.523855146663390697e-02
-1.887946308834164422e-01
-5.640022465506169813e-02
-1.379654574620640395e-01
-5.324418656298803704e-02
-1.000211834180704112e-01
-1.402254953889237321e-01
9.874708107222839037e-02
-2.947758595481879754e-02
-8.631711451521925649e-02
-7.731423707853649074e-02
1.040280637926053846e-02
-7.918095883670445145e-02
1.109141222537006477e-01
-2.463282976492223034e-04
5.627100948825721882e-04
-5.226004899874151996e-03
-1.765628265209367304e-02
-1.150166432895632085e-01
4.351954370166604552e-02
-8.066629357591243582e-03
7.046144192770774362e-02
-3.095880600180046446e-02
3.417134331318333329e-02
-6.047529135791843841e-02
7.618159024444109972e-02
7.215510457165133507e-03
-3.279236818143872571e-03
-1.758615999801834556e-02
1.020483435958190049e-01
9.858778370175254324e-02
2.205267569830446622e-03
7.932504221911662601e-02
5.218729847400065125e-02
-6.390483546268235782e-02
-4.514847774184780477e-02
-1.771233236721009643e-02
-2.148756248485274301e-01
-1.264935572261195740e-01
-4.181993377147937008e-02
9.859601308620516424e-02
-1.688976735619986680e-01
2.471775148011404882e-02
4.048981628776652381e-02
4.580489217230439974e-02
-2.828391028224068807e-02
1.723547757315051915e-02
5.038796776750566891e-02
-1.037404848409562291e-01
-1.919427853634934553e-02
-1.022724041473022927e-01
5.919313251385178998e-02
-4.948505215317184486e-02
4.042999765287978026e-02
3.389282359988118887e-02
-7.384876721559494039e-02
-1.355078451538500872e-01
5.415875470908881190e-02
7.075334303505680621e-03
-9.635945310910737360e-02
-3.973385396722961538e-02
2.031651761951935864e-02
1.732299258176228304e-02
-3.572292805495952406e-02
-2.907877200407677637e-02
4.952049382991110388e-02
5.013237276803584469e-02
1.973361441320680906e-02
4.408802819656369026e-02
6.860613066058753040e-02
7.552500292775650263e-03
2.856733996441792808e-02
-1.697777336169913748e-02
-1.496551597680383268e-02
-1.409067708589662252e-02
-3.119970567189059643e-02
1.100198855280122429e-01
-1.557220832808868093e-03
2.753856317610275592e-02
-3.445632897141254897e-02
2.232479862117074231e-03
5.847240440658053873e-02
-2.758659097024014628e-02
6.906683788095224763e-02
2.373430546077951592e-02
2.540200059327806306e-02
1.353221999222275866e-02
-2.038501514305151793e-02
-1.241011921803514620e-02
-6.114992799680585983e-02
-7.867153227729037010e-03
-1.752139681701090843e-02
-1.889455951377028708e-01
-3.947269203121830765e-03
1.092374716145918905e-02
8.448064784695065443e-02
9.734877726019377066e-04
-2.893078139291188709e-03
-7.433599518333429412e-02
-7.077495381355634885e-02
6.186342945974686314e-02
4.323784288176876767e-02
-4.608005789278342423e-02
7.268302995746103723e-02
4.715160673390489561e-03
-1.430401869124413826e-02
-7.146079348001793674e-02
-4.804031110029741841e-02
-2.183504651450263873e-02
3.706065253270420662e-02
-5.632104276263935616e-02
-4.340965721515154495e-03
-5.951027501048832685e-02
3.128894954278232292e-04
2.629181143152976158e-02
3.255371603231253796e-02
4.599627722669637903e-02
7.318360474200172328e-02
-3.152933055418846719e-02
-5.474929948667879576e-02
-3.830764631799639386e-02
-1.321262251114867746e-02
-9.385682122712317096e-03
4.351847180705246260e-02
-4.026101865363613391e-02
-9.432983794692125293e-03
-5.321818447429738086e-03
-4.885999928447378599e-02
3.396550497013086506e-02
-2.643153808099642232e-02
1.170699092877392627e-02
4.841153240905121669e-02
-5.325234679294946205e-02
4.552128960389915935e-03
-1.549981049125292443e-01
-4.558342491424105525e-02
-3.359864039432257365e-02
5.506727183720971225e-02
5.005495431513907328e-02
2.613669790777142093e-02
1.467945842396104622e-02
-5.574854730725219663e-03
-1.419790112449996651e-02
1.400404725477220058e-01
3.444070005640167270e-02
-2.597442689417403527e-03
-4.382696999228918172e-02
7.788891090039641585e-02
-1.282266033528007554e-01
-2.220066630946935377e-02
4.263893041074375174e-03
2.679618971308635883e-02
-8.821028786627067853e-02
-7.698174228485388064e-03
-7.535982742552878311e-02
-4.320665420623821806e-02
-6.606916357372326180e-03
-1.745978016535300326e-02
2.233226730622019096e-02
-1.320494290490107914e-01
-1.198498852566752260e-01
-2.100415530275210468e-02
2.025151239779272513e-02
-2.940843146362024860e-02
3.363432411178102210e-02
9.316105789117459790e-02
-4.392209199493278017e-03
7.662846656656610578e-02
-9.025006873866299115e-04
2.889820962755737521e-02
-1.106350838817145125e-02
3.057430703073654374e-02
3.993384875577581095e-02
6.468372249705157950e-02
2.017077452931842138e-02
3.615147843691691315e-02
5.583281205477762243e-02
7.390709902892091121e-02
8.324575609761821621e-03
-1.116423190460213294e-02
-5.861382534108157405e-02
1.431501425534470739e-01
4.800365921996218449e-02
3.481005419389311684e-02
-9.419049164715616665e-03
3.338356992669509055e-02
-5.962361922156273614e-02
9.357259626829714239e-02
5.295287326881415596e-02
5.878712649602511886e-02
-2.980202425027677834e-02
1.715422104599222813e-02
-7.054494597582998405e-02
-5.998709522730229921e-02
-5.335372727704653165e-03
1.119080106012061426e-01
-5.518977901836794042e-03
1.564979966721345012e-02
-1.996621554435312057e-02
-1.688873695428100632e-02
-8.207023347897973720e-02
-2.324935959124970961e-02
5.058982972731422556e-02
-2.506293612293158946e-02
7.730203131083995816e-02
1.180052237811995801e-03
3.424412841516980693e-02
-4.338306731328571419e-02
1.816602040671816062e-02
-3.287977945831368348e-02
2.566444188737654689e-02
-1.464837348016729927e-02
-1.186738439793527389e-01
3.783234749998878443e-03
-6.239982627072838961e-02
-1.090559410751957073e-02
1.709557803745586149e-02
-9.885022499585102707e-02
1.458326452670386658e-02
3.536989437739094383e-02
-1.895687116806473935e-02
7.127338480886986904e-02
-8.945060824316218573e-02
-7.521010795208392385e-02
4.557823832740116876e-02
2.416361654214009471e-03
-3.297448653401009733e-02
6.956222607865303331e-02
-3.730234747944313062e-02
1.180017660566396766e-02
2.555949994698275204e-03
3.732534134776663987e-02
1.972894648505090637e-02
-1.206033580155289713e-02
-3.942604732690488389e-02
-3.033866310197749772e-02
-3.403752937271414813e-02
-3.226551469024259433e-02
5.394067602109419574e-02
1.961401172067892343e-02
