9.431697166312721925e-02
1.926469368053958797e-01
-1.912587376087330204e-01
4.636088296194827707e-02
-1.482364436117035444e-01
-7.644392301835635506e-02
-4.366512232762406048e-02
3.217984596213616100e-02
1.120153905621334989e-02
1.919819475021130595e-01
1.886412449184118323e-01
-1.608116427293189710e-01
-3.929723304020038555e-02
3.835641648581352564e-03
-1.119067633665286332e-01
-6.625016380249973413e-02
-1.740135938649718661e-02
6.652025866326966019e-02
-5.440416316481450076e-02
4.995390679393098970e-02
3.622809844551138497e-02
-2.896938712976898818e-03
-1.237811697596683386e-01
1.606337464817997607e-01
-5.076054058016205711e-02
3.521538682799570108e-02
-5.502351751711355432e-02
1.012842918076406126e-02
-1.053523994977596245e-01
-4.069135677435938708e-02
1.329530263187584998e-03
4.193451688821137231e-03
1.942418863484104974e-02
-6.350249140989853991e-02
-1.286355756613695445e-01
-4.848724750610304557e-02
-1.142474360454086013e-01
-6.058175847335606039e-03
2.621655878831979491e-03
8.704900525908004782e-02
5.165360856478273810e-02
-2.167692196256210679e-01
-1.889443890910521423e-02
-1.154228002355885477e-02
-8.802581738182182558e-04
-6.062095649441159861e-02
-3.986227379469700627e-02
-1.302729256781402778e-01
-1.246186111408793123e-01
-2.444928526548505870e-02
-4.901622864319073181e-02
-9.748842462160090330e-03
3.513538955953432463e-02
6.364522472676496789e-02
-1.616841509676016780e-02
6.729691749222295460e-02
9.889097080636249926e-02
6.895277768560327536e-02
-1.269093575821566774e-02
-9.170056780672425356e-02
1.135716865010516774e-01
-1.597537124796705871e-02
-3.274344561291750444e-02
1.487475230381947976e-02
-1.505559801027594458e-01
-4.146651045054340623e-02
-1.289178398424017935e-01
7.498270790011946074e-02
-8.897246240012380777e-03
-5.124699314538556927e-02
-6.461684887613175325e-03
5.523513559157024189e-02
-8.192703443424241561e-02
-4.937756138140120266e-02
-1.536764179897123078e-02
4.573566812120709313e-02
9.199365627788459818e-04
-2.248490077892743161e-02
1.102380293132918312e-02
2.094083820932560527e-02
-2.561100700716038500e-02
6.912670289177370864e-02
-8.632851745049553716e-03
-4.901911085062129331e-02
-1.061973986673440673e-01
3.350277917276047682e-03
1.837010132843341359e-01
-2.893556922925049138e-02
6.180282166357379398e-02
-7.564644824684904623e-02
1.107342493592522320e-01
5.210185586928790802e-02
-5.153764775249344843e-02
5.297212239068020689e-02
-6.536984157962751063e-02
1.649945263242280635e-02
1.106508254664011898e-02
2.644393293006350176e-03
1.741775594432434099e-02
-1.033924343959288644e-01
-2.065511537937668105e-02
2.182372239435832750e-02
-7.093093271877355666e-02
4.772070842768368765e-03
-3.268122195694454085e-02
-4.010911884886046025e-02
6.034794740168410859e-02
5.703328075843891454e-02
-2.150014657348812627e-02
-4.025066725822767227e-03
1.195859887463888473e-02
9.251206932106025016e-02
-8.413233943746735444e-02
-1.166301249037206451e-02
-6.919734899834929787e-02
8.209679645190204322e-03
8.419180898411779412e-02
-7.479424355868823267e-03
-4.569586163413843355e-02
2.778063668730047092e-02
3.250937834502950433e-03
6.597209483450527934e-02
-1.451127392229960506e-03
8.033794537966992833e-02
-2.300376216548117442e-02
2.652341780609278332e-02
4.105781343689083457e-02
6.339581771044103253e-02
-4.631233377900695336e-02
-1.052631791655204846e-01
2.074785840958650457e-02
2.255929375516273205e-02
6.305972029951141533e-02
-2.755553628697419641e-02
4.389569892206838207e-03
-3.342467135139245982e-02
-9.129625815327152560e-02
-5.775751543668313642e-02
5.568632915255997823e-02
9.054294520450571152e-04
2.989201375281635119e-03
5.194266194554030686e-02
-4.874773500877112135e-03
2.283540922700980861e-03
-8.430828218883917868e-02
-3.040629563200821645e-02
1.131593066667934203e-02
1.623003028672001112e-04
3.186783099551517701e-02
3.049628455289551607e-02
5.380459997020524410e-02
-9.821714273362597281e-02
-3.511188355671180511e-02
9.725237183303850341e-02
-2.761257196957216109e-02
-7.692220932919330290e-02
1.458672370792610945e-02
1.374095594969352088e-02
-1.284685677530324199e-01
-1.187565534969294186e-02
2.761571037321876310e-02
4.152079202381883660e-02
-4.273593067654043315e-02
6.519136889062219706e-03
-4.435979836744159688e-02
-1.167511135667499006e-01
4.928638755301467146e-03
1.667078385190574191e-02
2.192744983733126846e-02
-9.033882086936846634e-02
-1.141072967152296502e-01
5.702476223425527457e-02
-2.925943327086374945e-02
4.674908427831690402e-03
1.548594040173197246e-02
2.314995413126428106e-02
-2.585679525193263287e-02
-7.801014656064644663e-03
3.793686315750587762e-02
8.693701548813950741e-02
-1.332220323456102112e-02
3.986448348706042588e-02
-1.239304360800440319e-02
4.328364616192671710e-02
-1.830368245942264396e-02
1.005849401868801479e-01
4.592714276817690122e-02
8.092172048246516758e-02
-1.003363658082583737e-02
-1.477355479848002466e-02
9.302132334951213749e-03
4.251556990621106757e-02
8.222415799580554130e-02
-5.796669964708734551e-02
3.267622613073158794e-02
-1.839447199348509879e-02
-5.051190215248626408e-02
5.369603682365436947e-02
2.452268548138316837e-02
7.688070554219332553e-02
3.806608212397571273e-02
9.140120252827069885e-03
-2.185353722900106044e-02
-6.201126930985687014e-02
1.714769310808142433e-02
-3.545115139581502765e-03
-1.179047010785656564e-03
1.712706931268945937e-02
-1.127961485305436010e-02
-6.439491890397909795e-04
-6.313241597581538411e-02
-4.657455060613335980e-03
1.514731305316887461e-02
-7.189458276091580113e-02
9.586904036448057331e-02
-4.436581897851875518e-03
-2.290435803365406531e-02
1.860548160192866327e-02
3.244039751385824344e-02
-1.025108311919763898e-02
5.049771528702253626e-02
-8.368447642728625568e-02
-4.974039927238094877e-02
1.106152782414243640e-02
-6.284819829863574903e-02
4.803381222822288021e-02
-1.507746755976844925e-02
-3.782096639427059287e-02
4.972557191637710233e-02
5.534789395115891769e-02
-4.078912765530918333e-02
-1.188910565103552808e-02
-1.299915581838641809e-01
3.090501359107508672e-02
3.609157788688413526e-02
-3.537012934248945101e-03
-5.185587547735362457e-02
5.620432587688455051e-02
4.815496101388716706e-03
-8.849465645719195930e-03
2.526799229839744605e-03
-2.103450995081861119e-02
2.392770179413579446e-02
-2.355304685269076978e-02
-9.808568205026570522e-03
-2.575931259172589693e-02
1.060620309916890727e-03
-3.414195670727634968e-02
2.260092564027073661e-02
1.324463983015211101e-02
