-1.586795646990564190e-01
1.654511190530707776e-01
-2.908754039214761500e-01
7.859636608429192151e-02
-1.929298469055509557e-01
1.320037393559302663e-01
6.084885887990473807e-02
1.517968376563503252e-01
6.448571126361886396e-02
1.811323605835954420e-01
-1.440076649138419540e-01
6.433053271898658831e-02
6.813581308847917184e-02
-4.558182417143302051e-02
7.363933802236281856e-02
-4.536922002841398127e-02
8.870705208922169405e-02
7.918407587086569166e-02
-1.028896081187882505e-01
-8.406096014097745595e-02
7.766727031157912020e-02
1.082804276522794096e-01
-9.913940318974132082e-02
7.027268568135457139e-02
-2.040328785860430136e-02
-7.864173435063305517e-02
5.055547364024984974e-02
-3.204467600890711920e-02
-2.045491299471035029e-01
-8.339518423844732506e-03
-1.016872468799681628e-02
1.049747431766995601e-02
1.353404867886445762e-02
3.007684448649046091e-02
4.005316276565765166e-03
-6.091663879733631715e-02
1.736099137372713180e-02
-7.583060485048356836e-02
-2.767171328573009292e-02
1.175763581773696664e-01
-6.708549685036990784e-02
-2.901491369971578860e-02
-4.894071077315766821e-02
-5.914461970975087163e-02
5.581243635187866509e-02
-1.410268471982934271e-02
7.230250687700010004e-02
1.577909665755025323e-02
-1.125880627967460051e-01
-1.233100623484405418e-02
1.102496556453567370e-03
-4.257338358501162184e-02
-5.439447366715814691e-02
-1.984589170344465241e-03
-4.530682163206491836e-02
-7.890941393409774129e-02
6.263511515617682657e-02
-8.941802595679289312e-02
-2.850138715945657597e-02
-1.122761389355207001e-01
1.756249187198099561e-03
-7.233513660609530195e-03
4.115889504681272820e-02
-7.096656129839779004e-02
-1.247967245776130663e-01
2.013434804551902241e-02
-3.762762946914778583e-02
-3.354595008962644358e-04
4.488273733460736853e-02
-3.599011434836498630e-02
-1.450073335453076206e-01
-4.271054425209551419e-02
-1.391157941293232059e-01
1.784239908879138234e-02
-7.356437139006791193e-02
5.074706260283910059e-02
5.620951086314363021e-02
-1.747093789305834838e-02
-3.604614347609109287e-02
-3.231950824697513852e-02
8.968795351741863653e-02
-1.038921718723552629e-01
-8.296636556484757175e-03
-2.749851686354941663e-02
3.319002037246064456e-03
3.007268913476852240e-02
-4.722523171719855521e-03
-5.003622497630797784e-03
5.231666156515025340e-02
-9.248246161068037277e-03
5.420772126149114856e-02
6.327919467307685508e-02
2.856634007530683365e-04
5.215051561679286130e-02
2.966611181095913166e-02
-8.116559961780872795e-04
-8.245570008642968962e-02
-5.015993184068560234e-02
1.721875572790087724e-02
1.638741290143361923e-02
5.817458350449900006e-02
-1.150763350922051100e-02
1.770428473442704417e-02
3.368287233489022925e-02
2.738972839305873694e-02
-5.827277923412475108e-02
-8.652208640920390492e-02
-3.324891056202807643e-02
-3.784002925060672012e-02
-2.909757795077429210e-02
4.413365003607842840e-02
-1.362420618712645651e-02
-2.034759933347836218e-04
-3.632816242902245363e-02
-6.553422230794728187e-02
1.238902107572907862e-01
2.900643269497183568e-02
-5.650661851126203422e-02
1.297801493410544703e-02
9.427716483143638859e-02
7.768491352626734348e-02
-2.015236592306741611e-02
-1.294899559257192689e-02
-7.094493303328772149e-02
9.650157229255256625e-03
-9.109821858337555089e-02
5.004371823351146803e-02
2.958763697188257491e-02
2.240916469145868423e-02
3.894041407093930610e-03
-4.859717899063763918e-03
-8.524230619936774833e-02
-1.019035976515889341e-01
1.528093129455819488e-02
7.941551533767350624e-02
-2.051483521015626255e-02
9.789300203472071915e-02
2.498660674763931132e-03
8.807359937344662326e-02
5.299865015144793884e-02
-8.211383725665042863e-03
1.937221566740400525e-02
-2.686400827971384842e-03
1.558250083673867400e-02
-3.064401593627465777e-04
-3.022269051987839378e-02
-1.931458570745716100e-02
3.043999497877962306e-03
-5.784835433406704253e-02
-4.882895906004560554e-02
-6.931024491408624422e-02
-4.862647081425128248e-02
-2.296887694429940868e-02
-2.110465673285101540e-02
4.952092730252793951e-02
3.147682335392260056e-02
-5.763735102326875137e-02
9.064600051114490853e-02
-5.085360309616872992e-02
-2.435986390308736427e-02
2.970895961805909008e-02
2.584254108183802433e-03
6.578398619464363327e-04
1.263564120042596009e-02
-3.474269138554390846e-02
-1.778180588622315858e-02
-7.210012081198583465e-03
-7.606647215109343940e-02
-2.104801452044462867e-02
-8.760670132914914754e-02
-1.127704554891309843e-02
2.258842383992218372e-02
-4.820596284409540272e-02
-6.295235241796459658e-02
2.289087894886307831e-03
4.752302057051727147e-02
1.303465714651183029e-02
2.377726315551597497e-02
6.345392380695823176e-02
2.479733388273114639e-02
5.501198618124580192e-02
2.596638418725571301e-02
-4.300816280411415282e-02
6.261185199858598782e-02
4.016951261387183975e-02
2.080860495279310621e-02
1.768933228028008245e-02
9.750096844193810453e-02
9.072120556525993529e-02
-3.227761412715562245e-02
-4.736865947212536704e-02
1.012289320211946647e-01
-2.602568309994333570e-02
-4.979644074579628321e-02
-8.984350672491109302e-02
2.510384216261392354e-02
-1.010629223138773403e-01
3.707152760386873275e-03
1.717195693063907486e-02
2.663580453760754779e-02
8.311922801179875975e-02
-5.605739774191277267e-03
-3.671617691112320780e-02
-7.993244790393430610e-02
-3.731880509158391757e-02
3.462252678820793711e-02
6.490523148623428273e-02
2.829586755052083957e-02
-3.533649795866052132e-03
1.683619088740266959e-02
-3.332936089618555170e-02
-9.384436110741477266e-02
1.382168757469844772e-02
-1.532476684919861602e-02
1.047597888757394180e-01
8.789250097094227377e-04
7.167804606986921678e-02
2.058360287512829567e-02
1.126744055558862381e-02
9.956154605237797425e-03
8.165289975785572363e-02
1.835572126749050043e-02
-4.195845965068517591e-02
-2.354115743308599421e-02
-3.275731882921908283e-02
-3.438287879873630493e-02
-2.864069362292146967e-02
-3.205254392897077809e-02
5.143249127539838844e-02
-2.093704619331293593e-02
-9.830608486819313388e-03
-1.188539585305647961e-02
-7.942941192375997661e-02
-2.985371572312651989e-02
6.214495395428849128e-02
-3.325963954393307276e-02
2.441521182561314646e-02
1.150143454189762188e-02
6.569338590300142187e-03
-3.945240789949780447e-02
-1.796191654118705489e-02
-1.935395936803550182e-02
7.503986185395522535e-02
-3.749854108368764344e-02
8.081266720352431321e-02
-1.528185092157862378e-02
1.584878394954271352e-02
4.488716516840943194e-02
6.581457230813787807e-02
1.133218910987878521e-03
