-2.294908717197511883e-01
8.189399667216927525e-02
-2.209146231374540248e-01
-1.052939423033814534e-02
3.002214354173242394e-02
2.062177686459958637e-01
1.331714232510993745e-01
1.289803627556336540e-01
1.539383067483197920e-01
7.850339486256463495e-02
3.357028909860647337e-02
1.689191994584519170e-03
-2.264368343141120454e-01
-1.000743919491952488e-02
-3.834881442453300093e-02
7.549586175351229167e-02
-7.285200895189936077e-02
1.049874873429395977e-01
5.868904884745360616e-03
5.707845468347763802e-03
-8.738317448246436803e-02
-7.911787117068367139e-03
-4.625329173450314080e-02
1.399884101164847461e-01
1.708378497787102837e-02
5.734160773901380431e-02
1.207406785773019742e-01
-1.047079046257350377e-01
-1.417774679994731335e-01
-3.291585251168379495e-02
-5.044163715876093940e-02
-6.759009652514866295e-02
-9.092052937171722637e-02
-7.118899302844752808e-02
1.320320679847224177e-01
-1.844013708924962039e-02
1.665275001931225754e-02
3.379731082191425595e-02
-3.740898208333241770e-02
1.264989965232327443e-02
-1.935135675695143567e-02
-4.592786608421112887e-02
7.014351657037495857e-02
6.690708207333244395e-02
9.101162349160321630e-03
6.340631102817594067e-02
3.621870182750449446e-03
9.975307371432033665e-02
-1.303385249144841940e-01
5.266702090830300415e-02
-7.404256767656912375e-02
-3.030506788503902621e-02
-5.689292481760359343e-03
6.458788913269646048e-02
-2.181761605468269041e-02
7.133668594043694744e-02
6.465033577047846203e-02
-1.232562268600384189e-02
1.294793093029954906e-02
-2.581479261901923825e-02
-2.043453093448772268e-02
-1.188077915375046756e-01
3.353662917734939741e-02
-5.298847837759883966e-02
-1.045302415046429071e-04
4.778138950408483687e-02
2.436254280023295677e-04
8.729615296939025049e-02
-5.623392830339583870e-02
-6.251079004143271500e-02
5.725632665620115046e-03
5.513874515705531609e-02
-2.145149914487721673e-02
4.011496824528028304e-02
-6.717503871639029719e-03
-1.505942092353019721e-02
5.618697149494103482e-02
8.098632748220088717e-02
-7.064716227944278781e-02
2.457821691823587618e-02
1.031991604406610509e-02
-6.306626576368748460e-02
-3.033688295021893036e-02
3.174753648575578003e-03
-3.758768946258144589e-02
7.326588326807990936e-02
3.677393388952266556e-02
-3.976012932356921825e-02
-5.199611985110671325e-02
-1.173119265363656433e-01
4.780502454703576543e-02
2.011523159871613300e-02
-4.238727399467192430e-02
1.109114594411582666e-01
4.923729422642023068e-02
1.055915210694897410e-01
2.400655519454931303e-02
-6.159824764673217656e-02
-6.690896173801484659e-02
-1.622105717811464509e-01
-1.470078786384909977e-02
1.274395946537483781e-01
-1.139981821271080745e-04
4.888924298272895319e-02
6.522575682352982351e-03
-5.490465728688592034e-03
-1.125327398469397507e-02
-4.952157610533079735e-02
-6.245610572261692944e-02
2.145292629769163587e-02
1.216679102034094392e-02
-2.663401314309908272e-02
-6.486158919561721414e-02
6.776549708690086937e-02
6.497903342966204754e-02
2.579105315025261719e-02
1.752132914560774676e-02
-7.183545844477262632e-02
7.059714231372778148e-02
3.671542062413161740e-03
-2.158297124682961171e-02
-4.756334840092629745e-02
1.067545113788176230e-02
3.251168979636231277e-02
-1.084029076880729942e-01
6.181040609560689569e-02
-1.760413881744908593e-02
-8.739083237561487763e-03
-4.089753530805329690e-02
-3.438679455147840291e-02
-7.437944535798168832e-02
-1.036285942033792484e-01
4.091396496972169589e-02
7.771456225085027203e-02
7.321906569404604270e-02
-7.307057218413634016e-03
1.221869065073835289e-02
-1.089892238345612418e-03
3.132182724379714046e-03
-7.224550381437791491e-02
-2.881637345657730304e-02
-2.459088725053946902e-03
-6.785801835960128536e-02
-1.497107668345734263e-02
-6.124793384370096072e-02
1.717557526986162111e-02
-6.590807510324145357e-02
1.012590680195811915e-01
1.175521407210554717e-02
5.999130838630532120e-02
-7.712720184620514008e-02
-2.828477643751006743e-03
-3.156517420295763821e-02
5.456408989331900522e-02
3.555117720501547313e-02
-3.941343561548188955e-03
-5.196054545656200209e-03
-3.258562327387009433e-02
-9.964795172652678168e-02
-7.782542765850671007e-03
-2.771200083845615225e-02
2.931326629623057234e-02
-4.730882787948709201e-02
3.456431843814962435e-02
6.678939417905098430e-02
3.174360311336482665e-02
4.074883294651223536e-02
-5.526238532283103688e-02
-1.525608954307772734e-02
3.478921683653839886e-02
7.282447534516270707e-03
-1.540113700106968478e-02
-1.631350535274407598e-02
-1.670701663486528349e-02
-1.922312185528539732e-02
8.321867295278888299e-03
-1.409038416254193397e-02
3.825215092781025783e-02
2.190703936151766618e-02
2.967127280101753556e-02
-4.433920134152984777e-03
7.295977639369036205e-02
-1.336051732808660533e-02
5.109617817149930685e-02
1.744019028681742869e-02
-9.126363779346589183e-03
1.336300962422104777e-01
1.856222131037157663e-01
-1.963295837325931478e-02
4.296809038153387959e-03
-2.228516524012736505e-02
3.995693717753766999e-02
1.369683807181549737e-02
2.750081703052786181e-02
-3.176821279726219083e-02
-2.947975585504399986e-03
-6.499090316404536327e-02
-2.520362312839702357e-02
-2.802305053478831853e-02
4.059859900634105873e-02
-2.664884160892691534e-02
-6.309077102176915974e-02
-7.105887846209910097e-02
-3.493638761944936610e-02
2.382025953936021609e-02
-4.137987815072057679e-02
3.301543993124583104e-02
-2.607025297279965195e-03
-4.302956237836944725e-02
3.068545632298865997e-02
-2.362285993910286444e-02
4.434337837415740918e-03
2.157012687149986729e-02
-6.647942354948094268e-02
5.034473000180159086e-03
-8.635945340266032444e-02
-3.474142462155809224e-03
1.780571545033399553e-02
-6.969163125728362884e-02
2.122050924057325080e-02
6.572686150441588160e-02
5.266423621988463449e-02
-8.871985973188821484e-02
2.515513474131211846e-02
2.845881946365832332e-02
4.149189224234960116e-02
5.004506271937952250e-02
-3.317367985061982216e-02
-2.105607338946837576e-02
-7.029075697049638749e-02
1.315706103051929483e-02
3.343787716431287360e-02
-9.759775968710555916e-02
-1.938700076870659636e-02
1.202139547629668959e-01
1.433070277304744795e-02
8.978395879375865307e-02
-8.190339499558128844e-02
4.201537885639831937e-02
6.480927186195704903e-02
2.841854590740761771e-02
2.657532583468188905e-03
-4.185247458392355770e-03
-1.817117099664010763e-02
3.317991059095592998e-02
-8.150295680101936682e-03
8.705005613041660872e-03
5.126426892615328773e-02
-8.177376774970605139e-03
-1.860276289288255100e-02
