-1.892978832428454938e-01
6.778585103935177991e-02
-1.253432852897644612e-01
-4.957278526593025814e-02
3.264790823045676804e-02
2.097075985661705777e-01
1.779713503206722114e-01
7.820079352380587823e-02
1.103648616111985691e-02
1.380943890859428202e-01
3.629392224513759702e-02
4.201936393806258302e-02
-2.333006648954465967e-01
9.500257194590815482e-03
-2.729280558623327357e-02
1.834447528187625916e-03
-6.572756572182222867e-02
6.599226251418990885e-02
3.336946083708173388e-02
-4.899004894873405791e-02
-1.451206423407293278e-01
6.203933653295139877e-02
-3.879185043522422743e-02
1.862820367624903328e-01
-1.574534194931631603e-01
4.652428635677409441e-02
1.445273348431758142e-01
-4.491704965902923452e-02
-9.495298476436372925e-02
8.508471835358437374e-02
-1.048911461505317999e-01
-6.814638392732709493e-02
2.587682379626853046e-02
-5.988156388975659356e-02
1.757758135265957145e-01
3.849032837970398774e-02
-1.242082395725189158e-02
-5.283674152210562219e-02
-3.842039863069565686e-02
3.535819891541850529e-02
-2.401653946872079129e-02
-1.665454691673120408e-02
1.952152753159425158e-02
1.079787306081143178e-01
1.304859211182540779e-02
-2.333532426082763483e-02
-2.693568051297841326e-02
1.124885213335693190e-01
-3.037131412910112210e-02
-4.642490335196762519e-02
-5.539924432378273700e-02
4.380453724728212983e-02
-4.101624933356570052e-02
1.219941684391975673e-01
5.869331453452857061e-02
8.232963924658250054e-02
4.320017173869698107e-02
-6.696759299662928544e-02
-3.164263766154491037e-02
-7.411510186294836822e-03
3.678179612807485916e-03
-5.199748021314690161e-02
6.283061024686710516e-02
-4.177949551008672269e-02
-3.450342857211979863e-02
1.572585481289450193e-01
-1.464146730467695556e-02
3.650426787007612223e-02
-2.165033374966526813e-02
-1.017471936555835593e-01
3.678530826365410122e-02
-1.462070745377791296e-02
-7.388747374907045362e-02
3.920183141026558488e-02
-8.141575374996994074e-02
-1.044171817154330995e-01
3.302175941473749210e-02
-7.021228466754823871e-02
-2.659816776117591292e-02
-2.591330132322513819e-04
4.547725267072697669e-02
-3.576873626837341613e-02
2.956282747348520229e-02
-4.440271305157911935e-02
-2.818645283624074058e-02
8.594661728890035102e-02
1.433485786860975997e-01
-6.630313867338158418e-02
-1.103234810038788635e-02
-7.250699582471360760e-02
2.143585006399476803e-03
8.235749291587919282e-03
3.678196999617284330e-02
1.026780139049395524e-01
8.686867458611805676e-03
4.447038251531368336e-02
7.348674255684171236e-03
-3.746381112921873952e-02
-7.207785458527463107e-02
-8.965522381885467074e-02
9.754834863655942323e-02
1.031882124516576987e-01
-1.155833734776474664e-01
4.602187710084554295e-02
8.854232889729200112e-03
1.865274341959820281e-02
-1.508260544287667870e-02
-3.515665101623786926e-02
3.270792749788012377e-02
-1.346733603900505949e-02
-7.222446016549298811e-03
-1.107435463286031863e-03
2.674786819353834632e-04
1.032918726116745234e-01
-7.690464162697027012e-03
2.742463237812316559e-02
3.592114904306436401e-02
-5.324901755604034836e-02
-1.597420104932795529e-02
-1.147506148355532524e-01
-1.033072077779165210e-02
1.062121959589984281e-02
-4.628448747603743085e-02
1.010179908526473991e-01
-6.849234666869151444e-02
1.747944672079661949e-02
-7.227456895133138604e-02
6.053631637313690306e-02
4.054179806779263651e-02
-6.771122685169794764e-02
-3.456595154015409954e-02
-1.018780120125051536e-01
2.655431822686487447e-02
4.471247645494370870e-02
5.110911855331808779e-02
-7.568874724416310706e-02
4.966597856644856812e-02
-4.654424641442241051e-02
-7.741650930742904066e-04
6.412325000812348422e-03
-6.233939809644858943e-02
1.881492758139573576e-02
3.799946396548143507e-02
-5.851315241139969786e-02
1.679711875707637705e-02
-5.579677634300860001e-02
2.702602237668981847e-02
1.046688036268325350e-01
-1.650999298006903745e-02
3.333632157760638148e-02
-3.618570674095365064e-02
2.683069895541692965e-02
-3.779078747428352841e-02
2.659663772191367057e-02
2.321528572598091644e-02
-1.338923448939158094e-02
4.707635234148627862e-02
4.062497656586719005e-03
-1.389950953807283507e-01
-6.412175474248082985e-02
7.490300253576323564e-02
2.873688446083189768e-02
-3.200216211455192417e-03
3.566281582308283155e-02
6.047222859222076835e-02
-2.149270493203486038e-02
3.454143613833864784e-02
-5.481793372498998396e-02
-1.219792505563907330e-02
-6.746812447709962454e-03
-2.334293968351924126e-02
7.067042710573060403e-03
8.041747267859694626e-03
3.059097908409148109e-02
-2.463203253557678246e-02
-1.484030286152907691e-02
-1.213129880049240022e-02
2.512498336697511700e-02
3.737364313360531497e-03
8.114111170239771131e-02
-3.726142866316778379e-02
5.806926715725186511e-02
6.077107307903209001e-03
3.025937784762036328e-02
1.672301617371648244e-02
-1.484972651243969544e-02
6.929318312799623292e-02
1.438582208549022134e-01
-3.128238296252637551e-02
3.697541564198753017e-02
-2.842308731759412774e-02
2.842924224826268859e-02
-3.178228851784398873e-02
3.124479267974268528e-03
-3.527053462041602333e-02
-8.199480406348891304e-02
-4.371576019645256189e-02
4.037258963483663504e-02
1.083128703188159653e-03
7.744735350801103257e-02
2.807615091488100886e-02
-9.642689940457604969e-02
-5.421412459431838166e-02
-2.102169625460184165e-03
4.286905733290021642e-02
7.651517708749077697e-03
9.768848632353284434e-03
-5.533338308826717816e-02
-2.139843364930906280e-02
6.965886251167180063e-03
-4.180015104012697186e-02
5.438472397205824233e-02
-3.680996275994793260e-02
-2.825061016439606859e-02
7.724664017570070929e-02
-5.382719852906941993e-02
-3.720231350985393759e-02
1.950768763099489100e-02
4.869631618400341311e-02
1.755754827041009674e-03
5.869828716213085218e-02
3.660691959512465260e-02
-7.939231159927596926e-02
3.648917611917128906e-02
7.243595331987819075e-02
-1.467039895618114584e-02
1.744119573924059544e-02
-3.615934833729959191e-02
1.501938700245045340e-02
-2.413153582872603481e-02
6.709256938545868007e-03
2.755079107001884645e-02
-5.052575631096915126e-02
-6.280025287695946423e-02
6.599845221847806809e-02
-2.863385022596780932e-02
-2.350397631587009678e-02
-7.199989213013954781e-02
4.710994365801638578e-02
6.506405028630364573e-02
-6.724870293744643823e-04
3.599525162642425863e-02
-2.794825354200550921e-02
-9.932058615928912593e-02
-3.146588335313649232e-02
-1.442190667054538827e-02
3.413169857863446264e-03
-8.224586959697481950e-03
2.490778733897610481e-02
5.428718396909038534e-03
