-2.102436126676470451e-01
3.312452375085303546e-02
-3.215117554723644355e-01
-4.789389142555765949e-02
2.592283083634742274e-02
2.904874104323534878e-01
1.148703464257984502e-01
1.493767214612385374e-01
4.480938117811723853e-02
8.625432091249862765e-02
1.037219887852239564e-01
5.184075003217343720e-03
-1.143251220144983482e-01
-7.948973169097329691e-03
-1.490699054957733347e-02
1.589121868321731745e-01
3.996912101139803164e-03
2.126724189054803038e-02
2.010140584862920785e-02
-1.839635569236410667e-02
-1.361715174120535221e-01
9.593031736650943497e-02
7.666818809197477325e-02
1.182419614497695198e-01
-7.341513102243150957e-02
7.588759269674118235e-02
1.319981416998125823e-01
-4.537043916741396316e-02
-8.065983310492386149e-02
9.057087740862335146e-02
7.273845560033494195e-02
2.047827731837336199e-02
-6.660611084224218881e-02
-3.323862245270217675e-02
1.727839845150161147e-01
-5.933226205086624544e-02
2.235116340140267874e-02
-7.418600007689574172e-02
-4.123929710097215540e-02
4.224605415416163301e-02
-3.084477934015942072e-02
-4.115166309377451398e-02
1.891440451367408168e-02
-2.400531991410720031e-03
-9.062590717051774436e-03
1.824383632880478487e-02
2.218836836885779151e-02
1.186828458134143033e-01
-6.253975719188861748e-02
-6.301343968138356511e-02
-6.222424891523751361e-02
7.509345797664924993e-02
-2.182157868755230622e-03
9.800332048736139223e-02
6.959196820473630141e-02
4.725980509692957049e-02
1.992671947587461301e-02
-8.134048307823182888e-02
-7.651818917552511356e-05
-5.145095319263612299e-02
-7.899889077307794064e-03
-5.509568128033671616e-03
6.672289155832340779e-02
-5.668259355669231364e-02
-4.243027298713868828e-02
4.903300426542912122e-02
-5.567699978678422763e-03
1.208042221307171898e-01
-3.062837633639738447e-02
-7.458245348187653168e-02
-3.318653321243573290e-02
-3.919453591311825025e-02
-1.721235950588588873e-02
1.351748098338782442e-02
-6.888582293951131530e-02
-1.046876754758956640e-01
6.807798732743863823e-02
3.045695361951556226e-02
-2.321503049152873199e-02
4.197891907396143069e-02
2.048528933148614783e-02
-8.233150349369812437e-02
8.326219474565482725e-02
-3.048021928514325560e-02
-3.014235011874997344e-02
1.090830121009097042e-01
4.887243885917355590e-02
-2.873729779538418752e-02
-8.511769620631234878e-02
-1.052906439767467006e-01
-4.411389934297162141e-02
-1.399413630793519374e-02
6.960557215644359863e-02
9.501161439503587325e-02
2.590567240794699609e-04
2.946396208515581275e-02
5.710790284973633890e-02
1.724732263117639483e-02
2.180739309420431232e-02
-1.171994011222529802e-01
1.174735159021414801e-02
3.120029163632036598e-02
-5.481361739802541322e-02
2.516097722731390832e-02
4.753886383076395827e-03
9.665268397082482643e-03
-1.289470435332874809e-02
-6.617462968512193011e-02
4.866227234633672266e-02
4.715691915337599273e-03
4.196802944991068901e-02
6.183367655351260615e-03
-1.032000300395515546e-01
-1.573402033579287054e-02
5.884352150556226846e-02
5.092353347822611148e-02
9.438428157212472649e-03
-3.125189617521956925e-02
2.272357561856818906e-02
-7.784135928125122950e-02
7.277622999355545796e-02
-5.575581222909803403e-02
8.943806568652606231e-03
9.567610765610239099e-02
-5.812516176588275463e-02
1.059334226165607046e-02
-2.199726677646587913e-02
5.190634628387374647e-03
-2.781407094448303668e-02
-1.287528398521452060e-02
-4.290285682020120173e-02
-1.533508525981178983e-01
6.584480656142488453e-02
4.620276835524469300e-02
-3.931050879358740507e-02
-5.466226131774747782e-02
4.480401714965306925e-02
-5.696850273651708069e-02
-3.952629784228426507e-02
4.478598625879161299e-02
4.102027670982701102e-03
-8.794615487815021435e-03
4.099781887981139572e-02
1.495516986548134884e-02
-5.958621325387741807e-02
-4.268150986249328455e-02
-2.819401218955306168e-02
-2.902233451274791737e-02
-2.407653870166753113e-02
2.252975969851971072e-02
-6.217290288373417129e-02
-5.179305541763667281e-02
-3.581868783053993033e-02
4.795040760497826932e-02
-8.108439918920479911e-03
-2.716735006688212120e-02
-1.117510023067654623e-01
5.429773357615579749e-02
-6.498556029099988862e-02
-8.694702379313870577e-03
8.385786041257274614e-03
2.878631726032476051e-02
-4.673933276878337179e-02
2.413841890955229982e-02
4.364764894110774451e-02
-3.471166222117999522e-02
4.343570518992435447e-04
-5.680344576425837982e-02
-6.070845848616879953e-02
2.371592088443828100e-02
-2.964986121620597978e-02
-3.038945087577077028e-02
-2.349457392673036382e-02
3.950251516186484291e-02
2.747739737479562138e-03
4.243247030000352193e-02
-4.863962063577419864e-02
3.992246042644471277e-02
8.435429155290365133e-02
5.457285007220327722e-02
-2.594839075511340062e-02
8.792967503166393417e-02
1.643421993091299591e-02
5.156001100026594286e-02
3.613400222664414629e-02
1.063618986252040481e-02
8.435535789591160072e-02
5.640473041956379358e-02
4.217279962085888206e-02
1.928516874619096502e-02
-4.702685761983228796e-02
4.535951722993874363e-02
-9.521344404435611031e-03
4.580156487686491695e-02
-2.588108189191550348e-02
-1.826283662240073269e-02
-1.095073843046437401e-01
4.928779561747684279e-02
-6.638922313711291545e-03
2.510058343695535307e-02
-5.620008950231353273e-02
-5.043728106660731736e-02
-1.491384099556770926e-02
-4.136118333812169139e-03
7.684678438909181564e-02
3.194711950296932890e-02
-2.290146102034660083e-02
-5.761292936097970468e-02
-3.274041407402471238e-02
1.617519552025800667e-02
-6.785150253523793140e-02
3.007791715033105925e-02
1.771547952508476312e-02
1.421874692151588529e-02
4.529272538153256839e-02
-1.937096088819308115e-02
-3.997232004042183817e-02
-1.377647308061833060e-02
-5.483756164556725238e-02
1.890089750224022494e-02
-3.899516208405871126e-02
2.261445318408941349e-02
-3.775400344967023286e-02
5.879560069705411923e-02
5.062686392804853497e-02
-1.701686328776429863e-02
-1.302651081179452856e-03
-3.470132192534547411e-02
1.283130541449328463e-02
-2.737170016331202937e-02
3.797085884137502143e-02
9.308398937093250933e-03
-1.031528524398065139e-01
-5.169281917489068623e-02
5.551323535150485405e-02
-3.313147113711685521e-02
1.167112422185896843e-02
-6.157371505354761881e-02
-3.753979775877303981e-03
8.906274526115708079e-02
2.354000660155333366e-03
2.896927586974698196e-02
5.195087418281119085e-02
-4.387015918209704463e-02
-2.366438097238804383e-02
-2.223493201353766296e-02
2.445179450018753614e-02
7.054227370535412489e-02
2.423917216709000483e-02
-1.285712384065512692e-02
