-2.503034710802670149e-01
-1.209077998997244024e-02
-2.394998584797342067e-01
-4.159106003731877915e-02
6.260817050310441001e-02
1.918419247705297759e-01
2.051415219353071029e-01
1.010969670047651009e-01
6.114474086996615591e-03
4.517516194944282137e-02
2.487542096964492130e-03
1.064560118650688114e-01
-1.794408326295598433e-01
-2.388607362514631738e-02
-1.452976074059082572e-02
1.887687637237066979e-02
-4.020481377374406085e-02
6.987394316668957273e-02
3.887378673721589295e-03
3.783416209773704519e-02
-1.471191898379638208e-01
6.295547850665393630e-02
-1.271360070621916846e-02
1.232574140454768818e-01
-4.937285277416192386e-02
1.208496635599998065e-01
1.457513385437470277e-01
-5.452419921178956741e-02
-6.484456635797646029e-02
1.142440506549402129e-01
-1.234110257672049130e-03
-8.540732794441503739e-02
-4.288440484184127821e-02
-1.205385277536578925e-02
1.483109504833453329e-01
2.727682244517568716e-02
-1.520364808818950144e-03
-1.718512261397401805e-02
-4.768394749049793824e-02
7.606556630427703525e-02
-4.464949824486098146e-02
1.672627794920551400e-02
9.202611933498480723e-02
5.166597789087857412e-02
3.020059300391074106e-02
-1.660454855309976413e-02
-5.028278601587261865e-02
1.433197020532827604e-01
-6.657808630612803424e-02
-6.155464667968903875e-02
-6.841984829412102453e-02
3.073662103824276529e-02
-1.098258604307343622e-02
9.671834655606248443e-02
2.539583387140629395e-02
1.170554608971118987e-01
-9.703964077831849291e-03
-5.623335268933637304e-02
7.919188743978573808e-02
-1.427497668739401539e-03
2.331974193793540898e-04
-8.966758225633480670e-03
1.049232922260840695e-01
4.646788901245702149e-05
-6.978632682943049226e-02
1.252981574370845008e-01
2.858588533918688182e-02
4.938925724310428561e-02
2.076833223280830434e-02
-9.008936243060593207e-02
1.241825162731133476e-02
-9.054844732818322084e-02
-8.571609574164182344e-03
1.318030441573202032e-02
-8.082025405563733611e-02
-9.590690876595130143e-02
1.022733184314120747e-01
3.266967149357190292e-02
-7.639773964087347158e-02
4.063767897619170733e-02
7.687360651609262407e-02
-8.524774472144019954e-02
8.731131022988188051e-02
-5.768531978559858497e-02
-1.874227736150888696e-02
3.561993629921805099e-02
5.204667825484843302e-02
-3.373675131119695941e-02
-5.911642094646967632e-02
-7.158168956635639624e-02
-6.021445647745458235e-02
6.864995700595893403e-03
4.966768706847951576e-02
6.653896267726969183e-02
-3.335107469618810855e-02
3.208250818994256431e-02
4.320051689922217025e-02
2.231601494388272752e-02
-5.380902614005352719e-02
-9.478306536750895350e-02
9.963027706922199245e-02
6.180335627472100662e-02
-6.390137803173617792e-02
1.780729126973977158e-02
3.142378982826966871e-02
1.093182828247563423e-02
-3.551718529500586669e-02
1.336257247965015951e-02
7.647286387207602454e-02
-2.370054525882331342e-02
3.560425252870202950e-02
8.097355690661122568e-03
-8.446002134145280671e-02
3.194149153118910206e-02
7.173337942561419656e-02
-4.392931460311326475e-03
-2.239330127036430473e-02
-8.558334995530490763e-02
-3.044552751194759543e-02
-1.210442178161383747e-01
5.360390164032867444e-02
-3.172490449458820888e-02
-8.015848130539567767e-03
6.208775760134303129e-02
-1.005583650474818624e-01
6.463130826172579224e-02
1.522911276592010810e-02
2.936005272496457902e-02
-2.710344299518238284e-02
-5.091006819856810917e-02
-4.034394288899996461e-02
-1.544609790260412785e-01
4.366680878106283387e-02
1.301471194064043602e-01
2.272818580580267950e-02
-5.137028562224391776e-02
-1.220513080695139613e-02
-2.670019506615995547e-02
-2.019314625064524624e-02
3.442879339534481403e-04
-4.498980517798323309e-02
3.585419760675057077e-02
-1.273649146099856827e-02
-1.266177905746820008e-02
3.097493198455185219e-03
-1.906806736918632492e-02
1.272238636322595325e-02
3.799463761400162509e-02
5.588844701387463663e-03
3.830168946259428220e-02
-4.479593730129832058e-02
-2.514122141307289712e-02
1.561170067338751855e-02
1.169240535507096168e-02
-3.081088729512826072e-03
3.705563620242863232e-02
-6.130912874911657526e-03
8.173749723852946234e-04
-6.130682937794683374e-02
-3.258243266501233137e-02
3.624920898232913968e-02
8.690284581701167299e-02
-1.775560689687953261e-02
6.875747834737402919e-02
1.059312061348040429e-01
-2.257502023071952107e-02
-7.385957705920189777e-03
-4.353282751170934467e-02
2.107768345257070210e-03
-3.576476236393929392e-02
-5.583923360704755312e-02
-1.989450255035987020e-02
-4.459294057787979021e-02
2.340323999847256781e-02
-3.552576503817655995e-02
2.872597538567791056e-02
-3.313088416745552101e-02
1.006283414327820008e-01
5.739189256916098214e-02
4.057707167043395069e-02
-5.444636378174506561e-03
1.302322647776302765e-02
-1.591329580532361079e-02
3.162184461962187863e-03
6.617226445415438918e-02
-1.385940824717847575e-02
3.319348197362886888e-02
1.067550673930263705e-01
5.696640594584012444e-03
5.118091353098044687e-03
-3.074969656683490191e-02
7.143507891505564145e-02
-1.498428121480130035e-02
4.887742408451360016e-03
-5.496193770835816617e-02
-6.018662379060885775e-02
-7.809422941750034097e-02
-4.387896867018765273e-02
-2.088148188574336095e-02
3.335148652386030199e-02
1.538797529046860395e-02
-9.199262401764643493e-02
-8.855341680818901162e-02
-2.373774702521142324e-03
7.960958365630760314e-02
1.097345719633982357e-02
6.351583869261804086e-03
-9.765171965611550708e-02
-1.941009025094271243e-02
-1.282606397970057106e-02
-5.666553151233037072e-02
2.839026719489514891e-02
2.595516448818991490e-02
2.702903946240615973e-02
5.630205927264726046e-02
-2.147399894911121432e-02
-1.521438992663920638e-02
-2.972338768875696161e-02
7.002168634408885255e-03
2.611841984124180227e-02
8.374824584801236413e-03
2.516788725484740002e-02
-2.383809570133581593e-02
8.790049835289951222e-03
5.022585084019191848e-02
-6.113931847228228078e-02
6.537146554557488227e-03
5.370678992043157948e-03
3.668049551203338143e-02
3.813867434235117130e-04
5.211099200965593065e-02
-2.899081489787076749e-02
-7.666642287800680411e-02
-5.072395640970950303e-02
3.265635573217099547e-02
-1.041252731542918475e-01
6.101089687650339093e-03
-6.360300888323225377e-02
2.477702847496345007e-02
9.330920276667516167e-02
-5.728145411506786570e-03
3.129777056057857221e-02
-8.874646102952953378e-03
-7.015690309645893075e-02
6.372827313352432722e-03
-1.318562385649784882e-02
3.448257122553870235e-02
5.493805170337096727e-02
4.568284251233888094e-02
2.702416616828520399e-02
