-2.536542066833213371e-01
9.129649018354388246e-02
-2.180786857057247230e-01
-1.040127516486191173e-01
8.841476901595222981e-02
1.528609918722234895e-01
1.248186623533601713e-01
1.583716440090256750e-01
8.811759719072358166e-02
3.769818205625094509e-02
1.142061190321768255e-01
-1.162590323701925277e-01
-8.228368133196060918e-02
4.737537261210656575e-02
-7.635254684823884752e-02
3.825003111550753787e-02
-4.295731411481892165e-02
8.966286165059497715e-02
1.054962882693509379e-01
1.579623024302518122e-02
-1.106309485535222348e-01
7.947559084374239413e-02
-7.182489512684685218e-02
1.752807898139158715e-01
-1.207350446353260831e-01
2.272698557150804738e-02
1.016818271550194719e-02
-1.505687516093838774e-01
-1.759528648173637466e-01
2.272313892192027660e-02
-4.806740664643439215e-02
-1.322351116260194262e-02
-8.082779704128426057e-02
4.541042416655078490e-02
8.266442706285559439e-02
7.797445398668918781e-02
-3.219322731553631023e-02
-2.589785866282931850e-02
-1.432927776249722993e-02
6.128231728118443272e-02
6.722673359272811344e-03
-8.857095750487446739e-02
2.451988717087881173e-02
4.332902384809736440e-02
-6.970582667375094243e-02
-3.516741322982262080e-02
-3.810433019008403061e-02
6.521740352032477650e-02
-1.669587085873664445e-01
-8.579207978003505763e-02
-1.396613226792363036e-02
-1.656468922104961661e-02
-7.931693469282047326e-02
1.322102535602871498e-01
6.222772214024623050e-02
7.480394378683845324e-02
6.400022923897241700e-02
-1.548809909538608268e-02
6.235564138361307518e-03
5.666067666892148080e-02
-2.796844481546052058e-02
-9.010145228189471445e-02
4.043409343097791736e-02
-1.117708995299427910e-01
-2.012567064320592430e-02
8.222590900984996787e-02
-3.138056815639959224e-02
1.115746115335254363e-01
-6.016686147902561982e-02
-1.150902315218637062e-01
4.296983387055269832e-02
2.236717867846345353e-02
-7.103756579235412372e-02
3.793950488416284600e-02
-5.795227999088246873e-02
-1.447664435977053243e-01
3.295058181456209795e-02
3.906247253976193046e-02
-5.234948970970911691e-02
-5.589254429322054046e-02
8.546896121466247831e-02
-5.067735839173546225e-02
3.991896898854040143e-02
1.404389991006125757e-02
-4.483937814850240400e-02
-3.768018263931195017e-02
6.350451949020900766e-02
-2.652595122004725026e-02
-2.609371118948203283e-02
-1.014035982645532380e-01
-5.619236522618416968e-02
-9.724148712144043555e-03
-1.642200029483163043e-02
9.065957936359171632e-02
4.245514489787983320e-02
8.849445998288374415e-02
1.705618942875470473e-02
-4.842097180618562535e-02
-1.047620499569988303e-02
-6.734754016327228199e-02
5.969241717043610729e-02
3.596102058675577223e-02
-3.586115285406200198e-02
5.408882852802755770e-02
-2.157683734476520052e-02
-3.121882742797802736e-03
-1.549873181547302805e-03
-3.811314845281825459e-02
-2.283781262661225067e-02
-5.720185671894407325e-02
2.388225056798556206e-03
-1.024402703284569074e-02
-6.260941138896464198e-02
-1.156905265924379478e-02
3.389159568683031143e-02
-2.308642957308209339e-03
-4.508382184306099043e-03
5.013752104015388456e-02
3.019863063683706980e-02
-5.494249442333577413e-03
1.003558217216509070e-02
1.326212281506784600e-02
4.498021632822061383e-02
9.848185016776056511e-02
-7.293679459259434783e-02
-3.474083430619789165e-02
-5.227277445283606827e-02
-5.369523643907529904e-03
-2.718568791349663949e-02
-9.734868526183919346e-02
-6.015325304888020919e-02
-1.039892362813278487e-01
1.096694313131682964e-03
6.839883675343888525e-02
-1.467983092304294551e-02
-4.978152450755000263e-02
4.695195084427556537e-02
-3.187852783228036641e-02
4.671647056903942621e-03
2.950354831415667387e-02
-1.521386201109581901e-03
-5.457339750864524663e-02
-4.375589308489852974e-02
7.728096838647918743e-02
-1.771469229120424538e-02
-2.931379236420909862e-02
-3.639028490726253090e-02
7.382126997375175470e-02
2.414030269268955739e-02
3.002647492321089406e-02
-2.810082762391505340e-02
1.415414633881259023e-02
-6.680131592180912903e-02
8.249575510734664940e-02
-6.643054970635409520e-03
-2.484209850757502450e-03
-4.285222074494931394e-02
2.312975881466507524e-02
-7.789574282672813432e-02
-2.444331707059398465e-02
-2.384407438528431469e-02
4.501523535512812896e-02
-2.595047792605823314e-02
5.956863488983347305e-02
1.486949252120817466e-01
-2.262501306828512346e-02
-1.388469942193350758e-02
2.042560044361072316e-02
2.355637402743685892e-03
5.684745690881059382e-02
-2.118197513566603615e-02
-8.164314159730301501e-02
-6.631743643498545782e-02
-2.750209298666414504e-02
-4.328747277472005245e-02
5.479791846147095274e-02
4.469661664399030357e-03
-3.614852660958597225e-02
3.497301226905208393e-02
3.014815243328436770e-02
1.902131932004575776e-03
4.253048116716481170e-02
1.805457644251596064e-02
-1.647774042470722192e-02
4.102571539540615653e-02
2.956433263547282933e-02
1.403043663650406676e-02
4.799947336314851210e-02
-7.542517769526310180e-03
-2.289221005804683087e-02
-1.291741220719789390e-02
3.775501086053817401e-02
1.753451667607903997e-02
1.383763239820392198e-02
1.171700351178467381e-02
9.317383662811028547e-03
-7.269833860729973951e-02
2.303163296102991517e-02
9.729664662496315466e-03
2.368001115145127247e-02
-5.862693152377122796e-02
-1.940260938814656819e-02
-7.978158093170528709e-02
2.677874141842835620e-02
1.386019336092765564e-01
3.219482403800670578e-02
-3.752769564338927135e-03
-6.931985530568011977e-02
-4.081164571693212534e-02
6.710418514312532778e-02
-8.406820013836180383e-02
3.721129057022176667e-02
-1.748850203761403294e-02
-5.847484370846613849e-02
3.752257887365460093e-02
-8.773046456994700384e-03
-2.186370305223040225e-02
5.608930404854961527e-02
1.680129445984444858e-02
4.496798688566327334e-02
3.572020580690262598e-02
2.735708155503467631e-02
-2.994036077725074907e-02
1.536761912716540224e-02
-3.649436218101460849e-02
-2.299915417441620799e-02
2.467593050321282427e-02
-8.676372169241719501e-02
8.353072158133877101e-03
-5.240620964655517272e-02
-1.180032339342162485e-02
5.641717649218631198e-02
-4.922234504058842219e-02
-2.832070356591779095e-02
-4.176409067052247286e-03
-6.664189769879905190e-02
-3.084439600867050837e-02
-4.553351695335938754e-02
3.669562179057843376e-02
9.645223446215381302e-02
1.481410076714430486e-02
2.641029770838481186e-02
2.294954691039281444e-02
-7.245991891115217964e-02
5.059948188215667580e-02
-1.534805927690306888e-02
-4.874771928626363271e-02
4.257925378080595208e-02
3.683711317494362501e-03
2.521046963932445720e-02
