-2.188135431606290648e-01
1.834500750406170277e-01
-1.404528611929130311e-01
-1.258842932683968963e-01
2.520575459425080864e-02
5.947719498130340371e-02
2.828483111870497280e-01
4.468422385547240333e-02
1.128023838313218022e-02
-1.053444630155595529e-01
-4.018893414786297441e-02
1.357295045582529967e-02
-2.583008059833224665e-02
-2.956212803437960682e-02
5.594631322685803682e-02
6.892068552891149336e-02
-2.528367661290844073e-02
3.563010593744739274e-02
-6.644780635082407627e-02
7.895298429499607307e-02
5.294324544206616134e-02
4.378223493336191874e-02
-7.776285012844590117e-02
-1.919917802064332810e-02
-8.859838683870786477e-03
1.429677375234158360e-02
1.170931494420714702e-01
-9.038669207839256092e-02
-5.846156271461169784e-02
5.125029884167036504e-02
3.765940291441716853e-02
8.042166338762277156e-02
-2.436269059439034532e-02
1.188753484721965722e-02
5.400324949822421505e-02
-1.062869225376955468e-01
1.873097083330733104e-01
-1.444714594742372848e-01
-7.486321474891617644e-02
1.323315007085015260e-01
2.086071156519369099e-02
-7.121770587168274602e-02
-3.176772485068926621e-02
-6.682751081527113501e-02
-5.800400407827989435e-02
6.810292837533686583e-02
-1.823599130939118976e-02
-1.231679459458141362e-01
-2.410002181316872952e-02
-3.077817966817157636e-02
-4.532144074640186149e-02
-7.673816031757414724e-02
-7.371548481541870257e-02
7.898924839510274021e-02
9.986603964547001444e-03
7.567964889041954579e-02
1.122137113063910591e-01
2.324593271271456485e-02
-6.321110820360507920e-02
-8.196215828934752534e-02
-1.005903039460100401e-01
7.283490155015323597e-02
1.433096513353663282e-01
-1.170957276194410819e-02
5.812711204767847389e-02
1.137360911197557028e-01
-8.165084337196786002e-02
-7.398317425783377047e-03
-3.904697119006067529e-02
-2.472801154298592125e-02
3.377062943300704334e-02
-4.001779066326229678e-02
-4.315237941729040821e-02
-7.236777651884473972e-02
-4.438722460717132307e-02
2.093242560413240486e-02
2.530040084242442255e-02
1.476013328775499338e-02
1.770332629547645420e-02
2.335028104941063928e-02
3.329492178492868965e-02
-2.117131409145807039e-02
-4.177671825028809321e-02
-9.891720252668290483e-03
4.895158232957698419e-02
-7.078240097685700727e-02
9.807471522439197009e-02
1.198674718320838772e-01
3.163389709117496451e-03
-6.500850491085628791e-02
2.863269509263741477e-02
-9.878015204545659289e-02
-8.495501513482030254e-03
7.128826651548245130e-02
-8.542828029907481580e-02
3.893013904715389439e-02
6.255014494216611098e-02
2.654521950791934037e-02
-6.241421393269239171e-02
-2.894716488495620126e-03
5.798415889721122984e-02
9.116784589799610539e-02
1.376817954479990849e-02
8.893812955392606245e-02
-1.705226866287859380e-03
-6.230684641460296908e-02
2.813849919894808455e-02
-3.889624958409817340e-02
-3.327894386991443743e-02
2.242675077690938282e-03
9.147542924286711230e-03
-3.511307960468249001e-02
3.968160990362053220e-02
5.555853499643774451e-02
-2.935801101815715269e-02
-1.369782244131887566e-02
1.391730675159962537e-02
-9.142430669949878907e-02
-1.316631082254317298e-02
-5.141326679013848849e-02
1.261464871222083180e-02
-5.903554641321297897e-02
-4.135114936737124824e-02
3.220648993093211399e-02
-6.168832130960313909e-02
4.748548141431988695e-02
-7.833513765772509574e-02
-7.964926180172132719e-02
8.558666859037325145e-03
-5.512360325886286189e-02
-5.280761974307042472e-02
-4.200800789905071581e-02
3.816377582403914642e-02
-1.507328006800253556e-02
-1.244452292921341928e-02
3.197584482651189258e-03
-1.491143159128700997e-02
-4.367147507662827444e-02
1.981939929496526458e-03
7.224181898498500953e-02
-1.316037422991579720e-02
-1.793180030316437329e-02
-3.068105701278768180e-02
8.588726371763720502e-02
-3.178248152379160862e-02
-1.829566254614294063e-02
-4.460670891745207450e-02
8.233446745555020319e-02
-3.474423062389692812e-02
6.595869896510106467e-02
4.985930430399619639e-02
-5.209689087372081778e-02
3.354062887292922485e-02
8.236991739438224991e-02
6.686686194354403423e-02
7.931694830813396796e-03
-8.777740696342124782e-02
-2.648229162606913819e-03
-1.727746906377485014e-01
-5.768091774580479808e-02
1.338711814489516698e-02
2.386472920480593729e-02
1.260121505118973716e-02
-8.362216528150799577e-03
2.357570195231876303e-02
-3.492321041076574401e-02
3.406220093947737865e-02
-5.478294461221073358e-02
-1.169445989328412733e-01
-2.001595139601111684e-02
-1.809931398541574088e-02
-4.414317976510645503e-02
7.828096200957695983e-02
8.310228938428194934e-02
-2.599752643381073036e-02
4.282915739126954419e-02
-5.484828105449832125e-02
1.452772077490113722e-01
-2.518679142122964495e-02
6.296282293823494969e-02
3.929702047152580646e-02
9.537763638530833560e-03
2.329658032867270787e-02
-2.021274096076206700e-02
2.158463663186929726e-02
-4.225673416844460267e-02
1.298235447488329530e-01
8.318346804803802841e-02
3.723804053141914309e-03
3.500031826814876262e-02
-5.036096334270280528e-02
3.793374134057488078e-02
-5.712976448627909293e-02
-5.947346340879476612e-03
-9.669861305336589427e-04
3.461600022314557240e-02
-4.152761882364333634e-02
1.822408420074999452e-02
1.054515930699438803e-01
2.551289693509808942e-02
-2.455598605033774973e-02
-3.519737921999124830e-02
-8.467375633782839306e-02
-3.785096827765602190e-02
4.264515694320728662e-02
6.966140267187595492e-02
3.166039125598628379e-02
-4.980590889373624763e-02
-2.360565630254719133e-02
-2.555486016412703357e-02
-4.587490079620563932e-02
3.480105229618753182e-02
6.187836012045209999e-02
2.480854566239960521e-02
3.046320102505615732e-02
-5.871968576205005563e-03
2.591488906443763923e-02
-8.834202780736448435e-02
-3.546459373499610823e-02
-5.761028925523223321e-02
-1.985912358048903120e-02
-1.598910973178142283e-03
5.018842899925799600e-02
1.123025905788695294e-01
3.455632898639382500e-02
3.696807822211246874e-02
2.320169661679399517e-02
-3.109214060969373115e-03
2.695728688303221030e-02
3.939482159463855021e-02
-6.469596875156469196e-03
5.055117177048396720e-02
-4.148090632051248949e-02
5.350396509656857183e-04
-5.632537314696268137e-03
-3.744473572501120368e-02
7.643033950899802420e-02
-6.050361488488371908e-02
-2.095505250288932225e-02
5.923834041736418532e-02
2.935984288102503129e-02
-1.553334903493105643e-02
6.256961696598391243e-02
2.998108185694023375e-02
-2.298031259687248473e-02
-5.024664153039273135e-02
-3.312513523578570346e-02
2.191793390366348487e-02
5.887478348486360064e-02
1.228074081947068928e-02
