-2.527467441603761245e-01
9.982978963535994732e-02
-2.302705513174262419e-01
1.020599748819345058e-02
2.967608639981898430e-02
5.992514940473384066e-02
1.740674259574915006e-01
-4.236867689666092007e-02
5.403235364981236882e-02
-2.094349586273735464e-01
-7.868022825705346668e-02
-1.423613012243760967e-01
-3.939738253729517525e-02
-6.905452030924127960e-02
2.498095443304076957e-02
3.115641951319445685e-02
-3.354404413098033277e-02
8.254753594952277118e-02
5.217200791707216068e-02
-1.880906456569328422e-02
5.324093154225752189e-02
1.139179807020703449e-02
-5.185192886511322263e-02
7.988686257914683064e-02
-4.151208841022939466e-02
4.820683689951670015e-02
1.221135385235322945e-01
-6.456106284666748851e-02
-1.514570326265706202e-01
1.400076086263145336e-01
1.039385541999863494e-01
3.026362387161647335e-02
7.234998896432578985e-02
2.751792544032211074e-02
2.780065976942352676e-02
-5.641282784198583394e-02
1.082717771249730593e-01
-8.547440016428779763e-02
-9.907834490736537603e-02
2.085272445978133271e-01
2.890585555362454664e-02
-8.204248838774474972e-02
-2.934190150824285068e-02
-5.704512047773006161e-02
-3.035641689490473430e-02
4.585268927437072262e-02
3.816357659787467105e-02
-1.432601747277246207e-01
2.614257357571058565e-02
-5.114712441327228659e-02
7.642082377127185078e-03
-8.255757904731474139e-02
-2.484636392185454387e-02
3.267237474689355103e-02
-4.197852367370041686e-03
1.847916992948459014e-02
1.796326672154956172e-01
-1.806067501955128029e-03
-3.045350017356043132e-02
-1.616258804035141661e-01
-1.286829595529949063e-02
-9.952352390560678663e-03
1.269970192013281929e-01
-1.807582092107573937e-02
-5.363144228649864044e-03
9.140493066528200539e-02
-8.933777512267029874e-02
-5.373437591338268288e-02
-6.141750823391198960e-02
-2.859224438665137688e-02
8.746182846132120881e-02
1.331919529403083856e-02
-1.229163363081977878e-01
-2.937138076292672081e-02
-4.930280213429079350e-02
2.793148005619594185e-02
-8.381176369973061466e-03
1.691433178614432922e-03
-5.386337609181738456e-02
-7.941717712221562156e-03
-1.627089098683167506e-02
-5.746173027545646572e-02
3.611137194517979876e-02
-4.143736646257975553e-02
-1.022117589165251125e-02
-4.814748836693374251e-02
5.134311107892139403e-02
-5.522777480446808968e-02
9.292433110404889340e-02
-7.656558738798845132e-02
2.953444296882416081e-02
-7.706608467892220315e-02
-9.941074219253840175e-03
9.726723960554696166e-03
9.036122854134766985e-03
-1.377428738232582169e-02
5.239022590598892831e-02
-7.040985098213807525e-02
-5.211558455860336447e-02
-3.140041153625048459e-02
1.975847857734767607e-02
1.062419338032842414e-01
-4.642082309121090683e-02
1.229279069969160393e-01
-6.743956418274498973e-03
2.687727980738521122e-02
-1.473679967362475675e-02
-1.090807177752782867e-02
-5.368672807725638485e-02
-6.681718463705432764e-02
-6.571517404244428540e-02
-8.398282138154009036e-02
-2.798858595529137711e-02
2.613555315783658642e-02
-2.521058060100277859e-02
-3.115141421526577276e-02
2.247482776169657664e-02
-7.477053804186335750e-02
1.174782426183560748e-03
8.502506091841733823e-03
5.192405065799471364e-02
3.800256201385714648e-03
-4.998147503071185063e-03
9.699256575622679233e-02
-2.022930160198995256e-02
2.312223379703065920e-02
-3.582408734523411659e-02
-8.121502163471648605e-02
3.240228367035224294e-02
7.862250482120058601e-03
1.995150756694800964e-02
-1.386329718042642600e-01
-3.572687405884001494e-02
7.320745500299158381e-02
2.882544576741959130e-02
-5.480999493709601961e-02
4.010257701235132866e-02
-1.922798200077641823e-02
8.974476434775455203e-02
8.191576334473218979e-02
-2.525559578042632994e-02
1.154826238338030157e-02
1.188390986201351765e-02
1.262771663537665991e-02
1.432461013900420202e-02
-4.001660939532945827e-02
-8.351485852714278513e-02
1.200773898265307255e-01
5.154351800767635085e-03
-5.454442162946437044e-03
4.115193447290638185e-02
-1.075188373079867948e-01
7.351937606936546660e-05
-1.261663347567743183e-02
-8.811176964755421809e-03
1.179982735719855257e-02
-1.011323046645287577e-01
1.300704671411475298e-02
-1.142306818148746822e-01
-5.547101928302827084e-02
-2.780543755380999668e-02
-3.663007031949058051e-02
2.289631284961325675e-03
7.749689782206961586e-02
-3.025679846535008627e-02
-2.362958899616540362e-02
5.290798172419625828e-02
-9.958397750396622353e-03
-3.756040569553369818e-02
4.672530121456095614e-02
6.608007326221916611e-02
-2.409462667644855088e-02
3.797555290620301810e-02
-3.149115693765882490e-02
-3.337038629440269508e-03
6.500825696485423855e-02
-5.478425340489136847e-02
1.436865026038969782e-02
-3.311547362132045286e-02
3.234121253523538492e-02
3.839359278905189743e-02
7.545467126329749585e-02
-2.592107289139903431e-02
-3.221624259669130571e-03
7.597489722853457972e-02
6.623894271855295616e-04
9.154546903050037043e-02
1.461109519135867230e-01
7.390247637251735890e-02
1.723983866118177638e-02
7.892932308384196724e-03
2.951325170746376195e-02
2.056979186887884087e-02
-7.089341476514426921e-02
-1.638845048428653334e-02
-2.484038356588780597e-02
-3.703731956005165693e-02
9.282162499070708422e-03
5.903700153980390858e-02
3.905692477234088290e-03
-4.364463784526001477e-02
4.182543956172573782e-03
-9.384641098870315570e-03
-8.118830504447376029e-02
-1.765017558553002262e-03
2.175292729225507607e-02
6.342017993827366029e-02
2.517502348454836447e-02
6.437040649829309930e-03
-9.969155890749831911e-03
-2.392678668616464097e-02
2.363049905033425338e-02
7.529570430115990753e-02
-5.633147549967743029e-02
3.011668262528154755e-02
1.832059299056220530e-02
-1.412846096368208966e-02
5.281564372799242145e-05
6.402036066263126768e-03
9.533369951608340609e-03
3.965915311857840658e-02
-1.374857835205576563e-02
1.062442739425755768e-02
9.249943331299902149e-02
4.131434664011178481e-02
-2.950363113482161286e-03
2.949664321888221738e-02
-3.128470464906792786e-02
-1.582060918485776388e-02
4.791607459256862905e-02
3.199019164153549949e-02
2.528549756026002640e-02
-4.698791684614384012e-02
-3.971216377391400751e-03
3.903846367348703938e-02
-3.028071988921704483e-02
1.816757388245673899e-02
-2.310728290711381097e-02
3.397839998499935232e-02
-2.936559541856759159e-02
1.427575973129763601e-02
3.344735087553985659e-02
3.894349302058046358e-02
-5.084020864482710622e-02
-1.561847965356891188e-02
-1.554050751245909280e-02
-8.760376440972744705e-03
-2.968489442409608450e-02
-1.240660597428033113e-02
4.353296119796808833e-02
