-1.998071990282719868e-01
2.394166861017014702e-01
-2.013391634430189148e-01
-4.928062393992019286e-02
3.711306094404558109e-02
9.040031895867706169e-02
1.635064976176849594e-01
-1.429445098639035676e-02
6.245506732897457280e-02
-1.681622533369556971e-01
-1.770009799592654476e-01
2.055278309364236278e-02
-7.492957033794668542e-02
-2.815789215256452277e-04
-2.960901004189454150e-02
3.689333991338428903e-02
-5.850137614212585352e-02
6.367172385777031263e-02
5.104083817881384377e-02
-3.252946203607445103e-02
1.022394751291718917e-01
1.061380992758182568e-01
-1.362778255613929790e-01
2.396166138946512203e-02
3.942368811195187672e-02
1.615769948741364870e-01
1.342318484645468601e-01
-7.779054606661291171e-02
-1.321663356030000624e-01
5.543979675385633105e-02
5.214008701464747236e-02
8.213002837614169493e-02
2.705806400245641327e-02
-6.524533453202735478e-02
7.168779202618624780e-02
1.638783530136510421e-03
1.292712125162656378e-01
-4.168710116648770975e-02
-6.667376261227342393e-02
1.775267720316125175e-01
2.902602677700534539e-02
-8.076284668835914671e-02
-3.163384216772199831e-02
-2.858159617609694336e-02
-5.476193468445718707e-03
4.534675817490937261e-02
9.698062106603680399e-02
-3.334146754414304276e-02
1.631178421077588564e-02
-3.159818215571486011e-02
3.828475624831608609e-02
-2.770200400267187890e-02
-6.176783967880460080e-02
9.361660744236020848e-02
-2.718934305387978728e-02
-5.122094054992568785e-02
8.942887328861991170e-02
1.071336508565192275e-01
6.198308711590181340e-03
-7.945658955177652139e-02
-8.552735257060112284e-02
8.906171677510241191e-02
6.369856541915475123e-02
-2.090999471211454908e-02
4.423415292663625265e-02
7.901199803023631341e-02
-1.079771002560417498e-01
-3.438777349211408988e-03
-1.417926399814709720e-02
2.563639458874600666e-02
7.699730390421233306e-02
-4.460143817665918747e-02
-4.643976329022911353e-02
-4.983325757365168231e-03
-3.181024336430241656e-02
3.264046508789088252e-02
-3.099649991341038233e-02
-1.155152663321346420e-03
-7.540435057001279584e-02
1.174830038177990602e-02
-1.668051774648502891e-02
-2.095617893344147928e-02
-1.145722714297799137e-03
-6.212894557656636896e-02
4.221755993715700650e-02
-3.517551216890706101e-02
1.239375625434693678e-01
9.050910130577463630e-02
6.568754442821692074e-02
-1.030291448535464727e-01
5.052589215705018122e-02
-5.902481877324862458e-02
-3.131486529136576907e-02
-1.342992098410187955e-02
-1.130918016172093726e-02
-9.697399113600660338e-04
4.848393807599907929e-02
7.132131137932230629e-03
-3.966117478036400301e-02
-3.714849566716819235e-02
2.237723684875103994e-02
9.809535046664970281e-02
-8.181565382985496460e-02
6.585152255202228466e-02
-3.650587521613349318e-02
-2.771568225637497697e-03
-5.870062806842202751e-04
-8.990088568581902292e-03
-3.236664254081805803e-02
2.777145734735725346e-02
-2.052381737991815919e-04
-7.341321522448449044e-02
2.455204700341716631e-02
-2.281844903702342012e-02
-6.952878427756298274e-02
3.399255242041047693e-03
1.579603358585321068e-02
-9.579264059382802676e-02
3.994748476846460283e-02
1.607124005035952957e-02
7.172724976510387596e-02
-4.380645807143516979e-02
-7.149896775683078909e-02
7.147489403031333233e-02
-1.256706455638413600e-02
4.368599288646882878e-02
-3.472065391105794152e-02
-4.537388939343104527e-02
2.890089489371677409e-02
-2.953279803067351394e-03
-7.013014467860385903e-02
-7.589747575410421554e-02
1.061570879103707933e-02
1.242397393058655708e-02
1.866521626674128367e-02
-2.359505200609575068e-02
5.454871484732067011e-02
-5.384146867055463262e-03
4.524779198635166949e-02
5.158639130474609175e-02
-5.354495631439783881e-02
-2.869552798341215225e-02
-8.927522626937616640e-03
8.423908636065387256e-02
-2.936878772274179039e-02
5.195518920870795948e-02
1.506864014598566920e-02
7.708870682307537858e-02
-3.940122359175243782e-02
1.996374921299745239e-02
2.823748349705337141e-02
-3.596646925833604791e-02
-7.950251630009256762e-03
-6.408355193867580624e-02
1.727305969690320908e-02
-5.394510155743456603e-02
-2.972558094757129024e-02
2.299069848130336907e-02
-1.362673657203259114e-01
-6.879794713617490287e-02
4.406180692997722220e-02
1.912593203558796487e-02
2.561534617010641657e-03
-1.479549346556640645e-02
4.313757537329052094e-02
-5.895742521265030095e-02
6.485320313645431822e-02
4.340505764747038669e-02
-4.698737620024841244e-02
1.630283702364774059e-02
7.947458047841189643e-02
-9.940003058104067771e-03
1.179837888239642224e-01
4.543777488425610606e-02
-5.205203124492588374e-03
5.075642705416850281e-02
-5.139817853379147206e-02
7.554390094191074101e-02
-1.169828624941610757e-03
-2.708426188131363849e-02
4.992366278459756807e-02
1.994659507364745024e-02
6.280358923332948762e-02
-3.766324858417369192e-02
3.212648458991802791e-02
-9.231823541673582836e-03
1.065939874257109121e-01
5.643512304567278176e-02
5.491204144980128821e-02
1.680925425192594455e-02
1.823600875760126791e-02
3.125419821317673708e-02
7.485319740609387013e-03
-4.720468342143268464e-02
-2.242161875900179624e-02
2.518343519435214256e-02
-9.477053710887986537e-02
3.993374214650878724e-03
7.315915373099683705e-02
-1.411969118025431340e-02
-6.081609069407989399e-02
-1.631001408382607223e-02
-3.807652495076540439e-02
-1.580565663963491921e-02
4.574912412266496364e-02
9.970693841001181112e-02
2.435565946436704394e-03
-9.234961493993706916e-02
-1.258982195213345368e-01
-5.911342167311833817e-02
-1.025054769335391885e-01
3.015939078678081878e-02
5.077136048879964808e-02
-1.867155653963424936e-02
3.849762206006263759e-02
-6.513133835645943011e-03
5.158433152065904082e-02
-5.137075765813255840e-02
3.829309193704338171e-02
-3.672118702148342850e-02
3.176695571434790671e-02
-3.219690345839421042e-02
4.925497319121108913e-02
1.028708955042332424e-01
5.889930068044373079e-02
-2.738289838981020768e-02
3.777573210580269930e-02
-3.932810125666199447e-02
2.500619721048636182e-02
7.298394334709175368e-02
3.902672909742480739e-02
2.622916182804871030e-02
-2.414971323978793924e-02
4.036069676680358737e-02
-2.573764585027529328e-04
-7.169245872450846768e-02
4.029806645690658246e-02
-8.460524516625420044e-02
7.479108204221862448e-03
3.082888498332630664e-02
6.240952679017484732e-03
-1.688250532352182989e-02
2.349972262381675239e-02
-1.188270129346022212e-02
3.850380141232380427e-03
-2.757577785908706114e-02
-4.769256259292739553e-02
-4.008597306419266725e-03
1.220261150948090054e-02
5.333299165818937426e-02
