-2.567061716796935622e-01
2.048720542735585071e-01
-1.960527931029262538e-01
2.169559448859997852e-02
3.897077048202537281e-02
8.707997429239085208e-02
1.133273509557687908e-01
5.466699185844327985e-02
4.789535437449843336e-02
-1.037348369476995130e-01
-4.808810518097406811e-02
-1.881697452658865899e-01
-4.206313421633166294e-02
-7.359730249583867900e-02
1.671457961604170400e-02
1.188264240966954433e-01
-1.050440086056876193e-01
1.088285028220972311e-01
9.227378196509543329e-02
-6.690838936332024756e-02
-1.769670547595133397e-02
2.536723319303065688e-02
-4.151739890908472813e-02
-8.560624014215442376e-03
4.423285045629860024e-02
-2.492061713339312201e-02
5.527288723172549267e-02
-7.847977756618280953e-02
-8.749690229677811737e-02
8.002348826915037239e-02
4.389332953971084028e-02
5.410520250524585711e-02
3.017601644310946574e-02
5.224484193629091305e-02
5.050234737773256349e-02
1.542640433237526393e-02
5.455757893381255053e-02
-7.587298907308817619e-02
-8.545824297120530044e-02
2.232244192567362506e-01
4.802095768517265079e-02
-4.011398216181190357e-02
-4.242818481533325997e-02
6.040615990313905580e-03
-9.964906521078803481e-02
3.235224292251705214e-02
5.116291512830689614e-02
-1.473505098880203423e-01
-1.325505201129234707e-02
1.430105320477144696e-03
2.466402507837126695e-02
-1.211982986095548748e-01
-6.703842372701691128e-04
7.878984902268303114e-02
4.068078201342699429e-02
-6.773682585339811657e-02
7.763866144745613929e-02
1.173140375300941313e-01
3.146340777124116694e-02
-1.022686015025779521e-01
-2.976679165397657680e-03
-4.242150415077637626e-02
3.634155404363260261e-02
-8.218870528604838022e-02
3.786450696744124433e-02
1.765910969530719299e-02
-1.103413665790240333e-01
7.380937951049676427e-02
-3.666996324264104601e-02
-7.172105830604949550e-02
9.349354860710024084e-02
3.108451865280028540e-03
3.950897299913417975e-03
-2.806727830973578322e-02
7.136858508062693743e-03
4.082802931386461665e-02
3.494226158417296224e-02
4.581596344614252692e-02
-5.468294364932401418e-03
4.802497971791609005e-02
-5.893709540108779329e-03
-9.838791935055841986e-02
6.788611825523070860e-03
-8.319417938688387915e-02
9.683998210470791054e-03
-4.664232074980217968e-02
7.193064711401035705e-02
2.420282062878297002e-02
8.806060041127750093e-02
-7.107804434244864578e-02
-3.521119241761111636e-03
-6.452342620153303510e-02
9.152510442942128925e-04
4.615844975975299386e-02
4.553513693959031911e-02
-4.705178413409781546e-02
2.001104446956569055e-02
2.200154165728703329e-02
-7.583961983532695739e-02
-2.376278297863257741e-02
4.644513889030411208e-02
6.462131838830545427e-02
-4.408205831344304271e-02
7.350503433790242513e-02
-1.622491417204011480e-02
8.261459765155024920e-03
-2.015416748219013218e-02
-2.154667702202313351e-02
-5.005228873074683144e-02
-4.052518388229325863e-02
4.678135355963668196e-03
-2.807689028629212907e-02
-3.524732254225552974e-03
-8.094749916441967494e-03
2.738578235488629484e-02
6.230230974650591801e-03
3.174096211556143299e-02
-9.074322808110216187e-02
3.896276050156175647e-02
-1.272036025157823567e-02
4.442263586575153494e-02
-5.107425998283507407e-02
-3.408161474712436290e-04
1.268987119828160204e-01
-2.918257435548101547e-03
-2.554672492546225613e-03
-3.569891501528748429e-02
-6.263985373174521532e-02
1.373456011836559840e-03
-3.423571313723512699e-02
-8.271879556762380681e-02
-7.661355437322894812e-02
6.063333658309663643e-02
1.771091893064635769e-02
3.766497324133896707e-02
-1.116042507754393814e-02
-1.626077161649853650e-02
-1.134806313053215651e-02
3.683040144707620811e-02
5.304924848497791917e-02
-3.829793212308124379e-04
-1.780420963928009900e-02
-1.537725372884955928e-02
1.773307419575849420e-02
4.812341726506050299e-02
1.083641284653467235e-02
-6.071135720131462521e-02
8.735514268508366709e-02
9.516879341478741774e-03
8.278945382081992141e-03
2.867341227818074115e-02
-4.387938876520181691e-02
-1.013225035122429854e-02
-6.423264686819198099e-02
-4.563405167706021531e-02
6.440613963653167573e-02
-8.143828941418849998e-02
1.938630007842653824e-02
-6.746203239596106072e-02
-1.036790397646401712e-01
1.361287658536506446e-03
-5.024336937108324352e-02
3.493575134473231314e-02
9.540384373511560934e-02
6.307419918301294948e-02
-2.709578697707997960e-02
2.954295530629744496e-02
-1.339861812921902713e-02
-6.072724082214886465e-02
2.201152856909912442e-02
4.983806435962404718e-02
-7.759574840318508859e-02
9.223577716417229178e-02
-3.762417346850938094e-02
-6.701129204851034860e-02
6.490705313820559208e-02
-7.829333248900831321e-02
8.133034214555749652e-02
-2.767962934031979738e-02
3.132239803005819334e-02
4.848805884378311337e-02
6.885965468928147148e-02
-4.787241515385154932e-03
-8.825839580119405892e-03
4.324390759173908638e-02
-4.197229762937188056e-04
1.136314916182236123e-01
1.328363230328701017e-01
8.213696422075571213e-02
-3.320378905835804501e-02
-5.841695794630118871e-02
1.090570769880080254e-01
-4.353373254442915313e-03
-2.174934657026435930e-02
-3.958631191688718326e-02
-4.868684269937389314e-02
-6.875658157897514278e-02
-6.047023974684801947e-03
8.376172910901046043e-02
2.022383726971200418e-02
-9.764858111125460094e-02
3.337537306539577805e-03
-4.319240512160916340e-02
-1.179196602231903368e-01
2.024653789519613792e-02
2.468512370776267811e-02
7.590288163847794256e-02
-5.756176471297251226e-03
1.988946319163490545e-02
5.105956933781456014e-02
-7.331463539803100005e-02
-1.428666932496018040e-02
-1.945470872008818377e-03
-4.937034967059510809e-02
3.245241880584718436e-02
2.701480096183929078e-02
2.089047215442473709e-02
-3.502314534434389920e-02
-7.851505556524597529e-02
7.674819021506427974e-02
7.481318344519304053e-02
4.295227613281679679e-02
-3.771405567481817683e-02
9.161665680186931171e-02
1.370923494609125812e-02
2.039927288437691846e-02
7.050037136841696972e-02
-7.686036402657821232e-02
-7.690859433447617965e-02
3.908509165000403213e-02
-1.419310593614044221e-02
3.986720659348588769e-03
-8.383160340667182575e-02
3.014411286134798321e-02
1.012072961336598666e-02
-6.839562118276347469e-02
7.256899142942604963e-02
-4.749942274443282736e-02
2.937982438502557622e-02
2.021385035789991652e-02
2.994778312743115109e-02
8.570474585934531597e-03
3.871837088486319856e-02
-5.763242296616861993e-02
3.812205340311408328e-03
-3.576885748299535317e-02
-4.657309406758254784e-03
4.651981917624365553e-02
-1.775342295463841827e-02
6.590247215718250673e-02
