1.543879875780863886e-01
1.883999809889414234e-01
-1.709513464258731741e-01
5.160448483917547818e-02
-2.599505131006776826e-02
-8.459829015668507424e-02
-1.071510546966817495e-01
1.152839311889975460e-01
9.303526203180290111e-02
1.451583822654561873e-01
3.716477744770833175e-02
-1.025144507622017531e-01
-1.024047252624434579e-01
-2.722346476148597080e-02
-7.688140941297341713e-02
-1.726955889930029964e-01
1.327919536264554334e-01
6.927404369811260287e-02
-1.327991447157938210e-01
2.447927491299098715e-02
8.407116576893952642e-02
3.023674166517467676e-02
-2.283184545544652555e-01
-2.400820594360022694e-02
-1.228544644950520237e-01
-4.514636043604153097e-03
-8.620884861909015873e-02
2.591889592005009249e-02
-3.454904500973601800e-02
-8.971494315260765406e-02
-5.673650221134299287e-02
1.529281613639106715e-03
-4.414606236983057569e-02
-4.958427983387476978e-02
9.739376374055276619e-02
-8.885317002199311087e-02
1.672836803923918869e-02
1.339847273375429498e-02
-3.149735716543498876e-02
7.310956028029705345e-02
-1.328285404858697491e-02
6.475737310240295419e-02
-1.658952739728158932e-02
-5.218043847745285069e-02
1.104485725609016533e-01
-6.359995850376953808e-02
1.297095721081491515e-01
9.878844920886814540e-02
-1.063491254607563524e-01
1.380815435513449256e-02
1.366371167918986884e-01
-3.610389883863209665e-02
3.641287013079039930e-02
-1.115443191836478810e-02
-9.432267749428040193e-02
3.252410440901735283e-02
-1.145267270209084087e-01
1.524356594404430686e-02
8.533648178613321630e-03
-7.794127074599689620e-02
-6.724029839776497763e-02
4.629072583841212923e-02
-1.188767748148751233e-02
-3.230356597647883465e-02
1.352274177321841631e-01
7.567548127016937576e-02
-7.525001433072930727e-03
-2.736128812739082455e-02
-9.566604313965894769e-04
-2.036544563416893203e-02
-2.359666516253742380e-02
-2.537910819937208573e-02
-6.651301617702043249e-03
3.150153150509970440e-02
-4.183375882345332503e-02
6.590054583629791768e-03
-1.692866618617650670e-02
9.821179400089921629e-02
8.530245565609308189e-03
-4.115625297232419072e-02
-4.624224737272607244e-02
-8.350149117940150467e-02
-5.677926288404292615e-02
6.290515895974371774e-02
2.192966541844719452e-02
3.875299091543758095e-02
-3.234071409164637062e-02
-5.448144675179616286e-02
-5.623782647458977187e-04
6.563268652806440728e-02
4.926071589213224834e-03
6.422214558472001678e-02
-3.304452880620860344e-02
3.512538451134374767e-02
-8.042324892227534217e-02
-4.459597901302112671e-02
-7.438343544772764437e-02
-1.531810772377141701e-02
7.819001228013569560e-02
1.391075892252357366e-02
-9.380716408492999203e-02
1.338104574261620994e-01
-4.800543232152770096e-02
-1.610628619374244834e-03
-4.760143341464905670e-02
2.590184777654544815e-02
9.067023552310572720e-02
-6.656633547357818093e-02
-1.081989191879797335e-01
-4.526415398725264910e-02
-1.926064876240171642e-02
7.153029182613505899e-02
5.376696817792238348e-02
-3.218608813162891075e-02
5.706943210846770337e-02
5.528993566433754864e-02
-8.125043466709652717e-02
3.988672753698119938e-02
-4.913485428946830214e-02
-1.005066635404414654e-01
5.391731456282139456e-02
2.175146671679367705e-03
-7.041900543472101766e-03
3.652361290660145060e-02
-4.732968039462744775e-02
6.486152112311344489e-03
2.855037859759768787e-02
5.797336957754436332e-02
7.870980526460454735e-03
1.708560732617607839e-02
-9.098695916035565157e-02
1.651372279210968838e-02
-1.693420858673974627e-02
3.945912080998192212e-02
-8.482661601279978258e-02
3.181583472691378207e-03
-1.392717565330582781e-02
-1.298024599353102548e-01
9.874281210043285573e-02
5.016058425699792406e-02
-1.535837782406634586e-02
5.131210567022231883e-02
-5.977878902177726633e-02
3.838982336460709799e-02
7.261947877226531366e-03
-4.534476434481166801e-02
-6.754260477785356542e-02
-4.800978205361530748e-02
-5.382169061386322256e-02
-9.759535979141946080e-03
3.728001026954529812e-02
4.654413281099972072e-02
1.823853187878357943e-02
5.294055415976191975e-02
-3.423628524124335687e-02
-1.342839468109887193e-03
9.830170015687125784e-02
-4.387423919283980900e-02
-2.015111609340063115e-02
2.162792029411185132e-02
-5.807593906644887422e-04
6.280627271171984605e-03
-4.050996697246900258e-02
-2.538040610330144844e-02
-4.375690166192819711e-03
-7.516200241292445017e-02
-9.032534386274009355e-03
7.134406015151330271e-02
4.692070034293879116e-02
3.297787968551142007e-02
-1.418194717894348811e-01
2.226368274859380145e-02
3.152233304645413875e-02
5.018278893773545080e-02
-7.899288863514469100e-03
1.080918947315339003e-02
2.097612697217799901e-02
-6.534756860541877932e-02
2.001936130532767921e-02
-1.397653108110631821e-02
2.123693550501144084e-02
-1.210666193715924377e-01
-7.537278902675044467e-02
1.658535305761687020e-02
-6.913337897495696986e-03
5.111601694143429707e-03
1.120855802006781414e-02
1.066073732642156338e-02
-1.094024269153479577e-02
-4.078294773945081997e-02
1.526861198203261763e-03
-1.012372080602517294e-02
-3.734104683271008591e-03
9.752257193592120399e-02
-2.988073012519799898e-02
6.589619610421031115e-02
1.789935801140408317e-02
9.093606027923374288e-03
-9.867577711640532407e-05
5.261155305290989015e-02
-1.671044293362010380e-02
2.278179196580294372e-02
3.652298149387905868e-02
4.520073208713659522e-03
1.414203137134279267e-02
2.493526013401343652e-02
-5.191159697165118048e-03
3.638708744462595956e-02
-1.153571399863107111e-01
-4.865603297498592716e-02
-1.116275253490656150e-01
5.503863340082459227e-02
1.613066574052378702e-02
-4.122658533390200636e-02
1.874815210272497146e-02
4.706385563849942166e-02
1.018907202279298665e-02
-7.765745072728064136e-03
-6.439066262463015444e-02
1.091807308928183749e-02
-3.783719691857372752e-02
-7.192303053946433322e-02
-6.964601594857201816e-02
-1.690949579435492289e-01
-4.773880076025440594e-02
1.601830935442217010e-02
2.201469566506296729e-02
-8.150766519450305947e-03
-3.208436052635426500e-02
7.584771662944471415e-02
-1.430798768187877337e-02
1.050846864056770996e-01
8.330743700271898977e-02
3.034348549374389983e-02
1.724237307375276612e-02
-3.573638155571401409e-02
-1.609246527081892655e-02
2.791072243132763572e-02
3.367183734590738654e-03
-2.810933681100523732e-02
-1.072559744440529372e-02
-3.272913815137262761e-02
-4.404454523546339232e-04
3.176651437759786534e-02
1.653189344712081496e-02
-5.560378286585210966e-02
-5.178885735411463409e-02
1.978107315959296703e-02
-3.260197864477932389e-02
1.145649274906132727e-02
