6.779637261653286007e-02
1.027552157726432241e-01
-3.288234317157466835e-01
6.607825441044452852e-02
-8.655929234620964724e-03
-2.516374751719510292e-02
-5.775195468738420629e-02
-1.066879533956257642e-03
1.101060748771199166e-01
1.779763246059972992e-01
-8.240564936623995945e-03
-7.478230575100072719e-02
-7.201808486847557922e-02
-7.583131234762327533e-02
2.314064855064657325e-02
-4.233255334681060994e-02
3.141889530872846864e-02
7.226056220398541230e-02
-3.981471626385470197e-02
-4.715548078863807807e-02
6.745087525538581708e-02
2.942455898021019423e-02
-1.645509484596363869e-01
2.202882739476804547e-02
-8.221250410340939785e-02
-3.639573052040050855e-02
-1.480697494454315810e-01
1.256817002095909908e-01
-8.633472251851190271e-02
-1.980670618406067326e-02
-5.220242493050885474e-02
-4.795717018277454585e-02
-4.572581865433390097e-02
2.995843087816834303e-03
1.443007721786380981e-01
-1.079516426631231540e-01
1.077030117824578082e-01
6.140308119330611242e-02
-6.589409747199842862e-03
1.103259431197550072e-01
-1.051461100589079229e-03
1.871901522210656435e-02
7.433710713014304861e-02
5.090534058087537589e-02
4.176196760078980386e-02
-4.804708799709748318e-02
1.204033758557773448e-01
7.677263190402439097e-02
-1.592459356964965600e-01
-2.000213309846573563e-03
9.998166086094961713e-02
-5.353549714815854926e-03
-1.679596322005268497e-02
-2.292966492096072326e-02
-3.669932846172463403e-02
-4.107159514710695403e-02
-3.816266224199210688e-02
2.184048742843533800e-02
-1.110360207461268539e-01
-5.946222539487534126e-02
-2.668070010946368281e-02
3.688704615944610882e-02
1.248433315378702675e-02
-6.947006775787495370e-02
9.964145278299803982e-03
5.584221231951499997e-02
-7.946515361434432212e-02
-7.218015127122295871e-02
1.807130273877146504e-02
1.059554049582927919e-02
3.528881837245503167e-02
-4.309866971867168210e-03
-2.954351599639060133e-02
9.367434621750801715e-02
-9.792568536944103175e-02
4.155433730750892479e-02
-5.113457742315734127e-03
2.323284801654402695e-02
-1.075361746536909746e-01
-4.121423294099255119e-02
-9.986298040859642455e-02
-9.056483539670624749e-02
2.777855479206790129e-02
4.083388853761655418e-02
8.964633235605028172e-02
7.239991580242284563e-02
6.501054518500662405e-02
-8.267702762169365852e-03
1.734342131602271964e-02
7.267475110571672281e-03
-1.180644064280720641e-02
9.791569450118292606e-02
2.885051618634921697e-02
1.416279210705287950e-01
5.124834886757749508e-02
-3.404400458616498731e-02
-3.854331777967371850e-03
2.281381924783647611e-02
9.358691747762999669e-02
-1.146955133078219821e-02
-6.848273489472110620e-02
1.304483814830588173e-01
8.063183811944641538e-03
-2.337306587694150742e-02
-1.206388699546500319e-02
2.431262233894413913e-02
4.470312019177508089e-02
-4.362251617789333208e-02
-2.813348989381861745e-02
-1.543879537895697339e-02
1.968570950965456076e-02
2.147231183345675587e-02
-6.032144006507231260e-02
-6.400018838323721926e-02
5.563845391981511040e-02
-4.715261143893072909e-02
-9.821915416059344428e-02
5.634227428959624057e-02
-5.267545278647993434e-02
-1.363570293695715030e-02
-1.998965315576270788e-02
4.081795154707335005e-02
4.341540444178847158e-02
7.666414974279971151e-02
-3.449145028811877872e-02
9.027216172655706805e-03
3.801131268754926601e-02
1.159931162146315003e-01
5.711537389809446391e-02
-9.480331433067380395e-03
-5.929587225280614354e-02
-6.400464797495104829e-02
4.966740631978727900e-03
-5.151658120949663411e-03
-3.340828805883529901e-02
-7.345984667022035543e-03
-2.482343572780832536e-02
-8.109484053668097880e-02
8.699197645388588584e-02
4.193979814168838360e-02
2.952415652848562264e-02
1.548916456598831495e-02
-5.139942185819312143e-02
5.517071534703949648e-02
-1.298453340578187808e-02
-5.963787799563460140e-02
-6.070147333414269847e-02
3.275137982824533750e-02
-7.767606221609719974e-03
-4.054567445918120377e-02
-5.581241256713268678e-02
1.136964264820115519e-02
9.459865709853547064e-03
7.383680316671298316e-02
-1.080545589773251464e-01
-8.243223406413090204e-02
8.457546544312548320e-02
4.180601039027363047e-02
-7.059260576205801663e-02
1.411692399630944290e-02
7.493372444640036822e-02
1.822973924128666601e-02
-2.527496074621351715e-02
6.850600082668548141e-02
1.346817439862229258e-02
-1.225348532721153294e-01
-3.651610492619539183e-02
1.934684968036065600e-02
-4.288488588023529197e-02
-2.098891283396514887e-02
-3.684991746564263843e-02
1.520959310715340115e-02
3.383509518518324627e-02
2.279176328261615925e-02
-2.538873219063365883e-02
9.714681249104971383e-02
-1.706388442766620939e-02
-3.406350233598357674e-02
-3.258046338302710704e-02
5.179131280135530063e-02
-2.009675249785131471e-02
-1.743820319665678742e-01
-8.633631276051838190e-04
-1.055371021696316705e-02
8.687212060526702806e-02
7.037339435851254488e-02
3.885341497093737755e-03
-4.440560665464965417e-02
5.782123392610129947e-02
-4.186706185513110884e-02
7.835813775496363806e-03
5.736486904071986387e-03
-5.243698562646469802e-02
2.301149324333765303e-02
1.265656327718452275e-02
2.512506315186354908e-02
-2.728582176340782831e-02
1.754140644582951811e-02
-1.995083050851754677e-02
1.260211477370177385e-02
-5.221006500623564389e-02
-9.266616735587791288e-04
5.323265975735926026e-02
3.368547415466049272e-02
2.215566648002404923e-02
-9.489112334581424266e-03
4.477105118183451193e-02
1.129740071948503038e-01
-9.293305144913939497e-02
1.959558427246121427e-03
-8.434100845860485751e-02
1.503878037337037961e-02
5.263310395043779150e-02
-5.554459507095436954e-02
6.142375433939036011e-02
5.103698496262922685e-02
-2.373128517414038741e-02
-2.502390993206004416e-02
-9.682053631589403186e-02
4.845495050128127701e-02
-7.191630938006082774e-02
-4.605569015924335791e-02
-3.487452575928851745e-02
-1.169130020744235249e-01
-8.239413739693217387e-02
4.623075506186979412e-03
4.228647089910107792e-02
-4.112365828757998630e-03
4.958098012378291727e-04
1.088640958700588246e-01
-2.063733106861940364e-02
9.040978680107442100e-02
4.159910607703918434e-02
1.059884197651664445e-01
-1.208570096733650387e-02
-3.523886403116451016e-02
2.922346250734724361e-03
9.373612366241193539e-03
-2.171402861844175594e-02
-2.223943074919147722e-02
-4.346027692275393484e-02
-1.194645108033427425e-02
1.474804265001170185e-02
-1.121227783051641051e-02
1.727849795758424484e-02
-1.936932049132179118e-02
-1.194866359095198526e-02
1.526653068508107558e-02
-1.662224656608391610e-02
-4.064295578540370879e-02
