1.294622629996880214e-01
1.616614156030107829e-01
-2.920021586711152861e-01
7.259572993976352862e-02
-1.310193625009405290e-02
-1.459334551706317068e-02
-1.185919875997113598e-01
7.566773120972454872e-03
1.238978372806805173e-01
1.487519530075183671e-01
1.591203892576532608e-01
-9.481820991507494689e-02
-9.894306204908889790e-02
-1.140206511175250181e-01
-3.970797121258187734e-02
-1.148981800725107361e-01
1.437385390027220433e-01
9.520686656665811043e-02
-9.218099429808816747e-02
-1.559252187984108695e-02
2.721756919467538741e-02
5.608081825478661341e-04
-1.898618971207983730e-01
-1.793016846992443597e-02
-1.120236616545532554e-01
-2.475865564217213585e-02
-1.198754834707197736e-01
4.409777184462015942e-02
-5.134405144321280839e-02
-8.529192120030205937e-02
-7.844567991068046586e-02
-6.137858347159443756e-02
-9.286303773927491456e-02
-8.272968502543895375e-02
1.413227108886315198e-01
-8.292428283336923667e-02
1.133042407777073816e-02
2.833592007032556190e-02
-6.094829975552571409e-03
6.449278247409948039e-02
7.831499692529619167e-03
-2.171233443484120798e-03
6.499718963020420515e-02
3.870809736662141759e-02
1.118867647280881103e-02
-3.892317581709372337e-02
6.662907835089426634e-02
1.734355340962237535e-02
-1.022041446690818839e-01
-2.233376024670851237e-02
-6.679818631888059799e-02
-5.528147082380807653e-02
1.212495253403350452e-02
-3.521345299181864730e-02
-7.456307636747709633e-02
3.876909544131315610e-02
-8.276487622237650721e-02
7.625364878684406933e-02
-4.762665630292972629e-02
-1.062439038548252529e-01
-4.218178554216678311e-02
7.480145709700264378e-02
-4.979088321080735874e-02
-3.430792959818802085e-02
5.390838006762355139e-02
1.147432753984235082e-02
-1.197800550898350976e-03
2.470247654219617436e-02
5.699547233735238749e-03
-4.122024156746531554e-02
2.841584530228910901e-02
1.652385215122590886e-02
-4.185466592955279508e-02
9.546851787145585466e-02
-4.296096936841353742e-02
1.566895969589190410e-03
5.483707892518331802e-03
9.958354183335210719e-02
-3.229017415864500473e-02
-2.068925342117058312e-03
-6.751050687094602154e-02
1.703507562025097189e-03
3.571709925717877349e-02
7.759275308976999741e-02
1.542813777522744623e-02
3.641176080321339298e-02
4.716485902852234069e-02
1.246938241108704222e-02
8.952722930740644736e-02
-1.414115448830630464e-02
-4.924231268773508058e-03
1.688242191461651262e-02
-8.906638314642979781e-03
6.175401964649023662e-02
4.511359269243609554e-02
-8.441191935039640826e-02
-7.259065733479955207e-02
-2.698603648185119580e-02
7.213393266535614301e-02
2.765562033709518738e-02
-9.185536476318235076e-04
7.740202314312473464e-02
-6.736324280808578778e-03
-1.877900550308270189e-02
-3.309025077658711567e-02
-1.003272491286321191e-02
6.920028669578738578e-02
-9.163327977710356009e-02
-4.323660204064324469e-02
-5.348611740815410048e-02
2.001973297348864575e-02
2.637973337353272801e-02
-6.651637140935105774e-02
9.546896172439020556e-03
-3.260239299417733161e-02
-2.897535362981495683e-03
-7.725577360125727988e-02
4.078868970015560314e-02
-3.352617776567825419e-02
-3.914839947749397531e-02
-8.303886029799291413e-03
6.671933901547189884e-03
3.944004255914120710e-02
5.359977546312804514e-02
-1.134938293882357604e-02
-8.126731642188855798e-02
1.911481195169749056e-02
1.587912406030537321e-02
1.389903271261982813e-02
2.584723666744001905e-02
-2.470422025015254000e-02
-5.247362545734576833e-02
-1.462590530017565151e-02
1.968053422030420149e-02
-5.288650379763187165e-02
3.583693954945256499e-02
2.741872968527780605e-02
-1.300938340214832512e-01
5.185175579254411998e-02
5.592521609751684858e-02
5.304727367120868481e-02
2.841413329811376745e-02
-3.137441044374336685e-02
9.747279920406333453e-02
-3.785548758352119680e-02
-7.511973135471071428e-02
-3.686601257773687579e-02
-1.535325344444684464e-02
-5.781457122390937925e-02
-9.489226994754891217e-03
1.379558327513587430e-02
1.915634390483999389e-02
-2.358948360553918960e-02
5.343304527871857446e-02
-5.681162211118951505e-02
-6.871467988183035946e-02
9.591176843396372054e-02
4.489889468733608731e-03
3.641023902172420973e-02
1.298596381910529715e-02
7.858409861863478729e-02
-8.846223589522102249e-02
-1.918991820894526759e-02
1.855663518297468242e-02
3.270438405773414686e-02
-2.486441945567090250e-02
2.422149848026877716e-02
5.087004821311087027e-02
2.789875663377445678e-02
6.839139642672038832e-02
-1.141583089347347479e-01
9.369637162351204807e-02
5.031665871532280815e-02
-1.576394422384223490e-02
-4.425911238625541977e-02
1.721955992203434357e-02
2.904694076736897765e-02
-7.037786023439192296e-02
-6.069695217956101729e-02
2.128782080691899933e-02
-4.523333787336680789e-02
-2.287079376386587093e-01
-7.475539150317359050e-02
2.607943515966572659e-02
8.542403085583244460e-02
3.514471919455685461e-02
-3.797558150604317395e-02
2.655426268807430795e-02
3.490589461209695626e-02
-3.991965735848453101e-02
7.875314317905907774e-03
-2.688984721022192464e-02
8.052728676520744255e-03
1.182113203009464708e-01
-3.853917962132123037e-02
5.431393483449292042e-02
-1.875655922611713794e-02
-4.864282589233694110e-02
-2.036543100178317411e-02
-1.188184794113526094e-02
-2.571100552037641068e-02
-9.300557793876246954e-03
3.954697941253788873e-02
1.282585972493000687e-02
2.524648172080089237e-02
-2.397807684956028765e-02
3.719490760208825353e-02
3.731839382917988279e-02
-9.014332888406158262e-02
-1.438622471562808628e-03
-7.364306434591813555e-02
-9.906607271946515220e-03
-3.041692455301307427e-03
-4.746246242100223521e-03
5.166942734787043773e-02
-2.525551729839296128e-02
-1.493470012735730219e-03
-1.845790960886342646e-02
-9.222493573858855931e-02
1.517669508791967721e-02
-7.061364125387342705e-02
-7.007014333576511156e-02
-9.549242252234857453e-02
-1.058203730441148183e-01
-6.726451723397454396e-02
-9.340694780653656382e-03
-3.240024968636314590e-02
7.912953046738561980e-02
6.292801065783895642e-02
6.190277378705864864e-02
1.055387166534904001e-03
4.778821877103216209e-02
4.706673582625055252e-02
7.005023336128152200e-02
7.499336008354581806e-02
-2.737722943591632679e-02
-1.317295271958962913e-02
4.042447666374258952e-02
5.860808515917934752e-02
-9.564035236461032596e-02
-7.653387850732236604e-03
1.438273729971535587e-03
-4.418175516055488153e-03
3.025409393366964780e-02
3.305632773089056675e-02
-2.724261518168498430e-02
-3.812836202680174036e-02
1.406376555882474406e-02
-5.761880037608118482e-02
-5.744630010352518891e-03
