-2.565593256123390245e-02
1.681146677173578907e-01
-1.843062200661086947e-01
1.159627357937466630e-01
-1.279948648806654987e-01
2.390426266220974441e-02
1.247265071946835474e-02
1.894063932770873593e-01
-5.930838756037327270e-02
1.960163536676215457e-02
-1.119204585575777622e-01
4.328948183682127665e-03
6.504916715853330256e-02
1.229406299989650730e-01
-2.217056720246685098e-02
-5.423591535910959882e-02
1.595235429416198281e-01
5.705389340196728373e-03
1.909192035798857601e-01
4.823537718230539589e-02
1.459064757745308361e-01
2.916048818058642605e-02
4.106032276559234973e-02
-2.250971562627288730e-02
-1.083396019363767893e-01
-1.732361342311779934e-02
-2.430729099454004283e-02
-1.860111301349733764e-02
-1.746523688903792448e-01
-6.307717072316387785e-02
-2.849487530658051382e-02
1.879284803317235186e-01
6.122350327472649185e-03
-3.886803265391291368e-02
8.967943943953682329e-02
1.177563022377134394e-01
6.831883924592521695e-02
2.009700039814244291e-02
-9.297829123822992647e-02
1.322514224066938526e-01
1.166531251343303974e-03
4.695403296780170654e-03
-8.169004762928038779e-05
-6.698528043541068788e-02
-5.040525674994493499e-02
2.987325520517480903e-02
2.272514601736603385e-02
-1.391611320387703410e-01
2.141071174736649749e-02
6.659602045784976387e-02
2.132636003688203816e-02
4.970632380019641972e-02
1.243566674979548481e-01
4.704840698903714480e-02
-7.906459653294722889e-02
9.983667349524733003e-02
1.443902808881017668e-03
3.238918380402269759e-02
-7.587848751519379875e-02
-4.611639780926671955e-02
6.310079708850798927e-03
2.342486760796052073e-02
1.949061116566599416e-01
-6.682433198276056807e-02
-5.750775620882794814e-02
2.083766559265731733e-02
-5.217128648437294874e-02
2.517489450522221797e-02
-1.651236487288783999e-02
-1.572826856978422061e-01
-6.037916466900068030e-02
-6.077792119674859045e-04
-4.617130692816797527e-02
8.610791506834661324e-02
2.595972358711189434e-02
1.829134146120400470e-02
-1.016791356716647762e-02
-5.593106599750529220e-03
2.379871622898961300e-02
-2.805008186944860094e-02
3.368416493315476521e-03
-2.767511600722103587e-02
1.199448134453392212e-01
-1.230612920483997869e-01
-5.483705684395676766e-02
-1.073009290821877737e-01
-5.498693146472794641e-02
-8.120634791041353787e-03
4.641217098654393247e-03
3.244258136130249992e-02
5.656273445509887865e-02
3.445328691819536659e-02
-9.834495933507884924e-02
1.143496366633680109e-02
-5.097646274268016059e-02
2.986352863474107597e-02
-3.472638667115069550e-02
-3.493343775325532391e-02
-6.996065804711158742e-02
-2.889905374014452993e-02
4.218899925632868010e-03
-2.993986249662474938e-02
-1.525228110119032816e-02
8.094557067067663370e-02
-4.109699456493034336e-02
1.615770651244422679e-02
5.708931651996582146e-02
-4.496961543910812237e-02
-1.074017108102967924e-02
2.329461042823306044e-02
-1.721691688866395023e-02
-2.475747347745281546e-02
7.534313182091534507e-03
2.815644980354995580e-02
7.045382145613018898e-02
3.436988814873313813e-02
2.521403080720390627e-02
-6.854488342840381332e-02
-6.977417734707290486e-02
4.729873473756484453e-03
-1.772148272991398710e-02
-2.297737964793817970e-03
-1.218413960998119237e-02
7.208459928547288065e-02
7.931370846017070375e-02
-4.253964869247189862e-02
2.851324406628476249e-02
9.953837009525592916e-02
1.997748844994143985e-02
1.621708459613936454e-03
-3.257421866251042353e-02
-8.682229223466220169e-02
7.927483503847101987e-03
2.230023290155982996e-02
-2.008977119038763900e-02
-1.370412983048151789e-01
-6.451709746777975485e-02
2.128873529652181365e-02
-4.802681453857930716e-02
1.919512387069544773e-02
-3.125170082383960796e-02
6.909893648273900124e-02
-5.736688523771502762e-02
-5.913327643253078747e-03
2.227128321050536597e-02
2.085468709091635453e-02
-2.677675550354569403e-02
5.178794131315686555e-02
-3.356540876576449145e-02
5.279109246924160864e-02
5.370969475463039516e-02
-2.900811619713631814e-02
5.418310928246428820e-02
1.456038019898512892e-01
-5.872019292941426521e-02
1.619674423432016647e-02
-3.567548306925065905e-03
7.242509497072412150e-02
-4.853588220465848008e-02
3.834177918939846857e-02
2.624235275028946601e-03
6.072232201710710958e-02
-5.917908332166804675e-02
-2.337311305244317572e-02
-3.450793315681463524e-02
-8.957514168765614085e-03
3.139894664179086053e-02
-3.696336643076891804e-02
5.855954021708137912e-03
-3.926195875647921218e-02
-1.056903601745232645e-02
-3.220487186631045690e-02
9.359523840003191588e-04
1.926666016743275311e-02
-7.463762686411702652e-02
8.475871488105350682e-02
-2.929721878725796355e-02
1.073677006738139456e-01
3.325935039745430560e-02
5.566243520934383709e-02
2.735686656583343618e-02
5.069583804165278540e-02
9.530077280956632257e-02
7.665845331186660339e-02
6.758254443609845730e-02
5.804616788638457259e-02
9.367167084202134009e-02
9.679100826814858449e-02
1.648568252426556649e-02
-1.846517104767178216e-02
-3.986441464273633717e-02
7.115870207225880040e-02
5.714228689678737746e-03
-5.611435927412481567e-02
-1.886382899531394847e-02
-3.800236788531043824e-02
-1.748357607471045377e-02
4.896345698331986546e-02
-4.898875921046167564e-02
1.794341940798645577e-02
8.340340272720409009e-02
-3.021940281648890711e-03
2.733665764415523294e-02
-8.966189218071379807e-02
5.615280551536626363e-02
2.641447361492428939e-02
-3.768618862614352399e-03
-2.990010185397333486e-02
1.984174364432737814e-02
1.495088885788551682e-02
-5.148720627055703575e-02
4.641364968813014441e-02
-1.043641291518693053e-02
7.247247914155333960e-03
8.426026100635981841e-02
1.298102832480729080e-02
2.396525088763208633e-02
-1.638890972045694422e-02
1.633544644310664859e-02
-3.854909315178507712e-02
3.204658507651551164e-02
-5.169626181481185717e-02
6.534020849073463207e-03
3.883826146197722276e-03
2.557808713772876524e-02
1.248024138761089780e-04
4.713108283772390189e-02
-9.647900223345831638e-02
2.648577989141485262e-02
3.277331761608476279e-02
-2.484192376804301647e-02
-4.380209838670734782e-03
-3.747450427906877379e-02
1.264316144237597091e-02
5.444408368241270002e-02
-6.236851120298162604e-02
-3.284524823324505832e-03
-1.291816707737574940e-02
1.119179940549340545e-03
7.496560287593835581e-02
-4.642446063972709841e-02
-5.300290825645734977e-02
4.323312687636905738e-02
-8.956948976159330444e-02
1.063977381533307981e-01
4.881640832558011012e-02
-3.086674551089632016e-03
-1.268495940721283549e-02
5.259064625422205791e-02
4.893411297184240699e-02
