-3.326272244895947527e-02
1.044198636865017460e-01
-1.925077364056095586e-01
7.912715944793247136e-02
-1.153817140780627748e-01
3.139154144281759012e-02
2.128474689067073183e-02
1.900599358402531025e-01
-6.749855110183579365e-02
8.486209795087868574e-03
-1.193896354569288776e-01
4.104163718993996540e-02
4.816314592482196649e-02
2.110158898052934828e-01
1.193653923290572023e-02
-7.702491337732833565e-02
1.814547764548513076e-01
3.297223654288893024e-02
1.216921571002176211e-01
-6.959863903049290888e-03
1.347710728037524175e-01
7.752416354774178953e-02
4.794625265914522622e-02
-3.168954487667029196e-02
-1.438738637531074283e-01
8.803111358590089142e-02
4.471950672703992047e-02
8.226912637055186495e-02
-7.780295951826590728e-02
-1.410827387730105575e-01
1.959948981326567821e-02
5.921150183942656270e-02
6.212948959697645740e-02
-4.293037108391771495e-02
2.633037485573484424e-02
-1.056370917136603867e-02
8.271906299747562585e-02
3.827957518806315851e-02
-1.694416231828259622e-01
1.370339925423131044e-01
6.825346915490769495e-02
-7.615460666815511426e-02
6.577527475713053351e-02
-1.682793198682192709e-02
-6.454369508602410266e-02
6.701703366442045284e-02
1.179153007858137758e-01
-7.826857864333812420e-02
-1.270016179183064246e-02
-4.450577873621882480e-02
-2.593413999425971811e-02
6.071468367456699794e-02
1.163130602353045547e-03
4.287911521267569886e-02
-2.589392661598001466e-02
-2.291899988006092237e-02
-6.412836066831774373e-02
1.267461298808102432e-01
-7.348843810679142607e-02
-6.306900072458450357e-02
-1.782448999989653254e-02
5.499233433297845593e-03
1.310053309203758065e-01
-7.357292936401775563e-02
-3.535201966788142219e-02
3.371830621397798461e-02
-5.647386281058366236e-02
3.627315061990724759e-02
-1.084480715996699422e-02
-6.076838544001565007e-02
5.750455543545383158e-02
6.129731006220080769e-02
3.736283245799629921e-02
5.397901475078190070e-02
1.549988337068316374e-02
1.207405963467386434e-01
-1.313405623028148124e-02
-4.217613644246238219e-02
3.649500761206216776e-02
-1.246942044866044229e-02
3.478953593841990766e-02
2.148383548528446166e-02
3.651720050508414951e-03
-2.009201377461089233e-01
-1.211956046072379389e-01
-1.721409551921090214e-02
-5.124867743552647542e-02
2.183658378652688498e-02
9.044240558332004853e-02
-3.119547424692970666e-02
8.177818504663447730e-02
1.383645949597558586e-02
-1.028210761631077885e-02
1.099537352980494483e-03
-3.283368382988945816e-02
3.437546043684931718e-02
-1.154238338150623683e-01
-2.220084217815348343e-02
-3.299737889657185230e-02
-5.394912448481550132e-02
-2.156883030896508333e-02
2.992983190209263004e-04
-1.527173179784940349e-03
6.668658616329736213e-04
-6.254834897986297215e-02
-5.376866784901116435e-03
6.544489919407234235e-02
-3.666884594589561036e-02
-7.977852265657925379e-02
-3.515091680745046493e-02
1.221169873424909069e-01
4.718773770282828212e-02
4.367223237821005882e-02
-5.893094338631236356e-02
2.732315612040214434e-03
1.294777261122014630e-03
9.835210372629069053e-02
-3.555182764314415711e-02
-4.207340888578364746e-02
-3.525684560801729556e-03
2.061906800710862700e-02
7.149316393869518949e-02
-6.442949340799365709e-02
2.319549383250820579e-02
4.138229989627900673e-02
-1.512451054802935006e-02
2.247783969705507631e-02
9.327360006556678629e-02
3.300572371210037936e-02
-4.157721608312847650e-02
-2.612937990240123826e-02
-8.325543320937806024e-02
-2.995878697321531156e-02
2.599910006686538891e-02
4.152768672544408096e-02
-1.350111301263273167e-01
-6.451700606394580872e-02
5.121216886758917647e-02
7.725356851661639712e-03
2.392242797833358040e-02
-3.166997772301720360e-02
1.174259061302917601e-01
-4.177839088162433462e-02
-5.730963924860436876e-02
-6.333211419696019306e-03
4.851215344668953836e-03
2.806106082112492725e-02
5.550438947894431596e-02
-8.565352457188787905e-02
7.931905423605609129e-02
2.140704160100256187e-02
-4.426597319687108900e-02
-1.018117851125456726e-02
8.566607776421311660e-02
-3.544226597029982023e-02
-6.218837090309798504e-02
4.955194623676969362e-02
1.061500101164050691e-02
-5.903539745654872578e-02
-1.094638370760731179e-02
3.790243988281926518e-02
5.549766326987606857e-02
-6.054800317819120092e-02
1.239956858764149766e-02
1.879583372122330814e-02
1.184755184662309065e-02
4.608302080917490995e-02
-2.211455246930464288e-02
-7.469688969003215710e-03
-9.310749507371020306e-02
6.577660561133119588e-02
9.370976055306201938e-03
-1.658363031841787391e-02
-1.422172380255329847e-02
-5.046246632422260459e-02
8.744974611440284318e-02
-1.450271388405689982e-04
7.012040581522041571e-02
3.448588536647246433e-02
3.556265432191176717e-02
-5.197352537746970785e-02
1.261072119573913297e-01
1.053914232220232172e-02
2.725891542844547863e-02
6.808970215016038607e-02
7.799244438121534506e-02
6.686369767908380279e-02
3.761001164899639010e-02
8.745996131961877862e-02
-1.487751120219150611e-02
3.710925077922000025e-04
9.134314209394640838e-02
1.857394076003594102e-02
6.560463766718517553e-03
-3.437376989232413665e-02
-4.768590880226823703e-02
-5.768141516801313096e-02
5.869646126376730499e-02
-2.743581113003722843e-02
6.361375172104789463e-03
1.046468642502970843e-02
-4.449657066391148746e-03
-8.507791214558191317e-03
-5.337984260822084548e-02
-2.170612410582878349e-02
4.605715907484297933e-02
8.720440134405772412e-03
-3.218138542639895072e-02
-2.676984449421551671e-02
3.229217004634660909e-02
-4.748667633152470896e-02
2.906078410905517731e-02
1.804458450946137306e-03
-4.971208036923948671e-03
-5.496355910701802676e-03
2.485837817172902725e-02
-4.254974678252611969e-02
-3.196467200588445912e-02
3.352601576649741170e-03
-2.544474533873769886e-02
4.529472349398892123e-02
-4.606705055876687827e-02
3.098947959808547210e-03
-1.291255892845106883e-02
3.922045313890432788e-02
6.504711766420184088e-03
1.925418710174051085e-02
-7.277409312232374639e-02
1.343878587320243914e-02
3.338584444703766169e-02
2.427560790796541579e-02
2.529925060247527335e-02
-2.350633821094575901e-02
3.535446556208805824e-02
1.243564552718938732e-01
-5.611107914928753493e-02
3.219850668584540998e-02
-2.301072091280979490e-02
-5.041995092786607027e-03
5.734978068881917135e-02
-4.258291023044551843e-02
4.887148408087041603e-03
4.425831179295912354e-02
-1.221829545480052071e-01
9.342833884316899262e-02
5.266294382244916805e-02
-7.855420873002784757e-03
-8.157546357974324036e-02
3.635792962939316669e-02
1.363154391810487108e-02
