-3.091392192669818392e-02
2.298508948531103879e-01
-2.225181330475710650e-01
1.250168475705810689e-01
-1.733799433203955798e-01
4.847794479110679317e-02
-7.452541269576834493e-02
1.793960869547718551e-01
-1.174345152349781825e-02
2.324648069534052466e-02
-1.367677683933037347e-01
6.516922458278358310e-02
-4.655261299595845476e-02
1.175027668132163222e-01
1.591517848680567560e-01
1.346913374716342433e-02
7.202323171828203634e-03
3.494473953224391805e-02
3.773524231237776472e-02
-2.577322812945170155e-02
2.058322667846902709e-01
1.767277312009527413e-03
-2.179099523170801439e-02
-7.778802315488976549e-02
-2.061543717480520885e-02
4.138584517710593852e-02
1.009102325278057356e-02
-3.167537929354773130e-02
-4.549289760272187677e-02
-1.641870519051432109e-01
-4.155513787192251229e-02
1.832748460742629482e-01
2.705606313990049222e-02
-1.134226107173779696e-01
7.841222358277247229e-02
-3.571455703217082250e-02
8.802284754916905873e-02
1.973656105362730021e-02
-3.459142112120392951e-03
1.109652797980812677e-01
1.284486479359976327e-02
-7.033924737148179729e-02
3.497023108556177040e-02
-1.862976851756983909e-02
-3.239774275940846687e-02
8.831723387458174923e-02
1.397895796095247611e-01
-1.952735214965036631e-02
1.004243854497852834e-01
1.217458084527013248e-02
5.015017698362204956e-03
4.648309369262251800e-02
-4.214932405154386136e-02
2.041674696285594032e-02
-5.791841949167478298e-02
5.792338760354453185e-03
-5.953867495518037900e-02
-2.983049664784875876e-02
-6.092686820010821680e-02
-1.244295482218963911e-01
-5.001665469426762323e-02
8.172763307907511543e-02
2.878414376239976646e-02
-1.311680210592929552e-01
-2.191787053000912588e-02
5.652426451250325279e-02
-6.477218678728986073e-03
8.607336045148163139e-02
-3.631998142346993998e-03
-5.373102070513092327e-02
-3.095949150453789975e-02
6.895842063725737478e-03
8.731168803214560403e-02
3.237201136620724423e-02
3.720057068667189520e-02
5.650805818895573984e-02
1.952611868739305076e-02
5.142465186099347968e-02
3.483718847597408463e-02
-5.367291092767516314e-02
1.130059060514481545e-01
-4.623314627131368953e-02
-4.254331245423478153e-02
-7.372633473007067506e-02
-3.874044552640908828e-02
-4.912277144895904613e-02
-1.613299079002738501e-01
-1.892124250154163245e-02
4.630550939040954661e-02
-3.749050284282204326e-02
-3.479442845105380072e-02
5.152206111648093695e-02
-2.685339843845542876e-02
7.330075598845627038e-02
5.221451312260177134e-03
3.536541868766952812e-02
-5.615151907091055217e-02
4.307863507390978508e-02
-3.214779533809963841e-02
-6.062634882624944738e-02
-2.609519604145157587e-02
2.139501958426920022e-02
-4.145186967071281051e-03
4.423041471951878745e-02
-8.659415562679269318e-02
-9.937388676063809226e-03
-6.617525010498646193e-04
-2.617448025432459260e-02
2.498446327873880130e-02
7.091376668066705358e-02
1.796746781107227964e-02
-2.054776806485524542e-03
-6.877956860994660637e-02
-4.667136800106556904e-02
4.981015255468868724e-02
-1.455965143399241086e-03
1.321020946164857233e-02
-4.103221840050162716e-02
-6.126302092806722166e-02
-2.139793192571008695e-02
8.850646754255826754e-02
5.315081376442581246e-02
-1.764042899868121725e-02
4.205965819800511207e-02
4.978918369631432639e-02
-1.613896280312322046e-02
5.647502881073206832e-02
5.370943511562790290e-02
4.747812084303098396e-02
-3.488796600556691441e-02
2.518414711306201856e-02
-6.755148561858642653e-02
5.669424246412945595e-02
2.909209817264291759e-02
-4.956839395225481892e-03
-1.070223806412097661e-01
2.906122735336954394e-02
1.209783208259271152e-02
4.127438815702126618e-02
1.752496322626027891e-02
-1.301861165767886908e-01
9.869239886347118407e-02
-8.976247474891042855e-02
2.110018784193026797e-02
-3.257053026395410888e-02
1.562950862801136195e-02
-5.183405854190084594e-02
5.436234780383366466e-02
-4.355173637527131464e-02
8.990021136764402010e-02
1.437942889306239799e-02
1.607146500737566958e-02
1.454899569060282352e-02
4.823851606182562313e-02
-5.836184917317977644e-02
8.997973542040041406e-02
8.542668360024339991e-02
-2.567390015489730976e-02
-1.555532957837001649e-05
4.623427694504956414e-03
-4.115446821533780275e-03
4.015896138516260316e-02
-7.213688156015748976e-02
4.667246441196096218e-02
3.881424768480513932e-02
2.269560274608714567e-02
-2.071051655713995743e-02
-6.601298129246847834e-02
-6.334137056880367704e-03
-4.150874598591124814e-02
2.980610150542629261e-02
-4.697229852901010916e-03
4.530870057229606507e-02
1.040665253929146453e-02
-7.215332772358835911e-02
8.430289669530736940e-02
-1.823601995476228921e-02
1.326286802118380737e-01
4.089807938001854132e-02
-2.539458947929626800e-03
-1.804130423230881561e-02
7.822538831362962908e-02
4.681102333886608818e-02
1.120895121199435608e-02
8.501158928781619994e-02
4.393969451803757947e-02
-4.534412834935340302e-03
8.776604755976402661e-02
-2.009378542848211293e-03
-2.649357008772405819e-02
6.126500817281512606e-02
6.322720678432100505e-02
5.380650174271054548e-02
-1.063672751312132181e-02
-6.687602798134417714e-02
-5.447825899318085863e-02
-5.513124020706759026e-02
3.692811257916705364e-02
-3.474461028099444515e-02
5.231976856855937580e-02
-1.348945161156865115e-02
2.223089584064346161e-02
-5.399378242877964952e-03
1.727885324308531603e-02
8.705444262581432668e-02
6.691995294284079632e-02
-3.428983959929024494e-02
4.851241320863067252e-02
5.048797432792414414e-02
1.473894887822944054e-02
8.170899409385343898e-03
4.570214076953928867e-02
-4.876832236418319338e-02
-5.633414001067423710e-02
2.773621478628865086e-02
3.880818316204000251e-02
-1.921545751275190519e-02
9.073005736409362615e-03
3.611988643506094986e-04
-2.883433882370441820e-02
4.810026550048482341e-02
-4.974697187684173905e-02
1.045345557938849937e-02
-3.824551879566116808e-02
4.106668681802549958e-02
-3.703765088018478452e-02
4.201597307639184237e-02
-1.163217952275175243e-01
6.210276888541583877e-03
3.084450541188369505e-02
-2.709515704088930749e-02
2.186928582220707892e-02
-1.614146399047833302e-02
-5.919693738422297097e-02
9.542026333469603994e-02
-4.823207464781519710e-02
3.294629083550913717e-02
-2.988867495098548183e-02
5.854046136060718150e-03
9.480428598852877475e-02
-7.978253162496923290e-02
1.173968261104491040e-02
7.934879832732037730e-02
-6.442853049726551991e-03
7.246751797079906132e-02
-1.939173982702660504e-02
7.687210890315192106e-03
3.717953330261656447e-02
-1.727720862674222979e-02
4.703232702553281075e-02
