-2.303896658854832635e-01
1.194391672609729921e-01
-1.341917921706101968e-01
-2.107759562131763797e-01
-5.491649099213374852e-02
1.410264245656859816e-01
3.223020392785156396e-01
8.437343085045546920e-02
-2.127641951837427881e-02
1.012088302979513299e-01
-8.101567004319433496e-02
-1.110332340552024066e-02
-1.360772926299229635e-01
-1.242107256311464564e-03
-5.612941728386140056e-02
-1.119652095162538274e-01
4.856848816197823285e-03
-1.876773064835847091e-02
-9.361028193716344759e-02
-7.876026387729662126e-02
-2.645153583654791946e-02
1.745667159669975557e-02
-9.116089631775345370e-02
2.290332553116775777e-02
1.472727982991400009e-01
2.964762468680030155e-02
6.143117495409407963e-02
-3.251613367656335657e-02
-7.335923041395790711e-02
-4.693267321414475862e-02
-9.916713771714501247e-02
-1.593431613892841436e-01
2.254004269327289020e-02
1.184202540413803982e-02
4.883054532664513059e-02
7.612399233378357166e-03
1.477145133840095971e-02
-7.815909566452258761e-02
8.240183309817132595e-02
7.974972718332305754e-02
2.719887782122337380e-02
-1.238949122886344872e-01
-5.567580120652330239e-02
-5.249551310898336459e-02
9.366551733441140157e-03
1.892567093823725038e-02
1.626138499635129131e-01
-2.683347701009258443e-02
-1.217507501455568630e-01
-5.862939893057397128e-02
4.250392394058558759e-02
1.628217139082384357e-02
-4.930574455981595605e-02
-4.698236153863195354e-03
-4.407983050260296659e-02
-1.066885313386242845e-01
1.089565108694463685e-01
-4.781203553052603555e-02
-6.720160984467585773e-03
-5.066222237086722563e-02
1.347340269376291234e-02
3.195651808156076829e-02
4.917311909289986960e-02
-1.313612386059797854e-01
3.523665348879419928e-02
1.006883131612563292e-01
-6.037659237571872672e-02
4.135416704108489661e-02
6.804140304203046274e-02
-6.162044780041539549e-02
-3.269145479442581853e-02
-3.053552613337084942e-02
-5.584910520701821812e-02
-5.714473331081521695e-02
-6.090709424338307948e-02
4.762074556683718041e-02
2.230057724312250068e-03
5.605004371544849984e-02
-8.162621785172743949e-02
-6.355684685463587613e-02
2.988043364963779286e-02
-3.243827294617611899e-03
2.829343294209891654e-02
-1.613166081658218981e-02
1.173094947443189123e-01
-2.257786364391435943e-02
3.436808275032927906e-02
5.674605006311992522e-02
2.992531451106567042e-02
2.378369640623280434e-02
-2.132533461453724535e-02
-3.486866404370838474e-02
-3.197541174757011218e-02
4.805536712229755564e-02
-4.691646903795881896e-02
6.418386778833726214e-02
8.772551011046465785e-02
-1.010468221547146730e-02
-2.804811785158264209e-02
-4.421124569909853225e-02
3.882809734308540622e-02
7.237474266410476309e-02
-5.568965207911377724e-02
3.179750199575263284e-03
-3.769551955983164310e-02
3.160016067996113814e-03
5.230116385062038610e-03
-5.642885835707347336e-04
-8.149402942690765761e-02
-8.242415586370549496e-02
5.044027222319168863e-02
-3.344511708018624296e-02
-2.528799530170234081e-02
-3.801893071109470335e-02
2.494585857754390290e-02
-8.398503490133466670e-03
4.316634528408738736e-02
-9.073020814115979882e-02
-8.561150387203182721e-02
5.820661113033652294e-03
-1.964211740856646599e-02
-4.285103622091730041e-02
7.465623688128940338e-02
1.092531279783438836e-02
-4.605858902154189721e-02
4.792375021406523883e-02
-1.161180507525556155e-02
-3.481880762610723074e-04
-6.003428755844632259e-02
6.935017602733928657e-03
-5.683056728082006709e-02
-9.316994521582835920e-02
4.926439365378128266e-03
1.268296163466758018e-02
3.331215542704223098e-02
9.372078635028213700e-02
3.370549331371351653e-02
1.903355309877811929e-02
1.077342386005824409e-02
4.131940538511753858e-02
3.172562538022244416e-02
2.708981900888476901e-02
-9.872609500473127075e-02
7.281877743394700453e-02
7.143076535471644395e-02
-4.453771614503570370e-02
8.273206882986123417e-03
1.052632362067169314e-01
-4.059354570040644289e-02
3.203686659003464939e-03
3.350411776318693718e-02
-3.354960375982508208e-02
-2.162248962139942665e-03
3.988745376589728636e-02
5.955868490180198788e-02
9.510294878914679617e-02
-4.551474056062895096e-02
8.357186202721583398e-03
5.443648429590360743e-02
-7.105635475267729761e-02
5.106366234563149142e-02
-3.847046243381966463e-02
1.849857995428236951e-02
8.115259869382784874e-02
3.285820316347621423e-02
-3.339801738965406802e-02
-6.382983007171030843e-02
-1.002598101951441764e-02
6.038889679166074831e-02
3.124716514064075201e-03
-2.637865066233396200e-02
3.619451528939576779e-02
1.052790705780521675e-02
5.162885863201761849e-02
3.030954175096021649e-02
-5.949645683101321969e-02
1.398013619511302708e-02
2.464009720324686001e-02
-6.552790670895533576e-02
4.622493396711878713e-03
4.077649824564277825e-02
-1.605736366021094305e-02
4.187212916244767436e-02
8.253882898605041651e-02
8.502109361855139658e-02
-4.414266370860200212e-02
3.528419022142267186e-02
4.579538882370005892e-02
6.631038015444886378e-03
-4.076668160778739586e-02
1.998428775134769575e-02
-2.138117514699545280e-02
-1.776939202591482428e-02
1.121792929061959238e-02
-1.052834409990151742e-03
-2.837983280267543200e-03
-5.559958778865289886e-02
1.988800401567021245e-02
1.023516953797795753e-01
-9.668850389590562602e-03
-6.173438131305889615e-02
3.219373108398407290e-02
-7.734851705037461278e-02
-5.668930182784633065e-02
2.018341085414718933e-02
4.724226711144013935e-02
4.908503830118373518e-02
2.369803615535772540e-02
2.045027548187340269e-02
5.860663912294350464e-02
2.201296992513336256e-02
2.505192533245398194e-03
5.683261801681040344e-03
-3.242233771897251593e-02
1.855912709393151699e-02
1.120915483007077322e-02
1.199936055880655716e-02
-3.630340600862040634e-02
9.597878115013487588e-02
7.088920296015338574e-02
-1.331613477633998045e-02
5.929212284168090125e-02
1.440423512163937917e-03
5.561901935262691249e-02
-4.277213331322349960e-02
7.408300574405588673e-03
-2.578454236034635055e-02
-2.007841989516646539e-02
-7.535947123286119986e-02
4.172235819790746231e-02
4.355158108266570655e-03
3.736925082563122280e-02
-1.106099083570002833e-01
9.522844710803089058e-03
-5.103313663613597700e-02
-2.098225656894062152e-02
-1.828701796104968344e-02
-5.864385493837471347e-02
-1.983001189135329134e-02
1.320294087339790937e-02
2.287659872604778585e-02
1.212190043888491768e-02
4.397228452829002321e-02
-6.986043948408261761e-02
-3.018985945381920735e-02
-3.334664813402724720e-02
-1.011314738469059893e-01
6.147955215229237297e-02
1.193191151589812760e-01
3.288136639458018751e-03
