-1.800562840736527614e-01
1.779203045610465717e-01
-1.783574159689478023e-01
-8.853126348683960922e-02
-1.889269992160264727e-02
1.073004169023835525e-01
2.577758808771851151e-01
5.739782035043854147e-02
-8.951407317863271929e-02
-2.636166663267879018e-02
-2.726021180314158049e-02
7.098627767453344339e-02
-1.844317858501677287e-01
-8.222254910041941478e-02
2.000824610005054807e-02
-5.120418801426487171e-02
-5.205643779375487140e-02
-2.226784121631391819e-02
1.491675500822220272e-02
-2.801641592076267381e-02
-5.652667237776785869e-02
7.388858410293612511e-02
-2.888504183108932255e-02
1.596824771289134109e-02
1.380656734853540624e-01
-1.253558266745642691e-02
1.328415150044693835e-02
6.534694627326076422e-02
-1.187643649152177600e-01
4.186485295908906959e-03
-5.082473855228421614e-03
-1.823368157622516084e-01
-1.717199697578216180e-02
2.958579512594078365e-02
3.868453234325505002e-02
7.136897472364203687e-02
7.843955923075761338e-02
-1.628585482424417183e-02
-2.356290295557866843e-02
6.575845702093002787e-02
-1.969568311338579583e-02
-7.158659761001334720e-02
-1.053056383322443501e-01
-7.602712022668560443e-02
-1.976391699187179940e-02
2.380312075664863664e-02
4.304503994090268931e-02
-5.277090696190200186e-02
-1.069278081026511090e-01
-1.064400827038729375e-01
1.520009316561540258e-01
-2.526356759784376821e-02
-1.488099700101561292e-02
5.340719219738390006e-02
-9.373956406887615223e-02
2.754707048317666523e-02
7.826926819933608531e-03
-1.851117753166798760e-02
4.446903779890656883e-02
-1.923939712191001863e-02
-5.878678572601973157e-02
-7.045685187508052283e-02
-5.130807625355976453e-02
-8.694789201797196998e-02
-7.260696184657317032e-02
1.075219092542690075e-01
-1.093227654143110123e-03
2.916965483917424024e-02
3.360423506237833480e-02
-1.011134524844619215e-01
-2.177451891205990989e-02
4.887808645947716579e-02
5.418592213210518538e-02
-5.173862338960664303e-02
-9.655111080169264531e-03
-2.600177179106425394e-03
4.798075049698754396e-02
6.436247823910445920e-02
-7.742679573002914095e-02
-1.080391393275925427e-01
5.663211531302825980e-02
-4.215264445670344889e-02
2.647819973249311478e-03
-7.628920741767032665e-02
3.883540694950739919e-02
-6.553558271707522753e-02
-6.374426202562163968e-03
2.412991784859755753e-02
8.195106463604319436e-02
4.775887810831051968e-03
4.871273590634601913e-02
1.028258637184663836e-02
-3.690886225785419694e-02
-4.303305150756869812e-02
-9.959631106372475451e-02
-1.734100970163205552e-02
2.791031655831684513e-02
6.709604833205111418e-02
-6.468951717264801067e-03
-6.587298629038881859e-02
5.763841818830008762e-02
6.340423274356632444e-02
-8.255711967219585279e-02
-5.388645314034989919e-03
1.507381384953732952e-02
-5.786865138639159939e-02
4.991164833734416245e-02
-7.871073275594073215e-02
-1.228779522447441541e-01
-4.555615031558536004e-02
7.093718383082275869e-02
-3.616530300075252585e-02
-1.004001925242879560e-02
-5.470688347574592658e-02
4.521809031508634835e-02
1.577316791801983420e-01
3.915760905115826915e-04
-5.933611163383110954e-02
2.989511052547759104e-02
6.603951150269390946e-02
3.689770299570179629e-02
3.839262953853188332e-02
6.092245429943282664e-02
5.698682783475778058e-02
-9.150487863686007639e-02
5.770893228753549292e-02
3.662227996821297571e-02
1.675768777537498672e-02
2.767334634437481483e-02
2.171609689255619979e-02
-7.356731481886455426e-02
-5.678423367605300170e-02
5.378311768184274033e-02
7.979604873505938278e-02
8.352434785553468355e-02
8.708888566764355632e-02
3.848722415083298543e-02
5.694039424858806514e-02
2.202434127931677046e-02
1.032705067646005025e-02
-9.490831539814351125e-03
7.191570947151090798e-02
-1.355132081979889824e-01
1.125496232627124643e-02
-1.469432983875744447e-02
-2.283603076850674110e-02
2.620367497378435842e-02
5.790983355507783176e-02
2.126381856179149904e-02
-7.098727958971121077e-02
-8.283247360208620402e-03
-4.831853410709269908e-02
-8.957225335654180748e-03
-1.509706519142142017e-02
3.656710553583720352e-02
3.365446901646372557e-02
7.535248582405461304e-02
4.226275147986036096e-02
-2.800598218339418397e-02
-6.141211443096808442e-02
1.884885749537543523e-02
-1.223027492863069379e-03
2.426935680230364253e-02
1.140662464514611285e-01
8.769196950706215077e-02
-2.405477421026486554e-02
-3.735841123347945908e-02
-3.117082493717162478e-02
4.936349708870672176e-02
1.905127891008404420e-02
4.798081959458601331e-02
2.310675515929982299e-02
4.991610513244527231e-03
4.782400259486551536e-02
-1.027284706534273839e-01
-6.429134226148283671e-02
1.902726749461681674e-02
2.620208572901962241e-02
5.884133828000930044e-02
-1.132506183991585473e-02
8.524432527657127556e-02
1.187856815243447774e-03
6.655660338082050598e-02
2.743689436242129076e-02
6.643502615631809161e-02
-1.328021984709417402e-01
4.317487432842188888e-02
1.225830091456884402e-01
1.204308953438402302e-02
-3.517934936822918884e-02
9.057071365438764191e-03
2.850317395316233002e-02
-2.374804997067056500e-02
1.827773129524776913e-02
-7.152472071058629810e-02
-2.435759443554579365e-03
-8.574372816949035747e-02
1.888786308970996641e-02
7.774150074224636664e-02
5.275784751579176701e-02
-6.897519207115607176e-02
3.844524735976438679e-02
-9.145768497710722589e-02
-4.976889269891166673e-02
-1.266161668705994246e-02
1.477814522569772041e-02
5.448794773500373854e-03
3.759976914492412642e-02
-1.044486553672593632e-01
3.957900075540829454e-02
-4.583395721022129332e-02
-6.857304404807905429e-02
7.184602454345710709e-02
2.525924899793959358e-02
2.278911349914775758e-02
-3.774159196577731717e-02
4.556927885929406424e-02
-3.956811788364976434e-02
1.210486278741337721e-03
2.262483395879284417e-02
4.242492354346203559e-02
2.998172436515577494e-02
4.599606017622449861e-02
3.108718229422751528e-02
-8.210926358773303069e-02
5.723129513813346447e-02
-3.992749449327580302e-02
4.004554774025639863e-02
-3.178689912510197085e-02
2.480665972798179117e-02
-8.051390368553139679e-03
-3.509771055564061409e-02
-4.070957566152273027e-02
-1.003549335972921813e-02
1.444015432279717286e-02
3.349253879445669019e-02
8.460071569565187632e-02
-2.877431292954621238e-03
2.378460260025952455e-02
7.201099505979668969e-02
1.207604908885270660e-02
-1.480733896104995985e-02
4.806871173983583156e-02
-7.408606503935435961e-02
9.736991734352469854e-03
-4.005898722315819928e-03
-3.245638575664718667e-02
-7.727357180542892938e-03
5.528422845973561539e-02
4.369414278090019005e-02
