-2.121255739119599915e-01
2.711918536548906800e-01
-1.374508871298886770e-01
-3.792497749694692666e-02
8.493366742748065246e-02
5.479663364788383423e-02
3.360769099034021101e-01
-5.840935137541817396e-02
2.981539709488231077e-02
8.903382328565278767e-03
-4.639185289625678138e-02
-1.653180201617265865e-02
-1.273292977685133165e-01
-3.446754492534266309e-04
-7.255774142753630696e-02
-9.168939683473084634e-02
-4.341444851557202389e-02
-7.062041430608483050e-02
-2.537787865372894205e-02
5.068075189144497818e-03
-3.764229962193021972e-02
6.016282138997348233e-02
-1.053989178370720037e-01
4.802666680187365339e-02
9.843441580509566802e-02
-3.007212400197738222e-02
-4.570489647608684536e-02
2.655136718570648424e-02
-1.102186144354852515e-01
-8.096323405110135429e-02
-3.507619543233260907e-03
-1.353974925247278527e-01
-1.598256045819033966e-02
8.811256392443476970e-02
7.402332395880135973e-02
1.704642071171589071e-02
2.648293040621239793e-03
-6.421508768140743451e-02
2.045955543408734326e-02
8.041852258726993330e-02
4.522147071455415168e-02
-1.371634526560135403e-01
-9.215965296541053786e-02
-2.918319009830763408e-02
-9.932312320405786710e-02
6.952073395095173525e-02
1.655852957166302139e-02
-7.426781961168898993e-02
-5.114524833098994805e-02
-3.441221306107084682e-02
1.053557201535615523e-01
-1.721824071129678807e-02
2.507054412340515084e-02
1.219389387383470330e-01
-1.610992081946160254e-02
-1.197892796324793660e-02
1.373032707761997692e-02
-8.434980300705925693e-02
4.992442031513540796e-02
-5.364945201979692824e-02
-2.087839499615421618e-02
-8.385388712879621176e-02
-3.977445314968613976e-02
-2.486491020676925845e-02
-1.009386194939026482e-01
7.406263870446817832e-02
1.640971597880566679e-02
9.984654322537998838e-02
-5.771977397220377781e-02
-1.350938144275401487e-01
1.019167638945299263e-02
2.426706721011075846e-02
-3.032370601642963431e-02
-5.620707846176926231e-02
3.335107086403584636e-02
3.381165200792180404e-03
2.847798387027259889e-02
7.188958489809262054e-02
-7.986083563947771191e-02
-1.218060451906485819e-01
3.893645044739875438e-02
-1.075628790973303869e-02
-6.165700823002000230e-02
-6.226552930574849598e-02
1.335730618210800857e-02
-4.658467311800867927e-02
3.320332507908549044e-03
-7.280896750601954966e-03
9.518378203148036842e-02
-1.158186521092078800e-02
1.102916460247609642e-01
7.019801538432794870e-03
6.289689499912372306e-02
1.504405438138350752e-02
-4.096910369291149878e-02
2.225984720747383253e-02
1.038079811290882337e-01
3.165451824670516279e-02
3.815335895778345504e-02
-5.222975287071749545e-02
5.191934434793415293e-02
9.408507241080819872e-02
-8.167245264824146700e-02
-1.256638410117470912e-02
1.030457280725670909e-02
-1.050275795479589380e-01
-5.197655296549705956e-02
-1.395372543489050571e-02
-3.051167256587698079e-02
-4.350139396545411180e-02
9.248857015858186204e-02
-1.879523120085884250e-02
-5.971531280349443721e-02
3.123053379199546703e-02
-3.190512952669650321e-02
6.653750516350151467e-02
3.166772023537352265e-02
-6.350845770949639646e-02
-1.104663458699092424e-02
6.419797039708007025e-02
-7.120854995813423287e-03
6.447941867511296091e-04
5.054698468273172152e-02
7.354475186957322441e-02
-7.444109571296124092e-03
2.918069854652463255e-02
1.573321113299817886e-02
4.338946828211130008e-02
-3.247103535959109527e-02
2.907181449782600749e-02
-6.947860407534826865e-02
-1.225308278969786113e-01
-8.906812256993823854e-03
4.662644705764312780e-02
3.897113802546856715e-02
3.796636314279701330e-02
3.094724111848685608e-02
4.963485022544625314e-02
4.091574565537686725e-02
6.937450898332347266e-03
5.738525887697452921e-02
4.633228215817233181e-02
-1.058037464650864179e-01
8.631482841846201126e-02
-5.361379370726619686e-02
2.034769446637526083e-02
-4.004066089668275458e-02
1.063571945390660162e-01
2.994964967082602500e-02
-8.696331139616458872e-02
6.884222292059169121e-03
-6.463010902126140045e-02
-2.846345521117432664e-02
-7.028780832196203365e-02
5.339664040836085424e-02
1.685809822629954005e-02
4.084653228831405802e-02
8.807635552904286014e-02
1.582879611958235358e-02
5.088234108116041800e-03
3.820674935313345122e-02
2.078798726002822547e-02
1.981278742059903314e-02
3.521591647907278133e-02
7.057618117248273815e-02
-1.613923700018105381e-02
-3.464690429590328025e-02
-2.123044802731055211e-02
5.238076679501957322e-02
3.010658507533964939e-02
7.321127222443561677e-02
1.116261794038033162e-01
-6.787449773651149654e-02
5.168879491346826255e-02
-3.559437348756584046e-02
-2.813554111027926491e-02
-1.981900012114884771e-02
3.052820740952779874e-02
-3.130201220613373220e-02
4.543732970084495004e-02
2.941234814671288972e-02
-2.848102550491678209e-03
3.829278878418534982e-02
-5.354843092023166273e-02
-2.262924402766507484e-02
-4.055100836059798847e-02
1.871064787149830100e-02
1.317007739085095108e-01
-8.474835421889311687e-03
5.851231394390525586e-03
-2.990036871802721416e-02
2.311195791725976015e-02
5.570139052326638675e-03
1.656383625338265705e-02
-8.993968032675771218e-02
-5.756374458652033232e-02
-9.870204729596826487e-02
-5.561651597356757903e-02
4.086798551990013934e-02
7.481651108681011686e-02
-4.576741177536938071e-02
-3.418464054561841381e-02
-6.997037815324479160e-02
-1.171498526332677773e-02
-1.501907414792278371e-02
-1.817023999711025323e-02
4.947697644428707825e-02
1.130705028503744755e-02
-5.622383981012762239e-02
-1.652419792956220587e-02
-3.239250294170355204e-02
-1.029194031613874794e-01
6.482500014319656119e-03
-3.056192425313670330e-02
-1.923963343706298554e-03
-2.154386582692270624e-02
1.102388704279028825e-02
-4.443986768444557756e-02
-3.818160733059590417e-02
4.743885472797788189e-02
8.705423685733638950e-02
-2.083917732393349154e-02
-1.320761892823583798e-02
4.080970909443024097e-02
-3.039181921777008369e-02
4.208347449621968606e-02
-2.888938113480584054e-03
1.104436953991546873e-03
-2.510244892935369412e-02
-1.861548353651385282e-02
-7.002101813428886906e-03
-4.198776007837405622e-02
-4.989270965607904562e-02
-2.650755470370412190e-02
2.418086598998204009e-02
-1.789603986971882027e-02
2.882757770746130141e-02
-5.158392323387472889e-02
3.076833475734132295e-02
6.737761112378753969e-02
-5.501152189971372439e-03
-3.607145711728725751e-02
2.925460379681517689e-02
-8.314408609097953540e-02
1.830685469357551734e-02
-4.981369187096105350e-02
-3.993407425287494490e-03
1.462773872891499731e-02
5.324766502642667987e-02
2.461973503975900188e-02
