-2.580125413220304975e-01
2.544031927913482649e-01
-1.142377091528527788e-01
-5.567227658656405398e-02
-1.301215246110518781e-02
3.437877765900971411e-02
2.709771961713743904e-01
-8.169839869972571117e-04
-6.649599851738194345e-02
6.041539561645899864e-02
3.521221035720399628e-02
5.536222621321978954e-02
-9.805120607775000274e-02
-1.922252786065302074e-02
-2.216828838532969997e-02
8.086646988369801392e-02
-1.326833565509507873e-01
-6.739068308298609700e-02
9.387451799972355501e-03
-5.880339058827232374e-02
-9.012775223606959984e-02
9.377773691612813212e-02
2.270862071543227354e-04
1.908548346513512239e-01
1.350734952768313235e-01
-4.215820345236114680e-02
-5.367740822346762919e-02
-3.674704743171778448e-03
-1.050952648225198793e-01
2.342543988395928006e-02
2.701639718897936096e-02
-1.458412289278223917e-01
-1.214920607539167648e-02
4.103138840816892424e-02
5.021497018193361167e-02
2.577522443836974611e-02
1.486891431190356418e-02
9.668082478432796570e-03
-1.202804956834618161e-02
7.176698018774819998e-02
-3.458925850057466278e-02
-4.994308081856644460e-02
-1.690517076545954012e-02
-6.713107542397936389e-02
-7.322677980832509315e-02
2.521534164010156773e-02
7.978398803254158067e-02
-1.591742095844656812e-01
-3.917619310129407534e-02
-5.893852066711566945e-02
2.006987146888821183e-01
-5.279284353160945686e-02
-6.450332331577846023e-02
5.393670257368964049e-02
-4.309499671862967313e-02
-2.504546561703441601e-02
9.697179465268367105e-02
-6.263684889265422329e-02
2.639153414876332926e-02
-6.451231527789949571e-02
-2.270705417150874900e-02
-8.956088265190249864e-02
-8.186601889954299438e-03
-4.194518480964008755e-02
-1.555270133525910314e-01
4.832255379143578916e-02
-1.306810941005353383e-04
4.225254072743588052e-02
-3.321677803829509862e-02
-4.583582196723068325e-02
-3.940634973453851359e-02
5.170371953421726979e-02
-4.398269449833488998e-02
-3.754410498000779195e-02
6.367189579380629072e-02
-1.026556233086559598e-02
3.782454767319740757e-02
1.470430187641945385e-02
-3.205750420400742262e-02
-1.062124299561431756e-01
5.859281575407196754e-03
-5.316138865505817823e-02
-5.791042922098404988e-02
-1.165195370318606888e-03
1.336092780023900514e-02
-7.692764583501976450e-02
2.967704671957431886e-02
-1.510665301773786266e-02
4.469227623393520754e-02
-1.132062966336032893e-02
2.369450946826410012e-02
6.110937457458100186e-02
1.477861872015152553e-02
2.779597210708282043e-02
-3.887118699938357097e-02
-3.305893307256062980e-02
4.968776548991019060e-02
4.720300751104872239e-02
4.680053104621643978e-02
-6.589964657657408631e-02
8.144490056202073613e-02
4.896665399103272004e-02
-1.771394606229752255e-02
-1.190375997345363181e-02
1.365932308679223064e-02
-4.207777708732732269e-02
1.849916053852567605e-02
-2.739343298049358791e-02
-2.263749962130419402e-02
-3.714964922006395564e-03
4.422663671810635189e-02
-1.178397262579729543e-01
-9.578225518979346931e-02
-9.544297310683623470e-02
2.322254111498419857e-02
9.907127681899316474e-02
2.135124173657550195e-02
-1.327103324373139215e-01
3.689859489087968930e-02
2.549023876780190379e-02
-1.581128447453983635e-02
4.566741849545163934e-02
3.971646276963970712e-02
3.198237275743511659e-02
-1.127252423255669378e-01
3.605065599595355663e-02
6.350540350561395542e-02
1.282216201405995916e-03
3.287361092640750382e-02
-3.292840863285244335e-02
-7.385972621518652192e-02
-5.769994837941910815e-02
-7.278037745187714708e-03
2.411791495991469705e-02
4.271808625062932172e-03
-8.347370026650073604e-02
-3.760761267066753399e-02
2.654806321760204077e-02
3.504863184070940857e-02
-1.646255944530651896e-02
3.614912894698639467e-02
1.030911538502746611e-01
-7.846000777013438510e-02
1.901261097490054147e-02
-4.025898826123521651e-02
-8.705284583033743879e-04
-1.972322662949038685e-02
1.247422634246914963e-01
2.652271653691938916e-02
2.037591148978824124e-02
-2.329579270884827441e-02
-5.209635810320981802e-02
-3.128197096922665649e-02
4.634996168293190749e-03
2.298611830604566086e-02
4.455630022137314905e-02
8.390011352248449850e-02
9.396594150310054461e-02
-3.402129233566109079e-02
-8.034177166195223584e-04
-3.662805275528675103e-02
-4.265996747106651221e-02
4.004650224344815518e-03
6.520967797089630147e-02
5.423331200017004333e-02
-3.851373300691341567e-02
-3.283914696008993252e-03
-2.641299580051563109e-02
5.382018303665777768e-04
-4.335711084791402797e-02
-4.996864681539839315e-02
7.666512440431527686e-02
-1.686766770393033008e-02
8.598693801389190039e-02
-7.905748762256717410e-02
-5.178696567831344438e-02
3.106895232650560071e-02
1.909335064871906960e-03
3.275248575024047870e-02
1.011471981646928225e-01
5.017768643655370203e-02
3.724740156089197812e-03
-4.503625794866303669e-03
8.665682352647008022e-03
4.802271728447291693e-02
-5.965427458577467895e-02
6.840314042076090992e-03
9.817101535702127402e-02
-3.033245736629910927e-02
-4.232864343124077139e-03
-3.126257715545340769e-03
-2.551574210287690589e-02
-2.812369309588444791e-02
3.527158237190562706e-02
-6.770925545527432809e-02
-2.586583333890649008e-03
-1.385471497728577583e-01
1.919041371022073977e-02
5.460439492477487528e-02
1.665010608383104759e-02
-3.378474420320867061e-02
3.716377944625416652e-02
-5.459042135297702270e-02
-5.742245078880572201e-02
-7.400572810885915065e-03
-1.309527328168747298e-02
5.833587121973523443e-02
4.649865803215298687e-02
2.348697372927537746e-02
3.948035326948587907e-03
-7.255871148669822135e-02
-2.395709356072552032e-02
7.931440082602543573e-02
-3.966570674651746786e-02
4.195934636670875517e-02
-5.148311881890634684e-02
-3.176434117415877223e-02
-2.507548059860917333e-02
4.163748425218111691e-03
1.764357690925273670e-02
5.449799526148899065e-02
-8.281534451719970574e-03
-9.696953882943380731e-02
3.405124465547890861e-02
-4.173815036470689827e-02
6.947230664856737792e-02
-2.876340697249550951e-02
2.469813149831023846e-03
-2.759626908771172990e-02
-3.698112042477103706e-02
-2.460811788446443799e-02
-3.393729425048163523e-02
-2.787000697290865914e-02
-1.342214833677039777e-04
-1.236798959975131222e-02
-2.510101526456264345e-02
7.632577965960108540e-03
2.161981002682479211e-02
-1.521480721021809500e-02
7.413700448965061807e-02
-1.161717642808379270e-03
-4.861126783654162037e-02
4.831215193978357497e-02
-1.299555962786720087e-01
3.348403043164863147e-02
2.543841749481166523e-02
-1.875181274251194047e-02
-2.728606205997512082e-04
2.393055630666099040e-02
-3.340974491879502434e-02
