-2.179722851110669213e-01
2.535969142499183704e-01
-2.239510878061329591e-01
-2.196361257764883196e-02
-1.132525640814868312e-01
2.605593754731481693e-01
2.123294899998066643e-01
-5.569917721452195131e-02
-6.507400408265724169e-03
-5.665932580495984527e-02
9.594227894534523848e-02
1.065529152580383943e-01
-1.763455141965290518e-01
3.690171766011404036e-02
-9.699390443010311169e-02
-3.870193646719814057e-02
-4.732618807058262822e-02
3.063102268589925140e-02
-4.399037394151480984e-02
1.099978045632994715e-03
-6.248640739028343827e-02
-2.538471857381512445e-02
-1.373688053321599212e-01
9.299718084528545148e-02
4.762918606159311646e-02
3.828466924398520738e-02
-4.117259855652267986e-02
5.442113189346822061e-02
-2.964668072931322951e-02
-4.210814372375908804e-02
-3.409419370145585527e-03
-8.064783428351189609e-02
-4.111874439684832377e-02
-3.921833498306039056e-02
-3.158785664848916958e-02
3.853483821795473246e-02
5.142593849005649975e-02
1.255502434545372435e-02
-2.079727363221406042e-02
5.721461139804889101e-02
5.851175854350488398e-02
-6.561883322088565840e-02
-1.491915019517372487e-01
-3.673769483877081105e-02
3.858500186414886950e-03
4.844079148445205180e-02
5.202233230274468795e-02
-6.118061487528581033e-02
-1.939492976686116588e-01
2.277012645876191205e-03
1.038863142400509310e-01
-4.360006796956016062e-02
-3.488146907248221990e-02
6.675065903099612619e-02
3.341281556445921657e-03
5.143564317365263705e-02
5.388798938126051867e-03
-6.961989657618469773e-02
-5.877699711418531842e-02
-1.638034408196772235e-02
-7.225140354468892467e-02
-4.599873087459924875e-02
-3.632565584298819150e-02
-9.212727897800743193e-02
-1.054321268169474829e-01
1.950497882855613610e-02
-3.584110509160341046e-02
3.988867575103748064e-02
2.726951164815433204e-02
-1.352622739062173396e-01
-1.437940234726484481e-02
2.732568946446438385e-02
-5.461857436466013155e-03
-2.397155945367991300e-02
1.768613659696535029e-02
1.611240596901934372e-02
3.755446014621784123e-02
5.139508169679130739e-02
-4.251386100663577527e-02
-7.864173266422092023e-02
1.217317921736670028e-01
-4.148102980349016242e-03
-3.692977239684794993e-02
-4.052238475558125191e-02
1.898912705543169890e-02
-5.038295837484027540e-02
-6.770493013700255858e-02
2.450292505198973028e-02
-5.018859133154855712e-03
2.448874391222776239e-02
8.520575511727117995e-03
3.522014202713485715e-03
-3.679100225570735433e-02
8.174289164450460055e-02
1.072278691678657699e-02
1.937058262931802902e-02
-2.439962484596461256e-02
2.148159051142643772e-02
-2.778611519254325923e-02
-9.466771910924505484e-02
9.099685419616260207e-02
5.290737210957582870e-02
-6.252218486818893195e-02
6.116855236363286617e-03
2.036958412556160521e-04
-4.278538711880103956e-02
3.690229857427296256e-02
-6.844289614736261129e-02
-8.182114419885376522e-02
5.043278030682327856e-02
-4.128932813104526939e-04
-3.321913194958975302e-02
-5.037540649077426602e-02
2.589100234902787581e-02
-1.629867438550724329e-02
1.077919709876020010e-01
2.589759743330271799e-02
-7.294921813524100906e-02
1.187456883682713954e-03
4.686340451444694077e-02
4.814421772061083793e-02
-1.524021461652674998e-02
3.131564710790164796e-02
6.777214532233216682e-02
7.593641542611224114e-03
4.983700157971513583e-02
-1.362810948267065454e-02
4.866717714932682071e-02
5.961375270298355407e-03
-7.592076491524241133e-02
-5.165973935331281963e-02
-9.860768396359374799e-02
4.774707746443355993e-02
3.517694935084780816e-02
6.933268578172849250e-02
6.819487997292320719e-03
3.249028970866691540e-02
4.035955793397698332e-02
5.636097512722074501e-03
-7.575769889369035441e-03
2.712766607911355505e-03
5.918770342454452577e-02
-7.548890649521415586e-02
8.912210751963066391e-02
-8.291866190216660298e-03
-6.417051170842499874e-03
-5.884906464131300224e-02
1.060064117201754419e-01
4.299550718722592799e-03
-5.674499355769056785e-02
3.620403975524640744e-02
-4.657797063388861847e-02
-6.080927404204897885e-02
-2.269382167541619810e-02
3.600095899957082846e-02
2.233139958308989759e-02
2.093850411567479974e-02
6.708164341589831214e-02
-1.729965782417537679e-02
5.344820319153399668e-02
4.233565704553058501e-02
-1.196457636003923214e-02
-1.688601277160043518e-02
6.100411948523628419e-02
1.217795638203832270e-01
-7.049700861331757717e-02
-7.549136683753429611e-02
-1.136682252479074423e-01
1.130944187445750634e-02
-1.255926160167175794e-02
2.852623400243344681e-02
-8.493135860573240020e-03
-9.532869690783714323e-03
3.419619539347867193e-02
-6.557666568723199800e-03
-7.723814154199741544e-02
-1.552824552508967441e-02
5.706723005878778371e-02
6.609402100288542560e-03
3.128813911390553731e-02
5.995891822764769924e-02
-4.630398417940320699e-02
4.941577047165306158e-02
2.196275829212100683e-02
2.174539388242011789e-02
-5.221119774723718271e-02
5.862107291964591691e-04
1.111735748209614627e-01
2.054590865850556853e-03
1.479803642732231174e-02
-1.509942836154048486e-02
2.910397021919384000e-02
-3.818041223816891552e-03
1.445659558755950022e-02
-5.356616293721666588e-02
-9.709532520796700095e-02
-9.274872044237156277e-02
-1.337544599495986246e-02
4.554732640169425334e-02
5.112980895468976356e-02
-4.739541936975790598e-02
-5.986088042047400803e-02
-4.117700666984627084e-02
-1.952476408138066263e-02
1.561035945002462594e-02
3.545168757659770964e-02
2.914569352437301752e-02
5.799546254190597605e-02
-4.618052283492132121e-02
1.174936474986847806e-02
-8.957542559211799371e-02
-7.459084737693888467e-02
1.059823208682906560e-02
1.659135260734155570e-02
1.716772196725742286e-04
-1.500682381032378970e-02
7.944681134564725300e-02
1.176921834553523033e-02
1.752969983110925015e-02
6.161264415241964054e-02
7.201213525405449067e-02
2.616259680403536236e-02
-2.101460387049382955e-02
6.538858618542510437e-02
-5.352563563177644562e-02
4.169552381381753936e-02
-1.970252381401137870e-02
2.534118418331694506e-03
2.282244290448617527e-02
-1.578272009811946403e-02
-2.950350247484903946e-02
-2.857629513436424004e-02
1.286940141969490289e-02
-4.097197814316724807e-02
-2.497896711951732261e-03
-2.460977908581061732e-02
-4.746000335566180964e-03
-1.539388349727268367e-02
3.996368202038089179e-02
6.428789053994873881e-02
3.827721987418253313e-02
-4.878892992275304583e-03
3.520288545947270614e-02
-1.170064997192954009e-01
1.689243699876971302e-02
-2.661106253472462699e-02
-4.089020593244342694e-02
4.555703108529039064e-02
8.575735019687998062e-02
-9.059595508366288449e-03
