1.090526997719076935e-01
1.765371142873344013e-01
-1.463378713284224086e-01
4.601131253318869324e-02
-3.704687475673323210e-02
-1.334568622262416737e-01
-2.128616242094018562e-01
1.762366288743756615e-01
-1.276427022420278112e-01
1.589952046753536075e-01
-1.967376608735181276e-01
-1.045266669240007690e-01
-1.246526002874162077e-02
-1.036357994684962008e-01
-1.931502269628164112e-02
4.138945611315887618e-02
8.375245742691091178e-02
4.169151509144844447e-02
-5.426807208473240218e-02
1.145402793847604683e-01
9.664379305157498601e-02
1.080489617865300067e-01
-8.050720841043389198e-02
-1.838812715122420394e-02
-4.275268821139996400e-02
1.092536243950829357e-02
1.334578784871844614e-01
-7.041468820485727309e-02
-5.187202382510507082e-02
-6.920464924809080487e-02
1.246722698540510786e-02
-9.900820609153122842e-02
2.742268693273299668e-02
4.391371716463453312e-02
-1.273584114389317568e-01
-7.451346528284363835e-02
1.806328425824923686e-02
-9.252675605922923430e-02
-3.470695032723741108e-02
1.047576859841273800e-01
-9.356668604721510296e-02
-7.180939160971416824e-02
8.259965690905192448e-02
5.453157871241761170e-03
4.005444984303883557e-03
-3.178880620389837319e-02
2.597746552423553512e-02
-6.871307399527422366e-02
8.163250431761510939e-02
-1.493998655490845137e-02
2.954418082474852270e-02
5.751332110120941504e-02
-1.904725432915887334e-02
-1.753571369849082212e-02
-5.899040720765537371e-02
1.511871735039735203e-02
1.219761951380197856e-01
-4.394158238403394340e-02
-4.033211855870115319e-03
-9.688074576430311113e-02
-1.552220572730076131e-01
4.767965239254775417e-02
1.469821807661588209e-01
-1.500738432498285035e-01
-2.426765566188794285e-02
-5.394686806158488501e-02
-4.940205077754166590e-02
2.026853772151827882e-02
1.009602794495983585e-01
-8.094190583306463266e-03
-4.591863609172737448e-02
-4.667424249400610285e-03
2.487613370573781013e-02
-4.053733770392502211e-02
-2.649005443074038332e-02
7.608607991791296876e-02
-1.063569528819869811e-02
-1.381619864783591167e-02
-5.619795161511318554e-02
3.801166700017386685e-02
4.274013247136470434e-02
-9.272004233402793283e-02
-3.806874152602605921e-02
-5.548050417210611401e-02
4.528852152457914226e-03
-1.900289945639722922e-02
1.686353904135502041e-02
-1.409771604203645945e-01
1.057317884891085039e-02
-1.591621992960836826e-02
-6.022054190500047283e-02
8.640184970479543314e-02
-1.033288230985479339e-01
4.789146084259430364e-02
4.981825880753562585e-02
-3.359270215998278603e-02
-1.539402571806348929e-02
-2.217546942415837830e-02
1.983806925571403226e-03
5.959586925128788903e-02
-1.178908261479561931e-01
7.801671344834810486e-03
-1.031235383881019402e-01
-1.397227665908364579e-02
-1.434029425082216334e-02
1.964288158947395321e-02
4.311614902020140250e-02
2.339858864273703602e-03
-5.450374627562926816e-02
-3.190338142954652484e-03
-5.365316864911514466e-02
9.853534970962881875e-03
-7.854549696471566783e-03
-1.104062609998866275e-02
1.963907880659121127e-03
-4.077747032992579124e-02
1.300223919787371575e-03
-5.607180412776151951e-02
-2.904021374495196345e-02
5.246201247631815043e-04
1.388651734855559164e-02
-1.923572156013203527e-02
3.689761552858558669e-02
-4.674492180344742148e-02
4.527278587127124554e-02
-9.743870580451241548e-02
-3.767561245421702232e-02
6.279571435144939984e-02
-1.679174512313772599e-02
1.919507112241996064e-02
5.082330809735563504e-02
-5.454511793078462012e-02
3.923993308868865132e-02
6.195333237769980878e-02
3.687217622240448328e-02
-2.679758810507665637e-02
3.248609234110470118e-02
-2.625759293572721767e-02
1.123157497461892557e-01
6.137724355357536583e-03
-1.709944271052929107e-02
-1.867018873676831378e-02
-1.558383703609003516e-02
1.674601338071164333e-02
2.380204423702938707e-02
-1.019852277843306537e-01
-1.050428947003330671e-01
1.691582730599273249e-02
-5.018109674672695947e-02
-9.447751811285405935e-03
3.004080459966806602e-02
-8.773410223558658627e-02
8.086394878396840902e-02
1.256731885348777722e-01
-1.495270620799900481e-02
6.714026266453854142e-02
7.835001425497606364e-02
-2.138039275816566026e-02
-7.490665991987480177e-02
-7.145940445405761510e-02
6.270520156231791653e-02
-1.884869005397980628e-03
-8.803966895325938263e-03
2.117087909089318196e-02
-3.080093500227282233e-02
5.249086117404930252e-02
-4.397426664725889202e-03
-3.571026213867133786e-02
-2.862918536750518397e-02
-2.904644244105300879e-02
-6.931892943023942877e-02
-3.331008327005068742e-03
-9.809081750368063568e-03
-4.562808380991920099e-02
-8.413178501946447230e-02
6.222628039736976396e-02
-4.579547182198199368e-02
3.149622140020460342e-02
9.091667089972046631e-03
1.587848714428046620e-02
4.311559171581341027e-02
8.408706953798118777e-02
-8.881796092239033213e-02
6.499736172750204821e-02
2.089353820134143974e-02
-5.400191006555148110e-02
7.367537783114266881e-02
3.658231237542853426e-02
3.082165361246155810e-02
-4.736028419561949532e-02
3.322409448124521991e-02
7.834696547214765883e-02
-3.880998914466133459e-02
-2.231158282527171202e-02
-1.389582761009609813e-02
-3.564633604710799875e-02
-6.229053431504368715e-02
6.866412955696443721e-02
2.190501288292884437e-03
-7.334322441590174040e-03
-3.478202250656051847e-02
-6.828067135541752986e-02
1.366074350619828071e-02
-1.033469190998520110e-01
-3.859300104206760118e-02
-7.210961476178447474e-03
5.692064427588956060e-02
6.612269041729432195e-02
7.675917248815840310e-03
5.711658594218398111e-02
-5.877951667071844993e-02
2.115094726336983963e-02
-2.614780397129355324e-02
-2.191494601407945400e-02
3.054513228818626913e-02
-4.233677522490553354e-03
-1.315762877428922973e-03
-3.725645398922782653e-02
4.416633996544844926e-02
4.284031613075832932e-03
-1.282783570704448611e-04
-5.733514761010850141e-02
-1.005747559435547951e-02
7.790898978841109823e-02
-5.772011381176406913e-02
-2.372411997054422583e-03
8.012332403494323504e-03
-5.923211339898692973e-02
7.750366558528843687e-03
-1.410747214708735556e-02
-4.064522527691730863e-02
6.365356971761841620e-02
-3.514240174992248888e-02
-9.335471368411325452e-03
8.288470171220231608e-02
2.087331133031857661e-02
-1.682124947309003929e-02
-1.960924663052831564e-03
2.808660037188214983e-02
2.208039985208981593e-02
-8.868545360849337811e-02
1.055593191723317170e-01
-2.736521901554810066e-02
-3.001326720637924328e-02
5.903004138442464327e-02
4.527134343638468394e-02
-4.231304061449944059e-02
2.394137033402642112e-02
2.765150955791871243e-02
3.356939372352045790e-05
