3.741062266183235729e-02
2.361881917789033225e-01
-1.064286890477445652e-01
8.918802560562549830e-02
-7.242779389360615161e-02
-9.329750004331328894e-02
-1.019977813957306384e-01
1.099023028663294738e-01
-1.610331029497106825e-01
-2.724369176074662932e-02
5.545792167107041482e-02
-9.247168190242807673e-03
1.403429456904553563e-01
1.263980819483578322e-01
-6.775958946385464421e-02
-2.439803200477310557e-02
2.157019702995313093e-01
6.505331195691635426e-02
-6.830737704862215043e-02
4.289723909094544235e-02
3.165434928706298973e-02
-3.906149164065215312e-02
-1.072574095954431095e-01
7.010643557991073915e-02
4.336362584094849426e-02
-3.246942518663913091e-02
9.042498468406706680e-02
-5.444294667235133334e-02
-7.156244297026359558e-02
-6.755602065494772457e-05
1.265045368925108993e-01
-1.342695093090852387e-01
9.326433921144612268e-03
8.288866854678607343e-02
-1.133183022416200426e-02
-1.219444888178029957e-01
1.588105599116597100e-01
2.387873471217314553e-02
-5.779239085692257361e-02
7.418842055536657709e-02
-4.022539013379280298e-02
-7.368923994447276749e-02
1.485452474279016499e-01
-7.854313168828129521e-02
-2.324143957016254480e-02
6.579025639951772975e-02
-9.384949111381045081e-03
-3.724398447755014607e-02
9.865874584248994494e-02
2.619912555693078987e-02
-4.200463223235591931e-02
1.971001114229613185e-03
1.901800396380448621e-02
-5.816950357666752364e-02
9.630989806656257979e-02
-1.390980133335266260e-02
4.473462940876860722e-02
-6.132502028071173950e-02
-3.768044641247789150e-02
-1.173547494550047782e-01
-1.376291619589998794e-01
-4.245814163718721751e-02
6.196575160550133604e-02
2.940862035550325868e-02
-1.139578325704868750e-02
1.816379561374525942e-02
-1.003130843650865828e-01
1.136982840071804578e-02
8.166735577633818521e-02
-3.928958078298196849e-02
-5.988425886637829126e-02
-3.113401780352955187e-02
5.601978759693245456e-04
-4.931365989125559984e-02
5.305479555163411520e-02
6.754587891160002133e-02
-1.989623223231880636e-02
-1.056781333180186189e-01
-9.683319867890506638e-02
-5.195798602517845421e-02
8.370998295296096237e-02
5.299728119133330882e-03
-6.688853380987898334e-02
-1.526232624446128283e-01
-1.163578227561248707e-01
-9.590542932857711034e-02
2.347306497826491881e-02
-3.985084621088262613e-02
5.315831472797599017e-02
-5.898107657146896277e-02
-4.000831012075490439e-02
2.191063600475685533e-02
-7.747638042089234622e-02
4.162718590263242945e-03
1.007939164271605403e-02
-4.461643139337084091e-02
-7.876041186730632637e-02
-4.457216134921818812e-02
-3.129411723223231301e-02
-4.397626720554477509e-02
4.320382666122642504e-03
-1.977453131214633800e-02
-2.522408367264330695e-02
1.183199164839273954e-01
-3.460512954727540391e-02
-1.388181145615290969e-02
1.291137338956931668e-01
1.629818189173736290e-02
-3.514714567941413462e-03
-1.415026740588642279e-02
-1.321605938297259510e-02
3.919913911779896593e-02
1.443180086677882043e-02
-2.958560044912029313e-02
7.725806605093385113e-03
9.425506076472513206e-02
5.958360955371538176e-02
1.733334029415828717e-02
3.109101547729536605e-02
4.659443831714985690e-02
4.303662133998068656e-02
-7.668922767652025518e-02
-6.280841705030297713e-03
3.485483661621480156e-02
-5.477909208673121741e-03
-8.642820369713108408e-02
-4.756841264950600195e-02
5.382286580523355790e-02
-3.744324971773385635e-02
2.911841303516874910e-02
5.009437396304181056e-02
5.612987888985163099e-03
3.987856920009955064e-02
1.205878638400580821e-01
9.717308052504461391e-02
-4.633782552165461449e-02
-7.862686779289557171e-03
2.872919027320268437e-02
1.359937724831844670e-02
1.095793016851041995e-01
1.544514117660303505e-02
-6.119407836413363368e-03
-2.855237698457491896e-02
4.558890448082354024e-02
-4.957851285322084633e-02
-4.114995682832674195e-02
5.473038502986394410e-02
5.728406933261667722e-02
-4.146311651518500008e-02
-2.369838515777282842e-02
5.023345596309636979e-02
-4.622793439472256544e-02
2.808792517244742062e-02
9.812116672306582521e-02
1.180862560549558911e-02
3.173698447874808565e-02
-1.014177670870358705e-02
8.196917272392599541e-02
-2.938066383930136236e-02
-3.512989804352346923e-02
3.532352527506979478e-02
-1.963828499690939422e-02
-1.926020480822666914e-02
9.906548312832951213e-04
-4.645875913887643344e-02
3.927717049178016534e-02
3.419168670086711803e-04
-2.453014155627611381e-02
-3.539638569438357391e-02
-4.812710928057187948e-02
-9.476758577476067022e-03
3.124837930417407456e-02
-5.086681450736017102e-02
-8.215656144887356627e-02
-5.636440670476731800e-03
3.721676190330104605e-02
-6.249712557932454726e-02
-2.077406016885887177e-02
6.195127293243257033e-02
1.495543508909983645e-02
9.001240922360298491e-02
1.405345045401347193e-01
9.235758728976637896e-03
6.980702062416843656e-02
6.160548618967280621e-02
3.914712932214412314e-03
-8.736945089059216032e-03
5.584494260717808717e-02
7.774994060329756818e-02
2.465698007011814241e-02
-4.872740707596206859e-03
5.465202004590420659e-02
-4.191142160435102292e-04
-7.487182059641182830e-02
-8.616428484310574565e-02
-4.542360073645550916e-02
-1.563681011757531991e-01
-7.439502521507823001e-04
-5.036666642752857248e-02
2.204701576398521504e-02
3.436453003075022605e-02
-5.702025056158491201e-02
-1.134757661514923001e-02
7.229461679017181418e-03
-2.304000586511831261e-02
-2.452250188776747969e-02
1.028980612838266556e-01
4.629665805030241249e-02
-5.137356806476691545e-02
-2.933806184504142434e-02
-4.132496862307036972e-02
-4.884947496711093684e-02
2.193238737535785701e-02
6.331717226758097269e-03
2.833399589262070375e-02
-4.445616515967880378e-02
-1.571566550820351765e-02
-6.563933124522490503e-02
2.359953652113054925e-02
6.382065644719800424e-02
2.994536544998101235e-02
1.642218472076177951e-02
-4.458460500141784438e-02
9.346814154733801283e-02
-7.608309170650557653e-03
3.390348104040386695e-02
1.255477768350475760e-02
-2.917969718822708766e-02
-6.825997107067120762e-02
8.934108586378101957e-03
-1.469084901511742052e-03
-7.715865027732804471e-03
-4.835556539387809993e-02
-6.579889689796199204e-02
-5.554572781742292235e-03
4.416609128333571360e-02
5.288141844578533868e-02
-9.046778684431412698e-02
3.841435500427453631e-02
-2.152428228860626611e-02
-4.840657435959731109e-02
1.285292492132859149e-02
-2.551572551588555601e-02
3.976897832214818830e-03
5.455230402331771866e-02
5.408645104928033742e-02
-1.737564203943753327e-02
-8.696611642653374885e-03
-3.265204328889354662e-02
2.287627008764943001e-02
