1.271309310109980939e-01
1.115065416611961402e-01
-2.249000897959334000e-01
1.504173938759735540e-01
-1.082898665714194381e-01
3.772497252178093168e-03
-1.792346274461435740e-02
8.902413810181067366e-02
-1.309174400205121991e-01
1.094887812405914984e-01
9.444699132983068110e-03
-1.642006854667752425e-01
3.462109881498097452e-02
-8.699745192232612168e-02
-5.311412602246089187e-02
7.713169274497389850e-03
1.593852553921152604e-01
4.498110925951765565e-02
-7.106534282487543541e-02
5.639462870875623646e-02
-3.722027980081241139e-02
-2.596637986603391249e-02
-2.000617911238848912e-01
-7.287828234076773604e-02
-8.884272626283999663e-02
-2.493048660432898092e-02
5.105241044963629293e-02
1.755989806027544869e-02
-9.813784314983926838e-02
2.781077847171429737e-02
1.143474591431828807e-01
-1.260831816469319133e-01
3.139159084168258174e-02
7.269515271423905578e-02
-1.414568076953717224e-01
-1.479621702239261316e-01
1.393361484318307109e-03
-1.619419969206308818e-01
-1.240483443970740174e-01
1.361357754828007027e-01
-5.641456851727287558e-02
-2.952886916871663020e-02
1.067477985759508335e-01
2.919733617001847928e-03
-4.290467460506844355e-02
2.260557903192830786e-02
-5.299509344932269717e-02
-4.424114700731815453e-02
-8.590015617594915637e-03
1.022780816678699016e-02
2.180209232219099211e-03
8.147237349354932712e-02
2.741646202187590642e-02
9.270134866768203752e-02
4.554333102262540095e-02
3.526429236807859802e-02
9.103789035144659036e-02
1.025896411759424226e-02
-1.575780418347496811e-02
-4.385700255439197587e-02
-1.588094597390882212e-01
7.091532271147489574e-02
8.921585666612945331e-02
-1.611170210253637727e-02
7.342056429535884221e-02
3.012750129163263568e-02
-2.254090938268514185e-02
2.827535580088666456e-02
4.642378135138387762e-02
-3.398531532585912646e-02
4.247728232421089933e-02
1.283473603768401847e-02
-6.712086472424130812e-02
-9.416507207766125877e-04
-2.513460018475271139e-03
4.107610659060903502e-02
-2.147999031400747022e-02
-7.940179952606277181e-02
-1.098304188719839009e-01
-1.080154921116617192e-02
-3.479196815384064112e-02
-1.269121657131677162e-02
-4.385302806553224159e-02
-8.690270414976308810e-02
-4.253683229288897361e-02
-1.327144142167476226e-01
5.509163632283344686e-02
-1.323881693091594480e-01
2.284553037630762673e-02
-8.125785214145053725e-02
-5.265611670453978349e-02
9.656714536173698071e-02
-3.607589646608028167e-02
-2.530769254280511651e-02
5.569232305439728720e-02
-7.890832294738488184e-02
-3.582476266151933542e-02
-1.184340420616070665e-02
-3.194225964140990498e-02
-4.100944969693600534e-02
1.242721620112515260e-02
-2.291313036903211767e-02
-3.275938760528444849e-02
-1.177577053132723185e-02
6.235134336412213873e-02
2.302202462736709088e-02
7.016798407740858223e-02
5.537106309893828626e-02
-7.833764697492295870e-02
-4.674456975731714620e-02
2.861335576450912965e-02
1.081737980238715348e-02
-1.077962215821966219e-03
-8.624623984572703239e-02
-2.875138504711250570e-02
-2.444128765349164178e-02
4.616655108509739452e-02
-1.159819171635858431e-01
4.837603007002082289e-02
5.393788936180465149e-02
3.881960738154839607e-02
-2.283960232512699876e-02
-2.249914356754893763e-02
-8.278018242105637456e-03
-3.228558137825134067e-02
-7.090504966823574229e-02
-1.054259778911077750e-01
3.950604876257738513e-02
-7.091862355815500840e-02
-4.255835516052771522e-02
-6.894424569391766067e-02
-4.361583865408934918e-02
2.459841469188714033e-02
7.058746106265563480e-02
9.922463007821420711e-02
-1.934094061896292349e-02
-1.630793406945859822e-02
-1.696231008273785257e-02
2.374133974676134740e-02
3.815654138415210117e-02
-2.892818243715279680e-02
-1.033451308803820870e-02
1.196304305726055700e-02
-2.275657592648929611e-02
5.039449781491405628e-02
-4.679984209815465923e-02
5.300213301009968486e-02
9.131489201570480371e-03
-5.473157457782855395e-02
3.535045120285151138e-02
7.225890203871955519e-02
-7.014555179282737363e-02
2.794082509448921753e-02
1.390985885171890368e-01
4.623805820246366938e-02
8.380523004366947915e-02
-5.130293797623558527e-02
-2.516861911482333805e-02
-5.710501806927057583e-02
-6.433249133226463107e-03
5.250515349208777216e-02
-4.903896133898120319e-02
2.475375657850665059e-02
-7.978617975375183746e-03
-2.132538943378553195e-02
3.440462390056128750e-02
-6.937439990771163134e-02
-1.119222799323463073e-02
-5.225627638882854309e-02
-8.654614534409219018e-02
-7.775245401349028737e-03
2.004546929251460954e-02
-1.922423211134440674e-02
-9.975764945283559226e-02
-7.983101064080530551e-02
-1.581334598118433118e-02
-1.816930845806531691e-02
1.456111253349563414e-02
6.825295408919544726e-02
3.088339518138005779e-02
-2.810438541570004986e-02
7.059338911383626625e-02
6.515332432812706229e-03
7.454494045735637897e-02
4.506420302237332254e-02
2.045659311473442196e-02
9.803410225417837076e-02
7.373141647914277508e-02
-9.735274687160549306e-03
-3.057072416371116666e-02
-2.566138836921264422e-03
3.986611050758228497e-02
-3.053070981824195992e-02
-3.313123808843262963e-02
-4.060512966073032137e-02
-5.741896900708073903e-02
-9.541841703494632898e-02
1.269610047711899024e-02
-1.910930875550187133e-02
-2.800030769894933796e-02
2.203136643802339548e-02
-3.131641237443740650e-02
7.383862663202869769e-02
-6.492098514037741852e-02
-3.913669075549378040e-02
-4.472539468813532121e-02
5.589700923067368599e-02
-4.345042581688456779e-02
3.208510546559753540e-02
-1.360504587007523025e-02
-5.768364301945197795e-03
-2.582902422561015113e-02
3.342679859473927234e-03
4.263912485786370415e-02
1.867696520462414078e-02
-1.441560582269851669e-02
1.530326412277888647e-02
-9.811396253457187189e-02
4.268052016980113106e-02
5.918879542347760953e-02
5.383027502361095729e-02
-9.490897513661150642e-02
-1.337684958173021750e-02
7.517941034422796764e-02
-4.356225041870086939e-02
-9.751037914163568354e-03
-1.540855439545291052e-03
-4.808447773468289832e-02
-8.675231353316376418e-03
2.004856804654084335e-02
-7.211204804356320837e-03
2.832001827739522026e-02
-6.191913454168034014e-02
1.665304095807601872e-02
6.011303249391114489e-02
2.771889367841463836e-02
4.348946338119333288e-02
-1.295312865075157844e-03
1.711458689744011288e-02
5.201598822335942035e-02
4.558300854700480034e-03
5.408470967485201619e-02
-5.455518137309602750e-02
1.192437599615058137e-02
1.330551087490885326e-02
5.174727235791048291e-02
-4.552345857832671566e-02
-4.330603061568381873e-02
4.705033594264497465e-02
3.996422649104339198e-02
