7.127671961477348439e-02
2.926930711762668058e-01
-1.370906861453304038e-01
1.791674061982117261e-01
-3.993480907275821779e-02
6.559721518555501618e-02
1.005045131623270860e-01
-3.715836731359810526e-03
-1.511531210233737488e-01
7.491286170138937439e-02
-1.014148966401067081e-01
-5.450195351020337489e-03
5.857312886926249740e-02
2.880194376974696407e-02
-1.889244170320342198e-01
4.052349195054142511e-02
-1.547724962750849850e-02
3.010575650638895248e-02
1.451691350466024696e-02
-1.787678546095916240e-02
1.248313121668992026e-01
2.564504791649508536e-02
1.193162062060612594e-02
2.014013076466870111e-01
-2.990601549804343395e-02
6.898554206084150930e-02
-8.513777854413828727e-02
-1.471913475227692725e-01
-4.660985302093180460e-02
-3.752351558329557885e-02
-6.401052298533488338e-02
7.178522084430931371e-02
8.856416126462332561e-02
-1.005533874424952290e-01
3.296627594182407334e-02
-1.841228059897220132e-02
1.243907827120598400e-02
3.489077464361915043e-02
-5.280492023048619782e-02
6.329497569490170894e-02
9.340403686792124460e-02
7.248327079458263822e-02
-1.110333201912318052e-03
5.598745333959851550e-02
2.458748502277854214e-02
6.415022341889732582e-02
-8.497605859502678494e-02
-9.536638269912765808e-02
-9.394913293214524064e-02
-3.868251434958883822e-02
5.468597126258020920e-03
1.083781075184673745e-02
7.199654557884413442e-02
-9.261383889760135824e-02
6.460164088063535814e-02
1.577963358140001271e-01
1.330945788977323839e-03
5.187630890729157465e-03
4.860973290786877593e-02
-2.572317719283503945e-02
-1.149513677344189272e-01
3.220415024488190725e-02
1.226135677840953014e-03
-5.859386130412385513e-02
-2.368308473089852234e-02
-6.464053158898266926e-02
-9.303186183338821302e-02
4.106754443582945335e-02
2.165774151792378231e-03
-8.043193326218402162e-02
-1.031476203194341967e-01
6.446903678383753000e-02
-2.464585587126405151e-04
-4.772262124036139724e-02
-2.814191487870763494e-02
-1.161722507316154639e-02
9.365143464767626547e-02
-5.262246784651332561e-03
1.394874391016184545e-01
8.021977366450042113e-02
-4.030837554587255595e-02
1.220841254039109133e-02
-3.433252948480186584e-02
-4.275852495771798045e-02
-6.856605811454428989e-02
-5.134700567096531221e-02
1.253235683509983656e-01
5.310762769384786558e-02
-7.399757340261069183e-02
8.048021618095510532e-02
2.020873216532321007e-02
7.622196190464029797e-02
-1.889086589901009874e-03
3.687239189917656396e-02
6.603997094212445129e-02
-3.858309606295499961e-02
3.359698026476252118e-03
-5.405314499580528287e-02
-3.122694292923540449e-02
5.218388640568778769e-02
3.839504313869240154e-02
6.754714242742333730e-02
-6.332993558925685551e-02
5.207041458938282269e-02
3.823221003871585255e-03
1.867324490489488328e-02
-2.313409263864688037e-02
3.932302831452544334e-02
-9.012984274226583381e-02
8.137098037473838863e-03
3.288880759881023658e-02
-1.622911694351003575e-01
-9.714064082010694101e-02
-2.418139367282633873e-02
2.819517219040686487e-02
1.008433980288025444e-01
-3.821857394061911606e-02
-5.323696190997963956e-02
-6.005448916887827634e-04
-6.318748706449633934e-02
1.007598421419955148e-01
5.082093752934057490e-02
-6.847137071908686312e-02
3.403187439334762199e-02
-6.317183338045671837e-02
1.973686055644007734e-03
3.759367887375759248e-02
5.109912088770684341e-02
3.674737114264681886e-02
-4.022363693627142162e-02
-1.868135003463095370e-02
-1.536569103925282571e-02
-8.716527848691405303e-03
4.364337553753074028e-02
3.878534166074685402e-02
-6.720526596799809849e-02
-3.696040038944374551e-02
-1.942441302300931816e-02
8.234196100273359631e-02
-1.776668788321385251e-02
-6.790658579893747715e-02
1.774898182726681803e-02
-2.845964987874733190e-02
-4.098732800161754980e-02
-5.547853467848828934e-02
-8.533171029640689020e-02
3.394605741884598737e-02
-4.739573753164965514e-02
1.476107618971374269e-02
9.285640142828635590e-02
6.110850389421249506e-04
-9.182492800796918098e-02
3.706688022687767547e-03
6.525603444542042719e-02
8.847740506907930333e-03
7.810283900691163475e-03
2.294311769336354959e-02
1.486710380960875114e-02
3.385874464786945565e-02
-2.878138526470826533e-02
-3.070706668929745059e-02
-6.919123146912206646e-02
-6.536964540558351522e-02
-9.134352504480415524e-02
2.999016274624750900e-02
3.972943273815844611e-02
-1.437269089570857375e-02
1.124049307727475848e-02
-4.312029898885579721e-02
-6.455520161798448953e-02
-2.107205023309036834e-02
-2.452010460947912432e-02
-9.183668566398116642e-03
-5.733433110033171742e-02
-4.185596832195818268e-02
-8.161448212646577396e-03
1.162948016846634125e-01
-3.443427843105937702e-03
8.839144895071952834e-02
6.610442933440315028e-02
-1.153172117234070419e-02
2.719295376626150451e-02
5.578726011371407806e-02
-5.747893635489324804e-03
1.299934101596615307e-02
-5.202995851263154253e-02
-2.234034649994468685e-02
4.611912741927207127e-02
1.255686354711297095e-02
8.468928310342098420e-02
-2.348303064887221486e-02
3.201515809957693193e-02
9.824739106767241617e-03
2.579400141662317736e-02
-2.096463117461405679e-02
-1.646819739914533523e-02
-9.793710026404267577e-02
7.236670302743429539e-02
3.726763002819463710e-02
-1.628202291696748821e-02
-8.453194618584057574e-02
-2.272344432734092409e-02
-1.517687282377050938e-02
-1.692142373103905362e-02
4.959316691116660153e-02
-6.165700898296068433e-02
5.833147077365533756e-02
-1.172040024396489057e-02
-2.425131346153663187e-02
1.566930293769233651e-02
-3.335813983228249485e-02
-8.844133202385912051e-02
-9.139699107229058359e-03
2.103893399485544380e-02
-3.797757677833807442e-03
-7.066312998638502041e-02
4.813504363585851403e-02
1.139751692117438667e-02
-5.823640073258806032e-02
2.138432383669846421e-02
4.675317119480563999e-02
-3.425551335932695146e-02
-3.024434378908636215e-02
2.135778214576018047e-02
-4.182699161350261763e-02
-5.477864107209474281e-02
1.822982821499932737e-02
-3.558979860089939162e-02
1.445555106322494662e-02
-2.786912334484390255e-02
-5.271496372620519677e-02
-8.651547666944728321e-02
-6.170817913678797173e-02
-1.116712599947929929e-01
1.306393159491006650e-01
-2.165391506182520395e-03
5.918153538893562021e-02
-3.414183282723479845e-02
6.545779303970882153e-03
-6.168915121418870606e-02
8.670645161473060011e-03
-2.307419120772194465e-02
3.000640779168417885e-02
3.887081077560317066e-02
-2.035243298480689592e-02
1.381660246669230360e-02
-2.454838559864403608e-02
1.247459474099364826e-03
-5.430416051587167586e-02
-1.331589329321174534e-02
