-2.429674875585241881e-02
2.345322207945808035e-01
-2.822349570036551958e-01
1.742570576437927343e-01
5.855630504104431672e-02
6.317086244155228902e-02
6.198450590291822160e-02
-3.378391875187587712e-02
-8.767254984134992268e-02
-8.709387271634130845e-03
-1.026273355653098962e-01
-3.627730090189472401e-02
1.598709448846106496e-01
-6.006181710182809108e-02
-1.784127271473319454e-01
8.320997746793060146e-02
-4.800758610796257778e-03
-1.474061848660318530e-01
4.931829403239645221e-02
-1.454210596773126626e-02
9.654747826598800153e-02
8.261601711442614904e-02
-7.900278816854508501e-02
2.096217640594915943e-01
3.926746944513106324e-02
1.042110886316768154e-02
-7.248519183215590411e-03
-7.028802406812244274e-02
-1.142640313636164723e-01
2.781156544148310952e-03
1.959065491857513858e-02
7.682044741723145775e-02
4.013431200636286694e-02
-4.743640395641673252e-02
-4.411762970709935672e-02
-4.003814823815132935e-03
1.278355708547593284e-02
-8.548828646640890816e-02
-1.376223768550881472e-02
8.158848883952064812e-02
-2.944374255378780225e-02
-1.233105620937109854e-02
4.771788909020569652e-02
7.236752074879032604e-02
1.506790442561794230e-01
1.451193055283330618e-02
1.673432053191106772e-03
-4.083636291193701306e-02
-6.006895362003829633e-03
-4.531692322166701314e-02
-3.614115307960133472e-02
-6.795725025540470809e-02
3.788448390704311167e-03
-3.673547188835835520e-03
-3.141254173509458458e-02
2.485248474469671509e-02
4.447025191510241282e-02
-6.054354837443775422e-02
1.106881469376847366e-01
1.814037755352791367e-02
-7.284540677414516607e-02
3.175515978286688745e-02
1.074349699995872237e-01
-9.083995821356036227e-02
-1.327944082319378882e-01
-3.648452062471992108e-02
-4.100099163338895292e-02
-4.806559068519623910e-05
9.625859591925968808e-03
-5.295586534861096428e-02
2.248883080926618663e-02
-1.196546443859332343e-02
3.435731680861941334e-02
1.167905869179183820e-02
-5.714721744320121893e-03
1.238655159983678422e-01
8.492121025684701285e-02
1.843766730527099384e-02
2.796954644734197387e-02
2.092352189498591572e-02
3.757034675842935850e-02
1.139592792252517583e-01
-2.915981340691314871e-02
5.193625567610308906e-03
-5.255139747635017428e-02
-7.731814624200096173e-03
3.238004504861558691e-02
4.555545889883015620e-02
-4.350023941481344358e-02
1.137433914026826469e-02
-1.680728246922913796e-02
4.166182018491783323e-02
-7.614225007937362733e-02
2.548418066024419129e-02
1.236540273993529853e-03
3.926753461881334756e-02
-6.579283226671945922e-05
-1.089502255258725932e-01
-5.265952061526101013e-02
-7.543755963966694740e-03
-1.224805752498113465e-02
6.428868885326367855e-02
-7.758581455514550196e-02
4.246097987709664817e-02
8.268096268882314803e-03
-8.776275021763238482e-02
-7.528430372577374352e-02
1.020634202793388318e-01
-5.159797167820273645e-02
-7.667937898192556112e-02
1.578017782325849419e-03
-1.380452562925944537e-01
-1.024823567090668748e-02
-5.768646449042739988e-02
1.797982218721878508e-02
1.097517966442959625e-01
-5.117303926970446365e-02
-4.772228831375993630e-02
2.957581702093837681e-02
-4.099255164153304404e-02
9.198887247172170267e-02
-1.156770945560789583e-02
-7.218060262799690097e-02
4.402133559152325570e-02
5.961436718610033970e-04
7.008774534246060839e-02
-4.494637825103556771e-03
5.139867055777517374e-02
-3.234230948657255966e-02
-5.262119849007743100e-02
-2.593084849178451876e-02
1.087673807602219933e-02
2.336492803338246008e-02
-1.813021045909145312e-02
2.529172277645655095e-02
-1.610031095064247408e-02
3.261616929953417825e-03
2.431304217642366820e-03
5.205320984896354836e-02
2.423307406825996047e-02
-4.230013122921723323e-02
9.428331195656554364e-02
-3.960607931144283916e-02
4.350597469885452567e-02
-1.074005257084995890e-01
-1.417876268899232461e-01
-8.289440649830656649e-03
-5.335997476561917668e-02
-3.770981843851928250e-02
1.376305235653737524e-01
4.020206004909813308e-02
-5.055473654586655624e-02
-2.608524494511771027e-02
1.643605317493370896e-02
8.050686640831859753e-02
3.375345005540764109e-02
4.211852476353004915e-02
2.579046438014260395e-02
1.325844512144567187e-02
4.446490767315505049e-02
1.057051952980607229e-03
-3.438693824721795328e-02
-3.258765581353448293e-02
4.516252676833381469e-02
-2.101942496846831432e-02
-7.468350013562934965e-03
1.027502205432582680e-02
-3.383146295310279772e-02
-1.658820113622807083e-02
-4.623007168416230772e-02
-3.224353877106962696e-02
-2.803064677448417405e-02
-3.280439089397329394e-02
-3.214858071598036132e-02
-1.064093969351502800e-01
-3.590584349971129297e-02
3.307522013070866157e-02
-3.622711716653526093e-02
8.725752383255896971e-02
8.556841750877831887e-02
2.093799045245318957e-02
1.005710081286943364e-01
6.890813427994303166e-03
-1.860926961072743163e-02
3.039006442056617352e-02
7.493995857542087944e-04
2.632863606161109024e-02
6.480584202219524803e-02
3.314671566017531740e-02
3.100520622081325700e-02
1.711402240490354776e-02
7.088149561900976281e-02
-1.112843883700691608e-02
3.712110456643876594e-02
1.425068184739383507e-02
-3.738981565849987254e-03
-1.329913630998031948e-01
6.437615193489015786e-02
-1.464755698566841575e-02
3.893909184693803566e-02
-8.058725814541714549e-03
-2.437205694573274864e-02
2.710967747011467158e-02
2.368714671859956100e-02
3.121359906991958214e-02
-1.244857739326742929e-01
6.826278447795684767e-02
5.119135307442655020e-02
3.025173327991623543e-02
3.553060602395533701e-02
-2.846388882747379057e-02
-1.947239727206898779e-02
5.072992340384866600e-02
-4.246342389018233771e-02
5.116326321736171245e-02
-7.496469198784803945e-02
2.950334388623744239e-02
8.396260315095792348e-03
-3.672227421769563849e-02
3.600943706770332042e-02
7.324831047803109785e-02
6.533140259614159118e-02
-4.582557122506038423e-03
6.669353255589832719e-02
-5.046645879321150219e-02
3.357985995264150397e-02
-2.695616086149232784e-03
4.178679072069934469e-02
-1.401722971744892229e-03
-1.638802017108965600e-02
-9.301128461256781554e-02
-7.857625900483082571e-02
-2.578544600660665626e-02
-4.005466976661057471e-02
1.065576670623486766e-01
-3.469423215919178495e-03
8.125082399160199476e-02
1.573986790076521355e-02
6.179869573472365069e-02
-3.606936426856439254e-02
-2.919810294525559263e-02
1.432543606097474477e-02
2.618730693157604247e-02
2.282382353621115363e-03
-4.291507750841746377e-02
1.592075745594726324e-02
-4.176492495029271446e-02
-1.586346978921874054e-02
-5.346992276763399415e-02
-2.652741579258037496e-02
