4.546055663318891021e-02
2.335979472135782664e-01
-8.198224940089160473e-02
1.415764431785399291e-01
-6.103071084711673977e-02
1.368094523089563586e-01
6.182340358576794703e-02
2.282085098140852059e-02
-1.630645613009383266e-01
7.717224419665251467e-02
-1.437193009012985301e-02
2.318763712376034625e-03
1.453661030865037729e-01
2.104967268583889661e-01
-1.271233356598497344e-01
2.220522853015492390e-02
-1.088851283995012770e-01
-8.185595543335047464e-03
1.269113687806526676e-02
9.931524747877949408e-03
1.359532729996820455e-01
1.131009212949995041e-01
-8.637850845231287433e-02
9.863465074307260771e-02
4.914400671031916856e-02
9.885350638413555047e-02
-8.075724642815021448e-02
-1.216656898154029470e-01
-8.074414807812353712e-02
-1.006455870590193397e-01
5.773894994819148835e-02
6.301169883682965212e-02
3.652838747993854968e-02
-2.341545138940943210e-02
-4.626861163421707585e-02
6.831730679615201363e-02
5.368586766746902966e-02
-1.490996503097854337e-02
1.143437444920981537e-03
-8.277898484016832370e-03
1.224123281085282879e-02
2.309620740641367409e-02
5.138181938536987015e-02
4.283784651698407248e-02
6.705931538630639788e-02
8.840736201743189249e-02
5.604502604449521780e-02
-4.590877893694114004e-02
-8.297481325846832456e-02
-7.339128418043480706e-02
-1.690023506132763698e-02
-2.580565770723958555e-02
3.817159974698833974e-02
2.789366406791116137e-02
-1.186021636229918526e-02
1.539228508888662028e-01
3.869090889853963461e-02
-4.302753003033329277e-02
4.642482158638702033e-02
-8.644041028429078066e-02
-1.853484446144632591e-01
1.084399785482244305e-01
9.825861490168960599e-02
-8.805542067177696275e-02
1.630282093369136986e-02
7.552896724639272114e-03
-9.909108781449588177e-02
-1.290462381269752261e-02
-1.258075498018617483e-02
-8.352093360056804527e-02
-1.245940927821068134e-02
-6.568020466572033200e-02
-2.641804599799276940e-02
-7.822311996805167422e-02
-1.875686957979967248e-02
1.180006744531250512e-01
1.246422170903529608e-01
9.072114512263729225e-02
9.422338518692942311e-02
9.852536845976364588e-02
1.067692112337111365e-01
5.424392206181528203e-02
-5.790887274088317438e-02
-8.049728460712703149e-03
1.367548596797093889e-02
-5.105284057926787362e-03
6.203203927964957842e-02
5.061930136418752585e-02
-3.579277767411963990e-02
4.787838268169259531e-02
3.173115720967609188e-02
3.591270034547493911e-02
-4.656259682370460923e-02
1.048318844107538061e-01
1.570049088209446789e-02
6.391768421781031904e-03
3.821739545967418189e-02
-4.121313364799664841e-02
-4.956360669364274357e-02
-6.294889143991162783e-02
-5.352464476652345204e-02
1.101419555115667331e-01
-1.329618685864301098e-01
5.354880394546152750e-02
-2.166360367115077387e-02
4.670422071201769249e-02
-5.907152109917661320e-02
-3.966180388076358948e-03
-6.860818719155915846e-02
-6.735711688518442042e-02
-7.232165027813325028e-03
-5.427083027717871655e-02
-1.317212446184717334e-01
-6.530953753076802759e-02
2.417874560911188048e-02
-5.419159334491859339e-03
-8.978352965196259930e-03
-5.917786029643018475e-02
4.414554697372102821e-02
-7.090185381845197365e-02
4.327594589837000655e-02
3.376974559790135028e-02
4.252629983597929625e-03
2.488644460981223258e-02
-3.775157932279971096e-02
-1.626439910694646093e-02
-4.074353354333669353e-02
8.955775290742876149e-02
3.083451855254161836e-02
-1.360229691584659562e-01
1.723839888325081260e-03
-3.116178325357839979e-02
6.194830686429388805e-02
9.629399176410877170e-02
-1.083100946625278720e-02
-3.059871591045651255e-03
8.208040617207914766e-03
-2.304277907494685362e-02
-4.385288779003865961e-02
1.938620487157502112e-03
-4.942492589138504366e-02
5.746556636109158289e-02
-6.630326568612487925e-02
2.256535230187589960e-02
-5.355420499349721614e-02
-1.139526374627832517e-01
6.759916145703533108e-02
1.479793371124423981e-02
2.047637569305420235e-02
1.111660200924174668e-01
1.913051214241237585e-02
-6.481849494199032335e-02
2.571254622643269830e-02
9.534136978871214640e-02
-1.625511706631027967e-02
-1.438897411596702994e-02
4.527410728034010623e-02
-1.545999870728376538e-02
-5.517409896333903135e-02
-4.283548557981877586e-03
-2.544669823329875902e-02
-4.086161274320677245e-02
-3.991164277942048366e-02
1.309243151295650005e-02
-6.319417017226294786e-02
-2.482020900276377465e-02
3.522440630777707443e-02
-4.897013824181697950e-02
6.882616960928698846e-04
-4.880150911332544611e-02
-2.525646491266447108e-02
-2.911588566262220124e-02
7.147012815997953739e-02
4.480906734198573937e-02
-1.128434821191666299e-01
2.459899242453553528e-02
-4.585619148720442191e-03
-2.947733544014834867e-02
1.533299322443255029e-02
3.718281985719710386e-02
3.728020042986453231e-02
5.200982867134004706e-02
-3.262485278075519246e-02
-1.257490114968042721e-02
-2.437803457914732366e-02
-4.019430840715657038e-02
3.908951918021552618e-02
6.762600498918874825e-02
1.096238106577955736e-02
4.509875109800772636e-03
3.142025736077139891e-02
4.127972501270014277e-02
-7.875213160110422148e-03
-1.536016017263601950e-02
-3.286951702261142749e-02
-9.237981667687905629e-02
-1.093901749032457488e-01
7.709145486735220765e-02
8.107746065929608004e-02
-1.641608123441582953e-02
3.630898203159053927e-02
1.681194247966636551e-02
1.443405831334278362e-02
-4.891920021393547646e-02
-1.161969184588347755e-03
-5.968562349499501041e-02
-4.991409266707248771e-03
3.857693708250508474e-02
-1.507742986168992411e-02
3.883958325674361639e-02
-6.389080834405187759e-02
-2.061188701802150330e-02
4.270582808535722252e-02
-6.874499218072661899e-02
-2.824153037133557073e-02
-1.870321485709782253e-02
3.803954897375647765e-03
-3.212016203466575015e-02
1.113951603638717314e-02
1.000663489133953865e-01
8.206145399154671227e-02
3.748860973251114115e-02
-4.989054797862949031e-02
5.193198242809511644e-02
6.966381717889392686e-03
1.124905705253615926e-02
3.420001831087628175e-02
-1.909736199728314515e-02
-4.947845124766687627e-03
-1.867575683444931689e-02
-3.662799962335126780e-02
4.306155339879763101e-03
-3.237572539740838501e-02
-2.836957078554691938e-02
6.558004271502254623e-02
1.304670048348066137e-02
4.350243415821392068e-02
-3.699345975989792173e-02
-2.013484834421060132e-02
-1.722074036691855978e-02
-3.151278669268821331e-02
2.383828553323341301e-02
3.253546058452377876e-02
-6.300739740336409878e-02
-6.106305245212087507e-02
-3.387605245354992356e-02
-3.177666184791690107e-02
-2.333058701787859776e-02
-3.007054515913408152e-02
-5.536915118311893161e-03
