4.870057719684624947e-02
2.246335665765273881e-01
-1.507743595708450346e-01
1.705391384738907667e-01
-3.159999936955471683e-02
6.839408365924862232e-02
6.466936221017804964e-02
-2.020609243812668265e-02
-6.238728976392544229e-02
7.733543988378782652e-02
-2.272266983634880708e-02
-6.139418194610592183e-03
1.980355043358287270e-01
4.712560862251559402e-02
-1.404258043412805745e-01
2.315236985734868760e-02
-7.775758942770293058e-02
-8.246603985085990129e-02
1.285944437599180479e-01
4.800979319019275243e-02
1.102691311473765201e-01
5.218767869891680761e-02
-1.137489530414953903e-01
2.145060067009197657e-01
4.581568549490994124e-02
1.336188630268202726e-01
-3.047507985984705334e-02
-1.438341845015478904e-01
-9.149380332885365119e-02
-4.642446387152154158e-02
8.569537551415715160e-02
7.982086733170501436e-02
2.615986370064820460e-02
-9.471653655703191066e-02
-2.663808315511217994e-02
-1.195352256038446394e-02
1.494283431312556313e-03
-1.241024854913803516e-01
3.534801556407071721e-02
1.259162590651682623e-01
5.471383809272187260e-02
4.007427563272811938e-02
2.030909042598277175e-02
6.651022269727460343e-03
8.021846936043415532e-02
3.385403686053288508e-02
5.988686293776358804e-02
1.906133176442044094e-02
-4.012513131246508991e-02
-1.419523211994303813e-01
-3.556647151990487143e-02
-4.595301614538473134e-02
1.054565654011894726e-01
4.368022096694032519e-02
3.390231928350553176e-03
1.822275478702669801e-02
2.862189482719506434e-02
-1.228940705713988113e-01
1.039987815855603071e-01
-3.708479458677884505e-02
-1.145889859404794764e-01
1.028542579223455239e-01
8.269221557698701319e-02
-9.276417956302869527e-02
-1.135276868184054710e-01
4.583088802500441539e-02
-8.365038127663837475e-02
1.739687480024637578e-02
-3.052705287475800111e-02
-1.277609794374112984e-01
-5.897565917406106389e-02
-3.235856837676307635e-02
-6.164846034479074845e-03
-4.431987842472377009e-02
-3.151362597474180460e-02
8.874766434034082885e-02
7.794767184184627808e-03
2.573107786297249358e-02
1.130324026085570560e-01
3.604404766017776929e-02
-4.545454922322255016e-03
3.546963580482649994e-03
-4.090868799720066840e-02
4.459988939105179878e-02
-1.885235622824430954e-02
-6.740883104628860728e-03
9.727753649308021333e-02
3.143588653354601609e-02
5.833302215581366405e-03
4.081770982712527862e-02
4.552470432869191314e-02
-1.353563530810027345e-02
9.185375454808379289e-03
1.763188763184043257e-03
-2.911321757597209320e-02
-2.902044489789001522e-02
-8.295401059411497413e-03
4.123305378407158433e-04
-1.212782684752553627e-03
-6.715780307720083109e-02
-9.099171353203642848e-04
7.519005477381893177e-02
-1.044766285949662865e-01
6.130892588646699726e-02
-2.514898009596990003e-02
7.148371856715659070e-03
-4.207857178300066642e-02
1.810892203384715030e-02
-8.082704458519594792e-02
-5.360483214458302420e-02
9.294874301858540612e-04
-7.037623625789135584e-02
-7.916309550064641598e-02
-9.060674077663743997e-02
2.340553092085952830e-02
6.980344961733860043e-02
-8.374176575041338000e-02
1.754107875497322791e-02
4.353202169250044995e-02
-1.355014712190537596e-01
7.121674317785833819e-02
3.239229158383232637e-02
7.024327337218758127e-02
6.774606311698114225e-03
-6.551748732451308233e-02
3.224327970199319243e-02
1.054700072819188782e-02
6.782204190881185868e-02
-1.256602538757600231e-02
-9.717074633736091926e-02
-2.654642781220408268e-02
-9.957921309283994382e-02
3.008936221433207436e-02
4.951480981090385786e-02
-6.729523530360052852e-02
1.719832772569407017e-02
7.266765368923544521e-02
-7.548499740110833911e-02
2.949165561353537732e-02
3.060431829497088640e-02
-3.162898236679495545e-02
4.494379161414657764e-02
-1.444545086749573007e-02
-8.447053915298225607e-03
-2.908955038546867308e-02
-1.509474449468872492e-01
1.088920324747654489e-01
2.403049372817303575e-02
1.105904496565002226e-02
9.361409918537043351e-02
-2.606834379230665161e-02
-3.586821973416308429e-02
2.607115405956242360e-02
7.897006738468075049e-02
2.425951358019755658e-02
5.579971858862346236e-03
2.401024626047483165e-02
2.661255373931879342e-03
3.389351603668022336e-03
-1.461752048428884183e-02
-6.839432066974007740e-02
-2.622361952284841050e-02
-4.606518982512411431e-02
3.729962766795796858e-02
3.558306225430641397e-03
-4.435624260584061784e-02
1.413005762065829701e-02
-1.185015212747038069e-02
-6.161358594390588424e-03
-4.277619523526459550e-02
-1.866396674618274812e-02
-5.271404514178688883e-02
3.314832119291800244e-02
-7.814303620408481407e-03
-5.741836481066429215e-02
1.146886996400968764e-02
1.644686903322922777e-02
-7.170295327174835975e-02
3.957844968461354113e-02
-1.009800128145960573e-03
3.817338377401130467e-02
4.669963305209565152e-02
8.039260435436706986e-03
-1.419587881999828313e-02
-1.414607275815202812e-02
-3.840822731239717461e-03
4.016481364046223940e-02
1.194460419417759517e-01
1.472966030538659481e-02
1.223377053720394250e-02
4.059833968796696529e-02
4.133479900218714476e-02
-9.325739839573732315e-02
-8.427957641415635692e-03
-7.768865323333243658e-03
-8.848055351647603206e-02
-8.900160415260929825e-02
6.466167629852671850e-02
2.284984289433285385e-03
2.376771681043762796e-02
-5.813183410721377287e-02
1.396371011430163483e-02
5.822738319390998937e-03
-4.023611993974722523e-02
3.031303240097813628e-02
-1.025565388864419641e-01
-1.712949310724850085e-02
-1.737632260477344967e-02
-3.458585754084897435e-02
-1.459063672283002037e-02
-7.030313545059967140e-02
-2.005589550383029412e-02
1.040211960063232126e-02
-3.888824127486784771e-02
4.100017404690058792e-02
-5.160429430353206254e-02
5.856847514974899277e-02
3.173695757497151104e-02
-2.190234266679675496e-02
6.644118492697921596e-02
4.450599937779574355e-02
6.565393765030533811e-03
-1.095763833395081537e-02
3.908516313462163244e-02
1.227338514791782333e-02
-5.405728517276215533e-02
2.479945733836358759e-02
3.729055355199957338e-03
5.508719733403977942e-02
-4.235340237715841394e-02
-2.514623754599740191e-02
-6.424453783357372827e-02
-5.512836944226891245e-02
-1.601655955667990669e-02
6.710620250734787573e-02
-4.915733027251313440e-03
1.564245542524600463e-02
-8.757239703052073498e-02
1.476047166927517071e-02
-3.710846177728226863e-02
-5.112783549843314540e-02
-1.971896816091249158e-02
7.590321934259368353e-02
-8.126131552281666559e-02
-5.821451691008838747e-03
-4.442602526625199361e-02
-5.807004208622845026e-02
9.626147251623163106e-03
2.318744741008336649e-02
4.187128917890632455e-03
