6.428825448899845585e-02
7.146688069835489820e-02
-8.768081406741064232e-02
7.240511035443748800e-02
-2.816234471908242720e-01
1.139488955444947597e-02
1.729891778902108851e-02
2.879326765282713141e-01
2.436166526577328989e-02
1.205502727324734291e-01
-5.428179912608719487e-02
9.704581732736612676e-02
8.775805520850318842e-02
7.447067259245944426e-02
5.240220795628405814e-02
5.931006464768102254e-02
3.053578217968742903e-02
8.365123667108423323e-04
1.934296552674755849e-03
5.296995927895542522e-02
8.215141728181363234e-02
7.641766678534025331e-03
-2.178049373055877813e-01
2.491801254161080809e-02
-2.116523008500383052e-02
1.091745147431601344e-02
-1.544070495179006124e-02
3.166437431306814987e-02
-9.550923265278045415e-02
-1.319187797905162496e-01
-2.507923512610365016e-02
1.254178603404679793e-01
3.235576592857693223e-02
-5.251944836612217754e-02
-8.653458821385103536e-04
-4.076650578302074002e-02
-2.893666247813524162e-02
-4.029573992133334698e-02
1.496027118174203703e-02
4.854764012644363635e-02
-7.266100354861668165e-02
-1.110567952255002155e-01
1.055973205658635589e-01
7.639427997884815080e-02
4.665923209655105375e-02
5.531316750496801521e-02
-2.418757483142017217e-02
-6.448402963330131243e-02
-1.010806031391121990e-01
6.529327441340347649e-02
7.759721968919938706e-02
-4.532819260042139295e-03
1.152442931390272735e-01
-1.202292913665141795e-03
-8.531309565118799787e-02
6.686301592863443111e-02
-2.155150387432820669e-02
2.495317785617607448e-02
-1.167279426111453994e-01
3.213830607432434372e-02
-9.625679345418729216e-02
-8.586191966030826475e-03
1.370224481889368573e-01
-3.652767263777593424e-03
-5.565304214254751525e-02
-1.273953561033879522e-01
-9.165156700723293970e-02
3.184860924281376991e-03
4.788065657535237746e-02
-7.697224388077371360e-02
2.719225181572675759e-02
-7.244259052030035950e-02
1.240140732381176357e-02
1.824844936614498578e-02
-1.792845521618030916e-02
4.548036003130884880e-02
1.278168292492084523e-01
-2.163408959856377017e-02
-4.882797542697119714e-02
2.902224389228536677e-02
7.968858571080361664e-02
1.449430523230411591e-02
3.468808073671838382e-02
-1.060482059399361215e-01
3.151932164572777972e-02
-2.950740949072117036e-02
1.062373769496546133e-02
6.021353749236851155e-02
1.405172608935829383e-02
-5.902659748951550461e-02
6.368258045536319412e-03
-3.946157644785097673e-02
4.806938503996983914e-02
-1.421761241837721582e-02
-4.153980228414813625e-02
4.173598593162115844e-02
6.968185801244557165e-02
1.723066371767224131e-02
-2.629201295446976019e-02
1.619578901991414882e-02
1.091731530659262490e-02
3.056961985894964678e-02
-1.456316865421513063e-01
8.718529972199727529e-02
8.535728207742780682e-02
-4.649508190600534080e-02
1.538024648260524589e-02
2.664495969349462041e-03
4.248415948778324486e-02
-1.534984703835860125e-03
2.113220941208194398e-02
4.938588863162769044e-02
-2.721540032870292669e-02
-2.681605443793318166e-02
-3.421336601105270936e-02
6.181772944161694622e-02
-9.219882508753421760e-03
-7.999217165009989139e-02
5.467920462679864285e-02
1.574779720996360597e-03
-6.057148839522793343e-03
2.192756508439839408e-02
1.795824190567170409e-02
1.054095452753098239e-01
-9.083769252453555154e-02
4.060385343743231484e-03
-2.057667914258476047e-02
5.933723010849717427e-02
-6.519622086855779430e-02
-3.795702523019260644e-02
1.726068870067956271e-02
-7.916382934679239841e-03
-9.914882568932014209e-03
1.460249048853685255e-02
-3.995477594196674559e-02
-6.636726328970511679e-02
-1.244412994702513188e-02
-8.372817143479914861e-03
-1.547440646332889393e-02
-4.322920118630738107e-02
3.269516397912456546e-02
7.200082838369488425e-02
-9.273879819463418106e-02
6.138376290717548894e-02
-2.081248759756404790e-02
-2.811138394860401152e-02
-2.667083156093857672e-03
7.262811904341818538e-03
1.357476459625669464e-02
3.878587816246280295e-02
9.753060846456261535e-02
-6.181602734507458258e-02
-9.208400165478625166e-02
5.163837511193221375e-02
2.721138338086294406e-02
4.201904458661651076e-02
3.302918340459833069e-02
9.195784225906614151e-02
-7.008654848635834100e-02
-3.398531911630660318e-02
6.347118006480143015e-02
6.387621095802267779e-02
-5.638576066210491955e-02
1.196846204729573029e-03
-7.749431093224798395e-02
1.102612693435295194e-01
-5.051560414872638405e-02
-3.100413106428465820e-02
-1.991309978457823232e-02
-1.320485476309061768e-01
-4.208443913577418483e-02
-3.432665755691254039e-02
1.148468195544541381e-01
1.278829386789139336e-02
-9.655551139737239205e-03
-4.409835976470078550e-02
4.285845051744937260e-03
9.552948760163460298e-03
1.971535020828623502e-02
-6.228846126137349559e-02
2.771428482527019121e-02
6.218476954001259799e-02
6.172557793481328603e-02
6.834840153922576433e-02
4.398081297748503843e-02
-3.654962968317244931e-02
3.060403625103627276e-02
6.692858068744633737e-02
-1.774309690271673456e-02
1.510835358092781425e-02
8.509352519722288011e-02
3.986609671210950695e-02
-6.882692896114633863e-02
5.018869948679970105e-03
-8.791226515524148619e-03
-8.508926995586696407e-02
-1.083802824545616467e-01
8.109039838116481602e-02
5.717229947433192377e-02
4.928461388735695670e-02
-1.014422305705031148e-02
-2.971690353315548788e-02
-3.327884692543246759e-02
-4.464524338376275187e-02
3.368095021260084782e-02
1.820392252059670982e-03
2.018431184763871955e-02
-5.663566247645498986e-02
-3.338315140154861360e-02
8.733283745028949663e-02
-7.463499299265939635e-02
1.881262628607738296e-02
-6.627623516661942200e-04
2.124162017782518438e-02
1.202433166420232707e-01
1.320043952465972149e-02
4.825954326568289258e-03
2.765559653648943378e-02
-1.113955805212925865e-01
-9.340595195537967910e-03
6.690641939046473863e-02
-2.004092723490986591e-02
-9.095180107673571379e-02
7.246093912102707923e-02
-1.685718969434644998e-02
-5.021749896029652216e-02
5.553426984582126441e-02
-8.960431932800681787e-02
3.049271913716558591e-02
2.035809590461421480e-03
-1.617216391990611637e-02
-1.249995871361471271e-02
-3.564847168978257236e-02
-6.007498683381997523e-02
1.439514108774591315e-02
9.582360988415531550e-03
-3.651572392004853729e-02
1.733139379104941744e-02
-3.589752245586145390e-02
5.977725610662944222e-02
-7.980868564283291611e-02
5.939190144943794214e-02
2.885036618343732318e-02
-1.036709557830762379e-02
-1.652225113673981040e-03
3.237207201345278923e-02
1.442499586109900235e-02
9.654904343051140189e-03
-1.011103217447418927e-02
1.353813547866499281e-03
