1.261843095999015951e-01
1.627672845772624721e-01
-1.748416803760454441e-01
1.337533558337322681e-01
-2.398070446193374394e-01
-2.238434119193417546e-02
-5.332874714003288386e-02
2.488036196441084924e-01
-2.740563197596512096e-02
7.317414330697155633e-02
-8.983763912905962101e-02
-7.281558987106835114e-03
7.488065745610876511e-02
6.110663815171250846e-02
5.207770109964508787e-02
2.236685746956008566e-02
-1.192709715187166009e-01
-4.791143290332443988e-02
1.816068524805621379e-02
2.714145635907343548e-02
5.675829927004125836e-02
-6.359172645543408053e-02
-1.564202819737637862e-01
-6.508415071001009966e-02
2.137251361179426032e-02
4.137773157031729432e-02
-2.246198948836029483e-02
-3.285798222103890331e-02
-1.424653232836999572e-01
-1.485555894227680584e-01
-4.213817064816461483e-02
4.888592759392438453e-02
4.296422510762764463e-02
4.537574465014372442e-03
2.907063085491600873e-03
-4.756834056308929803e-02
-2.346661788869911294e-02
-3.920772736922373269e-02
3.399689246557247024e-02
4.699432596028182280e-02
-7.524164490042092868e-02
-1.381427986038869238e-01
1.050788169951109019e-01
-3.624931013448431244e-02
4.536679709810521877e-02
6.391911772734111541e-02
-1.105691172022790335e-03
-1.127209863266355472e-02
-1.427564444021328649e-01
-3.645825775775900918e-02
1.609592962747383726e-01
1.746798702395636546e-02
1.524664924270012489e-01
1.810580007252499471e-02
-6.141411169283650384e-02
7.020965819211406889e-02
-1.992393579038778673e-02
9.963630562909860447e-03
-1.557380054194712204e-01
-2.357878796636192140e-02
-6.621010243090169611e-02
-1.961944476660995584e-02
1.035220457858365140e-01
-5.326004639564527188e-02
-7.115607608148973029e-02
-3.091437508378556270e-02
-2.834581057617983207e-02
-4.408537737531850395e-03
4.957845440898134975e-02
-1.167835177702032379e-01
1.711930674892322762e-03
-3.399726956546681583e-02
3.543196325439974641e-03
3.175037126773582602e-02
7.528250881624429930e-03
6.787513559166113986e-02
4.927622598456957853e-02
1.312228784154551887e-02
-5.894506727552879799e-02
7.247431446668776978e-02
8.781473816856845416e-02
-7.343873030556616333e-02
-7.970438217731246056e-02
-8.362327284294399088e-02
1.950124109063765612e-02
-7.996711795824393287e-02
8.021425551627303641e-02
-6.853941419645094568e-02
-1.380339881434646150e-02
-1.921598216147132540e-02
-2.114741925667995657e-03
3.768273539649989734e-02
-1.984649318481312985e-02
-3.892366830335758365e-02
3.133778970151580162e-02
-2.186109794762872149e-02
2.554817502366490880e-03
-4.138602776799284177e-02
-4.015633929434830537e-03
2.330823593307497499e-02
-7.980095403207289328e-02
5.770639696803717134e-02
-7.416595031090270074e-02
5.194112237427570000e-02
1.680201832600372869e-01
-7.672680141157869546e-03
6.564674947056153842e-02
2.235098499218909213e-02
7.689485083722144565e-02
-4.560001624185219121e-02
-5.386323481755148947e-03
3.428547673017073860e-02
-2.115633252690988803e-03
-5.964235926197792442e-02
-3.342716308883707244e-02
2.348009063946973965e-02
-4.184471836674846096e-02
4.432569285344084217e-03
1.696003346627609695e-02
1.949736724626849327e-02
-4.728301307030581546e-02
1.629030405392260100e-02
7.568710272106596304e-02
4.007975373398806052e-02
-1.062862908567977632e-01
-5.014516698656200366e-02
1.357542478731171842e-02
9.214881581787183473e-02
-7.580242672511781910e-02
-4.436604254213556003e-02
8.060338832542661772e-03
-1.225523233902480955e-02
6.531061633746747253e-03
1.744419544880417006e-02
2.874125123811152246e-02
-2.091752544836492436e-02
-3.637927247079839749e-02
-1.184079955514165047e-02
3.326346745288355500e-02
-2.483333075122454159e-02
7.938209889488334614e-02
5.355476710397875928e-02
-1.183695656440020838e-01
8.084658347546938573e-02
-1.027151548573678255e-03
-4.805342815444894194e-02
-4.745733606691809880e-03
4.412898383582800760e-02
1.923997942747498330e-02
3.616514829442862150e-02
7.610455230410385907e-02
-8.895546534895659718e-03
-7.825124487536530560e-02
5.766460744338222644e-02
1.358927463797668725e-02
5.341739989701210778e-02
2.161879412460893449e-02
7.241366994731565643e-02
-5.290526395868548615e-02
-6.257698492156515101e-03
-3.225472523551554168e-03
-1.193270908393566018e-02
-1.917011310159576556e-02
5.675182000822027312e-02
-4.710697598326470115e-02
6.729217343681516417e-02
-3.705520689050426780e-02
1.747789446663501785e-03
2.564985486790326286e-02
-4.241033392645465749e-02
6.390129118688125823e-05
-1.259829039745137720e-02
1.097815269320390058e-01
7.691603699492182040e-03
-3.334756072932208715e-02
-2.555191174079976535e-02
-2.148146119945086585e-02
-1.700017746411935579e-02
-2.303449569159039811e-02
4.058637030113383670e-02
3.124440605495299936e-02
1.159994928080551740e-01
-1.790220041138824991e-02
1.034127210982855594e-01
-1.714080144290078961e-02
-3.499205908674413168e-02
-6.501887814648014442e-03
1.023858780859890627e-01
6.528548777178078133e-02
-8.887661718923030307e-03
5.214071106380897824e-02
1.223202698279927392e-01
-1.126661354329129040e-02
1.800905680872167888e-02
-5.824914656142274327e-02
-4.584639960009259663e-02
-8.998199982497588623e-02
1.915547476933353310e-02
-7.357630320338428079e-03
5.411671451016725198e-02
3.436477055340853709e-03
-9.930452628569376439e-02
-5.400413305080152722e-03
-1.370727262309752621e-02
7.978439591853037430e-03
-5.548099336428373440e-02
-1.453476691852077785e-02
-5.280752652243345113e-02
-3.507865493520875844e-02
3.734056866509632283e-02
-7.610540934931826762e-02
-8.502985544884406055e-03
2.212513643728610067e-03
4.973810479152282471e-03
8.093911007681778291e-02
-3.215263400957426437e-02
-6.567708887115188826e-03
-4.311417373834192796e-02
-1.122126556690609400e-01
-1.136647645167508137e-02
9.078443411832962107e-02
-2.101965095611477152e-02
-5.736604717248815904e-02
4.398452029448599032e-02
-1.684844617935908964e-02
-7.411301919846036146e-02
1.746788417853063768e-02
-7.356183628016493836e-02
5.731513868675183060e-02
-2.342733093607026612e-02
-1.294343964620111968e-03
-1.088025756063241110e-02
-8.230119489518536446e-02
-2.041485128920545594e-02
1.944309914329165126e-02
1.301841396155825961e-02
-1.481111257745717710e-02
-8.914847193124315200e-03
6.424616618116238062e-03
7.654047978196458490e-02
1.485022812104313736e-02
-1.938327738732539222e-03
4.666528916156310880e-02
-1.535571338850588718e-02
-1.765492572612485309e-02
-2.249699121491705728e-02
2.359599743426740032e-02
1.081162537986195098e-02
-2.946713425291357449e-02
8.324966969307562303e-02
