6.975659346047523302e-02
1.762435903840032236e-01
-1.618902537811083009e-01
4.318700885582975324e-02
-3.439288427029053019e-01
3.529117273251743125e-02
-2.312622009000949580e-02
2.186902591723746403e-01
-9.399471792150394800e-02
4.021311737071847636e-02
-8.060098322701790552e-02
3.658168134766469348e-02
1.694368683445835189e-01
1.298461117150652780e-02
6.020229919209263425e-02
-1.008220958102830911e-01
6.699924412948220220e-02
6.051750745331785364e-02
1.526401857473748229e-02
1.639331517091735246e-01
3.597078460285894896e-02
5.548787698712287497e-02
-1.666653697567792303e-01
-6.428534093497520474e-02
5.021519602679835881e-02
1.972998533832865872e-02
4.917421007191325605e-02
-1.428699690003547643e-02
-8.197060374521186743e-02
-3.765248057845860946e-02
2.528454978957847196e-02
7.507423531957214957e-02
-9.519695720705515993e-03
-4.942796718129410100e-02
-1.003807147358872498e-01
-2.818173922073498663e-02
3.806601068263480020e-02
-7.099346572011912965e-03
3.938068664153262372e-02
9.871605983600913181e-02
2.151654417584312334e-02
-4.384482880509705388e-02
5.170300242974397442e-02
-3.183479503278499601e-02
9.402267217097040608e-02
1.387635861476960164e-02
-2.182321468599976097e-02
-7.334540958101734565e-02
-9.062781447591353179e-02
-4.939911784502207248e-02
7.363741443812878151e-02
7.669540965654861320e-02
8.805884649107867390e-02
-1.000235406740467362e-02
1.675106759653991612e-02
-4.715799261593729870e-03
3.285278414204990949e-02
-5.560733664925168740e-02
-1.313643854958160828e-01
-6.109704173351283157e-02
-3.799739883634582760e-02
-4.354483701956662900e-02
8.767643786660406224e-02
-4.568392235281572289e-02
-5.423365381401704793e-03
-6.753195848446243155e-02
2.839301413326656559e-02
6.281984284933779528e-02
3.408356292613275856e-02
-7.593678916240720334e-02
-2.657089280843824564e-02
-4.171235334364298969e-02
3.109803531254899667e-02
-1.237350786820718557e-02
-1.314545138518544848e-02
2.861781862712858490e-02
6.781084687723060167e-02
-5.182173913714521740e-02
-2.179278173461017196e-02
6.174887148646588525e-02
1.299613713544910121e-01
5.877711443912175121e-02
-4.035147713501119338e-02
-1.861222159137447818e-01
-1.025060295028966811e-01
-3.466309720632774344e-02
1.434851346206947875e-01
-1.449892591446343658e-02
-9.613610982459818224e-03
2.493453642218258076e-02
5.809361238381754305e-02
7.751210751380567532e-02
2.276398534507593704e-02
-9.694203221377272611e-03
-1.443158784555162791e-02
-2.002343610489524996e-03
4.606942935469426209e-02
-4.675090025147813494e-02
2.036053956644148094e-02
4.510617824623188929e-03
-1.708214643535630600e-02
7.132244454758397689e-02
-8.727316683427638333e-02
2.269588989502094659e-02
1.542771618091112393e-02
-2.957752381478425188e-02
2.878371952390057151e-02
2.413725506332339843e-02
7.536765165972314495e-02
-6.879902271058671581e-02
8.722686330529560994e-02
7.540231906023142638e-02
4.102014140519220226e-02
1.126996911617854716e-02
-8.347820533712696153e-03
1.034854610266906262e-02
3.738216436317460395e-02
-2.962530767963577824e-02
-1.812870946956846030e-02
1.071933581187899803e-01
-4.486226709171237809e-02
-2.641848706658110092e-03
1.616946773140898880e-02
-4.961159768209961324e-02
-5.686851395830853917e-02
-4.249686250231491519e-02
-2.845360462472095592e-02
7.960241061615086489e-02
-2.680819409116273408e-02
-5.775671548076490719e-02
2.239727516611449143e-02
-4.335556058660286483e-02
-4.010457088233456563e-02
3.122603272574639086e-02
7.523972309935694769e-02
-9.760391448008071125e-02
-3.488053444725155300e-02
-4.280776746159024176e-02
-6.902702886109944244e-03
-1.120590155674865140e-02
2.735695115581213144e-02
4.651821210844392374e-02
-1.742334664035882774e-02
6.060088823189883206e-02
2.581991497855982629e-02
5.212920145486063528e-02
-2.218021661576226669e-02
1.238435218912089728e-02
-4.970967854014140402e-03
2.096503299794579694e-02
8.798723954663258129e-02
-3.938388829818333797e-02
-8.344250514415069153e-02
2.544446049003621507e-02
-2.728262452453370651e-02
3.776085493476451921e-02
-6.664506516579881898e-03
-1.757365237086442808e-02
-4.961562557272471141e-02
1.360759158818755296e-02
4.544462433798648893e-02
4.406357424981362930e-02
-3.660681263105202560e-02
-4.917772156630435820e-02
-1.076113636569940579e-01
1.106187864708988305e-01
-8.361029949378064041e-02
2.459109850016611906e-02
4.419721759516927195e-02
-7.605748817549759511e-02
1.154000992013776324e-02
-4.806457784432357355e-02
9.911237673238579293e-02
1.199753698344958874e-02
1.232338300709491866e-02
-1.514555727866103221e-02
6.601537159807596700e-02
3.596978623680657794e-02
8.344343465737187257e-03
-3.485085887700514751e-02
-1.278769207427976617e-02
1.083825842192447375e-01
4.711840223799834693e-03
9.750245983331022603e-02
4.499580715782122708e-02
-1.369620518193959482e-02
1.880849347198797553e-02
3.703941496947011497e-02
4.838467465656386135e-02
-1.249802821342907433e-02
7.466111833238313344e-02
1.079515999223598088e-01
-8.969478976034714335e-02
-3.161907911264113386e-02
-4.873355195224497727e-02
-4.682106128646906784e-02
-1.078878422006703114e-01
9.232255806302523682e-02
1.504351738282534712e-02
3.792950994478443139e-02
-4.798078394875541011e-03
-5.713098095083595299e-03
-8.666275205928901382e-02
3.877757026665227223e-03
4.444174842516956936e-02
1.154799684855675052e-02
-1.762329526215830958e-02
-1.519468377372092636e-02
3.467046445926594278e-02
2.951576282519949301e-02
-5.991394353503470827e-02
5.124013927201429008e-02
-1.338523136983306959e-02
3.233205017969816020e-02
1.174393823558049638e-01
-4.000414902803203082e-02
-5.842025021502165322e-02
5.469844485102027393e-02
-6.361536846100143694e-02
-2.844723573783512413e-02
1.897683864426749634e-02
-2.832505638887397592e-02
-6.065080653451750820e-02
7.907654711787485968e-02
-4.170708610205632605e-02
-3.594462052700364563e-04
5.106125961656145110e-04
-5.066714601078313451e-02
-1.261903706425985400e-02
-2.745554841008790783e-02
2.613102649632874797e-03
-2.605126049138567143e-02
-6.930994514449272115e-02
-3.972219668427554029e-02
-1.912142958978364782e-02
2.860972841946279877e-03
-3.432196585415642209e-02
6.839048443667237846e-03
-3.269693575863285434e-02
6.861852501360071743e-02
-3.350406307235338083e-02
1.614832991223115119e-02
1.462826595786919683e-02
-3.483739814850590755e-02
6.092787032725893726e-03
1.301635232668888267e-02
-3.536591248078304467e-02
-2.286292686350770154e-03
2.604420307618785999e-02
-7.004742781945629557e-04
