7.650117005851875263e-02
1.484719687560449863e-01
-1.666165955861419745e-01
1.370747371937453551e-01
-3.157123268896125934e-01
7.047682772990501721e-02
2.990292335286341349e-02
1.792279917265401090e-01
-5.447762496235707130e-02
9.480524829131621589e-02
-3.856475736612861860e-02
1.121729574743501739e-01
1.207301278110443910e-02
1.557930198662639265e-01
-1.108109781164896834e-02
-1.254164233264245740e-02
1.171975721433203138e-01
8.872934880044829054e-02
5.423942032396274898e-02
7.714810695700874410e-02
7.247677752325477896e-02
2.242528878950678095e-02
-2.377692045348518413e-01
-1.422176630234125994e-02
-7.356059873846770847e-03
6.194279877933769191e-02
-1.704020252894490953e-02
1.845238748662197253e-02
-1.088276756165787867e-01
-4.797496139057953052e-02
-5.224207476067570938e-02
-3.144195739005077096e-04
2.920624236368189394e-02
6.315093077387320432e-03
-3.741091862366001299e-03
2.295355191298713640e-02
-2.513114975453879796e-02
-1.605779464746520946e-01
-7.167098259093940271e-02
6.116901280133741486e-02
-5.024031189576331352e-02
-1.176084800892911453e-01
1.785849117257379270e-02
1.001359424049986721e-02
2.454968122192912466e-02
3.232014332512201521e-02
-4.275090884971822006e-03
-1.014325522917913502e-01
-2.719867766976902940e-02
-1.810750831046899559e-02
9.847691599530157547e-02
5.975659708909783485e-02
4.281759691828613407e-02
7.183020323907732263e-02
-1.533789315630680779e-02
1.049007274365727077e-01
-2.508915242416039082e-02
-1.675739633010946486e-03
-1.387867052930717437e-01
3.207781806953985404e-02
-4.249714476082263465e-02
-1.055623007673138838e-02
1.991484397399061884e-02
5.468593040243646675e-02
-1.171330597606275864e-01
-9.522288108453758060e-02
-3.124034383228441181e-02
2.401360540826063400e-02
3.456337435724150114e-02
-6.475711438875350612e-02
5.292046020954324637e-02
-3.060781261148309840e-02
3.254028317776487544e-02
2.237046809843983713e-02
-5.906357520797911320e-02
7.517070518091083231e-02
6.632548722031825217e-02
-7.605637415679517878e-03
-3.994638382674070565e-02
6.467522948399686764e-03
5.697158730912189883e-02
4.286200068910223787e-02
-7.326345279181858960e-02
-9.542663736324161206e-02
1.273161926747036835e-02
-2.779273880850472236e-02
-6.288589267635169913e-03
2.931604857050330512e-02
1.543945812875254647e-03
-4.628326672781728907e-02
1.485789070133036564e-02
1.724896947814934592e-02
8.440767845878517639e-02
-4.551462328006743163e-02
3.208385065310284667e-02
-5.776033936874838681e-02
4.797842270901731682e-02
1.959897394283999228e-02
6.494115763483093717e-02
-6.173409776000825591e-03
5.926762817112066206e-02
1.067661802849115445e-02
-9.990294622672975244e-02
1.274130106961490483e-01
3.143744119361290695e-02
-9.500254344226971570e-02
6.668299196753474378e-02
4.747527886791399337e-02
9.555236563487681800e-02
-2.570856359983564321e-02
6.357159634134483539e-02
6.515467153503576303e-02
4.426086781202822479e-02
1.621868332144076053e-02
-6.452161287523440480e-02
9.572147576426552618e-02
6.225263622692532930e-03
-4.550285479737897765e-02
3.915997227767691047e-02
7.801653527057919590e-02
9.831990399797634755e-03
-9.671451154159608002e-03
-5.463971356005772363e-03
9.882584985876737005e-02
-4.476424240769405483e-02
-4.746647722960078281e-02
1.434594522191383510e-02
6.688823166842640389e-02
-6.830836117604160984e-02
-3.479943627469815354e-03
-6.784250067925380601e-02
-7.490227169482654816e-03
-6.152526488092881912e-02
3.529839356873862993e-02
-2.394332416150493290e-02
-3.578594499440318488e-02
-4.455105815686426218e-02
4.784511250175649960e-02
-3.312445483524976975e-02
-2.633898506463678776e-02
8.721355504420032212e-02
8.085620091693455913e-02
-3.706983041531983908e-02
7.030768463557879322e-02
-2.566943421901996675e-02
-2.084900437294140343e-03
1.466188118293946380e-02
1.715927188320456875e-02
-1.490272301633400326e-02
-3.741190757178508835e-03
6.860151836525288371e-02
-6.369735757791752939e-02
-1.541921765712590472e-02
3.843006263149269242e-02
5.980050638585138884e-02
4.089171933950489640e-02
6.796545989613878881e-03
4.868229005457441749e-03
-5.935238102544004163e-02
-2.361608122691588596e-02
3.351719910065662639e-02
-1.092484400788629184e-02
-7.205403516472047576e-02
3.902151954016566671e-02
-3.770681190268401067e-02
8.420520781264376198e-02
-9.853862635830658301e-02
-6.746010740422278378e-03
5.444116574147910698e-02
-5.590217177159764045e-02
8.351683398771291011e-02
-2.052907965447794622e-02
7.450570349666936487e-02
-3.005733112012594008e-02
6.077086228618011881e-04
-1.265121778490134637e-02
3.329574065051366105e-02
7.108272328120417149e-02
3.848310321593449018e-02
-5.964949400715164468e-02
8.188190494733028901e-02
5.631904637125646068e-02
-2.139325549111055838e-02
5.055895098166416496e-02
4.639336961907621765e-02
1.439737052441800690e-02
6.615469587911687599e-02
1.091541603576052788e-01
3.735758135478067787e-02
-4.434908198478537678e-02
3.178248519445339704e-02
2.013920333863382026e-02
-2.063611680654912905e-02
-3.794603845414092069e-02
-6.582016769333974560e-02
-4.545647313031272313e-02
-1.121044563342196154e-01
5.785623437194366975e-02
-3.132865689985407653e-02
7.044567586396499603e-02
-1.772336789375033098e-02
-7.670762946209801203e-02
-6.150054117780181379e-02
3.027954776383146723e-02
4.029297717964382824e-02
-3.574348615489973680e-02
1.411070742789474926e-02
-5.583917577603002974e-02
-2.394638990069268038e-03
3.040837473959192086e-02
-2.106601255652150798e-02
3.236995334568855409e-02
-3.694410214368464007e-02
-8.351699881240043366e-03
1.254438501544268003e-01
2.703853400338103799e-02
-5.282301585428533439e-03
5.590556716016040727e-03
-1.190675741530345250e-01
5.907316800479238579e-03
5.827169147928987214e-02
2.020124335101385320e-03
-4.517831498766514825e-02
4.823423062403806721e-02
-5.036821585327368872e-02
-4.603302988723449729e-02
1.337614972552265795e-02
-5.113418914108582708e-02
-4.241226004675324734e-02
2.047135804891076633e-02
1.634919150901385093e-02
-4.049083273453486786e-02
-6.236442032999690160e-02
-9.157099234305382529e-03
6.083900081199814652e-02
4.314685071406284406e-02
-1.519334190535758140e-02
4.076612292761970513e-02
-9.048776449671593058e-03
8.921604313773777439e-02
-5.896705387097127965e-02
1.346057293046700777e-02
3.371310972423502417e-02
-8.436947209621958876e-02
2.786173442269782030e-02
7.306216888342726562e-03
1.309522252812486860e-02
1.237510346837894688e-02
4.738950410053203305e-02
-3.226466333530501190e-02
