1.862130342780638770e-01
6.040806737093205175e-02
-2.466624059971586069e-01
-5.845556297861351919e-02
-1.661317222641746708e-02
-4.913282880953701026e-02
-7.559187836245068182e-02
3.086778811193917338e-02
2.366090905638667044e-02
2.212312475604777950e-01
1.109040075487996296e-01
-1.377569587161555920e-01
1.138381096055072067e-01
1.491656473161502017e-01
-3.065122028480182087e-02
5.810778511861093825e-04
-5.513346477712703642e-02
-2.517769839388788941e-02
4.533394878143628959e-02
9.923622495219527884e-02
7.335112595949470904e-02
-2.311573917591225324e-02
-7.620109204323979868e-02
-1.388661009494808474e-02
-3.020613793327710933e-02
2.241200404102854787e-02
-7.973076410944529568e-02
-2.647398292447619012e-02
-1.590736678320349984e-01
-8.343125358263750457e-02
1.124406175431020144e-01
-4.220883532665177518e-03
-3.086598931945550364e-02
1.433830385733729784e-01
-1.702929401895514339e-01
-1.376985828091384367e-01
-1.036665150815439668e-01
1.226881686251491549e-02
-1.117484557711792559e-01
1.153880917552542046e-01
-7.297012134776552361e-02
-7.012589103627965559e-02
8.153485115212090115e-03
9.719174456684395724e-02
4.075653100271596496e-02
-2.228456129053477466e-02
5.939361628910547891e-02
-5.716664331536400537e-03
5.171541966335137935e-02
-1.605649686194374551e-02
1.220280457231241560e-02
-1.516595882460525409e-02
1.022273792761678457e-01
6.985223700239649725e-02
-8.325239251869552548e-02
1.050884435701423675e-01
7.320437164441213895e-02
6.962185580656382600e-02
-3.597842907388389133e-02
-2.847104985511651754e-02
-8.552755955520693898e-02
1.849976614697597735e-02
-2.344077758376280837e-02
-2.963497041049158176e-02
-2.327583170695862042e-02
-3.104919463694295542e-02
-4.761556431930424882e-02
3.470576642194903028e-02
9.031954273169599812e-02
-1.620741894527149562e-01
5.556782225271139630e-02
-1.677028487104749721e-01
6.782231665431863454e-02
-2.657366317965600619e-02
-2.968957903513724447e-02
1.962994407051590895e-01
5.074651536479048847e-02
5.776194180901533456e-03
1.868130842990305476e-02
5.381973535339525105e-02
4.794501485966191912e-02
-1.243926093521257464e-02
1.802967039808404254e-02
-2.426737363922906038e-02
1.691679482186813493e-02
-1.091188247969429592e-03
-4.655241008249537404e-03
8.723566574611252983e-03
2.070094511529127837e-02
5.377642857586394445e-03
8.426154904151356151e-03
-3.162477429223559122e-02
1.522382563941001438e-02
5.159870178879796820e-02
-5.168049593758358012e-02
1.032510958362593545e-01
5.772674656740094112e-02
5.590239765467346945e-03
1.720042706311352906e-02
-2.145026097292149561e-02
-8.299017608985001862e-03
7.840128676661121954e-02
-1.074908497202626267e-01
2.618291793693036662e-02
-5.576263487264062485e-02
-6.427730394278073286e-03
3.840388013148357538e-03
-6.914151033446305772e-02
-2.099672769067162728e-02
9.999012263973672612e-03
-3.816698255533270204e-03
-3.927096598757274376e-02
3.620188661562849519e-03
-1.080999615826092747e-02
4.219831408759635444e-02
1.907809490021535048e-02
5.837597489608145618e-02
-4.239991460369036541e-03
4.391833303627113577e-02
2.933715146626179882e-02
3.621922969032951439e-02
-6.712957791122186289e-03
1.040859391855658046e-02
5.584867145652922665e-02
-5.930259060153575401e-02
2.249675092464584192e-02
-4.871354046343846084e-02
3.952792179689054719e-02
-4.250346395968410823e-02
-8.695468078437139370e-02
-7.009334307416953402e-02
-1.049484771512245729e-01
-1.524120265359185655e-02
8.484873599924798449e-02
-9.356999468916320228e-02
1.951947784833026056e-02
-4.978809836580417453e-02
8.672046442720562562e-03
-4.494483263379020488e-02
-4.141526238602717680e-02
-5.248910406821315211e-03
1.893806060233590993e-02
1.646587487964170857e-02
6.208457590519057823e-02
-9.562041448365870763e-03
-1.806995656182202106e-02
-2.485201513590168387e-02
1.422529217408985067e-02
-9.811021479690052935e-03
7.830381257768496625e-03
2.321073578273837035e-02
-1.291638215663505895e-01
3.266539271377739972e-02
2.325943893772067228e-02
8.192043759376128886e-02
1.405101294005908774e-02
1.694503246991362760e-02
-1.172731244596948198e-02
-6.669936105229802570e-02
4.245112928025363691e-02
5.940831208430222277e-02
5.691776510248229559e-02
-4.515376407774216588e-02
4.536554643808334703e-03
-3.366504618196475285e-02
2.080578417155632895e-02
-2.196359562038308413e-03
-2.919239958054783285e-02
1.169319647984529004e-01
-3.252298265224028845e-02
-8.201054691534877261e-02
-4.152016932125388027e-02
-4.891150945508430936e-02
-4.924289454584893783e-02
-9.964787691510845757e-02
2.615036997482023682e-04
-3.865462501581059390e-02
-2.773534372929669051e-04
-3.994602226116025778e-02
2.716190226129595875e-02
2.824022744603312679e-02
3.108605291311771976e-02
-8.222585898169564034e-02
2.916589284602436050e-03
6.371913524115076222e-02
4.576786504376993692e-02
5.808745536959741829e-02
7.063135172419010566e-02
-5.658139090803655791e-02
-6.437657692419065936e-02
3.177441346318819748e-02
9.307895828060291921e-02
-1.141187891119209083e-02
7.094064221293837173e-03
-2.648185688402733898e-02
-9.536369625070668932e-02
-5.888727317469360373e-02
6.563294862533004814e-02
8.446593259503513973e-02
-3.547775385276961263e-02
-4.881685224306643762e-03
-1.907066215391491418e-02
-3.506301339710147374e-02
-8.781205994894493438e-02
9.096765105750933764e-03
-7.563345422645996290e-03
-1.334819417115762526e-02
-1.200558224924469508e-02
-9.687142374682792753e-03
1.009642875578253135e-01
-4.506443536421364526e-02
-2.050643795068947048e-02
-1.778578128888344545e-02
-1.055789369470094829e-02
9.075620809197637237e-03
-8.511003606211123241e-04
-6.669637437798550672e-02
-2.415703638707053860e-02
-9.766594699291558657e-03
2.283312511909158307e-02
-3.865594865556273158e-02
-6.711528938979499648e-02
6.591335661589715900e-02
2.075976223555911146e-02
-4.623894503760576924e-02
2.615152391716825397e-02
-2.269953932256868132e-02
-4.023623876168547914e-02
2.292394716977635624e-02
-5.605784047684696627e-04
4.372372405322685202e-02
-3.262021926480077744e-02
-1.016326916931713509e-01
-4.880948737572764901e-02
6.494340019343072812e-02
-7.261202588559248494e-02
-6.007729319082225766e-03
2.029567377477300635e-02
-5.004753175722211761e-02
1.007968640989209859e-02
-5.019058666889489317e-02
-2.358220340035602908e-02
3.798880028100719286e-02
-4.781275270289115503e-02
2.231459773106393360e-02
7.506462852785128481e-02
-9.266700086236234757e-02
-8.554547960108196958e-03
4.081711297598664828e-02
-4.583194278356547691e-02
