1.985770936691029220e-01
1.138987180291249068e-01
-2.375470955052411681e-01
5.982637305859618559e-02
-1.071144742523352789e-01
8.929263177338719881e-02
1.896398945330765584e-02
1.008649831257218410e-01
-3.698336571369890274e-02
1.126617399109773460e-01
9.786370465803034130e-03
-8.266575001623574503e-02
1.647801222443861235e-01
1.061058712428950140e-01
-1.716542096235909864e-01
-7.104192859408844062e-03
7.296569455214885896e-03
4.225322907122804755e-02
-6.323252452765515744e-03
1.122148629897495725e-01
1.139725472129827499e-01
1.055899830349178031e-02
4.980592743680269108e-02
-2.196723579446596339e-02
4.219052855111348962e-03
4.383407611327230780e-02
-3.407400050844804767e-02
1.416953718227484393e-01
-8.916417713639925025e-02
-1.103853174561253842e-01
7.129001636631661365e-02
1.355019990187916745e-02
3.978337822613089991e-02
1.184951275859214004e-01
-5.275478582680102196e-02
-1.181917357835055860e-01
-3.392121888394811907e-02
1.079278506423279049e-01
-3.223817813704182075e-03
9.681818705666117575e-02
1.205535232321931771e-01
-1.312924801713384326e-01
1.304314676719081079e-01
1.507716792555657999e-02
-3.072970133818174378e-03
-2.653931836375048384e-02
4.047657861923729256e-02
1.588341925644529140e-02
-1.584545287007721763e-03
7.245547246260189422e-02
-1.178495633022526856e-01
5.585673120097517201e-03
1.305314560013332292e-01
3.079050184253525821e-02
-1.173819558519178033e-02
4.864620531665342362e-02
2.391078227375300833e-02
1.324599380699434045e-02
3.894804986832759580e-02
-3.193078272998666443e-03
-1.864129213360548876e-01
6.339599374081097971e-02
-2.459024148144468153e-02
-3.809043025418485523e-02
-2.166849224489414763e-02
-3.596594120251093291e-02
-1.046828272955763334e-01
-5.632868154447817459e-03
2.164633670396622078e-02
-5.572858192366309665e-02
-3.782758343095567882e-02
-8.174349593736451869e-02
-2.721823470979614634e-02
-4.306507866284127461e-02
3.192094336265266855e-03
5.909802237391040963e-02
8.949325308044207838e-02
-4.057765267195444225e-02
-3.294440720965253339e-02
-5.160578522416052992e-03
8.355773955834172595e-02
1.586170479060474911e-02
7.871018863255820064e-02
-1.292742562868716694e-01
1.162555179364397305e-02
2.295727972138313002e-03
3.837845228624790772e-02
-3.638034821153650344e-02
1.347631982474201406e-01
4.694240011178710953e-02
-1.805842837005134510e-02
1.255893453625847415e-02
-1.106518285954651536e-02
-5.520404185820253912e-02
1.392999948097137924e-02
7.078393359682051689e-02
-1.497992783321440771e-03
-5.154491686210126156e-02
4.091741620465315366e-02
-4.069742152260616419e-02
6.818715491311483357e-02
1.493628514976020893e-01
-4.408352103961551971e-02
-1.872536783103183333e-02
-7.280914682497971468e-02
2.455709299218498259e-02
2.822870380614456512e-02
-1.277360238840394638e-02
6.430647450773427365e-02
1.309799615074990452e-02
-6.390658904773957594e-02
9.062528925664464774e-02
5.330053142530899804e-03
-1.063072389847131635e-02
9.042388758597363907e-02
2.380142958093415823e-03
4.356471495029097529e-02
-1.246800860343649786e-01
-3.152428114368115847e-02
3.046322412769485524e-02
5.405785735035073536e-02
-2.156955570990818499e-02
7.425407488240333420e-02
1.166884500991355149e-02
-5.446832861244271101e-02
2.430961593930856465e-02
-7.278315732367681735e-03
-3.877219662387208776e-03
3.886729919848307818e-02
-2.332998817022428548e-02
-1.022050710277591090e-01
-4.934198430257838441e-02
4.397593264714621392e-02
1.466870525155485605e-01
-9.218740757190143492e-03
3.911576018809289484e-02
4.313171492988943263e-03
-1.200711567308572827e-02
-1.760425674545528299e-02
-2.847339869308516264e-02
-2.520859482510695929e-02
1.805646049658454766e-02
-1.575479497519296015e-02
9.401814061537629164e-02
3.714191524318772360e-04
4.574192943933395178e-02
-6.451622267621276441e-02
2.874269199836074207e-02
4.185293646499882794e-03
2.010250604040951170e-02
-2.702249915755539425e-02
-7.833439265810535068e-02
-5.471271813970741971e-02
7.254080352758465744e-02
3.919559477890975641e-02
6.046440513692645513e-02
-4.594299182147621591e-02
2.377160611925628955e-02
-3.682233937795013901e-02
-2.233929959510248461e-02
6.622566007065645854e-02
1.051158951736836100e-01
-5.893112634661413357e-02
9.010176705677036546e-02
-5.571741933106695577e-02
2.554079222361435933e-02
6.431356563798533432e-02
-2.067132325887305680e-02
8.482352327258087243e-02
-6.871573251206761213e-02
-2.905273385594021873e-02
-2.827610241361212112e-02
2.963006721647560085e-03
5.785195132319211758e-02
-1.264430292297938907e-01
-4.238120870427573850e-02
-4.001361942174638114e-02
-1.978628913160663388e-02
6.019283859850818423e-03
7.690992369896586245e-03
1.652280848889059114e-02
-3.279739349014149791e-02
-3.220655644616153557e-02
5.779033652636958451e-02
1.228614316625139119e-01
-5.819833098220162509e-02
4.978387368243339384e-02
8.837828311723604224e-02
5.784122980568334911e-03
2.272127062077874959e-02
2.744470980274241190e-02
6.851945409818085975e-02
-4.905002652358173704e-02
1.232726832882220444e-02
-3.376945512503446573e-02
-2.145080472484272791e-02
-3.243645835324825838e-02
3.092866013144569826e-02
-6.349133381739209547e-02
3.443870174801050982e-02
5.504413517459867677e-02
1.320575418748358605e-02
-1.603542051732907703e-02
-2.703064208224559631e-02
9.054542073697491311e-02
-4.553207948429685570e-02
-2.949072141771450287e-02
1.518088842879803876e-02
6.040723501983064764e-02
2.042700158931409771e-02
3.576087521572932082e-02
3.514554153997299316e-03
-1.816655962416666159e-02
-5.016268932479220344e-02
4.570036659456103850e-02
2.937631332581715216e-02
-4.397708622814399532e-02
-4.033326314468971968e-03
2.236830876431133291e-02
-7.021915391184919628e-03
-3.166783412019886362e-03
-3.977286028173938198e-02
-1.449688275482099997e-02
2.203400777692562929e-02
-1.916098037310481070e-03
-8.317318993984688588e-03
-4.123451526363079711e-02
5.520638294905096805e-02
2.475343926377749845e-02
-2.891437199391252294e-02
6.085787804372762289e-02
-3.935143000016851078e-02
-9.042215721447696697e-02
-7.763325291342601520e-02
7.781616335927968309e-02
-2.115562370482287208e-02
3.092326544383844009e-02
2.373869513196671596e-02
1.820557780497388325e-02
1.273075024722175597e-02
-4.267995225384755426e-02
-1.274944504515634555e-02
2.364332112653271499e-03
-5.506897109490380138e-02
1.175967254906219034e-01
3.572993210190654467e-02
-4.295891528219274863e-02
-3.480706730368356150e-02
-2.144510467755958438e-02
2.972340549073704957e-02
