1.690659359365498660e-01
5.865147367563702113e-02
-2.149343462110307468e-01
1.501217713612663929e-01
-1.502095272524290870e-01
4.101492221666511173e-02
-9.850727983847432090e-02
3.243115439059979233e-02
5.867023296556434647e-02
2.072704212059098550e-01
-2.267142406429606058e-02
-1.336145358676509853e-01
4.874093073943456395e-02
1.329711157142045297e-01
-3.908939352713028392e-02
1.158988530926708012e-02
4.493762733096702544e-02
2.377523544942938133e-02
1.016454506416474696e-01
1.612764679911461163e-01
9.522735726311326587e-02
-1.116697909877668480e-03
-4.944495782956930680e-02
2.095704645208273844e-03
-8.734311966698545893e-04
1.492319970980587711e-02
-9.454735817224144134e-02
1.422162240171889226e-02
-1.206578064103698000e-01
-1.734573212711111589e-01
-3.850822468462333000e-03
4.128050543756821549e-04
-3.225584396022351114e-02
1.314895345138442362e-01
-1.184951186834174580e-01
-8.639901393617079040e-02
1.959154465039616901e-04
-1.276571357487273420e-02
-4.604992905662201597e-02
1.362839928919065691e-01
-2.280438346803856028e-02
-1.002523300642718385e-01
3.348590301746164760e-02
6.564744714817571632e-04
-4.068900052833922948e-02
7.968852396884094913e-02
2.745373420809420553e-02
2.975451581349188024e-02
-1.957208062864688666e-02
3.267596480208426885e-02
2.284868089684726628e-02
-6.216271608189079256e-02
1.212108866559730574e-01
1.630883670640549676e-02
-2.900011717741633049e-02
7.925393934530097773e-02
2.843552631205445089e-02
5.999475964560286451e-02
-1.798613200132062606e-02
-2.935791959102120388e-02
-2.021048040682836278e-01
9.830253846486679270e-02
-1.565937599448511894e-02
-8.761803219486494210e-02
-1.610678002545305743e-02
-3.841570346399787034e-02
-1.372229977066765916e-01
6.242323194540744941e-02
5.115943611775719546e-02
-1.355386550935419043e-01
7.346446675195214548e-02
-5.924854932212528930e-02
6.874504553359908621e-02
-1.598637155987302563e-02
-4.420192086750242277e-02
5.869812021051892120e-02
1.007968864106952439e-01
2.960736109733567989e-02
-4.315190401144513438e-02
-7.539120355318175773e-03
2.618978090608577516e-02
1.901678551160319863e-02
3.938259552372246064e-02
-5.699649488841719569e-02
-6.150496638139787281e-02
8.516684068346679071e-03
-4.641061751483108525e-03
-4.622896449805719704e-02
-1.422806566409106840e-02
1.098267494800591465e-02
6.280502879961703810e-02
-4.031032462934116753e-03
-9.460856916477710038e-04
-7.035908275782905416e-04
-2.145952024113786244e-02
5.424122837517383194e-02
-1.037224295555866198e-02
9.176245936381770274e-03
4.140836392526607568e-02
-3.000345393993353316e-03
3.477717306723544528e-03
7.249549405541987068e-02
-9.290080260822690394e-02
-4.994098835625225032e-03
-3.979613886857828048e-02
1.676446260862959545e-02
9.054491768608385893e-02
-5.000629350508690313e-02
3.343996121440170888e-02
1.129679741211274541e-01
-7.289276145105431925e-03
-2.229237902005792513e-02
1.215516077125600308e-01
-4.576397573019853893e-02
4.172123129555665999e-02
7.013759561378552637e-04
5.795509795956924060e-02
-6.297584236979606245e-03
-3.209912502648362004e-02
-1.968893187645894341e-02
1.572629195891281709e-02
1.542798904627600345e-02
5.001089104125872042e-02
-2.583724720181648435e-02
-8.132034728191077366e-02
-2.452111018632507217e-02
-1.915481227273214612e-02
1.260975977853953656e-01
3.564365762166029836e-03
-2.525231978959242840e-02
-1.197430980641281950e-01
-3.487593619828394803e-02
3.922242004818915495e-02
3.403603010114431698e-02
-9.373809113002784521e-02
4.438716466070246475e-02
-1.977792943797462150e-02
2.950342993292616022e-03
-1.050986701278934683e-02
-3.257773860956678178e-03
1.956681191931130756e-02
8.536476964946206059e-02
-4.103163442844294517e-02
1.057231296394634951e-01
-4.850336899811878016e-02
3.581007500761664020e-02
-1.072126642418144288e-01
5.504448841757170890e-02
-7.907963567467035659e-03
-3.254820699036097952e-03
1.091022180497712782e-02
-7.954475867716177817e-02
4.003064677199891924e-02
8.613242395552202224e-02
9.501422622495865611e-02
6.781731642798038973e-02
-5.630035408295672693e-03
-2.734315842936338448e-02
-8.093106684692515443e-03
-6.756663325131292974e-02
5.186040936999678636e-02
8.543504147970859552e-02
1.218581996137693647e-03
3.504376304788420909e-02
-7.270332282558072956e-02
3.396606029882147382e-02
2.744598215805268276e-02
-2.566636651432108174e-02
6.075899096852761805e-02
-1.231145686590272292e-01
-3.836190893492184058e-03
-8.227995711280847169e-02
2.463799499279531804e-02
-2.742869944908564797e-02
-7.500601727449514311e-02
6.172947380467836732e-03
6.129421800797463411e-03
5.314929675503921036e-02
-6.254209671271081239e-02
1.697406998767442970e-02
7.955334969365800146e-02
8.417739720543959692e-02
3.167870215669917056e-02
3.421318625772095529e-02
7.866558894994170326e-02
-7.986467336567193431e-02
4.088317092461739820e-03
6.093205296880527255e-02
-8.621504537198190765e-02
-8.665382482779543025e-03
4.555171721715681188e-02
9.785057045638523299e-02
-4.044016307787214048e-02
-2.785536422929314401e-02
9.140673758702051038e-03
-5.624182778307613290e-02
-7.257794767858881391e-02
7.959402278738236802e-02
-2.836562362704798251e-02
-4.955271468101230328e-04
1.449344753304504692e-02
-8.554101972226760406e-04
-4.832631351751670579e-02
-3.258424898925533358e-02
8.867214320722122123e-02
7.537945802281580468e-03
-9.029024102909198601e-03
-1.595298069497555482e-02
3.343549791286264811e-02
5.644126688868988245e-02
2.973068916617810711e-02
4.283376793181897096e-02
-5.342639059570094412e-02
2.785271309529626163e-02
1.629692338274860847e-02
2.380282066646025995e-03
-6.828052658695506205e-02
-1.330805504985569515e-02
-5.697431261535465530e-02
-1.981689104013137012e-02
-2.640354955874597495e-02
-2.545185957118073841e-02
-1.272608079955221683e-02
1.498209515492654464e-02
-6.387810045384977042e-02
-7.259543173950497481e-03
-4.920830217202460527e-02
-4.769430330785430494e-02
2.483152777456790541e-02
4.861159567077641408e-02
3.303463974080204230e-02
2.020029870993399809e-03
-7.721900943007192764e-02
-1.933938489276842282e-02
5.013499095923947685e-02
-5.558729971376930729e-02
1.640276739067486958e-02
-4.342960190795426209e-03
3.544663473943612114e-02
1.980816578900237990e-02
-6.575013664223226806e-02
3.207049949104890524e-02
9.904301025779415832e-03
-7.387948667776828016e-02
1.853484962135938316e-02
1.678701402693221281e-02
-7.285739062532374521e-02
4.041804792212597033e-04
3.681250568636276147e-03
-2.634884894589886034e-02
