1.638982349077818812e-01
1.581219441029285688e-01
-1.838533041804177037e-01
5.370351911589203719e-02
-1.212947853587544728e-01
-4.760596170863748249e-03
2.318807291655118966e-02
1.290081666673032756e-01
-1.372040241120178576e-02
1.952967066672783025e-01
-7.962998476031736550e-02
-5.522677295059442298e-02
8.734048490604659487e-02
1.879511312146754654e-02
-1.287136779311076895e-01
-2.436490929223894888e-02
-2.625105405807740336e-02
8.147403065295659441e-02
2.365868544110687546e-02
1.104095488501319888e-01
6.827247482151380109e-02
-1.849991256857533642e-02
4.250467650836512595e-02
-2.369715743875673922e-02
4.890729821416484741e-02
-2.059363664155719129e-02
9.077018723045727740e-04
8.692725836565057262e-02
-6.178409615178971637e-02
-1.126096047791734361e-01
1.085164553974933416e-01
3.947748957786820917e-02
-4.462873753103563379e-02
9.857749444692481822e-02
-1.000407523029133300e-01
-1.641718097915105534e-01
-6.226219969967634882e-02
7.204489993732339503e-02
3.697301337491187140e-02
1.521540051265225513e-01
-2.001967511186103846e-02
-6.541090390909375107e-02
4.682869177197756388e-02
-3.272800976462263145e-02
-4.026265729025714502e-02
-6.582646927577860685e-02
-1.004000502545331883e-04
-4.735794443392026681e-02
-4.223906719243179092e-02
4.383075711810781316e-02
-3.761819047030173779e-02
3.913419055390537915e-02
1.320455901998180415e-01
3.590986429448194545e-02
-2.197839128472007034e-02
8.035020767314936252e-02
5.513474522053329885e-02
-2.270085133574138020e-02
2.983098360150499354e-02
1.224423016657487200e-02
-1.399805837732433500e-01
4.539746566733630223e-02
-3.369272476472198047e-02
1.357115817714685431e-02
7.024085136382676731e-02
2.615916191214896075e-02
-1.307455078475180388e-01
2.240426104548912944e-01
3.547606286195070791e-02
-9.756190150103477565e-02
-9.400827527934840430e-03
-7.252740996952235231e-02
-3.800792705970977570e-02
-8.605016461130003680e-02
-3.276797318773205098e-02
1.121122821804784592e-01
7.839345747021428390e-02
-8.699315225413633071e-03
-3.508785159403539355e-02
1.440669539482890803e-02
2.549340992462388600e-02
-2.278491349800716367e-02
-2.006136723266221163e-03
-8.132682018089196219e-02
-3.472207950007973054e-03
-4.150287924797595174e-02
-2.681332145632932609e-02
-4.465748136716523459e-02
2.129989438872243596e-02
1.982101046144178758e-02
-8.497430451843071900e-03
6.106434778342214459e-02
8.507982286969417718e-02
5.099007386843224660e-02
3.050846361650747830e-03
3.590803390869067718e-02
2.599049525108665382e-02
3.158510331813972616e-02
5.353434401433215112e-02
-6.200089517995581445e-02
-3.214526916233501064e-02
1.693033302533720752e-01
-4.362053392037701371e-02
-7.109316711792880439e-02
-1.430795625019978812e-02
-2.771295607273903741e-02
1.271988981046982270e-01
-7.994833630386584400e-02
4.440234592548195081e-02
7.073020839472639321e-02
1.820674577767342553e-02
-6.055719533510738051e-02
2.276813496158717684e-02
-1.165914734839508665e-01
2.177850637710664061e-02
2.857598297332332796e-02
1.836788751937161804e-02
-4.123323630409518603e-02
-6.419061281887988857e-02
2.071081522823171178e-02
7.592955481896444814e-02
-1.946991534984946967e-02
1.908417849235568425e-02
3.814510430595559332e-02
-1.052361328912702898e-01
-3.113570971034951979e-02
6.922861412522070268e-02
1.349763768119746632e-02
-2.038168474613464079e-02
2.228786206757756017e-02
-8.648372877159905825e-02
-8.644210444286422323e-02
4.327506555029120164e-04
3.896504934837866779e-02
-1.265571784046918558e-01
2.347130816973379795e-03
-2.609560684995205354e-02
-4.327326906053310246e-02
2.281745368985197819e-03
5.894865908094502893e-02
-1.026836260093096607e-02
4.974564880260014949e-02
-5.364894650248561853e-03
1.069308328617550596e-01
-7.349520950864031621e-02
-8.996210579964428189e-03
-5.116921440374460478e-02
3.527024614853223328e-02
1.737144583222357055e-02
4.376269388349906392e-02
3.125912516712762990e-02
-5.899777443301080365e-02
2.938599647802710157e-02
4.193657899240767206e-02
2.765411255915298933e-02
4.006148433338319048e-02
-3.629868569099434922e-02
4.839194292582253698e-02
1.839910576592274300e-03
1.674657246070354599e-02
1.446892851173212265e-02
3.160618665077252060e-02
2.861642094089715191e-02
-6.302255551578359906e-03
-1.076294978974898370e-01
4.511473885465127481e-02
-6.024003015271991134e-03
-1.265555852911327828e-02
7.937084958671984658e-02
-1.051087177025779168e-01
-2.886657366570418923e-02
-3.839386729340259208e-02
-2.148310244801539606e-02
-1.283524140095638338e-02
-6.727681274312870274e-02
-4.007673754831043988e-02
-1.898781207004857779e-02
1.277555048654104713e-02
-2.944965322832352947e-02
5.670572466994141386e-02
2.627508634559613115e-02
3.266587833581893058e-02
-8.779513239897840382e-03
-3.457273357792528534e-02
1.043279225784681380e-01
-2.275162759343256694e-02
9.217473715699241177e-02
4.657986099246421569e-02
-1.235778187770001854e-02
4.393420781134779740e-02
1.006455931188288966e-01
1.258142790456680260e-01
-3.562771371436083273e-02
6.479928388654385141e-02
2.733708296089821729e-02
-1.750167439166918845e-02
-8.210137843489814791e-02
1.655282273509419214e-02
2.565729724500898437e-02
2.308662208926833340e-02
1.097970475307196402e-02
8.388183536930729489e-03
-8.546071259444442195e-03
-9.101115413027478784e-02
6.907370925362611713e-02
-1.760498950077648769e-02
3.460581610630085025e-03
2.419929327416209253e-02
4.269774831331104442e-02
5.944665960030344476e-02
1.458492073724563208e-02
-2.571251388304565677e-03
-4.011276903157194595e-02
-5.308684858439956245e-02
3.460157910215438948e-02
3.860839528734619219e-02
-6.612533060025337084e-02
-3.807510899745605859e-02
-1.233283439728566008e-02
2.534203024047913463e-02
2.691141657632818360e-02
-7.222753176405244391e-02
4.747410613959962555e-02
3.400250061187801848e-02
-3.039030204487097944e-02
9.183642084990581433e-02
-1.190550710709021610e-02
-8.964863528487253264e-02
3.474641685189699958e-02
6.313542930624531542e-03
2.524661290710083703e-02
-4.809958963971674301e-02
-7.645501112519191567e-02
-5.151864860971151761e-02
7.503300474157335864e-02
-1.574013144376985515e-02
1.020542783614109827e-01
4.021832127886857712e-03
2.152069314880279693e-02
4.920802382046404050e-02
-1.285673148598723281e-02
-1.893940853467941318e-02
3.366757390810858758e-02
-1.712163206774824920e-02
1.186328620817156398e-01
5.823609667160984868e-03
-5.130747632305190931e-02
-2.669943078487246185e-02
-3.362418698564882680e-02
3.083562812868058736e-02
