1.533617681792646681e-01
5.180533788699142467e-02
-1.823752252843938715e-01
4.657631411238787045e-02
-1.017189454712792568e-01
-7.795236164815040614e-02
7.084808132569363204e-03
1.910634553719316175e-02
-1.072141597257567774e-02
2.020234409463344538e-01
-5.070015000805536826e-02
-6.870342420869153532e-02
1.268760270860423423e-01
1.423911293415538459e-01
-4.507744935094536859e-02
-3.838032123080841601e-02
4.584917597805945877e-02
2.453502980955536358e-02
3.471870291502279510e-03
1.206968874374756973e-01
-5.892524534734698907e-03
1.528612764580280017e-02
-5.693594244096839008e-02
-5.186710564875386675e-02
9.988362102297776435e-02
2.189093924250612097e-02
-1.017865337245841134e-01
-7.110665225300297036e-03
-1.302745944598162897e-01
-1.829871529618883885e-01
6.239686870890504000e-02
4.949241565085351485e-02
-9.406856193931689702e-02
-6.132893197584055392e-03
-7.384531698869017946e-02
-9.037625375903481084e-02
-2.254858423538850902e-03
-2.737652322915890696e-02
-4.643831554927270455e-02
1.005214410689095617e-01
1.628397155041385724e-03
-7.819435299349039581e-02
1.771521278284516818e-02
7.005254359681505061e-02
-5.374366739774084217e-02
4.495885242630499878e-02
2.270683105393007245e-02
1.882191751715289740e-02
-9.299230013956141794e-02
-8.285275694269752730e-03
3.927244384358508436e-03
3.394133217489786469e-02
1.373929145133875318e-01
4.281888697824315360e-02
-7.445996089557118530e-03
8.788208494383614733e-02
6.391852157662882006e-02
5.488772910503909169e-02
3.316374978053502742e-03
4.073702061848669814e-02
-1.321299555093062850e-01
2.097680458898715586e-02
2.101356187497028377e-02
-4.542315127285961873e-02
-2.734675053302669523e-02
-5.770093140817577487e-02
-8.051440092230449652e-02
9.710752876288739066e-02
-1.125383220802994057e-02
-1.256667405977625052e-01
1.285330328389074593e-02
-7.397608403201019756e-02
-5.984735231049377255e-03
-1.019800915251497797e-01
-2.896043771853356805e-02
7.570946168905329232e-02
1.144887864340221190e-01
-5.272807981285193568e-02
-1.110495814465701087e-01
-1.860931083517563395e-02
-8.658034082929739680e-03
2.552338454916694074e-03
4.292178621357212176e-02
-9.622708240890190390e-02
-7.410053672389931012e-02
-6.145077426546216581e-02
-5.692991029518804785e-02
5.311815857331395226e-03
6.762635106769072924e-02
4.294704361929565367e-02
4.652142511335739805e-02
3.948374532442858881e-02
1.871552598689847115e-03
6.665450535863588592e-03
1.168179707707725327e-02
1.182920719863799486e-01
-1.063368529096335793e-02
-4.542417426834283178e-03
9.610104231022846555e-02
-7.570854452068903617e-02
6.365504732614131467e-02
4.785985596246663393e-02
-1.296446761720996821e-01
2.656683994204688676e-02
-3.725717801735659723e-02
1.641170488299054098e-02
5.206556677249769838e-02
-1.074208753647789769e-02
-3.905595683391286516e-02
8.971448150851325798e-02
5.186685871880964555e-02
-6.372633952860955187e-02
1.188971914525551593e-01
-9.098804033370409827e-02
1.280497556623538639e-02
-9.482286236751001976e-03
-2.568649941518035690e-02
-4.936362404708730112e-02
4.148913395288809924e-02
5.607267535595966690e-02
6.524502923700264967e-02
-5.030693170973106476e-02
7.625560017426517845e-02
5.010861168881250438e-02
-5.183165356390450132e-03
2.285096758994452013e-02
2.916320247844816915e-02
6.313861098564900465e-02
6.485943049124298643e-02
1.194463636485103807e-02
-1.009167406339065848e-01
-1.040444611345726078e-01
1.691258463699670629e-03
4.636360160329165009e-02
-1.213379528483887193e-01
-8.582085487227558360e-03
-3.337737945799550826e-02
3.981378483273775165e-02
-7.291559047297874185e-02
6.668664152709138926e-02
-8.471372682949204758e-02
5.458153597420076220e-02
-2.865399765775101040e-02
4.035731291568210588e-02
-1.002894680241638165e-01
-2.453961565137667555e-02
-5.461014457202448269e-02
3.918855821396140249e-02
4.062233929724759496e-02
-1.937673382611894771e-02
9.212836281613266676e-02
-1.316204684829585803e-01
-1.817534909605429683e-02
4.812265997453409744e-02
1.699685829938988452e-02
5.425170812012951316e-02
2.979597809837651948e-02
2.460607508207937610e-02
1.318979824645605432e-02
1.148287736915128837e-02
6.302738668362904695e-02
7.810267143277047075e-02
-9.836560155300469802e-03
6.752246411258487624e-02
-6.344025355037234692e-02
5.240615371699586938e-02
3.865003928131416355e-02
1.001579601910111347e-02
2.723002322082116594e-02
-1.421374264617163707e-01
-3.144017876984827459e-02
-4.750515873544134543e-02
9.589125768475663392e-02
-2.338221972709029692e-02
-8.963662802466991486e-02
2.531525788189203235e-02
-8.349371652649161674e-03
4.814506004804588318e-02
-8.818926579445137547e-07
-2.927061700418581366e-02
7.600157981307083255e-02
2.953613724563974863e-02
-4.716961621694661794e-02
2.894989028234455641e-02
1.319350925076068493e-01
-4.802579288498546456e-02
4.469932905492508129e-02
3.938179853317021195e-02
-4.008621911262996718e-02
1.193779287782538619e-02
1.225227579964840129e-02
9.081339031172475096e-02
-4.099813139665091019e-03
4.082591539840750572e-02
1.627804523175246931e-02
-5.478271332733106180e-02
-4.422670514167945793e-02
3.084913431049386007e-02
6.624654181507075301e-02
1.204996962391592999e-02
4.917355854144709465e-02
3.656468062663225521e-02
-2.628752689942270154e-02
-4.083586314758912150e-02
4.219831675270075549e-02
2.127139201244694286e-02
3.590322585746755224e-02
-5.400710637252202368e-04
4.837385827922301151e-02
4.791534464850449870e-02
3.224203085015774073e-02
-4.010466830703416502e-02
-1.081523524109844758e-01
2.521426353470422946e-02
7.288708770227399214e-02
1.517920697995360675e-02
-8.920213714995381404e-02
-5.357921205488734399e-03
-3.734085199274237571e-02
-2.800033881968253674e-02
1.121308876723290434e-03
-4.372332081252473107e-02
-1.613147467200209267e-02
1.909586865241678227e-02
-6.027514080100949967e-02
4.946666438524153359e-02
-4.621025810792826066e-02
-9.723836635762002356e-02
5.152002797429322545e-02
-3.723386077548055187e-03
1.584912791863457571e-02
8.377274736346524212e-03
-8.202183768038222300e-02
-1.517246932004691178e-02
5.668608461311954588e-02
-4.978760276132070117e-02
1.724918542668096855e-02
1.775137038182089330e-02
-1.515084531207411093e-02
3.317510855796935304e-02
-7.125780865457465030e-02
-2.544828257041638689e-02
1.052138860747133531e-01
-9.031445072156607523e-02
8.882359354545769914e-02
5.267012182737181719e-02
-4.761514838774019015e-02
4.600812831072737669e-02
9.685650683673005436e-04
-2.765608320172731338e-02
