8.263600811825802528e-02
2.311388527223466327e-01
-1.646770174435166212e-01
6.110532423279812358e-03
1.413511911188128183e-02
-1.820326651783372995e-01
-1.796251741830740684e-02
2.596613558240142006e-02
5.563903281490946429e-02
1.214948439152732096e-01
-1.501827954393447628e-01
-1.203182053085975894e-01
-2.917110691296431399e-02
8.339655679426393256e-03
-4.648403973415125151e-02
9.675479207314399699e-02
-4.147743248578731473e-02
6.467856373007339899e-02
-1.576851305869073350e-01
-3.223738159997063119e-02
1.129690418505419069e-01
-6.748888713728549982e-03
-3.906469935939722860e-02
1.192165460871365545e-01
-1.162377304394468236e-01
-1.408571456252565302e-01
5.327584628271844064e-02
-3.833080100163629121e-03
5.272200667411507807e-02
-2.227303729342546695e-02
-4.051605945732131286e-02
-1.107391745499773372e-01
-7.438722731843089297e-02
-6.097396657281916460e-02
1.848226626448574716e-01
-1.445695214286990028e-02
-1.548623613457940362e-02
1.169939839499487683e-01
5.556381668828917764e-02
9.549471903104921272e-04
-1.746800520597981410e-01
5.326529438006308292e-02
-1.099726396984265775e-01
-8.278052183635539740e-02
3.996675175562762472e-02
2.517393119842943616e-02
-4.472484816837739470e-03
1.035219775155153399e-01
-8.313624270856412313e-02
-1.200322893308782002e-02
6.382210096454631054e-02
4.084786944755137983e-02
4.064755239810354664e-02
-1.105910420703924008e-02
-8.347326100972023155e-02
-3.757363434571225208e-02
-4.512243844919940072e-02
-3.514629089256857825e-02
-6.793862816776959079e-02
-3.759013860371166610e-02
-7.070349722508165180e-02
6.584032144838887490e-02
-8.014592819259609702e-02
1.718384111466281575e-02
1.105972649873429997e-01
7.612676934752921065e-02
7.816480846905139723e-02
2.172000936964174102e-03
-4.279270009561785340e-03
6.097545466165517868e-03
5.565445482648268688e-02
1.139402565574460825e-02
-3.162865180543888381e-03
1.121234353694775532e-01
-7.559369534222838694e-02
2.222359215982885362e-03
6.549843303831490160e-02
7.603339177306940588e-02
-1.087866667163250589e-01
-6.505992031450254232e-02
-3.705036819864878511e-02
3.724013334544126058e-02
-7.805665146683390954e-02
-2.179329774481538265e-02
-3.302684654767631955e-02
-5.828641049457813916e-02
-2.130151820471391788e-02
3.556109565560718749e-02
3.438178525306692657e-02
-6.285890164523610935e-02
-4.870359187346619961e-02
4.936349163183630789e-02
-1.784553334367629945e-02
3.662081782805332031e-02
-5.807178750018408830e-02
-1.928634153894501907e-02
-4.242094844822116156e-02
3.527585608190416527e-02
3.137357985086593193e-02
-4.223669599416210452e-02
6.966819323762646343e-02
3.932382973806839571e-02
1.504579565932038891e-02
5.525984072333271074e-02
-8.804406115033729108e-02
-1.569882991692434296e-02
9.257468289238197923e-02
-2.443039408343523899e-02
-1.925556515620020781e-02
-1.971007483499970410e-03
7.062351245014594769e-02
-2.847353145088242499e-02
-7.422350372626865256e-02
-1.017685692040814494e-01
-4.970588734492255821e-03
1.937552540850333987e-02
-2.387083886089354928e-02
-9.425855687093309676e-02
-1.184653994269581952e-03
1.157117586763178711e-02
-2.127916305197290539e-02
-8.904571403797809093e-02
5.221953995055497733e-02
7.550674360592408985e-02
-3.775416657768127654e-02
-4.471071132443527052e-02
8.255903334119518711e-02
-5.565993369901527793e-03
3.841626464910458116e-02
-4.735457170321882153e-02
2.230672221344066897e-02
-3.165151426119217071e-02
-1.030914125388953176e-02
-4.404323584108182227e-02
5.230344786878562274e-02
6.970985972503482113e-03
-9.388281443983982621e-02
1.512297335758815142e-02
1.115451099354816122e-01
5.937623264575270926e-02
4.146403968626319325e-02
9.018944558925730270e-02
-8.410681483165274863e-02
-3.950199455598012274e-04
-4.096786352005533927e-02
-4.590534227794629968e-02
-1.485711275895411007e-02
-2.191941327366747974e-02
-5.002318846900150051e-02
6.105892291727517407e-02
-9.766543480038228364e-02
1.048731621786151008e-01
9.677988666215131888e-03
1.326444171595018706e-01
-3.080915451940638428e-02
-2.747908226601595075e-02
6.196202373973094119e-02
-4.275488911110279094e-02
3.566468693071418727e-02
-1.927528233327737914e-02
-7.626117082558184213e-02
-6.632378121908899180e-03
-1.756962814539916873e-02
1.395866559613096469e-01
-5.078441354902376529e-04
-4.370077248759393629e-02
3.755337604542197810e-02
5.284342119505340551e-02
1.121132216688303790e-01
2.698236497659499411e-02
-3.235970926633106176e-02
7.309465306334954338e-02
-1.841334069521769617e-02
-2.672536527057539288e-02
-6.465015476138588624e-02
4.717204407940150945e-02
-5.408895155079625205e-02
1.089862735415557046e-02
-5.445989151337329165e-02
1.133061277920996771e-02
-6.949733358309151399e-02
-9.254011864714550839e-02
-3.819727884880495111e-02
8.558181524994894207e-02
-1.345773430968802290e-03
4.283081546194027200e-02
3.070948638759433622e-02
4.798457440406539432e-02
1.160504003471132667e-01
-5.956217610985269778e-02
-3.168208772273207238e-03
-2.950122589315345642e-02
-1.968765204185705595e-02
1.489976003218620830e-02
-6.886929245389240839e-02
4.786332898413116210e-02
-2.819184299826533579e-03
-3.403485763307100703e-02
-8.292682802509611373e-02
1.930152680911251294e-03
-7.930803271731835802e-02
1.278477995380198663e-02
1.619213136606263703e-02
3.412667947829316206e-02
1.592390335337130064e-02
-1.763327776333954364e-02
5.454954886574307077e-02
5.956373183909034058e-02
-1.554477890219618363e-03
-2.097238001034851251e-02
-8.632186888425884275e-02
-7.078804772712783688e-03
4.477456386358055242e-03
-6.361292302248403030e-02
2.866197760984297294e-02
5.541297859263876607e-02
-5.015356534315672937e-02
-2.713103857939301242e-02
-1.911595536722153835e-02
2.740072086071954072e-02
7.658280093536554145e-02
-1.654971234931638599e-02
-4.396893285988363181e-02
-2.549136760331165152e-02
-1.217919543794635136e-02
4.480561080793191847e-02
-4.551634232813218939e-02
-5.036693699012048664e-02
-5.867152112129812858e-02
4.028540568773929936e-02
-5.272680914263129515e-02
-2.725722174864674691e-02
-2.353635707479882419e-02
-3.327471479947493455e-02
-7.525299063918306462e-03
-1.929023086203914342e-02
1.188644777966162136e-02
2.308898345837202132e-02
-6.045134300957125117e-02
6.540657737289192440e-03
2.872008071484911593e-02
-5.240473937023695100e-02
1.842957439161056060e-02
5.630772582549237182e-02
1.511820470927274611e-02
1.168115916069347067e-02
2.856799127176842465e-02
-9.474370765167414166e-02
-7.238439502596072384e-02
-6.619107075107728833e-02
