7.984804532287652357e-02
2.337689534671690550e-01
-7.683589763245203541e-02
3.465152258566212701e-02
-3.339369002077525322e-02
-1.549238390963908196e-01
1.626074946406973892e-02
-6.032945590418479359e-03
5.428595245341726050e-02
1.835894166599796318e-01
-6.040836028729185819e-02
-1.115193569234067539e-01
-6.704731390553347881e-02
2.945458850412878762e-02
-1.883824879152638104e-02
-2.930335784405112623e-02
-5.600392354255084859e-02
5.174555364457036205e-02
-6.841134999399381411e-02
-3.030951206815630378e-02
8.938570719121907704e-02
8.381395262202917182e-03
-3.438441858599038201e-03
7.866115763267160499e-02
-1.131163237501598001e-01
-7.382381572308888140e-02
7.705840207251843377e-02
-3.186743783498935390e-02
1.519062315778730438e-02
-2.724085844601943987e-02
-8.513256688761708380e-02
-6.774123832187067817e-02
-8.368209448452343380e-02
-1.099117006741819336e-01
1.918665160493886468e-01
-2.900046894699694414e-02
2.399594446995562125e-02
8.177171379089782921e-02
6.854143204284268709e-02
-1.925618876490758566e-02
-1.294436765388614075e-01
1.129918002009962646e-01
-6.027018716789511732e-02
-8.389923776808860811e-02
7.573998515011459709e-02
6.334906974507420463e-02
1.429363260501700233e-02
1.280197139034977560e-01
-7.187893286277743932e-02
7.947611920192000634e-02
6.175072151603248211e-02
4.898620257297075370e-02
-9.505034461905609994e-03
-4.243634940234774187e-03
-1.453227313943619425e-01
-5.943239957035312271e-02
2.590997601248697102e-02
2.069472190536353687e-02
-1.069655971693676683e-01
-1.123028422547921040e-01
-6.871591630811278717e-02
3.874866310223750582e-02
-9.919662358847097794e-02
3.388040409381334883e-02
8.801834915915983382e-02
1.569388116775864705e-01
4.605713636304997749e-02
5.805158931124477367e-02
8.601926270428380400e-03
1.042590353995133043e-02
4.621645809367551025e-03
7.746351473893350881e-02
3.446467148085543327e-03
6.304200375062335437e-02
-1.048035710254910519e-01
-5.715647351872336912e-02
5.639943217400666259e-02
6.700672699067140858e-02
-6.300986970214665639e-02
-5.153584362093940885e-03
-2.000208021972296399e-02
-3.322140942106086015e-02
-1.267916801594091286e-02
-2.740833702825419896e-02
-2.483077191973619494e-02
-5.679589463085225887e-02
-3.117759184445677810e-03
6.615996027825312223e-03
-1.264956653832675741e-02
3.922715454260500278e-02
-6.562742969597444576e-02
1.097729355252329009e-01
2.944350439528881785e-02
3.364411852139102127e-02
-3.019748692065206061e-02
1.460375741882131290e-02
-2.426762025339221016e-02
2.435602999986649295e-02
1.003224006726680106e-01
-3.132142213513089413e-02
9.405869511898184293e-03
5.932159137248413372e-02
-5.893259506610343604e-03
6.701011471533169228e-02
-7.177845229154272699e-02
7.235403657848465953e-02
9.037988926215585750e-02
-9.610014457737679761e-02
-6.046868152056337348e-02
-2.035782419958375583e-02
6.952258946362924186e-02
1.904098602265266857e-03
-1.190731277620485501e-01
-1.772996946965236728e-02
6.084123256160287041e-02
2.439362387643647170e-02
-4.451434024033083803e-02
-5.404493064457666085e-02
9.181950779012433908e-03
-1.240147326538944446e-02
4.109365926830028937e-02
-5.791075205886275779e-02
4.933806547021103023e-02
5.181926132382961431e-02
-1.463020140548995998e-02
-9.325912631809280678e-03
1.040860312081239164e-01
-3.254034520222049559e-02
5.196726871190038982e-02
-9.203740755589520650e-02
9.648187207647669628e-02
-6.032113459992214516e-02
5.630918055781417020e-02
3.389895435311822153e-03
-1.205382035607651878e-02
-3.998574174226378342e-02
-3.802184815521791883e-02
2.228859702223244966e-03
1.550399755602303586e-01
7.722443347140317549e-02
-8.896559644281282903e-03
8.624502330688776919e-02
-8.102601967926655047e-02
-3.689774848808567015e-02
-4.848333924936759631e-02
-5.497533797652028736e-02
-5.427210553999997633e-02
5.230367305971994618e-02
-5.559473245033116212e-02
6.253588426448264403e-02
4.529420761334112221e-03
4.542336872733088865e-02
4.316352614520482800e-02
8.006676735191446681e-02
-4.316224341450822233e-02
-3.624437809607987393e-02
4.986780035738169747e-02
-6.422402364228729441e-03
6.702004765559778018e-03
2.032894631364461427e-02
4.225808272604916239e-03
6.343037513692108102e-03
-9.001733694244380690e-02
7.135811130942169844e-02
1.174514272562223426e-02
-1.318730369161245364e-01
1.172856589815830623e-02
5.446010781338055107e-02
5.211823624773259667e-02
8.002157576275685524e-02
-3.579969812125388326e-03
7.941385742733822820e-03
-1.995422449758007394e-02
-2.790176076955150700e-02
-5.675034124585714296e-02
2.297018748956373632e-02
-1.346949457770820445e-02
-4.013782755613917730e-02
-1.033453364571563365e-02
-6.038931667002675301e-03
-7.240222120593436950e-02
-1.424402052853567524e-01
-7.439140761107500277e-02
3.858052670938909995e-02
-3.600986861231439407e-02
1.452116929627781695e-03
1.237222042740052236e-01
6.100436959378755658e-02
7.327678041677927745e-02
-7.960281352610858174e-02
-3.917614132951660610e-02
-4.734989867152155502e-02
3.563961990842266087e-02
1.741849614409007570e-03
-6.284045057860163097e-02
4.188937987709949462e-02
2.349146951034903133e-02
-4.059447968413356506e-02
-8.064271343469391062e-02
-1.637083407026371923e-02
-1.319628609554181764e-01
-1.583876395541459732e-03
7.809856510534920332e-03
3.726730649083306868e-02
7.868904880269027291e-02
2.796320028086622146e-03
4.187911803152658680e-02
4.336725009225159133e-02
4.744100544151179377e-02
-3.472305948989633934e-02
-6.940332839937486675e-02
-3.333646049738788614e-02
1.139719380153316614e-02
2.648690881118688153e-02
6.777685876659970965e-02
1.272041274141663680e-02
-1.748750047746174680e-02
-1.769632245676427615e-02
-2.478840891621727008e-02
-3.705828716834645015e-02
-2.582916397860032451e-02
-4.094617812872042989e-02
-5.288030984364370385e-02
-4.451703726384679399e-02
3.006783244870205735e-02
-2.910558708305788223e-02
-1.799381730678654631e-02
-2.675802545560186999e-02
-7.771798877482319345e-02
3.990769251295445824e-02
-8.032772082234859723e-02
1.867139512937458778e-02
6.109514745847096674e-03
-7.365867236853258261e-03
1.013189508618139376e-02
-3.520960911028101631e-02
4.578953900541801042e-03
4.718245297981748035e-03
-1.196611446695884234e-01
-1.052779840400539305e-02
1.697250054803678757e-02
2.180112646698865314e-02
3.292003348841806426e-02
3.118354503051029222e-02
6.411900417781840611e-02
6.678751160367323719e-04
-3.132842781816624900e-02
-1.110105733042807824e-01
-7.658280499885099235e-02
-2.858969910930449915e-02
