-1.838716344646796619e-01
1.827542635922568270e-01
-1.745178569935762203e-01
1.544063725894824768e-01
3.802600827658635108e-02
6.286770057888717289e-02
1.819832545450373804e-02
2.294616458555822497e-02
-5.371106615923595951e-02
-1.122956365299755677e-02
-1.134354378704417049e-01
-6.484056065282925441e-02
4.208350635626764702e-02
9.302483517626474949e-03
-1.921110022935875253e-02
1.539945914022468609e-01
-4.168159593645625466e-02
2.475922033861493315e-02
1.506973125998764818e-01
-1.939091838212497754e-02
-2.530660544798204320e-02
2.938670418135191920e-02
-1.063467632632956600e-01
1.302834423413108123e-01
-1.561611908147362004e-01
4.473976390725691553e-03
5.822013483001123313e-02
-2.017782276861037824e-02
-1.169584849497945361e-01
3.421262448644497162e-02
3.148386785058119447e-02
1.821224664028480399e-03
-6.082261371710297182e-02
1.260840434706239632e-01
9.436668091476616005e-02
-2.818852916456662892e-03
-1.310157171356724770e-01
2.801531421483591938e-02
-9.998032249744179256e-02
1.522335443823771006e-01
-1.305973327454013344e-01
-4.544174565676489114e-02
2.839237753044149618e-02
-1.159025851324343437e-01
7.397820235447108428e-02
-1.973101737558326588e-02
9.743468561586201074e-03
-2.498607780372696929e-02
-1.005980963896823815e-01
-6.097874202805105004e-02
1.133592968127589487e-02
-8.543142398245007207e-02
-1.465924688736879380e-02
5.488711704213935366e-02
-4.928790720218052812e-02
-4.417290956007374064e-02
1.275779330645875620e-01
-6.371151504514262209e-02
1.244680626947613639e-01
-6.561136547727444701e-02
-1.293168559505754045e-01
3.653269731381659363e-02
-2.443692276364930333e-02
-1.630916268089331253e-02
-7.745278056205805173e-02
9.830630841655053909e-02
-4.904961326170800134e-02
-6.666648244066651283e-03
-3.191324623353519047e-02
-4.808690710368416360e-02
-1.253124557922106336e-02
3.012796477778252255e-02
-1.337124788702301163e-02
-9.479197484223426950e-02
1.419685248923720569e-02
1.525152696995162593e-01
7.360597231119049566e-02
-3.721211244676503761e-03
-7.387772474951825874e-02
1.797269332603746231e-02
1.807046157551800702e-01
-4.641064657227565726e-02
-3.660363069075485420e-02
-1.277931498315648118e-01
-6.307692681115180389e-02
8.844139537851725824e-03
-6.291994757197749699e-02
-1.260759085967812221e-02
-2.277727235121675478e-02
-1.401155435869407863e-02
1.940303560006644695e-02
-1.588209882271465756e-02
-2.300433403910308143e-03
6.906174328610750757e-02
5.044254873091205682e-02
8.801892653276022216e-02
4.902129437033916903e-02
-1.066829139497842659e-02
2.008381221817685802e-02
-4.636493470796276134e-02
-1.583223442865777306e-02
2.123961100929605897e-02
-1.018979743480662725e-01
-3.314484571104666516e-02
4.975217364240980961e-02
3.268806743920817104e-02
9.560791289979851670e-03
-6.383939253897996657e-02
-4.086749588386064808e-02
-1.346141224187399378e-02
-1.475369992047995647e-02
-7.751129038689340278e-02
-2.782072394806239801e-02
-8.425789184709630772e-03
1.394028061046533040e-02
1.206595802512030330e-02
-2.864047416408015134e-02
-4.884314403689635209e-02
7.130349667953722603e-02
1.086373258997817316e-02
4.853674180119664505e-02
4.156855863088430164e-02
8.666850343773845056e-02
5.531690387064194109e-02
-5.416158159932942667e-02
-3.727337927905336173e-03
-3.730469343777850571e-05
6.074014175341709010e-02
9.674475301003739383e-03
-5.195771153053132391e-02
-1.489788119913180997e-02
-1.178205092800912318e-01
-9.200865668850481682e-02
3.033392344565843252e-02
1.334451172215496972e-01
-5.004230613042406905e-02
-1.221446201916138660e-02
2.812266731985668330e-02
3.715727863186699120e-02
-8.669144446271752347e-02
-5.161832731678306363e-02
6.967236938124779511e-02
4.535515520046406492e-03
-4.212241079477073435e-02
-8.154070783510922182e-03
-3.419683125856620015e-02
-8.308003699635331529e-02
1.030301854087544849e-01
9.098533040364458965e-03
-3.681333344282616132e-02
9.486352088749540681e-03
7.365113958143859607e-02
-3.350329071706239364e-02
4.523959914734247689e-02
-1.375018324472628527e-02
7.709923690262537876e-02
8.514197223701679140e-02
1.672781936819684942e-02
-8.787083098426773375e-02
-1.278768130947674150e-02
-4.047967683547556636e-03
-1.850370657633197344e-02
2.283901570331176023e-02
2.356877175012378131e-02
6.093449376028726300e-02
1.168287013767304455e-02
-1.464515551594248143e-03
-9.745061499225696200e-02
-6.054456440990113944e-03
-4.639597656965551570e-02
2.361485802285621591e-02
-9.190569437313137954e-03
-9.981898650574921525e-03
2.913319564419446228e-02
-3.137603822575374402e-02
9.984961992189336430e-03
6.039466489356904583e-02
2.823100750161986611e-02
-7.103644136501824358e-02
6.870275368602699051e-02
3.688331378015104450e-03
6.312250252694849573e-02
-1.242998171658718232e-01
1.025692546071720057e-01
-5.095882390432832781e-02
-6.752054208276572767e-02
5.988325702960680536e-02
7.555258975863574089e-02
3.265372397599766024e-02
-4.480783816535505344e-03
-3.942326646117964156e-02
9.003998318143578705e-02
-8.379641645144904338e-02
2.049327888063714326e-02
-8.348177723051947163e-02
-3.236570178998444958e-02
-5.210829178944439977e-02
-1.264455518182541066e-02
1.118102670697358574e-02
-3.991888109726311751e-02
-1.274373937587439456e-02
-1.788828124599577477e-02
-3.188635690158642122e-02
-1.402574784150754060e-02
6.959098660569147665e-02
-4.403008976658384643e-02
3.648892556585949659e-02
-6.314074642811880189e-02
4.481331814313194856e-02
-2.346441391245933719e-02
-2.808784733683948251e-02
-5.693560761682846250e-02
-1.843219456819988195e-02
5.337940837378183506e-03
1.458732643368811262e-02
-1.947264152897179232e-02
7.795887863388864525e-02
-1.038186895403051847e-02
-2.543478927598083125e-02
-2.194829807322670051e-02
6.059888766786344916e-02
-2.782099624509479230e-02
1.983854066624927102e-03
-3.602622483356646144e-02
-9.064060236063563314e-02
1.269761906601290721e-02
1.473521775940631398e-02
-3.793461858508960505e-02
6.500884021884785480e-02
2.980239963842818557e-02
-1.035426484237172463e-02
-6.252038571407049494e-02
2.933588674768165816e-02
-1.395215956850345482e-02
4.690561450290720719e-02
-3.257353249995805899e-04
5.339823090614597562e-02
1.097717834109871761e-02
7.738120047966785819e-02
1.926212188580330234e-02
2.964681592154489592e-02
2.808294599025642005e-02
1.851415597495003479e-02
-9.723294755198816364e-02
-4.109200478706829737e-03
6.678431898143438739e-02
-1.672298609587188206e-02
-4.310897698025797226e-02
-1.051883436132396848e-02
-2.268952463252825458e-02
