-2.028029705001427319e-01
2.155714484640160744e-01
-1.326865714418483111e-01
2.310158027501839906e-01
-6.726316569862700323e-02
1.742903935397193890e-02
3.045076441295989714e-02
-8.149515448629798819e-02
-5.159599147726564444e-02
4.092019721471047700e-02
-9.439575293416498092e-02
-2.763930777020875279e-02
9.178089260631386304e-02
5.347600840833750813e-02
1.027665200743578533e-02
2.071500771736885793e-01
1.485828385729245915e-02
-4.441854456756377800e-02
1.538146286635205251e-01
3.343505120425390581e-02
8.461311383775593775e-02
4.519736345583382636e-02
-1.215674007533212725e-01
8.250849855087886986e-02
-1.126831550801329768e-01
3.132629704758947697e-02
4.679884738418386286e-02
-2.952388392503077150e-02
-1.342234825345313687e-01
3.316686537600048446e-02
3.496814677635171759e-02
1.560286006505607302e-02
-5.265799959676831232e-02
1.542628229926042982e-01
1.069433187231375038e-01
-3.836560917813790217e-02
-7.215595648570125031e-02
6.466796500226587585e-02
-1.353521329245947202e-01
1.822872719974798494e-01
-8.239671673169969568e-02
-8.523843885977099022e-02
-5.458761829544818422e-02
-4.438346117913178485e-02
8.221153464363516097e-04
1.816469112375653644e-02
-3.530704907511275636e-02
-1.635788045204875085e-02
-8.250241958587868629e-02
-9.170092834862508813e-02
3.476993371544100792e-02
-4.197350724067563238e-02
-1.370551161674959419e-02
-4.914122133939313047e-02
-8.069085568089946758e-02
-4.286501332589084251e-02
1.100698144935318978e-01
-1.112828913602735385e-02
8.645895275816180281e-02
-1.853490979274465822e-01
-1.107376276007079052e-01
-4.596874531245469242e-02
-1.015352063126156133e-02
-7.763552906989568125e-02
-9.953335140217806770e-03
3.419450147531587908e-02
-9.197383507522972901e-02
-5.996510953652758793e-04
-1.992872269602144128e-02
-4.616207580041312153e-02
-2.877714127761283117e-02
1.314136426377909145e-02
-1.112657538525602119e-02
-6.312348753825280934e-02
-5.122546562653548796e-02
6.032004995571468853e-02
-5.699986801323952273e-02
-1.167830612886441681e-02
-6.613752245614351599e-02
-2.907009565475003610e-02
1.102061061822331434e-01
-2.655783402873735516e-02
-1.033705363839519838e-02
-1.298184640188825845e-01
-1.006576689129327767e-01
-6.798087158769293425e-02
-8.356423369586007954e-02
8.589849158609567936e-02
7.977057151669394996e-03
6.053258738628011781e-02
2.445273371805709028e-02
8.256818881359357862e-03
-3.359633778628043355e-02
-1.818962134724139146e-02
2.936942001116935735e-02
6.585404221062897412e-02
5.992960579413281891e-02
-2.118128050034414830e-02
7.630698420307051311e-02
-3.862548493189637416e-02
-5.610344702015181845e-02
1.487652075229305322e-02
-2.358877698486405369e-02
-2.236092305958469958e-02
5.869395915308193296e-02
3.542885471955821430e-02
-1.617939169246846581e-02
-6.466075431505818871e-02
-6.094873780943197046e-03
5.798297892742047821e-03
7.420770417802871610e-02
-4.748680514665307162e-02
-3.218087665392050517e-02
-1.541580255161912986e-02
-3.555758003692942315e-02
1.341297759357517293e-02
2.049678257433781153e-02
-2.196191014414617532e-02
2.952184682505730115e-02
2.946044281157125799e-02
9.781985931020736880e-02
4.542289952432521094e-02
-3.927557850279520674e-02
6.045417520476160933e-02
-6.456850278768816453e-02
3.450135986814501649e-02
5.446461625895482328e-02
5.556904779377802583e-02
-1.118807640350270513e-02
-5.840669572190236580e-02
-1.355861407421821499e-02
-6.745989135320787367e-02
-6.319869856267015806e-02
3.535348202053979760e-02
4.186082004373047061e-02
1.979175197399570332e-02
5.886378215404491389e-03
1.629013879420079802e-02
2.128226245617190898e-02
-2.000664985373674237e-02
-6.312060973035377165e-02
5.204457382539195293e-02
-2.117196804332257057e-02
-6.134257713763628661e-04
-7.041210190364977084e-02
2.002533943762033197e-02
-4.434485328439648905e-02
7.199350584654704011e-02
-3.981660638781282791e-02
-6.455084792125143078e-02
5.694939320278575440e-02
-6.807858771657909411e-03
-9.898158832364946369e-02
5.599405798506846416e-02
-1.349727473057259902e-02
5.502297566120704225e-02
8.382449746866109386e-02
5.971034270016291334e-02
-4.694011865059802974e-02
-2.119136899545086272e-02
7.972788942201171000e-03
3.895484842919433310e-02
-6.136844507380734282e-02
4.627903120682650556e-02
-2.626785446425982523e-02
-2.810483361652710635e-02
4.652315985444083722e-03
-7.536396858995468573e-02
-5.080359192250578221e-02
-1.333569713426414616e-01
2.790678223021746118e-02
-5.659131629633792210e-02
-3.864410984593952790e-03
1.810283442138749949e-02
-6.905933818158443982e-02
-2.917728591525884513e-02
-2.912729612860828245e-04
2.820309943905690425e-02
-4.051565502791537951e-05
7.007653010167076701e-02
-3.321698450233191019e-02
4.583245362375344689e-02
-1.348763892434888187e-02
6.247407300067846225e-02
1.972918390338196035e-02
4.684304922011615219e-02
1.468405360670433646e-01
5.312249072563983432e-02
5.937823073464677109e-02
1.061112442212752867e-02
-3.204869150008641393e-02
9.023188825347086550e-02
-6.353142489167035167e-02
1.077619418981907648e-02
-8.394394266393095938e-02
-2.577015537232872286e-02
-7.922915561263377260e-02
-6.424560627443297138e-03
8.761566985897075929e-03
2.309738320237464393e-02
-7.131013964274818262e-03
2.251273550998858161e-02
-1.962002121274010469e-02
-4.299512904483124287e-02
6.093693556355392338e-02
3.564481965166630545e-02
5.037208241225236971e-02
-7.371013442577847852e-02
2.411088894155659357e-02
5.988556563280160276e-03
-4.525973751692628777e-02
-3.091412381962392250e-03
8.799204833025960418e-03
-2.223446118662845278e-02
3.170797844579339997e-02
2.522253116358747979e-02
1.826192222883948890e-02
-2.274768104026219165e-02
-7.185779618640963928e-02
-4.019230582577719077e-03
9.208823602294621824e-02
1.425795372860269410e-02
-8.179797101410040891e-03
-3.739284543842536640e-02
-6.420007870677191253e-02
-5.889062013782238834e-03
-5.034417737610784316e-03
-7.774262232564385644e-02
1.326763212721405495e-02
-2.053791259284979201e-02
-6.392969410394395979e-02
-5.498569349820051078e-02
-6.953980276104157997e-03
2.476431300923745069e-02
8.765728490128593675e-02
3.516998134832637068e-02
1.315963349369989911e-02
-1.003814963593865558e-02
2.871758035457897679e-02
6.625101802609402978e-03
1.104392732918950057e-02
7.620852437101942323e-02
4.041418804828441486e-02
-4.667290286995103704e-02
-3.422460528603494395e-02
4.440405852330798347e-02
9.021345734894898466e-03
-1.821138274854528991e-02
4.208435134716860537e-02
1.078485994843638059e-02
