-1.827173293491528017e-01
1.959420290112557361e-01
-1.573284143873952823e-01
1.445150592451598937e-01
-1.252686570873972893e-01
1.082143051414235918e-01
-7.092201603107314845e-02
-1.104700998008755278e-02
-4.366240690479572528e-02
1.297213306083873086e-01
2.282352233072453343e-02
-9.481439447413583799e-02
3.829351277133147269e-02
2.200400013270809377e-02
2.899917723072522810e-02
1.424889076426109347e-01
-3.129197063500858966e-02
-8.043571023171393330e-02
1.305189357533214078e-01
4.516248652363118177e-02
5.161190078051604985e-02
9.287870166721290399e-02
-7.627861905608490645e-02
1.089690795359850028e-01
-1.237395742151981837e-01
3.916477050237492791e-02
9.997546853917399501e-02
-9.818052773695302993e-02
-1.980955440896566555e-01
-3.461891031219925009e-03
6.664477299934743956e-03
4.901857096164847355e-02
-4.258019361847604350e-02
1.650793065260288961e-01
2.192338676579145065e-02
1.325643078902616345e-02
-3.862593708718142782e-02
1.191143234979774035e-01
-1.589770533731895419e-01
6.450379986834700596e-02
-1.025642832569773899e-01
-9.641277160572263305e-02
-2.466276756213771695e-02
3.967271937209472521e-02
-2.548429647173823705e-03
1.608435773401988012e-02
2.293828114943900764e-02
5.275585180291463006e-02
-2.159478774389864478e-02
-3.669889822396481954e-02
-7.050982492975609028e-02
-7.719546676592915768e-02
-1.775889584119614423e-02
-9.981947806838042253e-03
1.564363370236670006e-02
2.598189823485262933e-03
1.127442684132691358e-01
-3.205806413709894748e-02
1.470379973842422527e-01
-1.311576971344283193e-01
-9.099819342885211160e-02
-7.358884166170757968e-02
-4.922052766966484444e-02
-5.258885577327711974e-02
-4.263428076664065036e-02
2.178147463095491884e-02
-6.779838132124439698e-02
-4.895131476871334569e-02
6.360629811236802322e-02
-1.356192127283356932e-02
8.641715307621805750e-04
4.290753844562879976e-02
9.718441491953771095e-04
-7.150186161426624887e-02
-1.697245302944849071e-02
1.836024459320738100e-01
4.072671327676330444e-02
5.836081674132458097e-04
-1.460210335792735958e-01
7.817019556302663361e-03
1.921093039502718425e-01
-3.125497189017714672e-02
2.897299591552670792e-02
-1.214125726493799906e-01
-4.492431494249590762e-02
1.905852378570329492e-02
-6.923750707571349472e-02
3.023998344192408913e-02
4.138638835516051523e-02
-4.221174255871817937e-02
-3.363612331389695398e-02
-2.776332508874956168e-02
-1.824956817837176948e-02
6.008721580100186491e-03
6.562526945003020751e-02
-6.168976313009932703e-03
6.679841185500343115e-04
-2.537910088791663771e-02
5.549802318255750433e-02
-1.544528280422797009e-02
-7.698363327433489778e-02
1.616171019461239491e-02
-3.638359366631653546e-02
-6.966205199522004440e-03
1.153652218712862901e-02
3.221013524932987010e-02
-5.757791702971756798e-02
-1.226206443778635746e-01
6.443836225778494520e-02
-2.455791688186962848e-02
-3.268293531145979869e-02
-2.291667764504166580e-02
1.978529828269312216e-02
-2.537261043013688475e-02
-3.219956865864495935e-03
1.492190733920557323e-02
1.108222149741442362e-02
-6.647580161299436463e-02
1.069969210169951536e-02
3.501993908032988156e-02
5.992740003625113970e-02
8.765237812082370128e-02
1.136135194327285297e-01
5.219237346107917508e-02
-5.263347375115436100e-02
3.855247263028305921e-02
4.073310966993754639e-02
3.138086168720954916e-02
-7.175593011373164638e-03
-9.764429677584514355e-02
-4.786844303015514585e-02
-7.919854118526122033e-02
-3.120182538806757361e-02
1.467094297172179122e-04
9.907693207253447099e-02
-7.742507846796360671e-02
1.453944065322766710e-02
4.491898461485069587e-04
-7.211619755281068649e-04
-1.365818071913232077e-03
-1.616531600449003280e-03
1.699537343832288605e-02
4.908523141208206986e-02
7.005693520912442684e-02
-6.207803046674995745e-02
3.204721535259752452e-02
-5.164955797758601086e-02
5.600343230792870219e-02
5.500393316471525323e-02
-2.939923399793232042e-02
7.199171872486084117e-03
7.737629029257569666e-03
-7.962753849609494061e-02
4.968109933307929271e-02
-8.659901131352515033e-03
8.707980686712288310e-02
7.500702236401785017e-02
3.419361287584867654e-02
-8.716186255799057703e-02
2.859237916679037428e-02
1.304045845478974536e-02
4.571379917648817071e-02
-9.476852230151855058e-03
3.430009400927882396e-02
2.046425660521858370e-02
2.967042225559938726e-02
-2.766101415283007264e-02
-7.424817183655128827e-02
-5.031233554574589782e-03
-1.112192303191067017e-01
-1.937307582650755686e-02
-5.187757058132690113e-02
9.294993992844767863e-03
2.298810403548744857e-02
4.687458776327191150e-03
6.961878227668834296e-02
5.098094676166595174e-02
3.780550559797844941e-03
3.230899714971422528e-03
5.296470658200127385e-02
-4.163722730317029330e-02
4.714373795448640464e-02
-2.919583496596489178e-02
9.400735151378289411e-02
-3.438055060185296608e-02
-7.873448913144312500e-02
1.699556156753389419e-02
5.697471206949106248e-02
-3.770432343732500746e-02
-2.097436896086496416e-02
-2.952067140363755227e-02
8.055523499044059399e-02
-4.002552435247046930e-02
3.013121340309334734e-02
-4.336027139191794139e-02
-2.337091562501886904e-02
-5.978332441548802473e-02
1.871656758982896684e-02
-2.470760502409446654e-02
3.854228229802016126e-02
-1.058960515839172355e-02
-4.511909138562548993e-02
-1.072740980545459563e-02
2.436379889097856771e-02
5.810191959210998791e-02
-2.268198645431001789e-02
5.212699856025412165e-02
-2.572111979352796618e-02
4.124999467718019897e-02
6.197948211505061727e-02
-5.509875028706294475e-02
-6.790699458573264125e-02
-7.650493849692673390e-03
-1.644117613756378507e-02
2.065000284621982228e-03
1.176089762612337383e-03
-4.788013839610610889e-03
-4.093105295478576683e-02
-1.557089040744386726e-02
-1.757220895413986756e-03
9.880991401237806948e-02
4.145502416230968656e-02
8.328050609596131248e-02
-1.639364215691593504e-02
-1.034111782551953990e-01
3.577653205726436837e-03
3.081763418432210272e-02
8.469075401654077573e-03
-1.081416872659747563e-02
-5.256298800676361543e-03
3.309481286409185485e-02
-1.894887581055452325e-02
4.002887932340009995e-03
3.705853856567383614e-02
7.542156508047251351e-02
4.142727510368610783e-02
1.914801058040578249e-02
-3.017554918715407639e-02
1.772083103083565980e-02
3.530188205789287076e-02
1.247607082176774816e-02
1.997242413790841289e-02
6.284622474502990497e-02
-2.293721508390996616e-02
-1.187901141576747782e-02
7.409798201643041926e-02
7.170638942149971766e-03
-1.967132333569117722e-02
1.320246906033555913e-02
-1.904961900304895026e-02
