-1.792275589695080662e-01
6.849147360735600987e-02
-1.419367233161735950e-02
1.139965321650850960e-01
3.586244803231967287e-02
9.403124750596217329e-02
-7.147711153300129183e-02
1.315870984726296156e-01
-3.798330689717527991e-02
-3.008244122142429179e-03
-5.699662768556514741e-02
2.729584091510074001e-02
-1.056053992050410423e-01
7.119869450057232652e-02
1.874399777963320357e-02
6.220433690956872486e-02
-8.708805247693292284e-02
9.934094233957010966e-02
-6.671110677052248528e-03
-5.669943351923790315e-02
-3.223087670057364629e-02
6.757721127605792466e-02
-4.105476737010857469e-02
1.638338805101524076e-01
-8.074764026394798400e-02
6.468251358713567045e-02
-9.314931129929683151e-06
-3.071751334419170823e-02
-8.779359407868329856e-02
-6.344403274386066494e-02
-3.800429310564982371e-02
-8.993665414303039785e-02
-1.289943076424639734e-01
1.567873007909538208e-01
-1.760868071906991975e-02
4.420247773383271378e-02
-2.608582031594999795e-02
-2.333198794917441810e-02
-6.267770477335332484e-03
5.048225084969910209e-02
-2.115030589765223498e-02
-1.219482801919094528e-03
-2.335555141132127435e-02
-1.738088831234709322e-02
8.246821481558384848e-02
8.377455106625987524e-02
-2.226283267217035733e-02
6.673389705656763982e-02
-6.616822669340464980e-02
-5.511563750178263138e-02
3.140236328074436783e-03
1.391065306048783479e-01
4.476836900445334971e-02
5.359575737540069745e-02
1.734546948330759758e-02
-8.656475952772466065e-02
6.099059770154792448e-02
1.989315837420777347e-02
-7.193943402390455544e-02
-7.153373747797295290e-02
-1.463603951551500637e-01
-6.638755098091844720e-02
1.917392051008454459e-02
-9.151455929494896335e-02
5.120899956738164671e-02
1.774931040659513404e-01
-8.008896786112411348e-02
1.887845678550871195e-02
3.807601439355932232e-02
4.279971537790259843e-03
9.646060363539360472e-02
1.119941901512462590e-01
5.089026692393578549e-02
-7.739632686011115037e-02
-2.312978398962669754e-02
-1.663042886087927677e-02
1.885003335929406583e-03
-2.672284378792644938e-02
-1.499624753413029143e-01
6.168513074832655124e-02
1.874572822138461520e-02
-5.228003255777553121e-02
9.693676966030814399e-03
-1.332692351266384079e-01
-3.398771689316990724e-02
-1.260270418537113302e-01
2.720066661877320116e-02
-4.319223111219579886e-02
-5.243820229743632183e-02
2.538373959770245068e-03
4.620975334755855063e-02
-8.044013708293148990e-03
-1.870670123720388073e-02
-4.575148082671177951e-02
7.623987631943489329e-02
1.848468924228895485e-02
2.230266965036238613e-02
-1.169509853212954004e-01
-2.363426298702708123e-02
-1.084653039693870835e-01
8.742600406919230627e-02
5.583266629132958847e-02
-1.251554882975544070e-01
-1.978553962443391906e-02
7.077874942362379594e-03
2.453847402900313779e-02
-5.035228362879533986e-02
-5.118193840382236071e-02
-1.245317192730355654e-01
2.146277949646532845e-02
5.919984821420595095e-02
-7.355842796294170816e-02
6.151046658516296645e-02
-3.550258978384562836e-02
3.910172453723011893e-02
-1.025566553823336995e-02
9.893314717279105830e-02
-1.507711807257649909e-02
2.885231804362950805e-02
3.745684760774103950e-02
2.890360539170852561e-02
2.018571348392485254e-02
-2.957884585385441717e-02
1.333861319896325892e-01
4.581764261027100604e-02
5.986481647957219224e-03
3.509207009175584202e-02
-1.628831684483458830e-02
-7.843175693191752063e-02
-6.892540948995422301e-02
3.557309608073817853e-02
-1.272214148412801615e-01
2.439554690391860375e-02
1.525122996709601421e-02
9.823728868126667402e-02
-1.424113061709751313e-02
-6.661457021153957547e-02
-3.449359497113526057e-03
-2.229618969827200370e-03
-6.682428502464661524e-02
-6.975189792475525175e-02
1.964507929929288493e-02
-9.666899300375486614e-02
-5.976098997448759872e-03
5.199211650466861734e-02
1.400880960749333916e-02
1.301468923026317601e-02
2.419268022199800184e-03
-3.265203676853912357e-02
5.293933086506269481e-02
-6.177272055527557523e-03
-7.181638857000643972e-02
-5.312076952359350013e-02
-2.837298567848897494e-03
-7.140071437057202153e-02
-4.756520468964693660e-02
1.208488974111201208e-01
-7.313288656373330074e-03
-1.814217222923861922e-02
-9.923619538674539886e-02
1.166498148207308766e-02
1.487252094890448469e-02
4.187698492739549277e-02
1.475867997240747943e-02
-6.493442172464941597e-02
-6.769845265238542964e-02
-2.032624744488509272e-02
-6.069616487844101821e-03
-4.983488154512379781e-03
-1.370816928482711805e-01
2.926898632662323571e-02
-1.739764046121712246e-02
-1.282242610630865941e-02
7.955356181965597684e-02
1.474384235483688042e-02
-7.096847211181560311e-02
-1.029735077548754735e-01
3.264570408808715237e-03
-2.221312849420432889e-02
2.199962143640803516e-02
9.048174329472449817e-02
2.176398681493945872e-02
-4.039955585078751354e-02
-2.263675536211330608e-02
5.696908788918100645e-03
-3.350061594910283460e-03
1.149400647345187182e-01
7.757728688581709553e-02
3.351508538757739381e-02
3.513569931463713519e-02
4.003078766818918971e-02
8.619820041970260860e-02
-5.974423782561756602e-02
-3.294455506034659614e-02
-9.150737980257608872e-02
3.604326078638719812e-03
-1.440614848794472512e-02
-1.098539650659386899e-02
-7.716812945638267321e-03
9.162342985364936576e-02
-4.975509713501091724e-02
-6.408790434702354988e-02
-4.877732390964514136e-02
-4.433325494874777728e-02
6.435365601854857454e-02
1.117927961857098224e-01
-2.284551290957062054e-04
3.791909646282509011e-02
2.689725022572280258e-02
1.017556449409789676e-01
-8.096913680812843628e-02
-6.430984270611926797e-03
-5.882452644369803169e-02
-6.106489624312973208e-02
1.198301458523645668e-01
-6.829829003566137424e-02
-4.594043033880188670e-02
2.337624307651898700e-02
3.555995208700938465e-02
9.955820482414607167e-03
3.889469743152421111e-02
1.579053870698221909e-02
-1.597753686986329649e-02
2.961117197848713630e-03
-7.869864995864029114e-03
6.080540361623745782e-02
2.290666745742363924e-02
-8.346679015987615302e-02
-4.458560490117678687e-02
-6.135877679759257214e-02
-8.527002091857405208e-02
-7.183814795458266789e-02
-3.290902577757828795e-02
5.586547104878716169e-02
7.226398389706792207e-03
-2.037860251234264314e-02
-1.821231034703512525e-02
-7.837697188242606638e-02
4.023612115005328893e-02
6.266500259453978983e-02
-3.382641763119274836e-02
2.289249256222591900e-02
-2.431973882804301310e-02
-1.268634711241055455e-03
2.425221478182842255e-02
3.458228931537241785e-02
-3.586579846209367317e-02
1.451240497506321205e-02
8.850697789517940339e-02
1.991697956172185785e-02
