-2.085555482353011192e-01
1.872344233923556311e-01
-6.634193549079976659e-02
7.707278324129053504e-02
-6.167470850268715055e-02
3.647246293403109962e-02
-2.985035494727577079e-02
2.442066216717631300e-01
-9.194568600147126625e-02
3.696839621558225403e-02
-3.265776184424255824e-02
6.537688278071784875e-02
1.171386187640324344e-01
5.207468141076732060e-02
1.479496687309909964e-01
1.464955004162726560e-01
-1.273489685104802482e-01
3.555660995426178361e-02
-1.543817251880816072e-04
5.455663209171616318e-02
4.580298093183133440e-02
1.048763591222325320e-01
7.966842044192601422e-04
7.525952718061913738e-02
-7.046571631494505383e-02
1.405850665284893129e-02
-1.700778448643859228e-02
-3.838369674335361664e-02
-7.299676129821298931e-02
-6.678617391285816829e-02
-2.517550200096469598e-02
-7.342616951584857166e-02
-1.701944482252268076e-01
5.222136689242792840e-02
-5.746827213161667669e-02
1.404557415230961621e-02
-7.492170074669401991e-02
-7.800195529090875497e-03
-3.830796430133670549e-02
1.798664826367256039e-02
7.772713965444830522e-03
-3.012067232267907554e-02
6.819560561565653212e-02
-5.702853197061542867e-02
-3.878309312549851808e-03
1.361953963046688525e-02
-7.467756465634992069e-02
1.412151745031358686e-02
-2.618870016142396673e-02
-2.536028213095306919e-02
-6.420339892743297250e-02
3.958831699739346482e-02
-3.350884689332176564e-02
1.113560690323973507e-01
4.857767000814022795e-02
-2.970152576308011071e-03
1.298857417480631382e-01
2.616736856406699785e-02
-3.802836926250301869e-02
2.028996878092210413e-03
-1.385319969252084282e-01
-6.653040560056158736e-02
-2.813286264739142672e-02
-5.591549350028605925e-02
3.970917262063995007e-02
1.100892111195120454e-01
-1.671592465769126262e-02
3.025115703600103189e-03
-2.211896875529353532e-02
-4.660862651570038540e-02
2.049773221349937211e-02
8.507301081676670040e-02
4.619643820367420363e-03
-8.308607970809175902e-02
1.321241186213000310e-02
-5.555187235061133377e-02
-3.634858504163684251e-02
3.049146257591364359e-02
-1.330142471706487473e-01
3.710123548742630395e-02
1.403560417838840835e-01
-7.682056433810936780e-02
-3.886448353650138327e-02
-5.467274345525392765e-02
-8.971131539198839988e-02
-8.842302045375258213e-02
2.268557393517230819e-02
-2.177991232811060662e-02
1.690351620084035861e-02
1.491823679739735613e-02
3.546956157427296613e-02
-2.219434977066536002e-02
-5.180875686842763977e-02
5.901732564050933549e-02
3.119076645697843597e-02
3.721460572313237819e-02
-7.572629205062782198e-02
-4.169287060418004620e-02
-4.363787651409572338e-02
-3.470967173959463997e-02
2.729604552010287538e-02
2.894929702926474918e-02
-1.244935918764586563e-01
-2.795208878115707993e-02
1.158790705253649918e-02
5.341983718017869615e-02
-8.276434861451179015e-02
-1.956040706571505062e-04
-1.087182606343510549e-01
8.271451631623799594e-02
3.547820666974218357e-02
4.858051656396546007e-03
-6.623548836000197823e-03
3.402864204407453439e-03
8.062570662315145242e-03
1.546554865446067920e-02
7.545706409782428070e-02
-5.807652136893862171e-02
-3.349306783695721844e-03
7.701195128902543763e-02
7.835468221458570526e-02
6.090986355231305105e-02
-7.188161426801308040e-02
1.450365878418456433e-01
2.285566443139591328e-02
1.399647984999052852e-02
5.690651663944014046e-04
5.274460602430258022e-02
-6.999483975318883389e-02
-1.401405469651148539e-01
-1.566888411130981304e-02
-1.014784851761853512e-01
7.843881375342026674e-02
1.017663387411786580e-01
5.859378624784673806e-02
2.189050629332046222e-02
-2.979272097748099368e-02
-4.880247763300436109e-02
3.334592550065799271e-02
-8.751089259642123863e-02
-1.194142468616488650e-01
-7.589118143250409010e-02
-6.749679373189486353e-02
3.062528584236395499e-02
1.579747112074827986e-02
8.459612485937942697e-03
2.606310027846876418e-02
5.278660150839084575e-02
5.598823881581970786e-03
-1.128747241364897293e-03
3.734937784152443652e-02
-4.731959776138217749e-02
-1.022408349973793068e-01
3.554915970938588021e-02
-5.242480777727058505e-02
-6.307264855419106135e-03
1.079607605008593429e-01
2.885276012985850055e-02
-3.869976986794765317e-02
-5.516340533712873334e-02
-1.225466882626594957e-02
-1.863053216280664143e-02
-1.827569667925917074e-02
-3.821494166838135254e-02
9.151606692784862093e-03
-4.502390320233108645e-02
2.497740280112740671e-02
-4.491334437978574540e-02
-9.629511787442890727e-03
6.934947986214537452e-03
-2.042428404467553846e-02
-7.585920160780088017e-02
-7.136948021812326848e-03
-6.574194477963744843e-02
-7.553044198131909914e-02
1.372468648267784370e-02
1.782102088584159444e-02
-6.942971056521944628e-02
-3.003977390897933503e-02
3.234826039791170033e-02
6.448506738347269118e-02
8.498620843542943615e-02
-4.189406235849412602e-02
3.622786998904838768e-02
-3.180491966193790127e-02
-1.519828869086965913e-02
1.384156747056836112e-01
1.319337508076547372e-01
3.511314467082259083e-02
7.677892028066619912e-02
2.637646741789561114e-02
7.991382166819244182e-02
1.083082863101889406e-02
-2.765369241681107232e-02
-7.850509281868425782e-02
-3.600320293484228495e-02
-8.041298807487842759e-02
1.034694928339433342e-02
-5.636784987784603657e-02
3.014780245968003147e-02
-1.316092785862430295e-04
-5.763217751888669721e-02
-3.479889896478301908e-02
-3.192011731619843334e-02
9.048164259802590759e-02
4.293059524818738232e-02
7.789160732435047342e-03
1.231395450129264997e-02
6.487581867014837606e-03
-7.740382714096541092e-03
-5.012777779696815650e-02
-8.357874472184358833e-03
-6.486387016421530510e-03
-3.678533807615481932e-02
6.320675296195744919e-02
-2.637379657539292224e-02
-5.854957677589440329e-02
-7.415773436293264520e-02
6.113590117043500582e-02
-6.948281113129255171e-02
7.308978393116834227e-02
-1.409097847485525808e-02
-1.886532030439133992e-02
2.983650873745921986e-02
4.223519220288309700e-02
8.762043228169583142e-02
2.606759853952591785e-02
-9.073013637876911619e-02
-5.023426007043045594e-02
5.557281737865869820e-02
9.422662064142856009e-03
-4.782993953538201837e-02
-7.303752678904343321e-02
-8.921879094889461487e-03
5.197368139296842243e-02
1.827984351367123103e-02
1.704240001097996615e-02
-5.002962433499449219e-02
1.116644107707994056e-02
3.904107542565915523e-02
1.043427880469922388e-02
-4.081809939922177027e-02
-6.393030528153345604e-02
-8.209825455140801198e-02
6.921576202368859287e-02
2.413563055814308550e-02
3.554891371073431224e-03
1.003572584650254049e-02
4.865431615943437670e-03
2.138789590551259598e-02
