-1.545309670075550867e-01
1.227667118182815958e-01
5.134363982054383768e-02
9.513403670860948527e-03
-6.228937824316744393e-02
1.698966114788561521e-01
7.616317799552130285e-02
2.417490028388977197e-02
-2.286295658183829793e-01
9.419801009729202035e-02
-1.906108166393518932e-01
1.369311167963840614e-01
-3.898258984443061376e-02
1.168041051361509153e-01
6.192672713853532296e-02
6.316179934796690987e-02
-1.578679768430783781e-01
2.219703969290933582e-02
-7.146495333909563819e-02
-9.275865950858420972e-02
-2.226726928913191645e-03
2.870958827406083769e-02
-1.618592757971621526e-02
-6.633228099285289059e-02
3.195339787970864071e-02
4.900416091311102923e-02
1.398359581987628462e-02
-5.927527497404886520e-03
-1.920265911668531389e-01
-1.486551501459084101e-01
-1.253641740903372881e-01
-1.862334329729714924e-02
-8.918777657042718798e-02
6.447304858900096414e-02
8.429691911178653629e-02
-1.604646556206528948e-02
-8.523365799081418503e-02
2.059646730800496900e-02
-8.210000058654387534e-02
7.358017475798200868e-02
1.572640806650123235e-02
-5.054404808910907543e-02
1.604988444707409903e-03
6.279473218353173736e-02
9.067370946737998705e-02
-5.000368619079000564e-03
-5.853882577512050517e-02
8.056638136639532322e-02
-1.942226549708435945e-01
-2.656402425072130688e-03
4.558264051377627218e-02
4.100981058772570909e-02
4.612264627824026048e-02
5.310977883467679628e-02
6.281018839284240041e-02
1.157802915295552126e-01
3.092694888258531311e-02
2.342976141889736158e-02
-5.686018884918169619e-02
1.530798640016294877e-02
-1.517382721561422732e-01
6.055675142479789719e-02
3.251363204714140254e-02
-6.354375290754457617e-02
-1.056078265464756721e-01
2.781031467658803130e-02
-1.009682215225968377e-01
5.590589257109841205e-03
6.527808916841852660e-02
-8.268779951436014408e-02
5.037548993549777372e-03
-2.150368269044614783e-02
5.347015068263637205e-02
1.250004901975254427e-02
-5.256464474269959865e-03
1.993259818874273948e-02
-1.190113871565765154e-02
-9.713725403007190951e-02
-3.862033048703909094e-02
-1.689018227814497938e-02
1.779679223303251220e-02
-1.149325505009130693e-01
-2.722394028419209636e-03
-1.355171229381582458e-02
-1.557255824110491058e-02
-6.973008287743906464e-02
-1.818668757757855789e-02
-3.257428164266222559e-02
-1.896897120365624578e-02
7.106651078202756841e-04
3.279066857301130879e-03
5.855926785840231963e-02
-6.029574092240677641e-02
-6.233375252151091006e-03
-3.855515799155870282e-02
2.054390195099455724e-02
-5.322623460528928818e-02
-6.422314946288847082e-02
3.310890978591443656e-02
-6.416118217210384223e-02
4.502810448802485599e-02
7.147179110911325295e-02
-9.602024019360071161e-02
-1.327834394665328502e-02
4.094264374265684653e-02
2.561421525921207115e-03
-5.489262052661319363e-02
-1.130692937844987069e-02
-7.946927541242332360e-02
9.779766865093983408e-02
-6.089714416348725873e-02
5.893506030228704701e-02
6.002657495473422838e-02
7.186652987408843896e-02
-8.804679492550882003e-02
-2.070316501098816084e-02
3.514400108740688838e-02
-2.175692947479643258e-02
-1.397971396085586661e-02
6.530800441224558772e-02
6.838596248158074209e-02
8.923635322826065086e-02
5.552579090756717267e-02
5.373201590627969121e-02
-5.308972849863555915e-02
-1.512144348686990901e-02
6.328078366895049933e-02
3.468875518045291123e-02
-3.628259663549619068e-02
-6.592529122326280799e-02
-8.598360466285023818e-02
-1.088628899819441415e-01
9.276467817073513061e-03
1.622029449673182896e-02
6.807131822061394943e-02
1.791645320834076363e-02
-3.791504300043058162e-02
-6.284765367439723582e-02
-7.156438591143510219e-03
-1.444969312539467199e-01
-2.697881335173772654e-02
3.527377626419952311e-02
2.449848350461916735e-02
5.283922394496941982e-03
4.710903021666663047e-03
-4.169052483833340927e-02
-4.250190460037146095e-02
1.116789828276359559e-01
2.554227622048508770e-02
-9.573519065599141523e-03
5.181042446440253801e-02
5.032901446740931095e-02
-6.399262401849253878e-02
3.293276598118985432e-02
1.533807971091755325e-02
-1.098526928053793032e-02
2.501637335668243159e-02
-3.153137926143401160e-02
-3.258460952445966369e-02
-1.080100562391743055e-02
8.356869660491061946e-02
-1.908410927900492868e-02
-1.730418788468021662e-02
-5.022983118876839237e-02
-1.140169659728774293e-02
3.411402636511822600e-02
4.134176295404957263e-02
-3.413664086491606520e-02
-4.854674258964104296e-03
-4.288595934969413603e-02
-7.921592178791649758e-03
-1.002427768597905638e-02
-4.981838974598976066e-02
-2.935194690847598570e-02
6.442094620600216648e-02
1.171395476142546126e-02
6.300809197611262347e-02
3.395764798935081014e-02
3.828567150341658648e-02
6.084899486627989157e-02
-2.810782889912526866e-02
5.247589618601264383e-02
4.533391662938554556e-02
3.988442760566002221e-02
-5.101225726838811390e-03
-8.420834862202712656e-02
1.301859415810916465e-01
4.745672369938520874e-02
9.234906996185201361e-04
-6.308387726047449962e-02
-5.069159434527040903e-02
1.188608849894179781e-01
-3.104714405867619112e-02
-1.418915628103081285e-02
-5.779860155732824412e-02
-1.206250296539624657e-02
-5.936213602130387124e-02
-1.186734161281017240e-02
-7.323707540199400623e-02
8.600322763826535877e-02
7.479256124084471269e-02
-7.608596817573906601e-02
-6.735171415303106701e-02
-1.946356990159701233e-02
4.360495798972337939e-02
1.498789329121337976e-03
5.534127795724811533e-02
-1.127316076631079689e-01
2.125695315564389565e-02
-4.174782677561643396e-02
-1.984263877694850131e-02
-1.654487489225545810e-02
-1.430376015559686916e-02
-2.075013906647374482e-03
6.008248796998243157e-02
-7.883450242912145439e-03
-5.908228603797880535e-02
-3.541793924873756078e-02
-1.254652448784101572e-02
3.060970484447642255e-04
1.257479083191903879e-01
-5.856788629769536098e-02
-5.569214103127694687e-02
-1.621249516530548843e-02
-6.571043566849059381e-02
8.209740080940176529e-03
9.113582875773708347e-02
-7.987925670639610398e-02
3.030909225739995133e-02
2.160083600611308052e-02
2.532823977357955871e-03
-5.987357985059011366e-03
9.235049449727235002e-03
-2.771219979951236936e-02
4.850681998448611726e-02
-1.340819035021694090e-02
-3.472597116830920122e-02
-1.225591926209240907e-02
2.722500868575735214e-02
4.361542832506284245e-02
5.550470778334620076e-02
4.231147982805800317e-02
-1.503497418685549591e-02
3.859600654473684805e-03
2.071178345028119178e-02
5.448153521768964863e-02
-2.196954138628162863e-03
-8.828451427377743618e-03
4.414475007387430594e-02
-3.911834806998866487e-02
