-2.647729790545084727e-01
2.047698492852936814e-01
-1.965057540172252259e-01
4.745071941208333505e-02
1.370030043173043055e-01
2.367804442834883782e-01
-2.826887690118944779e-02
1.748239299726897511e-01
-1.315280027432449159e-03
8.369348768264071869e-02
-1.603062252012507627e-02
-2.038427649426939256e-02
9.906665214543841289e-03
-5.553444627434751119e-02
1.277833402610385402e-02
9.125397413657751478e-02
3.141546527478793899e-02
-8.554001419950925389e-02
4.852396435938660657e-02
-6.216027238331305743e-02
-1.893841794561361078e-02
-2.112808112884351913e-02
-4.331753041524641183e-03
-5.297531237284495292e-02
8.145694591705117393e-02
3.026861069745631627e-03
-4.384867765574312903e-02
-1.543913192449500663e-02
-1.221792488998463128e-01
2.931158625814837132e-02
-7.208043545361042526e-02
-7.242691350093038993e-02
-2.217717550090153242e-03
4.383699936387795704e-02
6.578954143201880267e-02
4.498451560080533873e-02
-1.622297358120860511e-01
8.131690566360848249e-02
-1.087984076458429622e-01
8.982525257145192177e-02
-5.441157685736220696e-03
-1.359203638037412287e-01
3.050846230091948386e-02
9.556333000078566509e-02
1.149082385190547118e-01
5.426435759730550458e-03
-1.782056721666215038e-01
-3.481897606942021411e-02
-1.323776067471811591e-01
-2.544375584219118330e-02
2.305466845679906771e-02
9.213543705004961781e-03
-4.332242669625503695e-02
5.202626093166592969e-02
-6.905456687325843557e-02
-1.741256475183039151e-02
1.576374212217509369e-02
5.161427858436566651e-02
-3.558302748762461748e-02
-5.825677851514438066e-02
-2.701612370555636633e-02
4.808478780270060080e-03
2.248752693429298052e-02
2.097480768348560648e-02
-6.231655637983168905e-02
2.738317936630448382e-02
-5.154784796095131932e-02
1.073733252084940609e-01
6.306826784657515450e-02
-6.515821892872396270e-02
1.274853618620878093e-01
1.043365061618322376e-01
-1.028134981043107993e-01
5.194659711633636129e-02
2.191618387335381515e-02
3.014805631910875972e-02
1.040942725838243238e-02
-4.173583315158100812e-03
-5.833779873264525323e-02
-6.326120778469890293e-02
-4.772831869548464084e-02
-1.455581636415478018e-02
-1.029502631427544820e-02
-9.071104935527626867e-02
-6.800940937579517953e-02
-5.825899507479018191e-02
-6.030653377685073896e-02
7.275112670285301467e-03
3.701026031865974064e-02
-8.977466869535603855e-02
1.262774030210877217e-02
1.100015694547738093e-02
-1.873879524557267931e-02
1.594051771637441661e-01
-1.054996375652195693e-02
9.677168583754320805e-03
9.238276540694487227e-02
-6.233994604654181926e-02
-9.045141412989984864e-02
-1.163087072194413235e-01
-3.693860258443888017e-02
-5.529879620931742179e-02
2.129706898960074396e-02
6.936845818548718900e-02
1.163485391271061251e-02
-6.199088752679837895e-03
2.408361529416617325e-02
1.357907446889317429e-02
1.907078294774549460e-02
-2.056014561482252465e-02
1.088588833328954682e-02
-5.471521244585668409e-02
8.922291075845138753e-02
7.486016666433951278e-03
5.027554272426350626e-03
-4.295166574177065877e-02
-1.853219203679647500e-02
2.431466682500573167e-03
-3.488004725010890317e-02
6.551419179124309822e-02
-5.086144229630940039e-03
-3.184468385455775132e-03
-3.402749886097154470e-03
4.716385689434138967e-02
-6.503839237593173062e-02
-1.859369329622240566e-02
6.003184579567077961e-02
5.325704702871975754e-02
-3.771658193713403606e-03
-5.650159410547058586e-02
-1.075626921848007178e-01
-6.907008279077900270e-02
-2.451561284423818543e-02
-4.623319958992449380e-02
7.294406664097677351e-02
-2.571784832973495957e-02
-7.353697980473772322e-02
-3.456599052298119784e-02
-2.606789933887203314e-02
-3.012833886315509618e-03
-7.375327632659181565e-02
-1.908712593976077607e-02
2.229875545162252060e-02
9.858297898093750650e-03
-3.610712805342648074e-02
8.424775992600926078e-02
3.136332649864201350e-02
8.364502111725126768e-03
5.427332308482805262e-02
-2.420549299170525297e-03
7.436521220373089325e-02
1.993444721809163253e-02
-1.756921266112668537e-02
2.631089382541506802e-02
-3.809835952388782986e-03
1.594619475570603975e-02
2.791167996841815643e-02
8.954136752189090220e-02
-1.028311644155176091e-01
-2.987869469767466882e-02
4.625450502890798843e-02
3.809723470257504047e-02
3.903930563501879780e-02
7.738830181378068829e-02
7.152798277413022210e-02
-5.530974667562724850e-02
-1.072328548763141175e-02
7.980908269380973530e-02
-2.935783626389203062e-03
-2.147713964858695770e-02
-1.054772073049232844e-01
-3.875389876838751524e-02
-3.086698255288229664e-02
-7.915165771946212903e-02
6.105563168819095471e-03
-1.974981110789467489e-02
5.571534400782842539e-02
1.607766651738364722e-03
-2.485736002544846820e-02
-1.427547119343106942e-02
-4.067436574508227765e-02
-5.199675091369500290e-02
2.169552039816769959e-02
2.393374939572643148e-02
-3.473557387737460228e-02
2.219146734816996105e-02
-4.679044930147396864e-02
7.897651642446433529e-02
-2.960446987821174422e-02
-2.401417411959111403e-02
-6.576294271626924315e-02
1.767069139332846928e-01
-5.588079198974832407e-02
-5.372943889711295079e-02
4.238809718108168395e-02
3.935098038760176387e-02
-6.885226445185466115e-02
9.678127990168174793e-03
-2.880568133122991380e-03
6.446284777655949226e-03
-2.713254271143041713e-02
4.306378396027227967e-03
-4.128914675848312232e-02
-5.060564469658841019e-02
4.404376798755310629e-02
3.881030524892609135e-02
6.107538222712441400e-02
5.385584896288298645e-02
-4.905534318074183942e-02
3.248526959219324994e-02
-7.016777606014562574e-02
-3.778605619468888930e-03
8.897799745908065855e-03
3.622228990606859295e-02
7.608096170149737658e-02
1.922640528466835683e-02
2.700123636465175114e-02
-3.910838289681618091e-02
4.155311585421175846e-02
1.021139254137132420e-02
-4.214771624994189943e-05
-5.913006993260883776e-02
-5.302328269353758644e-02
3.679932323953129941e-02
1.543949583727267450e-03
1.332546034583818699e-02
2.093090656930690283e-02
1.941183538638022871e-02
8.219863324091887871e-03
1.663885310352788971e-02
-2.277399245627747572e-03
-2.845116411982145932e-02
-6.613132169620888900e-02
-4.038614682516901422e-02
3.145533026543250593e-02
2.392627264229433507e-03
3.628918369119997489e-02
-2.828399582295257342e-02
6.072768010955228307e-02
5.131080841077012566e-02
-2.293153360602804419e-02
9.626184403602998374e-02
1.233005964997613627e-02
-6.342113090899421934e-02
-2.235658450029198371e-02
-2.382986883919203588e-02
-7.382552955444887655e-02
-2.123589855997268933e-02
-1.737723212941678572e-02
-4.291874817688157845e-02
