-2.409468369370243168e-01
8.604792148172120403e-02
-2.073631363986257470e-01
-1.337137993076597808e-01
9.886148581451674466e-02
8.891290352412481446e-02
6.544553106499853556e-02
3.954206030077093981e-02
-4.600455767552072937e-03
1.084083917943061276e-01
7.400803500326466611e-02
-1.641207993818216346e-02
1.075343198691424834e-01
-3.260770079041497294e-02
1.375174709136388895e-01
1.302079756706864544e-01
6.288179791993818435e-02
-1.294122251245886090e-01
-6.942681782052356754e-02
-9.550173538388108743e-03
3.102090098150928760e-02
-3.628950579763484674e-02
9.087487240806163546e-02
2.868853099070072313e-02
1.130669634255072609e-01
4.985124102223838921e-02
-5.517422734932874578e-02
4.770808934824476849e-02
-1.616732312791900605e-01
-2.214527823915343058e-02
-2.205217949303701075e-01
8.601181162496163504e-03
-4.918645955956768567e-02
-1.389525959871804918e-02
8.654885822036925691e-02
-7.578475332011359866e-02
-9.715978797570017089e-02
-1.759690335457314916e-02
-9.242319504734539115e-02
7.832728067671680672e-02
8.302466290188667900e-03
-1.383094871070524312e-01
7.303290215858279644e-02
-2.249267306609525202e-02
1.022285715807822321e-01
5.156857646292037356e-02
-2.318976334797189301e-02
-6.068896601826979237e-02
-8.869831161451759149e-02
7.984402803035761664e-02
1.454487025360887663e-02
-7.416324403670494780e-03
-1.243839525776440020e-03
1.435936961826087543e-01
-5.627476109084604550e-02
3.660095747999050908e-02
4.337517327657340604e-02
1.049576498594258916e-02
-5.256771586057261414e-02
-7.529055175327113714e-03
-3.345186455166970774e-02
1.173809409942797727e-01
1.185952391229288111e-01
-8.125824739735421076e-02
-8.523586648506432939e-02
-7.943488301438648980e-02
-2.989222622512118302e-02
3.003826608902416401e-02
1.069591962133291168e-03
-1.360139938490011191e-01
-1.560292573334252485e-03
2.486578751208405949e-03
-8.008866147361244636e-02
3.233425948359570923e-02
-4.025132057130616052e-03
-2.198926898728081544e-02
-2.977326041817920932e-02
-5.436343936518973213e-02
-6.471446484218190687e-02
-3.015413104954080270e-02
7.458569268411380758e-03
-2.396160736840343905e-02
3.369729821335688824e-02
-3.672019002640992957e-02
-9.373118541744816790e-02
-6.534096918983876845e-02
-6.118760212892484368e-02
-4.902644921553334090e-02
2.747279913736040344e-02
-1.126688214129808741e-01
-4.157614887092286882e-02
1.317873067742235914e-02
2.482464294768764457e-02
5.035134420001941002e-02
-1.712800869565359388e-04
8.107796485303377099e-02
-4.468182994928894536e-02
6.613438576550894829e-03
-1.572802654826581381e-02
-1.021155740696481629e-01
-6.664575868621215593e-02
4.606964210801814397e-02
-2.152374191426404196e-02
-1.160910222237741297e-02
-1.882180437745075709e-04
1.878025970383817578e-02
-2.664290593814915703e-02
-1.510025518809107042e-02
-6.103902823998610255e-02
6.720924583232185112e-02
5.315580972347690863e-02
-3.193098273612845345e-02
1.312776009752544271e-01
2.355776379954660146e-03
9.819046931656069677e-02
-1.579357777484875214e-01
-3.974771643788364145e-02
2.098496151225301073e-02
-7.271088092443325768e-02
8.680192729959838871e-02
-5.496680406317795697e-02
8.986119570888847358e-03
6.909239320067267487e-02
8.110530564947222854e-02
-9.405213969368791949e-02
-3.134755681407949690e-02
4.179350820260860355e-02
1.070457531737611101e-01
3.073805710810996634e-03
-3.712680101734529281e-02
-6.336796396002252266e-03
-1.217259937121750318e-01
-3.922847470259569619e-02
1.974715696715384147e-02
2.976949272306024866e-02
2.883093652922347205e-02
-5.436500645961974548e-02
-5.004112618774694821e-02
1.410441669147225255e-02
-2.517997327408355926e-02
-5.272459201574693916e-02
9.076390878544310370e-02
5.011154540979332467e-02
2.199300333996509222e-03
-8.581018992244535126e-02
2.729855157371725502e-02
3.652023544562769258e-02
2.457274085367234032e-02
-2.489412858156295032e-03
-1.685986883594861943e-02
1.016680852537938350e-02
-8.001117365541370041e-03
-3.575025860153828450e-02
2.136106417545521885e-02
5.369058903332622062e-02
4.021947854618576623e-02
-1.310774463398641128e-02
6.372906252761825589e-03
-3.989052208562255536e-02
-9.154175444411724594e-02
3.011155276045310650e-02
-2.407633868614092107e-02
-1.498465696705188199e-02
7.492591888759921048e-02
2.682989031184046524e-02
2.954769884756192760e-02
-5.671334747664052989e-02
-1.392916885478867259e-02
4.741360896514176283e-03
1.647546390651083090e-02
-7.302296611304782969e-02
-2.203504815009789050e-02
-5.577362429758991880e-02
-3.136276096429405774e-02
5.017322891395326057e-02
1.698106858601422173e-02
5.201499832086491082e-02
2.923811434154841363e-02
6.519519606541322732e-02
-2.542337304725519886e-02
-7.777466316431315418e-02
-3.419883511582919033e-02
2.651070318463880776e-02
1.286421149107604828e-02
1.311324613570878346e-03
-1.384377887957051207e-03
2.857046542949513712e-02
3.178624322717803208e-02
-3.841872033393180230e-02
5.372466500157024524e-03
-3.707748755645202260e-02
1.511434236674381038e-01
-7.385002520531119830e-02
-2.235283489504294799e-02
-6.458429597718709882e-05
-1.015257130577057638e-02
-4.848586832204954122e-02
1.184516665991922242e-02
-5.198425659608898325e-02
7.551941422492183809e-02
3.512608822430909883e-02
-4.080427150805664149e-02
-2.816928925541278481e-02
-3.208082363758507638e-02
3.842922320085633697e-02
-3.505310163479229135e-02
6.543409460990293192e-02
-1.158096120750660984e-02
-1.884281011129981722e-03
-7.181493636211884121e-03
-8.006558850881316525e-02
-2.123713034574576525e-02
-1.512909639409017529e-02
5.776056666510284709e-02
7.230497012462618056e-02
-8.850149122259537426e-03
2.766861925624219259e-02
-6.829130786502584510e-03
-1.253438812721113446e-02
-8.898895761763229301e-03
-5.941325112493827526e-02
-1.065406819732126198e-01
1.324911655703404911e-02
6.774905984980798823e-02
-1.201071184811061850e-02
6.385943144722114329e-03
8.896771848674045469e-02
2.622225778221307091e-02
-2.508691453888875836e-02
1.059942661536596303e-01
5.419759409508621145e-02
-7.025721115625502278e-02
2.943736873120234715e-03
-6.332305170050714360e-02
-2.166191296358229660e-03
-2.095495332104006792e-02
6.910553011993701223e-04
-2.802038194212723085e-02
5.376934386404284318e-03
4.386667410620671836e-02
-3.844246014742470907e-02
2.379856286281312183e-02
4.757898744115975076e-02
-6.641022772762524007e-02
7.771174599006999695e-02
-7.761585314792731477e-03
-1.820953724940269775e-02
5.058647504939014529e-03
-1.894257067586550825e-02
1.933171023102800076e-02
