1.427657970097597206e-01
1.293440714339415543e-01
-1.996340104337530341e-01
-5.843396541862853205e-02
-3.089492015036991029e-02
-3.936145020742311262e-02
-1.476938032930686928e-01
1.075794807678556314e-01
1.894769035231768511e-02
1.774868941752352491e-01
-7.806885772706387283e-02
-9.783850220620338156e-02
-7.338671445496121326e-02
-3.581494364685742365e-02
-4.055139716092489438e-02
-3.441348695706048649e-02
-4.937964298151639037e-02
-5.553085783008324117e-03
-1.680569713838312440e-01
1.430025173420423068e-01
4.468603724628548296e-02
6.181167356384125594e-02
-6.500216147795917498e-02
6.631072445615422695e-02
3.178431859149100785e-02
-6.056789397100499628e-02
-5.358663986537408330e-02
-7.120785714085883789e-02
-1.130973262996392975e-01
7.793553836425073239e-03
4.322999739873496783e-02
4.466911646738187108e-02
-3.567476727485148491e-02
-1.325369814756847953e-01
6.701993024774130503e-02
-8.287585997252784609e-02
6.226351976662016646e-02
-1.638211136553113529e-03
4.404639086636064071e-02
1.737071469586937839e-02
-1.365194368943336567e-01
-1.503018889139558396e-02
4.081053070236004970e-02
-9.281402019156495542e-02
-5.231208901735423522e-02
1.156030343852648863e-02
-1.296506923226223122e-02
1.377932372239343839e-01
-1.503920875821436465e-01
2.310293557973025144e-02
9.774472151828798860e-02
-6.247755397396141663e-02
-7.484480117092749685e-02
-4.307208150045911677e-02
9.899798493478394190e-02
6.018608478251865485e-02
-4.479110982496113669e-02
-1.111790694493366901e-04
-2.549548595643793408e-02
-1.308685108010520237e-01
-2.594170327107350391e-02
4.279967742879513259e-02
-4.459027791890153580e-02
-6.398305980822612329e-03
3.496020551090985029e-02
1.408276173068770398e-02
-8.101082170103499069e-02
-1.484332686227354259e-01
3.462213107757356606e-02
-3.630721550084757554e-02
3.565201292096296243e-02
-6.648829029122137191e-02
1.008348787655601216e-02
-2.888738572266659477e-02
-1.823792849481100098e-01
-1.667989660555054682e-02
2.594173738554710062e-02
6.948002728216903789e-02
-3.017339903381468721e-02
-3.023173478366383490e-02
-9.499915456880900222e-02
-4.959125506123233246e-02
-9.860355339106707806e-02
7.690927265506251886e-02
-4.498402717314647220e-03
-6.554151130551180704e-02
5.590270559227954184e-02
-3.910893487386558204e-02
-7.124415494076496991e-02
7.333400759325540974e-02
4.341847986535282006e-02
3.687211706912360554e-02
4.955908511263130978e-02
-2.196358039057132346e-03
-5.030537333701722014e-02
-2.038640004728144162e-02
-6.385588105066027087e-02
-3.233131006112913847e-02
5.892565732656755706e-02
6.903814250568016120e-02
1.076279915493091321e-01
9.183363844936333342e-02
-4.644573002331392475e-02
1.922009442398167926e-03
-4.721299864896136983e-02
-3.466596817614441689e-02
9.517904018808065122e-03
-9.805761947011042146e-02
-6.545441705442124787e-03
2.824869454800243637e-02
3.149035417251434821e-02
-4.261784728452849141e-02
-1.278136279194781733e-02
-1.736348242746702658e-02
-9.794398415856218898e-02
4.396014947710997350e-02
2.902421887626011401e-02
4.400217850858023638e-02
2.534360831998857741e-02
-2.429179087007696594e-02
1.808667515322845420e-02
-1.730528313551226577e-02
1.290120693769053473e-02
-6.192687814117491668e-02
-6.592280877689420549e-04
-1.011761940738880039e-01
7.934235102640224691e-02
-1.564182728849811783e-03
-1.657980474001990653e-02
7.709427544537358380e-03
1.670384496601493365e-02
-3.892628598223264041e-02
6.203648794483884038e-03
-8.215901253885528333e-02
9.935499290096600367e-04
8.316808455335111816e-02
-1.735413506170172676e-02
-1.687967096292867369e-02
6.595637741891266503e-02
-1.320397289085496056e-02
-8.912368701031855855e-02
1.072868809278228197e-01
-4.333080566821111840e-02
-6.585884413890172318e-02
8.065377962037934001e-03
-9.323301415627091582e-02
-7.628412492641596654e-02
-4.424633579610674772e-02
3.538728460585806312e-02
8.382062620429524616e-03
-7.780453878564212375e-03
2.828216084660010662e-02
-4.681188066841969865e-04
-2.527991659778486278e-02
-2.640903744486498925e-03
2.377956204903314968e-02
9.555736970026020016e-02
4.526816662372748490e-02
9.772943823411699149e-03
-2.941213455552013634e-02
8.052803367070451857e-02
-3.224080436267896810e-02
4.621214822260216737e-02
1.279954580637448006e-02
1.401869474927443238e-02
-1.026750475858014960e-01
-3.820766459593308295e-02
2.230673788047340261e-02
4.394217114952488068e-02
-3.456137320009910335e-02
-2.733541597536414541e-02
1.444263531265181991e-02
1.927437055147290107e-02
2.028016757650352025e-02
-7.320276921333163100e-02
-7.679130480536758285e-02
-5.428363267541379093e-03
-6.105873301710412759e-02
-5.604080098139611887e-02
7.660326582690647756e-02
4.100201524265434383e-02
-7.146579667571811845e-02
-1.312329216080044061e-02
-7.345443168504925402e-02
2.771916968884545474e-02
1.020696862518406245e-01
8.162989705338145885e-02
5.181227786469936453e-02
4.481867431962670290e-02
-4.516995105424462947e-02
4.597921459688874418e-02
9.610797730409950321e-03
-5.353867491549811619e-02
2.547010478808251627e-02
-4.725502768043163271e-03
1.244745714728496960e-01
-4.417571883576304481e-02
3.532127309944982363e-02
-6.133673186243786268e-02
4.210954162794821459e-02
9.360840982372119895e-03
6.930696455761657659e-03
1.812075551235084805e-02
-7.677939885408257073e-03
5.195218132091652258e-02
1.898784308774016660e-02
3.078125072434806722e-02
-2.353543887598023160e-02
-5.248211555375665444e-02
-3.507203275535750869e-02
-5.813979631281029209e-02
7.023463943811238119e-02
-1.961428716638336303e-02
4.763165146893138038e-03
1.472007468061858060e-01
-2.940630098053522226e-02
1.977865070016884830e-02
-1.079927093865238885e-01
-2.306295341667575355e-02
5.968272572460980169e-02
4.063238492124177613e-03
8.573717733091805807e-03
-4.912555838217344539e-02
-1.815276853437332583e-01
-8.403776482873373532e-02
-3.405374983299075484e-03
4.973122674639668395e-02
-1.836518571566612967e-02
3.761543733430666725e-02
3.944994315193111473e-02
4.715978007015162593e-02
8.583900903460209286e-02
-2.042679158401909320e-02
-4.289605081670379988e-02
8.645631043432156285e-03
-1.171944745785178862e-02
2.740040404756450762e-02
4.616370567009586007e-02
-4.742215448657838978e-02
5.967279841279336805e-02
2.689223484887862115e-02
-1.312230284106615658e-02
1.924823886469836931e-02
4.126875631170140446e-02
2.031114351852868205e-02
-3.830038773516698802e-02
-9.302041275682068622e-02
3.550201158056138367e-02
-1.830166456583039170e-02
1.122335478281887879e-02
