1.871648895362424958e-01
1.472597312213051179e-01
-1.772213880101636829e-01
6.454637001567639643e-02
-8.974943630363250990e-02
-8.113764711100857063e-02
8.390347229600367274e-02
-4.092447828446347906e-03
-5.950777915146408803e-02
5.501836920929434327e-02
-1.066420163058657139e-01
-1.214538905867653673e-01
9.678702819667050344e-03
5.239195434121866890e-02
-1.319472808725693502e-01
8.271959691854702604e-03
1.189347973939970937e-01
-1.533894370199948183e-02
-1.424600861348108462e-02
1.459813089533845143e-01
2.147306505956646239e-02
1.165903041629412495e-02
-8.824258470356420581e-02
2.544973086707030471e-02
-3.697022733690921020e-02
7.550218054756777097e-02
9.849493940515861856e-02
-4.640004094474526469e-02
-6.728078069018578189e-02
-2.003397374965847355e-01
-6.888002196111389641e-02
-7.493533739001606575e-02
-7.603491267012855992e-02
1.452816619639511579e-02
-5.599612899488391055e-02
-7.468563922083351625e-03
-2.315397731644615320e-02
2.344499972367106860e-02
-8.655651534356829935e-02
1.371889200320240698e-01
8.976342452450331022e-02
-1.956099998078880409e-01
1.082620545220402686e-01
1.021461347048834706e-01
5.460880084350908104e-02
-2.138886608189124322e-02
1.607937562457415316e-03
-1.057860383082427497e-01
9.183462499695599357e-02
-4.315150416676106354e-02
-3.463085750241326477e-02
-2.087602082755639354e-02
1.518062737764290238e-01
2.661402273530785387e-02
-7.723880974203639616e-02
7.774959889643601185e-02
1.341484201196168902e-01
-4.635531234451507887e-02
4.447627294961499500e-02
6.350638792712909320e-02
-7.358923235701465837e-02
-1.499891196189235588e-02
-4.928279417359757164e-02
-1.764130373766140125e-02
6.133784292003827132e-03
5.110365605229772595e-02
-1.078898667272085027e-01
-4.458659450843444755e-02
8.918933445734385235e-02
-9.143307879157372420e-02
2.895059492562964201e-02
2.438709797267921836e-02
-4.715698907991435623e-02
-4.251367500160967844e-02
8.201563548990534191e-02
6.980401978938081953e-02
9.490664053951780588e-02
-6.684094383682952223e-02
-7.204146099757977040e-02
4.549495249457113921e-02
6.818391416009363104e-02
-7.201877648517968251e-03
8.082653559621984229e-02
-9.461922473381860488e-02
1.928689152352282840e-03
-5.742565775476528994e-02
5.774708347578646345e-02
1.179089046459895094e-03
5.985617011753737587e-02
-1.268814551108543853e-01
7.822698485352733155e-02
-1.870825107126082576e-02
-3.477370588807682933e-02
-1.429454605457488453e-02
3.719956674607741848e-02
9.501126569031999314e-02
-4.477707025817129899e-02
-2.903314228204541617e-02
3.613770910248157581e-02
-7.311420585886539703e-02
-3.109861263992453467e-02
1.799984037718554281e-02
-8.760910368417747229e-02
-5.330122240437587533e-02
2.604367409589937801e-02
6.089048950462374460e-02
2.551094197333859948e-02
4.480946225879015032e-02
5.180583103345471480e-02
-1.959823898420576943e-02
-1.434733052176439226e-02
9.373321419451885114e-03
-2.317811121076779335e-02
-6.295272403309661036e-02
1.889218774907254483e-03
-5.888737627592763139e-03
-5.124175181352085690e-02
-6.571278539696180643e-02
2.242594940659545233e-02
-9.993488349094137302e-03
-2.632775295252337208e-02
-1.762407968738436553e-02
-4.160059809758887006e-02
1.042776699131402751e-01
5.640734898192861085e-02
-8.675740641920652585e-02
6.567715756693670581e-02
-3.845581009994266525e-03
-5.765098608373200179e-02
5.701642645454318287e-02
-8.752460134749542875e-02
-1.047306860300157294e-01
7.365179172553555642e-02
2.924576323928131799e-02
-8.803828926573814551e-02
-6.277128164045221725e-02
-8.766296676116906716e-02
3.250751298734105149e-02
5.479701825397281789e-02
-6.280171866080478359e-03
3.863849963517072047e-03
6.689723378587580926e-02
2.128960027354315568e-02
2.782250389887454961e-02
-7.807844005984651559e-02
7.607569760326987791e-03
6.975571829418122146e-04
-1.329406805002891247e-02
1.999847063389173854e-02
-6.323191543905490319e-02
6.498806072962999558e-02
-1.142043181610614688e-01
-3.012921208030112236e-02
1.009305751644905963e-01
3.097339278321379133e-02
2.027702161528004837e-02
2.912583531191205010e-03
4.132241788832002188e-02
6.385268908671083189e-03
3.140106156974028367e-02
5.596016409929565477e-02
-3.254485985173822399e-02
7.822078284716534741e-03
-2.067064677992825131e-02
-5.524197850388897629e-02
8.121611597411021455e-02
9.235242511506917829e-02
4.397101167045105313e-02
-1.022532204342966634e-02
-3.570238892767155225e-02
-5.651760312763543653e-02
-4.514180890405742469e-02
-2.707546549126211427e-03
-8.441604789788798718e-03
-2.091936745897766264e-02
1.995879801710882112e-02
-2.483576594379003841e-02
2.481702509847882182e-02
7.899738190466616336e-03
-5.750773321939265520e-02
7.779372077865254198e-02
-8.294206019022695026e-03
-5.368773548564157588e-02
-2.471711886556074780e-02
7.936481707505750605e-02
1.043309936852308273e-01
-4.487589788128729107e-03
4.636117728531390786e-02
5.700678637943705496e-02
5.381730348811697429e-02
-7.653410676915577658e-04
7.473464855371572679e-02
-3.235906931332917930e-02
3.128999846668189394e-02
-2.586169239835393874e-03
-6.729928558960279750e-02
-8.477455083085581877e-02
6.214342961597010828e-02
-4.971191234204561799e-02
7.477216395089447687e-02
-1.528575475613419207e-02
-4.947418000035493785e-02
-4.430241453214150971e-02
-2.107303564921838776e-02
7.799565675753653005e-02
3.316977940582091500e-02
4.227597636647531520e-02
5.894029556934239460e-03
3.637119441807654813e-02
-4.175318767802750630e-02
-8.580603886721172024e-02
3.574917362783696251e-03
-2.232793074083103124e-02
-9.571077785352809578e-03
3.311328721743674042e-02
3.113703811412379605e-02
-7.863554202262314219e-02
-7.124251449324201825e-03
-2.653794703770458521e-02
-2.723388630594326953e-03
-1.236369968261843283e-02
-9.556051402547519058e-02
-2.814028931181368487e-02
3.631672462307127675e-02
9.543472115730710498e-03
-1.205750932505170528e-02
7.343266540293083566e-02
-2.242867963765698275e-03
-1.287691570907274589e-02
-2.072555476016561468e-02
4.093927546268583129e-02
-1.274896562130047734e-02
-8.427303097944285892e-02
-2.748833709956625612e-02
5.134799487902617227e-02
-3.038410105915620787e-02
3.672888839369280872e-02
-1.328988843704583672e-02
2.591049949189826174e-02
2.819560177072683027e-02
-3.787174289211393124e-02
4.397960684231141254e-02
8.444587820022689262e-02
-1.010520535934503472e-01
5.591836796946487997e-02
-3.309383853444290008e-02
4.487252722565577417e-02
5.233920358058547634e-03
-3.717462389440421254e-03
4.914294567144605885e-02
