-2.119440233727215850e-01
1.288800400254673517e-01
-1.411440824088679991e-01
-9.642063606050395308e-02
3.089290371259384091e-02
1.347484096718166713e-01
1.783906505100437689e-01
7.972033331980744875e-02
-5.872077106550414871e-02
9.055594884810555523e-02
1.531942576088271037e-02
-1.442026834470838681e-02
1.786659750135013687e-03
-2.540761445249929695e-02
4.179205016449202316e-03
2.696378243873467570e-02
-9.936937186055269655e-02
-1.189652117438320528e-01
5.125629868803407985e-02
8.105702109221005203e-02
-1.947387981593161621e-01
3.939281931420866162e-02
-3.330278859508474694e-03
1.293531791604832920e-02
-1.899553164570547126e-02
4.723647513326699465e-02
2.448071365044222208e-02
-4.063576590389918197e-02
-1.524216257630639504e-01
-2.764599801787735386e-02
2.123237788428847944e-02
2.770792011111051362e-02
4.366247634906427616e-02
-1.213544678458405440e-01
1.003341695556970448e-01
4.958686904396807787e-02
-3.084882176054044162e-02
2.253410041005018960e-02
-1.070792444966557760e-01
1.585355029234041258e-01
8.351259675712127510e-04
-1.389567881455859022e-01
-9.670589956045046176e-02
-6.089176251440154425e-02
7.085596401240809583e-02
-3.742457624332815036e-02
-5.725348201909419288e-02
3.397374236165904421e-02
-9.379030566596013863e-02
4.063476485389309889e-02
5.789830123015263924e-02
9.803586599709798732e-02
-3.322663729105090197e-02
-4.065592991116448451e-02
-3.731113582656787192e-02
4.289241863188817533e-02
1.023798509949049307e-01
-5.162843902779387130e-03
7.769735426466597983e-02
4.701409902477377695e-02
-1.342261475829310130e-02
-9.636293267801070150e-02
2.941042015716304608e-02
-9.818416440514136923e-02
-4.902449345126740077e-02
8.778815283665555164e-03
-2.019064234581979464e-02
1.352979861251539344e-02
-8.719860588664703205e-03
-5.500769783402833374e-02
5.282984204223211550e-02
-2.699084654068473199e-02
9.227964970321540089e-03
-2.861465690590228941e-02
-1.224902663330947050e-02
-5.066836056839246760e-02
-4.656019435058892514e-02
6.096609047735289909e-03
-4.854931646445336674e-02
7.596939894703030882e-02
1.537883807874348419e-01
-7.018872843157065999e-02
-3.247645756685265533e-02
-6.464098080145398717e-02
7.566776112912720897e-02
-3.003085665021629561e-02
5.983847914907702153e-03
3.090155564478923658e-02
-5.788993531224470579e-02
4.836190560260104909e-02
5.896313242233300334e-02
2.076138385642841908e-02
4.941089875361379807e-02
1.163855416299530016e-01
-2.899448387963731930e-02
7.931612362806721162e-02
-4.490674575483424857e-02
-1.074437697060121738e-02
7.786774727641496315e-03
1.762863361419084174e-02
3.304963019890461845e-02
2.185549576128657800e-02
-1.949859502554598251e-02
4.231956776590960201e-02
9.287724080505849189e-02
-2.799833186823115147e-02
-5.269348473068981298e-02
-2.882827382684231138e-02
-6.624037269688040630e-02
6.682105320397795090e-02
6.267284498593125863e-02
-1.735606199824996435e-02
2.967777201235793916e-02
4.135376902075917765e-02
4.224720615118447709e-02
-1.078789046925830580e-01
1.817581469787068332e-02
-4.057441583924092932e-02
5.849313944447902258e-02
1.465128565986121567e-01
2.297971066989897004e-02
1.819179574618200873e-02
-3.442646722690816813e-02
7.476588657722209319e-02
-8.063007326461746338e-02
1.259170750146179074e-01
7.771866232908108962e-02
1.208879785430078402e-01
6.653014092185428191e-03
-4.145026309098798212e-02
-1.156193093538715466e-01
-7.467307494094421738e-02
1.043065862423191020e-01
6.586147526957959741e-02
-7.061013473234388840e-03
4.706772670367085493e-02
7.061217258414197173e-02
2.547693716542024853e-02
1.140717932998315705e-02
2.660290391154327728e-03
4.665036035470786907e-03
-2.884700776267035485e-02
-2.423692222217610839e-02
-3.246086978818657487e-02
-4.210119585744070275e-02
-7.117919590901373994e-02
-6.172778227662104045e-02
6.944784417171456781e-02
1.266507016619299302e-03
8.489440328336929700e-03
2.139297490669225810e-02
2.186386167919452533e-02
-6.007615702194887136e-02
2.710239211279065127e-02
8.198646027106826217e-02
-8.601128907586573155e-03
-1.611887144609440090e-02
2.961091617266625037e-02
-1.433183987738570198e-01
-9.365605770978778499e-02
7.298576940391253431e-02
8.199264533003439159e-02
5.400793489224309935e-02
2.319529393906521672e-02
6.220324527772252976e-02
-3.355083448587669465e-02
-2.204751860352404530e-02
-3.563419830745627459e-02
4.585717123203417178e-02
-1.764154000891207316e-02
2.882591420897083825e-02
-1.389532487187786734e-02
1.997588136772996542e-02
-1.041342268823438992e-02
2.925797454195162156e-02
-3.021851777457013055e-02
-1.299648922177692838e-02
4.135702243327893379e-02
5.336461725619376373e-02
5.283674213691687271e-02
3.451716950781608811e-02
5.853139385542559942e-03
-2.242545073260471256e-02
5.625822380233630460e-02
-3.467594318913736623e-02
5.643608893734494703e-02
6.979881945420297884e-02
4.878138130693398383e-02
4.316109330316253434e-02
-2.516543185460009754e-02
-1.084841466766154824e-02
1.307203632062853838e-01
-2.426134069196724322e-02
-3.625370525407529965e-02
-1.044977510416942174e-01
6.575564998322269705e-02
-7.721270305458013961e-02
-5.489647402799580078e-02
7.231910585164999516e-02
5.224451380296347980e-02
-5.062710300742764846e-02
5.873696662453106732e-02
-7.922620788644978151e-02
-4.068424532562214119e-02
9.080985803179025817e-02
4.055353679625699898e-02
-2.143691385160192975e-02
3.567388278984010702e-02
3.005813526288194162e-02
-2.432086741554300140e-03
2.469411606066665085e-03
-3.656839247384334468e-02
-5.898794416176938310e-02
-1.765823609294202984e-02
5.184287823981031246e-02
4.607708046729812323e-02
2.590685239124515191e-02
-5.533386137708035807e-02
5.829296519504919422e-02
5.126341329343442679e-03
4.476116448252164676e-02
6.604999443679577739e-03
-7.356562761993365451e-02
3.055369076767686098e-02
-4.082746698006327161e-03
5.094815404509148160e-02
-5.587020966962298607e-02
-7.183202352012081626e-02
-7.026831190705391805e-02
-6.230356478904598705e-02
-1.838946737059663633e-02
3.237592354481360485e-02
-1.007076684633222280e-01
4.105302499750437123e-02
6.893022981499997981e-02
4.507048893439999544e-03
1.025304375172479271e-01
-2.384579768408675790e-02
7.503978100924243479e-03
6.035401990220758822e-03
3.344350762451068354e-02
4.793495777500845351e-02
5.425169056872328199e-02
-3.187100107210465855e-02
1.405613640499723573e-02
-3.230313290865730741e-02
-5.405687908718316559e-02
3.277398392937364013e-02
9.593941702186752074e-02
1.793016417673614152e-02
