-2.055696336502514932e-01
1.760271881438569275e-01
-2.442098388466235337e-01
-5.000246228201415261e-02
1.117871664980258500e-01
1.521490627476884405e-01
6.845419293027296681e-02
9.432423057220505613e-02
-9.404681321520841353e-02
-7.220249078099158502e-02
-1.064450051155300808e-01
-1.885103086911889617e-02
-6.476641934252819199e-02
-1.349506814693293179e-02
9.937871919415607047e-02
4.525306322459978631e-02
-5.083245468781549814e-02
-7.803117546062619814e-02
1.362984153159515766e-01
-9.088227379289676167e-02
3.486023726893364150e-02
6.091306444258103719e-02
6.300398478768376963e-03
-1.168827462623290084e-02
-2.232948993224252721e-02
1.330501987535032404e-01
-9.682230782020809223e-02
-9.423394825690175822e-03
-1.976502719740729219e-01
-3.792594241230524965e-02
4.391676676023965886e-02
8.535610613589181273e-02
9.785080312180527429e-02
-1.096575189679990375e-01
4.887116959637698155e-02
7.011574212546774210e-02
-1.643405821934555699e-02
8.560390449687828307e-02
-1.528350623348581905e-01
1.569743170272790700e-01
4.255078177170972670e-02
-9.569664691550244795e-02
6.183653745902949195e-02
-1.131681000408801679e-01
-3.638763188008705546e-02
-1.648119831158709192e-02
-3.943995285272637596e-02
2.190592438366520400e-02
-8.291139175041881137e-02
4.513222328313107323e-02
-9.968947530370406152e-03
4.790611874045885149e-02
-2.696190786104866316e-02
5.098708531487326778e-03
-6.501849368533303697e-02
-3.082315420711590273e-02
6.254715001471473912e-02
1.321758126177664631e-02
-2.823145729214643351e-02
-3.244858352337338936e-02
-3.106111433351213882e-02
6.172849069893606745e-03
1.427416941627971669e-01
-4.594292162463001900e-02
-1.647209012267316849e-02
1.569725092951282097e-01
9.403857412829008666e-03
4.011990349000672806e-02
-4.095956030999919201e-02
-7.993436977467857640e-02
1.715742919232626437e-02
2.316879911143673865e-02
3.929310937954921118e-02
-1.262596615132943051e-02
-3.360375913184974334e-02
3.516598735098695055e-02
2.621726127121558336e-02
2.151827012954621657e-02
-1.472370025607769133e-02
5.291586599167621280e-02
1.298590300460462921e-01
-4.178625012821723939e-02
-4.230461732247499385e-02
-2.297669280632854208e-02
1.669315490627487283e-02
8.495472007024228861e-03
2.852462277730340948e-03
9.455502929815751134e-02
-4.825786170011950316e-02
-3.759568365397592676e-02
9.252598901514174842e-03
-3.033009526297012273e-02
-9.839625153424605766e-03
-4.039586075565075829e-05
-1.589813516477661670e-02
5.189411492156490585e-02
-6.898027775025168673e-02
-2.471760839576183158e-02
-3.006216849976547228e-02
-6.234864711891890260e-02
3.530587800819928734e-02
1.600792012886124993e-02
-2.810644566109882572e-02
7.196376584483921146e-02
6.053187630730934299e-02
-2.613737341577971121e-02
-1.731932551206728441e-02
3.087088528871444540e-02
-8.965412838086954384e-02
9.759201931159437737e-02
5.187836679340456641e-02
-4.248045403822549304e-02
1.157191925106150227e-03
8.725053990182850619e-03
3.166256767854958715e-02
4.171060349051990829e-02
4.096164615478863763e-02
-3.495152774255182865e-02
5.365804433184177130e-02
3.941697379596262318e-02
3.090394592862720155e-02
4.414235087421850695e-02
-7.074733592771271888e-03
1.104254922553941087e-01
-2.012350048292189594e-02
9.820710017592290675e-02
-3.909252063896392210e-02
5.559850573946562707e-02
-1.157622999695969747e-02
2.992356411350662743e-02
-6.738891723222184549e-02
-8.687022086855240854e-02
4.892143845580269185e-02
4.496900592835673116e-02
4.411909370481615321e-03
-1.889820572544025426e-02
3.712629904819038373e-02
3.821775209834908649e-02
1.028991037375476120e-01
5.396838327243187738e-02
1.322821907020283426e-02
3.055974677428838909e-02
-3.160096572910121165e-02
-6.739816447745506506e-03
3.128419543374364505e-03
-4.865545848106819088e-02
4.572084868271341501e-02
8.688217971201191159e-02
-4.137530394061608024e-02
9.175193201377744578e-02
3.155570289717018074e-03
3.884051582431873473e-03
5.538821782060940509e-03
1.796072278482267054e-02
7.974657421546856029e-02
-1.140359157655301652e-02
1.515181989911197451e-02
6.337860251186869243e-02
-9.418573047818568078e-02
-7.280116299964309312e-02
7.397959577752179217e-02
2.314456854779931710e-02
4.810041518259597360e-02
4.632619560469116576e-02
1.061401241354723579e-01
-8.467886709683773716e-02
2.013344300975159970e-02
-4.896471973518374404e-02
5.725285877013680524e-02
1.956706662125671028e-02
1.821373575778275841e-02
-4.683834002866039958e-02
2.284483265155557927e-02
-7.923422120702039440e-02
1.776812978259693226e-02
2.473912736117296965e-02
3.805018923359673733e-02
9.233572520626423530e-02
1.847081612808227497e-02
6.678120635281606376e-02
1.117856368785135820e-02
1.061377949421241362e-01
-2.027270791352710211e-02
5.560688388270324661e-02
1.361688148263671960e-02
-2.835984103893698493e-03
6.774670914177190195e-02
6.633396646587849665e-02
-2.101488625369267102e-04
5.981090405583650536e-03
-9.624748376031595429e-03
1.503487701099154861e-01
-1.489925885918959823e-02
-5.281956949056333672e-02
-1.210556873480994888e-01
1.638535374351193785e-02
-8.994868442921948037e-02
3.300421781120262826e-02
6.988098029441533465e-02
-3.709073539453029006e-02
-1.618121906678458496e-02
-6.296000822670622110e-02
7.882894156443057826e-03
-3.443757558643174149e-02
2.551812086187230447e-02
8.548209116117448658e-02
-2.467550909509479487e-02
5.707667441358806049e-02
8.043087036272694029e-03
5.286994264222851653e-02
-1.403130407822029274e-02
-2.747307889078281704e-02
-4.987543433433674206e-02
-7.780489606505087974e-02
6.694240739096060135e-03
2.143859085858929037e-02
6.442632234960862792e-02
-7.822856590586766551e-03
1.257548870742477946e-02
3.778563458613502790e-02
6.318799106219294415e-02
3.104213314592815798e-02
-3.168572055571246271e-02
5.431943095049603792e-02
-2.629586285569796358e-02
4.085300840533819672e-03
-6.483490457978174915e-02
-5.646708627387176521e-02
-9.274708856282329328e-03
-3.972567882480098483e-02
-2.350416818950021997e-02
-4.458955599707624395e-02
-6.967552458265466320e-02
2.782304888237243853e-02
5.216416229363882856e-02
-1.149213568786510223e-02
8.660712631244331383e-02
-7.930938114760017685e-03
-1.099445312110271418e-02
1.807874683582562370e-02
6.367691308083964219e-02
4.164420409805579676e-02
8.589060386318796148e-02
-4.763297736528058351e-02
-3.525898126451652154e-02
3.222546765906206256e-02
-2.485085911372775930e-02
-2.342021293672492260e-03
2.533700000598853100e-02
9.421621857619144613e-02
