-2.368280973390843036e-01
6.570302263158672718e-02
-1.919689342309429392e-01
-9.897296181067029297e-02
1.447996689772180212e-01
1.706124733184427311e-01
9.336230010751350727e-02
1.130234588249429684e-01
-4.830320815913618712e-03
5.281081172676619501e-02
-9.753270919097656311e-02
-3.036637760106704331e-02
-9.079396696928472565e-02
-3.031869208830559673e-02
-1.470769203085378965e-02
2.977981719709209621e-02
-8.700572116688064239e-02
-5.037488274091253548e-02
4.302563012008072535e-02
2.994003194086780964e-02
-6.579760723935793032e-02
1.093402355386506597e-01
-9.555905085806969124e-03
6.371438661513635637e-02
-1.374517032217980606e-01
4.248396702047488316e-02
2.501101569711734751e-02
-5.282843463365629461e-02
-1.139970082552713149e-01
2.797177129343844312e-02
1.003596307844649288e-01
2.486302617475423526e-02
-2.313859077660959662e-02
-1.142694305137083310e-01
6.176886058998306422e-02
5.727548403440631958e-02
7.272430330370319163e-02
7.381838912760843585e-02
-2.073736783598838229e-01
2.078249749105684774e-01
-3.524116676621247973e-02
-8.825451681029977680e-02
-6.880015021530282160e-02
-9.851090563529213417e-02
3.550940671206097299e-02
1.805743844416893978e-02
-5.324341298271748762e-02
8.957866557283521158e-02
-8.000978459412538824e-02
-2.950178277560893889e-02
5.398007193848052866e-03
4.335345908375031615e-02
-5.031611588710457189e-02
-4.502888635746021134e-02
2.722588980222379051e-02
5.930998250428468760e-02
2.582763903972248171e-02
5.894776563710947548e-02
-7.224498168404934299e-03
2.195678362712969595e-02
-8.191409517983794242e-02
-2.519385782438481394e-02
-2.426098763957561071e-03
-9.175990244592627243e-02
-9.251239699550739895e-03
5.126943293345766900e-02
-1.377328475680265202e-02
-2.651368128928596399e-02
-1.837293494764159763e-02
-9.212976901304972821e-02
3.209206411836209444e-02
-1.174893822517335262e-02
2.564640549421983232e-02
1.576402980267800971e-02
-5.695015730903756068e-02
8.110362019420055274e-03
-3.302243206487047444e-02
2.120571892800618766e-02
-8.808211259137289917e-02
2.814975192915001798e-02
8.700425557016158717e-02
-3.137034709988113096e-02
-4.743528893136413381e-05
3.527491123701217979e-02
3.031701201401789877e-02
-6.234433965291150126e-03
-3.717464630126036951e-02
-7.907073030608700176e-03
-1.300055424862014142e-01
-6.429890948220920444e-02
4.140896970017878681e-02
-1.960671716125578917e-02
2.043964079907772957e-02
1.169297745288846030e-01
-6.875936373099936390e-03
7.978801478814936954e-02
-7.396920260462533370e-02
-5.044966391984577470e-02
5.733921961855449612e-02
2.077393983606802552e-02
4.443943050630859426e-02
-3.604134682855503896e-02
-2.586281336097979999e-02
4.201926562175013063e-02
2.931272079885085050e-02
-2.484876341643952810e-02
-6.609126277709052909e-04
7.703212101614299520e-03
-1.777901081380993398e-02
5.774611931253016694e-02
8.469350999187207074e-02
-1.008957532135475038e-01
5.788753152278824921e-02
4.751643294483375718e-02
1.730447919318909428e-02
-3.338872400584989159e-02
7.226800227641694274e-02
-7.186074511982686042e-02
4.627353543455227391e-04
7.562382555417694607e-02
3.994569648811744506e-02
8.215892132444300999e-02
-2.598177691905333500e-02
2.005122549689286882e-01
-2.593773752495880450e-02
6.444403930365708022e-02
3.624888962247780483e-02
7.436108886879606861e-02
7.625571221765827315e-03
3.567652048429467704e-02
-5.020301471590726122e-02
-1.232847806340141017e-01
2.695836478160410291e-02
5.782794250496715860e-02
-2.494531406858995631e-02
1.798555271241236014e-02
3.343991265223249330e-03
9.134242185856425444e-02
1.407984469491522020e-02
-2.495339272367547417e-03
-5.297595945462067572e-03
-5.790576211612284002e-02
-5.713528719703721281e-02
-2.260275431761852444e-02
-6.081629421512022016e-02
-8.826477598733316332e-02
-3.061291956622123889e-02
4.978238845753849007e-02
-3.584459940558726992e-02
6.803335716114555440e-03
4.833448613789650961e-02
4.393161911628677002e-02
-2.214534515622762142e-02
2.660476276343601287e-02
5.346282353543845012e-02
-3.960982461562378293e-02
3.432413217522135851e-02
5.972521107717596034e-02
-1.097013085254597842e-01
-1.172388009590365487e-01
5.662204237527645317e-02
1.089948909068752941e-01
7.633178026200337918e-02
3.389324673981920083e-02
2.751232459514543413e-02
-7.180172804218881884e-03
1.096595211458360059e-02
-2.424844070181004368e-02
3.032630604199239646e-02
8.221211176146627636e-03
-1.977686936571192503e-02
-2.973073758013447532e-02
-2.351953868477956594e-02
-5.942090315353413393e-02
1.078511177795679447e-02
-1.842855613044280805e-02
2.965799393810333515e-02
9.713260128667455806e-02
9.330489161164028057e-04
1.040259818353573840e-01
3.286100194820578552e-02
1.931524214547105517e-02
-1.682798152818902951e-02
6.923142885958083470e-02
2.269208422495799619e-03
-1.100448658441631261e-03
6.940397606355346027e-02
1.242658010329834861e-02
3.620706649659257564e-02
4.614692217653050543e-02
2.541666427194260933e-02
1.628003423582196352e-01
-3.039558229666382283e-02
-3.485889624636921702e-02
-1.141576877004457508e-01
9.970597464776640231e-03
-1.035785101346468895e-01
-8.141103804258769186e-03
5.402550543677123174e-02
4.658270484974998821e-02
1.872850301018890579e-02
-1.047774754896181743e-01
-4.034319491533430724e-02
-7.226474936662585780e-02
1.592467350159100861e-02
2.463857539917018238e-02
-4.165586912794738694e-02
2.017050719669322492e-02
3.463844905206648478e-02
7.092405008504354402e-02
-2.243810703742420490e-02
-1.320684949801863121e-02
-1.190200371666099224e-02
-3.878347828990687252e-02
4.906138636428632877e-03
5.777854117165657361e-02
5.952731977384210366e-02
-6.007838414020676837e-02
-4.970410414498408445e-03
3.718819413434627102e-02
5.790515442967834880e-02
-9.448344585132911755e-03
-4.523135318225843249e-02
7.955809483456494080e-02
-1.913608188313194527e-02
7.432577156249298329e-03
-3.548567119446457280e-02
-3.616710217630225016e-02
-8.071362848188616892e-03
-3.578776284989709094e-02
-5.772431409305154443e-02
-5.722976456602408939e-03
-8.221704474554504538e-02
3.154368072160546044e-02
4.003956617065984602e-02
-2.882757253858221451e-03
9.759766014801369780e-03
-8.432861215508882791e-02
3.803352172488801836e-02
7.002799854951791310e-03
2.476908499968895686e-02
6.861255383526378149e-02
4.697241059197285185e-02
-6.476965199911736970e-02
1.141456769566017923e-02
-2.387078144969258936e-02
-2.948040651126760184e-02
2.476626104503516779e-02
2.764998344795227894e-02
-3.380666929461063897e-02
