-2.796392201339766848e-01
6.704795247880099285e-02
-2.768446809956403576e-01
-1.199715105137748317e-01
9.042951032188753513e-02
1.212411607815562370e-01
1.226707329249793060e-01
5.453961631820170020e-02
-3.842729964557350941e-02
5.223714173932348520e-02
-6.186202176969719108e-02
-3.538513723187524523e-02
3.853720347873300367e-02
-4.166806836805544284e-02
-2.537273356857511902e-02
6.129055043943648640e-02
-8.173420077366962133e-02
-2.111129645668611762e-02
-3.716000905670833326e-02
1.175659966222207357e-02
-6.453278502306336595e-02
2.435102835055334008e-02
2.846065945216413179e-02
1.199278207011134946e-02
-7.471050922134381267e-02
5.421398062776034386e-03
6.908514194315627799e-02
-4.203224548079540629e-02
-7.939654552731290060e-02
-7.578548597853529412e-02
-3.985858791911747051e-02
1.693005267523847376e-02
1.018774568313230294e-01
-8.230656592170162988e-02
1.849441253857413148e-02
9.815792355782000655e-02
-3.478660109949946455e-02
-1.775651233929668310e-02
-1.008016577617819598e-01
1.266185472572732840e-01
2.571216980540539515e-02
-4.421208826145075349e-02
-7.149172841603594619e-02
-3.077439613496077073e-02
2.200316212997724397e-01
-5.876780340899820376e-02
-5.266088286834311877e-02
7.271522193410723256e-02
-5.754466741803542645e-02
-5.069337543743866054e-02
1.645568570765219840e-02
1.201480573999627252e-02
1.461674502497206131e-02
1.454391675296624019e-02
-6.807262517182349759e-02
4.657827417106749114e-03
1.065609546948216232e-03
5.110510365561198032e-02
7.726865143552572035e-02
3.134504515287187681e-02
-3.703923639944978891e-02
-6.916018688323494201e-02
1.954732987316983375e-02
-3.924550043342487499e-02
1.128023054282807636e-02
7.229512758159452324e-02
-5.743619369331001701e-02
3.005455105466366128e-02
-5.924710425068207414e-02
-1.486801507684094338e-02
1.280973508835397678e-01
3.904621482313501424e-02
7.086834414961792894e-02
1.940993220536503527e-02
-2.928433040477587245e-03
-2.773030307487649171e-02
-1.791832910861350034e-02
2.533251176886645514e-02
5.948053369983573313e-02
3.047990105567164112e-02
9.829625079610695981e-02
-4.621359652037559940e-02
-3.920813885058438419e-02
-4.095247786034973692e-02
1.826573819996380257e-02
-1.004336551089808106e-02
2.945773105240878653e-02
5.774527587862682276e-02
-5.221486780046259712e-02
2.460061802501217407e-02
3.365127376638956530e-02
7.805928688331006948e-02
3.554627469968586750e-02
3.144672586253537822e-02
-4.769887138730630888e-02
1.148617330787860963e-01
-3.208319562112528500e-02
-5.948117724863107719e-02
-3.550322843581987797e-02
-6.156652561450420315e-03
1.830771188250422329e-02
4.279706747134451837e-03
-1.485131856087299265e-02
6.093777844145836092e-02
2.399882839594884645e-02
-1.413876703358971868e-03
-5.039523358164262057e-02
5.407433053917186372e-02
-8.772063467875297615e-02
2.226224772443840746e-02
2.121369222056666143e-02
-3.108029632901173483e-02
-2.414713064056354941e-02
1.238858245560003485e-01
-4.170374957348588554e-03
-2.855919392327264592e-02
2.523812461221678835e-02
-2.276056900829561899e-02
9.131371061397196287e-02
5.049180165365425854e-02
1.700474008820860791e-02
6.613597233038445711e-02
8.763883247632327927e-03
1.300588161063102044e-01
4.646636818610027850e-03
9.747729920132769399e-02
-1.934218081830021974e-02
8.694379977735755549e-02
5.494869883577195233e-03
8.356613392502275361e-02
-1.013217166938372715e-01
-1.118794922084760252e-01
2.754603360314452840e-02
4.545807023464804725e-02
7.455201745413624070e-02
1.395278143173685551e-02
-2.783584507731202626e-02
9.192590428189327534e-02
7.943440764810533183e-02
-3.317508341054982435e-02
-6.143946048013567557e-02
-6.158068368800165976e-02
-1.077752597662039041e-01
-6.154829173196960795e-03
-4.523418675929190974e-02
-3.726569406998728184e-02
-1.150458952923855138e-01
1.085228489501222915e-01
-1.058262722395208744e-01
4.588041700794445732e-02
-5.533683026478285194e-02
2.844160325727993974e-02
-3.506125342426565095e-03
7.214721861679919412e-02
7.659449831969765421e-02
-2.785143325924355900e-02
5.390332532316605141e-02
5.348966645860671332e-02
-1.062001025841909085e-01
-1.087781590583174612e-01
3.702711623047090506e-02
7.907659451789705862e-02
2.355746118047910564e-03
-4.525545962224894470e-02
9.771966682819439864e-03
-5.773000947109295511e-02
5.104496759595867489e-02
-5.496578863155927863e-02
3.102169763592506346e-02
7.474862161111218983e-02
2.340515463224896245e-02
-6.291079178983405296e-02
3.286979101258335340e-02
-3.892576394027413150e-02
3.055455271593092437e-02
9.033211993752629509e-02
-1.808672437672710631e-02
7.769407294195540548e-02
-9.432065660748086347e-03
-1.692107874481458760e-02
7.794341234743827444e-03
1.547334422427863211e-02
-1.015799585243223196e-01
7.683761675349225218e-02
-4.095430124860319904e-02
8.521515620765628476e-03
4.371448203181058784e-03
5.553364893802392038e-02
7.091131890806219584e-02
-8.795202622338807452e-03
5.033838677138770951e-03
1.161088948914415220e-01
-4.552528533105008879e-02
-9.885817615257014301e-02
-8.770286558145945488e-02
7.878646126933187832e-02
-5.512731937918927128e-02
9.454050002651070983e-02
4.013502787942627159e-02
3.561971076777617484e-02
-2.754363817151743443e-02
-8.397396509771316853e-02
-1.322457021710034264e-02
-2.853191460489246101e-02
3.652504091197421310e-02
-2.817889233793836878e-02
-3.880663590771477739e-02
5.173599599130895149e-02
-4.075716080096446897e-02
8.755703027389355464e-02
-5.453157195825995840e-02
-4.242202153450550482e-03
-2.512414497002014770e-03
-4.990663703513718158e-02
4.920481132110956363e-02
3.951160786029739302e-02
7.533553811246102017e-02
2.523855364474701483e-03
3.190217964608087209e-02
1.133389536181714924e-01
7.973537396805868704e-02
1.712304580841835996e-02
-1.555564696466027116e-02
-7.236706203582902791e-04
2.222946248858698529e-02
-4.340021570342022204e-03
-2.255906672993291881e-02
-1.479028868344837988e-02
-7.759696857928098310e-03
-7.110820908672497824e-03
-3.174855024754919680e-02
-2.203332311685211181e-02
-2.982240870310067654e-02
6.614762771412224795e-02
3.508409940650017433e-02
-7.884663308169603813e-02
2.744960854197629058e-02
-1.348738839457446805e-02
1.912029949475179888e-02
-4.190335695817341832e-02
5.619317919511345599e-02
4.635478397553072921e-02
6.558884859621405550e-02
-3.916319769304323073e-02
-1.722662141175702877e-02
-3.292102464723448141e-02
-1.069606700021486119e-02
3.832951598139289207e-02
4.901811066503965197e-02
7.888524600941636267e-02
