1.382734811541593278e-01
2.176083665463889871e-01
-6.272434216980755928e-02
-6.093293398244772896e-02
1.168405155685273283e-01
-2.110971074083180798e-01
5.127358695874131844e-02
6.741345233542518633e-02
-2.093789596523215335e-01
-1.873758086740763985e-03
-8.432786294183826359e-02
-1.423299371113870282e-01
-9.002318062130550136e-02
1.068021343241895432e-01
-1.068131642404356908e-02
-4.709535936443814789e-03
-3.456380853305531485e-03
2.243062831868598839e-02
7.151848758426783415e-02
9.133454915129843310e-02
1.763784374894488693e-01
9.186783198461893896e-02
-6.558868205571589949e-02
4.027689663314133750e-02
-4.887039289218565036e-02
3.452874429313702084e-03
1.295109275985769082e-01
9.787389372425531198e-02
-2.917307313955798051e-02
-8.906997798274984791e-04
4.252662507488955135e-02
-1.073387533667450044e-01
5.911786594388088872e-02
-2.983612770352756655e-02
-5.724935047165218352e-03
-5.965720842254650449e-03
-2.396923354912031123e-02
-7.642581306821193132e-02
-5.774539031616626739e-02
2.355654106246250490e-01
1.008828821105644744e-02
-9.248496260718097606e-02
3.155080307848366628e-02
8.694161266266060145e-03
-1.416724996343946275e-01
-3.807864113387512961e-02
-2.581732325052282437e-02
-1.854926206898041829e-01
1.103315032652473458e-02
2.228437979957044804e-02
1.244608940624604559e-01
-3.157722040875220876e-02
8.515966841578358204e-02
6.857547443772728235e-02
-3.305621643132542614e-02
5.407065797272873897e-02
1.585645780647043993e-02
-6.653248883969149763e-02
-2.334893693208022272e-02
-8.096741512551308695e-02
-1.543531245498572790e-01
3.555241584104303076e-02
3.212211188849226767e-02
5.135954541096821729e-02
4.478282167739939222e-03
-4.321773103079377953e-02
-4.115571542293827711e-02
1.537189043657040226e-02
6.101126681356617426e-02
-5.317995819290124299e-02
1.248178003646967758e-02
3.992489251590328539e-03
-8.228828163894018680e-03
-6.801247210785466013e-02
2.677750469411075557e-03
1.429932299760162118e-01
6.157542660378560739e-02
-6.377095866694166247e-03
-3.472217634286105942e-02
-1.806325808653227311e-02
-1.239306410518124964e-02
-3.546928295378042745e-02
2.411136287111923307e-02
-8.817308238577173385e-02
-3.692604892910446995e-02
-5.854165494887399873e-02
4.603274268015686288e-02
-1.001476224467243159e-01
-5.012654375504510366e-03
-1.827623079034670223e-02
2.667571626949356151e-02
-1.607000924045828144e-02
3.401333400928942957e-02
-5.088325047825278252e-02
6.686154800770145734e-02
-3.750443867299948879e-03
-2.535386251047652001e-02
-1.067456230249037574e-01
-4.155888609609593304e-02
-7.440968735881262064e-02
-7.231294794055259656e-02
3.603698321094306323e-02
-2.168464512516206019e-02
1.825689439396457892e-02
-4.126560606998318920e-02
2.029157351186436017e-02
-2.154129025691356794e-02
-2.319479044824522551e-02
-2.850140570889002356e-02
-5.290679755105229254e-02
3.810318610181794019e-02
-9.712106789750463154e-02
3.239925555565232457e-02
1.790523070624029656e-03
9.125893975629014365e-04
-3.574200103726147409e-02
9.451000756984107021e-02
1.111965346597365741e-02
-5.917652194910344617e-03
8.332689804250070775e-02
-2.567243644946236650e-02
1.059236219209550162e-01
-5.649264374844450293e-02
2.700310733288605047e-02
-3.518100724152009758e-03
5.470239302143149740e-02
4.084309900044339608e-02
7.749186809058231096e-02
-9.012445840165203559e-02
-7.549388727426692425e-02
7.453190155425599983e-02
-1.073794346936405020e-01
1.048159664120019707e-01
9.940136690958938093e-02
2.344326995034585331e-02
7.717366862406161050e-03
-5.389758360792813729e-02
1.324372937418941175e-03
8.465276886978022330e-02
-2.496335581523109748e-03
-8.439928505382718717e-04
1.269665914556122356e-02
1.290261900139199735e-03
4.831562895654625822e-02
-6.926416334408372344e-02
-4.907451442864206592e-02
-1.213495044784093082e-03
-2.518184347716860214e-02
5.993251377033220056e-02
8.397817374529385065e-03
4.514027266685775863e-02
-3.378446324718194227e-02
-1.880045819860093337e-02
2.159136743838911687e-02
-2.534691774839561290e-02
2.259539620335060395e-02
-4.374825638505275283e-03
2.973304564675804951e-02
-4.616516976101334158e-02
-9.579451621119755567e-02
-1.164408513193614970e-02
-2.312561517104718550e-02
3.182185305734724218e-02
-5.797616748355086461e-03
-6.528583596026622804e-02
-6.142424185672041431e-02
-5.798406544827032494e-02
-3.295657271264498117e-02
5.550965352743399139e-02
1.856586822066211631e-02
-5.966054463178144945e-02
-4.996885680426690207e-02
7.673349326275715095e-03
2.233857617816261201e-02
1.888719963870949883e-02
-1.123965486957753841e-02
1.566050657834450188e-02
-1.894605990164030876e-02
5.125796124405928439e-02
1.582997239029914415e-05
5.516490055883923986e-03
9.077226172340473187e-02
5.407440269738020278e-02
8.828205387312948460e-02
6.488011206575529377e-02
-3.330170015370488568e-02
4.422853434307928711e-02
1.397824009309929227e-01
5.022240870612270508e-02
8.006731949110553609e-03
1.077238131897701075e-02
8.355627944887884795e-02
-8.582330170992656659e-03
-8.649193931792198420e-02
5.552813885003169553e-02
-7.316599621615714477e-02
-5.894962567817581961e-02
-8.389480255737159775e-02
3.015824210945662262e-02
-2.151606442994322133e-02
-1.223350479207730920e-02
-3.643521765615106295e-02
-2.996773775355099714e-02
-4.118740941067024902e-02
-5.078340250186408333e-02
2.099840731130474952e-02
4.977552688339699494e-02
-1.192415649291462577e-02
-7.421676595335924276e-02
-1.138784383692156496e-02
-2.673651698065285937e-02
-1.090130197584166134e-02
4.176161187154589505e-02
3.362425711800184208e-02
3.160217389211154165e-02
-3.786631524613686198e-03
1.447543739796019330e-02
-3.849290980918169264e-02
1.419686392684230483e-02
-2.139385023449983519e-02
3.791785627452162050e-02
-1.884600766754334147e-02
-9.223968314250978462e-02
4.139759059247176409e-02
-2.715660700064488620e-02
1.416799550407461979e-02
-3.606288989694095282e-02
-9.108562709082990150e-02
1.111270870389275377e-02
-2.965021914605783793e-02
7.444836015157686726e-02
-5.166623835992349700e-02
-4.504495240300220027e-02
1.852607201050241598e-02
-3.608961361377188964e-03
-5.222171719754179625e-02
4.265329889696332227e-02
1.213610790818774737e-02
1.321023111003445487e-02
1.966079166580015844e-02
1.574367350855848322e-02
-1.837441066211793761e-02
1.630231834065484428e-02
-1.193422639793193796e-01
2.577875258661269792e-02
-4.076030654269455905e-02
-4.070148032271513061e-02
-7.011840312298646405e-02
-1.306718262834835435e-02
9.130694031773169128e-03
