1.128326639747642135e-01
2.578885406948510095e-01
-5.485978057757245202e-02
-6.509969269057648555e-02
-4.230995475018924784e-02
-1.882413325083881206e-01
-4.505329855850302712e-02
1.596448170609894857e-01
-1.128736291735433911e-01
3.076000774689584966e-02
-1.415867645632711003e-01
-1.476907368611177912e-02
8.832910484295702913e-02
-3.421981679852308111e-02
1.017846746843023703e-01
4.612514242001707065e-02
1.797675281915583900e-02
-1.281786878623117631e-01
6.448597157168378495e-03
1.499032990984905563e-02
9.388085112400448851e-02
-5.992644087892680382e-02
-3.139119978197304518e-03
3.784377046881515910e-02
8.071153309891674135e-03
-1.287899807130705315e-02
1.217571485500645173e-01
1.228249873459550390e-01
-9.415937663256315759e-02
-1.900214422662698313e-02
1.693735944997726006e-01
-1.078638597256129372e-01
7.254961932552507486e-02
2.112435596784706035e-02
-2.046386703541354726e-02
-5.314797768693917124e-02
-8.178848578429702421e-03
-5.465899118524987499e-02
3.714903349490805522e-03
9.518637637347367175e-02
4.765766343608559413e-02
-1.762933072108764376e-01
4.112659977021240060e-02
5.842848326382978769e-02
-1.040376029374082828e-01
1.102127834098842220e-02
2.395268916084897573e-02
-9.589779586482047313e-02
-9.569896170138497693e-02
4.800307669415206611e-03
6.479672682092939284e-02
-2.066408878063988666e-02
-2.708748871392484270e-02
-5.861586987749098018e-03
-1.613473799183338594e-02
-3.220684558738081543e-02
1.340552544262118562e-01
-8.339136350435040479e-02
-5.830177181756748296e-03
1.421788835565566088e-02
-1.779440249667635643e-01
4.302446476461562613e-02
1.874686071306466131e-03
-4.365206170141659172e-04
-6.876417005635065971e-02
-4.780007978534407675e-02
-4.961109477402147333e-03
8.393040749413677865e-03
2.379100434626787303e-02
-1.443609820664307763e-01
-2.504165704309981727e-02
-5.866033556669701665e-02
8.077592950839102004e-02
-6.270371736921624695e-02
-1.462321991832601551e-04
8.769122718652404280e-02
2.368967933958773114e-02
5.261565085445837897e-02
-8.945613661660625424e-03
-1.396500157427749307e-02
-8.246524726682295803e-03
2.340541428816700353e-02
3.196537481982717616e-02
-8.216899855448145384e-02
6.507030118537078522e-02
-7.027745414304634175e-02
-3.908294407992298630e-02
-5.020456981314801170e-02
3.581610350507004326e-02
-3.282529709874223989e-02
1.535845535895538350e-01
6.080096430259533669e-02
7.417372073978815983e-02
2.724040653446390542e-02
6.868608704466686032e-02
5.959821471349669927e-03
-8.648447253180187311e-02
-2.528416849699657853e-02
2.029713646886580417e-02
-3.687791893455038411e-02
1.091156477166373671e-02
8.557213750433331767e-02
-6.578569420639132637e-02
6.148721810600852287e-03
7.093280271566383688e-02
-6.943396209397267003e-03
-4.312998405261803808e-02
1.836514957678815271e-02
-1.083036285454556241e-01
-4.657910241726594819e-02
-2.969525947408489103e-02
-2.864296790144157945e-02
-1.417105747021525815e-02
3.361442117037535121e-02
6.635053460310717799e-02
3.839511347902022781e-02
-3.434145095686895466e-02
-2.057730184681363234e-02
-2.181247039229794633e-03
7.800032442344051464e-02
-1.289791964118196244e-02
6.375944636038684277e-02
1.542927879499716689e-03
7.886075127755225178e-02
-6.858141922730881523e-02
1.227940190432597750e-01
3.405384309477033078e-02
8.842579406501781258e-02
9.750411100340115184e-03
-4.564708895712748377e-02
9.938699642165341186e-02
-4.434222596260391919e-02
2.258182142341176937e-02
7.933830016524516526e-02
-3.743780818714896597e-02
-4.078235334228820508e-02
-7.685784003439347090e-02
8.283721379461388146e-02
5.140287283332604235e-02
3.133027232697583458e-02
-5.998011506547196864e-02
1.547910559566776333e-02
9.754252179024722191e-02
8.809914469707731330e-03
-1.311999579961381848e-02
-1.111515140273282853e-01
-8.778088389178131945e-02
6.948530262023325244e-02
1.076035619960337558e-01
1.772191080889059731e-02
5.964804151416730482e-03
-6.195861748349210801e-02
-1.987304101606949397e-02
1.269554714417984453e-01
-1.919530191910002017e-03
2.412178492363108162e-02
2.131659911777614505e-02
7.297923356953490981e-02
-1.093559516540487317e-02
2.911733165820556621e-02
7.975851669621711326e-03
-2.939970455263880497e-03
-3.040794040342336205e-02
5.993501865727010082e-03
-3.422281271375327005e-02
2.308072014911355385e-02
-8.269779336058558084e-02
-3.259010198519711465e-02
4.222234788166841918e-02
8.030471934660618830e-03
-3.013774038560965499e-02
2.544910151440620688e-02
-5.076982017721114876e-02
-9.817614209345836354e-03
4.739295067353560542e-02
-7.691933513648692130e-04
7.777897359185387272e-02
-8.146521076298417208e-02
-2.053971099466214353e-02
-1.894790239298557721e-02
7.380724146726094781e-02
6.511839350880284372e-02
-7.981433532734810710e-03
-1.956424099571096864e-02
2.341657801439319883e-02
-4.263723483712560103e-02
2.334704124510290565e-02
1.156775535414066719e-01
8.597661759635931433e-02
1.976070996291211246e-02
4.596320531783763819e-02
1.218469944710205422e-01
2.605847067222766961e-03
-2.177380731785354129e-02
6.785145659748460789e-02
-7.970960443809047002e-02
-6.565072034128363598e-02
-4.087626740076734724e-03
-4.628130844338466249e-02
1.313118160100487097e-01
-8.183957402295927858e-03
8.369924898216496781e-03
-6.301336886021914607e-02
-5.167332513873808264e-02
-2.713860848853688959e-02
3.106101838765587195e-02
6.794313160352853653e-02
-7.404641011047980673e-04
-6.669320423354178906e-02
-2.091867850330679512e-02
-6.260261311418466312e-02
-1.329483110525798290e-02
3.762071669593976264e-02
3.059280414110122914e-02
6.256048108526318652e-02
4.578632017545702926e-02
8.053190432890425243e-02
-2.323688617248114222e-02
2.187894817445846032e-02
-7.651914393363258744e-03
3.062522309748691093e-02
8.968697976908012251e-03
1.911668279626977177e-02
5.617624880161928985e-02
-1.240826094876909189e-02
-4.088509746670896706e-03
-4.634933148708495973e-03
2.763993548237261844e-02
-3.106335204794044222e-02
-1.382022002878464245e-02
5.491585149630177215e-02
-3.686842661366314389e-02
-3.765915901873562177e-02
-4.319810170416771289e-02
3.520982487032814356e-02
-2.153590011262634528e-04
5.974542452712350293e-02
3.658372005894533485e-02
-5.629532854803205588e-02
3.871375271571370763e-02
5.180035194449831432e-02
4.177914164329844457e-03
3.331949696792509130e-02
-2.561261541407521686e-02
5.191955783471024349e-02
-5.770892749743677247e-02
-1.785335264762163976e-02
3.456365325909998426e-02
3.468954477066771274e-06
2.130262869201850207e-02
