1.313367481076093690e-01
2.790763613418988376e-01
-2.425532826786007679e-01
5.205470273407219323e-02
3.319045723165384154e-02
-1.091115626142312445e-01
-7.055787124808081401e-02
5.323397722964821194e-02
-1.263791880853036287e-01
1.347417630797164700e-01
-1.562956574316618774e-01
-9.873072205454179809e-03
-7.655409582610717655e-03
5.678608285312432974e-02
5.815557083876680966e-02
1.178435995934671958e-02
2.213402553237097531e-02
-9.909345761367067962e-02
4.243496184882926403e-02
3.056712049661952646e-02
8.666962649928051932e-02
-1.485462007464218026e-02
-1.536453842795779470e-02
-4.489689508147389624e-02
3.396786618483849107e-02
-5.785002525517545305e-03
1.111000967636537745e-01
6.700545848187892950e-02
-1.011587774445345256e-01
-7.601991319745610154e-02
3.896704404648541897e-02
-6.303923232125339948e-02
1.092955103926921030e-02
6.322440867061732660e-03
-1.288625905944792982e-01
-9.373381704906554642e-04
-7.249409899130550283e-02
-1.061216510359959814e-01
-1.281640558932711782e-01
7.743654759150357669e-02
7.279740243299877289e-02
-1.487850656442495090e-01
7.402093619535755897e-02
9.380875987415228379e-02
-9.559359696784723581e-02
-7.357542567163494890e-03
-3.770840387057164400e-02
-1.203487170933544431e-01
-9.738798620031348385e-02
2.388738049667497865e-02
1.341851283178119476e-02
-1.002062357091184838e-02
1.021433848805204832e-02
6.947623742502559430e-02
-1.142033440076964251e-01
1.298005737646940327e-01
6.989769867332079611e-02
-6.265487391423066321e-02
5.520623281460516202e-02
-3.946845454629733206e-03
-2.088669128019262355e-01
7.592334752447549295e-02
1.389298691454348735e-02
-4.883317482633730416e-02
-6.685114997645442980e-02
-3.025017991790227706e-02
-1.001396471661725740e-01
4.258718178371856226e-03
3.252223751747877756e-02
-1.865595973436784405e-01
7.716377413675136639e-03
3.258701391834268463e-02
1.820342792793422718e-02
-6.812794228746092695e-02
2.529682775093953020e-02
1.384731479122218167e-01
8.956592097470249259e-02
-1.926307033182463871e-03
3.470166087096446250e-02
3.762845461905492406e-02
-6.794998379215248796e-02
-4.760039606793297490e-02
4.891567336247787390e-02
-5.679584999180366245e-02
-1.179093281367809762e-02
-6.481983084533278483e-02
-8.061575123162799481e-04
-1.995748932050749047e-02
-2.080664681443091663e-02
5.003398002698946495e-02
1.079172688393652962e-01
4.727230620827043567e-02
2.104548099798604285e-02
-4.317661938873482153e-02
2.578862468343498873e-03
-4.623057022529214466e-02
-2.777937026048302172e-02
-2.508864641141578603e-02
6.245372614312693499e-02
-1.140172155158826299e-02
-5.690792637243543423e-02
1.228372181717777845e-01
-7.214822556782114760e-02
-1.634432372314921847e-02
-5.482774083364454383e-03
-8.227364623676414190e-02
5.710606414482665566e-02
5.542986343323490911e-02
-1.013511716479539304e-01
4.315293868457832117e-03
3.749598396143233921e-04
-1.424064176583727213e-02
8.005859432708968201e-03
-4.453431309370792235e-02
1.522871991462436229e-02
5.096296391533930437e-02
-5.394694763896728390e-02
5.541785415265747944e-02
6.855548496172627661e-03
1.343260454003931126e-01
-3.787229522904003026e-02
-5.189790637256899057e-04
7.691314567252686106e-03
3.130718089435110402e-02
-1.896566403046606383e-02
1.850316851400862078e-02
7.175333216530466185e-02
3.912970683405074535e-02
9.504593077353505962e-03
-3.099887102622786092e-02
6.407734402006766417e-03
9.956430741226892853e-03
5.212860127389133680e-02
2.917690037698788055e-02
8.979194730659320611e-03
-5.466710518806926732e-03
-8.416761114092351226e-02
4.799464447072535750e-02
-2.715418124218767909e-03
-5.579791256151950957e-02
-4.508578785781958143e-02
-1.370446270946872394e-02
5.273100030193488691e-02
-4.660583720763223237e-04
2.886785336632280083e-02
-1.119795692446102359e-01
-5.168422717825404966e-02
4.267505531756003029e-02
4.471506658782081756e-02
4.322183079796747956e-02
5.544174985672202516e-02
-9.087585398581908558e-02
-5.635577589432709360e-03
1.122826884006680459e-01
-2.943926169333663245e-02
3.284876094923991352e-02
1.199871486765834855e-02
3.958510735354300869e-02
-3.678147783848443458e-02
1.040246340758331674e-02
-1.695581417587542711e-03
-3.535934558964577007e-02
-1.908431326542921191e-02
2.037081128656990578e-02
-2.289435735000306532e-02
-5.763954034520847591e-02
-5.357404565561559029e-02
5.184520068082765915e-02
5.759982679076700723e-02
8.263460036808355225e-03
-4.438055744518979578e-02
-6.257950108932784639e-02
2.065875759197490641e-02
-4.246751897776038925e-02
1.811868724989557089e-02
6.357000566564847965e-02
4.001437002707264323e-02
-1.484955221966705388e-02
4.108924671016101968e-03
2.601554172923042224e-02
4.555706765623391413e-02
4.111725812675081498e-02
-5.953479524881605950e-02
1.854027135528107245e-02
3.972716086420947229e-02
-3.994034863016319992e-02
4.615194168749621462e-02
1.311777096042080759e-01
8.864584422539985298e-02
-4.507436214842110850e-02
-2.467845730115617725e-02
1.334659536254324264e-01
4.014662568478719724e-04
-4.316301296598341886e-02
1.433312244056521474e-03
-1.078590038642876330e-02
-8.611167102365521742e-02
1.400011829729043769e-02
-3.818499723814171992e-02
3.444138812515090686e-02
-5.862556063773292740e-03
-5.395993977626716009e-02
-3.274172170931068798e-02
-7.701889491300786816e-02
-1.120849806280928805e-02
2.184552637005959027e-03
9.171324791334568849e-02
-5.734753975582335822e-03
-1.775116026424477036e-02
9.492491653958351483e-03
-1.518713278955573405e-02
-4.543777342154666291e-03
1.683086851503408712e-02
-1.323815862321178934e-02
-4.633232661033819672e-02
6.012736570963512356e-02
3.507582213949179267e-02
2.827893790394034323e-02
-6.104332674641251011e-02
2.645011797191579653e-02
-2.083548751638028204e-02
-7.393527408914160604e-02
2.482892652250861740e-02
5.690792637243543423e-02
1.211410838972838688e-02
-5.447299098538557587e-03
-3.237502400901945410e-02
3.121067664991563489e-02
-2.808700441460958153e-02
5.270569174133182822e-02
-2.295031875463750953e-02
-3.275016813426923079e-02
1.572966970034762532e-02
-7.435860890806397783e-02
-6.257848751833282146e-03
-3.298857231800828710e-02
2.347716067214279320e-02
1.699952058575183653e-02
1.626038161619755215e-02
1.927750603993561018e-02
3.349882852832224145e-02
8.635778448981097297e-03
3.173321856926020201e-02
-6.570031689728428326e-02
3.933153031915114645e-02
-2.552478908200256271e-03
-6.041497415804178428e-02
1.002808713914794640e-02
-2.858414563053335647e-02
3.491193078102340641e-02
