1.347817214407333597e-01
2.524380395712389480e-01
3.808983518089363585e-02
-1.040621467327895212e-02
-5.753092416073319476e-02
-1.174494389713020837e-01
-3.798505838532255114e-03
1.600913265796186369e-01
-1.762717752227137835e-01
2.221742016070682620e-03
-1.516857562642925372e-01
-6.806151684594369256e-02
7.724815670163036330e-02
-3.043469692612458307e-03
-4.786288655608990361e-02
-4.228121168585637774e-02
-2.721319131496340114e-03
-1.635861997591922523e-02
-1.164789587132613463e-02
6.772795763212725861e-02
5.012203676573281225e-02
-2.988826647141932386e-02
-7.092800008064158168e-02
-8.351878555140090227e-03
-4.083417473920364967e-04
-2.032405776241949166e-02
1.020021909222225964e-01
4.245961999366237860e-02
-1.208548033148530987e-01
-2.725865665792041870e-02
1.129250110560555721e-02
-2.509162200910106111e-02
1.088473825424074587e-01
2.378033787351134867e-02
-7.525621271087033770e-02
6.779536008769496136e-02
-2.126376512638136936e-03
-3.271212806294306052e-02
-9.046838157789954815e-02
1.423326245570328275e-01
-3.465853900360838652e-02
-1.382782195916114620e-01
2.194743794917876356e-02
6.576715892470340330e-02
-1.179001315333175204e-01
-1.857582561376485905e-02
-4.278045026559359337e-02
-1.283778110904253977e-01
-4.713442546171237035e-02
-2.404916906369872556e-02
7.698338793970421756e-02
-4.347830773373648205e-02
6.265550814443983547e-03
6.014804200732880302e-02
1.385531782777595609e-02
-2.752918052654997755e-02
7.934155983821478131e-02
-2.775186930240346878e-02
2.352169660754590413e-02
-3.822436926347827502e-02
-2.012697921139621760e-01
-1.615421212724130196e-02
9.712568589100217809e-02
-1.186560817255960867e-02
-8.111843210611113797e-02
-2.631976177961078620e-02
-6.001594538170090115e-02
5.532279127933766028e-02
6.699099929196998537e-02
-8.246797077449417868e-02
-2.918292736456199604e-02
-9.567526358746509738e-03
5.989786413357427175e-02
-5.142793818387639271e-02
1.255164397446229263e-01
7.482718643291484673e-02
7.472508406928241032e-02
3.249986618629341351e-02
1.836275125146296511e-02
5.544672919487423496e-02
-6.659504795077471860e-03
7.036487981649640344e-02
6.443813551903961045e-02
-1.010604184905612574e-01
-2.289168169136568745e-02
-6.440550067867434336e-02
-6.108910351404442385e-02
-5.224113476106957005e-02
1.896036830225981268e-02
-6.783957284860477055e-02
7.067653577127099018e-02
-1.864024895527431613e-02
2.866401986132661658e-02
-1.023809785040141404e-02
5.394600048803548792e-02
-4.111187556442805896e-02
-2.915875591640763355e-03
-9.332406552413631540e-02
-3.353436354301748967e-02
-3.375231281923287557e-02
-1.611629613013642118e-02
1.249826366710963393e-02
-8.418129989367101329e-02
-1.488050545306803148e-02
1.488192730295946620e-02
-5.118964291278598616e-03
-1.679411228552386490e-02
9.264536917595893664e-03
-1.015029861960542318e-01
3.564279766416849488e-02
2.469919143906553968e-02
-5.897264609707746769e-02
-5.575720027473930057e-02
2.157115553148165540e-03
8.032707108082211625e-03
-3.898783494804013844e-02
1.205264914042074309e-02
5.129492751188971305e-04
-2.770765654149366652e-02
9.987743938088895768e-02
1.039023578878475046e-02
6.413660178134927836e-02
-9.544895247974533037e-02
4.430792329181882511e-02
-8.377444770330809420e-02
9.610236021199651535e-02
3.397022824187941048e-02
3.037985414459788095e-03
-2.866557712549342232e-02
-2.536089329568340725e-02
7.678368573709555556e-02
-1.799774207219079214e-02
5.575547374272827456e-02
-7.198622878912505282e-03
1.012990522973401253e-01
6.609503073895408969e-03
-6.300436917137360038e-02
-2.243069764442178274e-03
8.378524699176922996e-02
3.325818612839104293e-02
-2.128644701750660728e-02
7.691632401982496231e-03
-7.925120466297110424e-04
6.412400825373944235e-02
-4.023141194594256898e-02
-1.201706226885230488e-01
-1.254710421088035821e-01
8.059136589278444174e-02
4.509244589620143434e-02
7.506277341849774964e-02
3.325730593560111137e-02
-6.565852282228414050e-02
-3.874767773066332271e-02
1.023500024885222182e-01
-7.050107272395438572e-03
3.427524889716064560e-02
-5.451284464475347064e-02
6.907018392964006659e-02
-1.079522264750438221e-01
-5.061799154929220307e-02
1.646187336089234218e-02
-1.622435672188533157e-02
4.761636486777048871e-02
1.172030865508268994e-02
-4.124461540786399094e-02
-5.925796397529170707e-03
-1.580653597521707726e-02
4.552055812779815663e-02
4.162919194992779209e-02
5.725992634213982174e-04
-8.801894045778651046e-03
-2.160869913932925504e-02
-7.147402429252072004e-03
-1.523248100833540265e-02
7.936610367562642321e-02
4.709786360736123445e-02
-6.100311544918156359e-03
-9.937000823749157774e-02
6.176895088356248315e-02
4.881880977952789136e-02
6.267169015034709800e-02
1.322906742845114947e-01
9.101701251457965797e-03
4.020300880168275331e-02
2.692133969796234316e-02
-1.369671385774348139e-02
6.818000433689645756e-02
1.149690556892659504e-01
9.576903797316199674e-02
-4.129566658968020915e-02
-1.225692157482329361e-02
1.516062003775099642e-01
2.272982777872422505e-02
1.537585087238823450e-02
5.055451610771036913e-02
-1.050022603395775050e-01
-1.078185387316802774e-01
-1.227916336955356749e-02
-3.213695592828955117e-02
6.711412472185430966e-02
-3.184337777927746804e-02
-3.397963953401794690e-02
-8.705648349556170673e-02
-5.084758645318979836e-02
1.067602761696279622e-02
7.264975873846048378e-03
7.118518564314674224e-02
4.465350052257474611e-02
3.253063908037228530e-02
4.289287796772334183e-02
-6.409411555245049519e-02
-1.579445025113989515e-02
-3.124108893598018938e-03
2.061496147949292562e-02
8.608244861279237825e-02
2.489273229214465297e-02
9.412416077018700977e-02
-7.837656385832672545e-02
-2.545290729580043307e-02
-4.806438299784727280e-02
4.987348386328278177e-02
-1.514337841513893005e-03
-2.725557598315564434e-02
4.945945471632501311e-02
-4.725937898431425976e-02
-7.772200510473484258e-02
5.123873058760925955e-03
-1.221311505673961829e-02
-2.056170981570187503e-02
-4.406512549607220774e-02
-4.263399972677599931e-02
-4.629465383297692860e-02
-5.854744527240129948e-02
-8.793173366444530237e-02
-4.947025400478613499e-02
-4.483983056549015883e-02
4.165214466960378420e-02
-7.404486431050706467e-03
-6.046829676858967578e-02
-1.090342203888555218e-02
3.374015938801800795e-03
5.731385507730774737e-02
9.130920266726914869e-02
-9.813438682826740311e-02
-5.942215378418337288e-03
-4.255478237568186689e-02
-6.646640438916886877e-03
2.419690603813239027e-02
8.683034165568617041e-03
1.337554505012382954e-03
