-2.972538106907006705e-01
1.676091786235540393e-01
-3.126670439426223469e-01
-2.676209931632560907e-02
3.682657137151403026e-02
1.332956132343935673e-01
8.875986344871591993e-02
-2.805013755946336382e-02
1.026811978469970715e-01
-5.849356260470540969e-03
-1.678191370116098938e-02
-3.245713489872174146e-02
4.640047902663239215e-02
-1.287753199098292355e-02
1.812104338225838107e-02
1.308237401893803664e-01
-5.068494351044520313e-02
5.359975334387118151e-02
-8.004931449945783262e-02
-5.732026360783294000e-02
3.977847301159431748e-02
5.570994519248087529e-02
-8.846724228921547251e-02
4.967108876805269996e-02
6.336139316827202328e-02
-3.149718595315952052e-02
-1.386302665552495775e-02
-1.270366955951943433e-01
-1.596313371818144922e-01
-1.098319064329550260e-01
3.102567259775238298e-02
8.932782271772908567e-02
-1.116770073248631208e-02
4.092077797936557321e-02
-4.881288972012195679e-03
-6.115042562317839908e-02
-9.174773836820705741e-02
-8.780630093289865101e-02
-1.311806586246181683e-01
1.289225325276790179e-01
-3.305688199036373176e-02
-9.198811348098043239e-02
-1.025653400734883279e-03
-1.013415269430399390e-01
5.618326262408715466e-02
-8.317451569922748589e-02
-1.837563461548097007e-02
-8.530346994030821306e-02
-1.157496010998489699e-01
-6.017579149735518412e-02
1.642618595621462771e-02
-5.412676008316386761e-02
-5.449204943196566536e-02
7.601810623248024534e-02
-1.785530295812510788e-03
1.877978376561223808e-02
8.855188954447909544e-02
1.290531476444967476e-02
2.687604476906326617e-03
1.900161297505845301e-03
-2.054164458169203955e-02
1.081125135706029750e-01
9.004891197452519203e-02
-1.668650332729328667e-01
8.061016570824637573e-02
3.401823811536127534e-02
-1.618505313143762253e-02
8.495023182051666955e-02
-4.655440280794299196e-02
-3.224414566265131066e-02
2.896541757833488023e-02
-1.435774043085303632e-02
-2.893832035382380360e-02
3.318627033536603044e-02
-4.353001338618126687e-02
2.064653357191001751e-02
1.124902127123873219e-01
5.565715792289404468e-02
-3.635588789115849068e-02
6.000916701960264110e-02
8.994294053858773244e-03
1.829625526271882671e-02
2.799933477369559096e-02
-4.815129889637345673e-02
8.179226859697065477e-02
-8.792634416318941687e-03
1.756939296208545262e-02
4.357800181307838749e-02
-1.130178689191116970e-01
-5.119878049348416948e-02
-2.074532478457490753e-02
-2.040402964922166315e-02
-2.264873341923919880e-03
6.258307861443919429e-02
-2.446691749425614071e-02
2.851270269692277384e-02
1.715005349035743018e-02
2.932587200292298760e-02
1.813230081774101429e-02
-2.443235139428062697e-02
-6.115031737860644745e-02
1.238307800262751918e-01
6.645928065438668972e-03
6.417178419692555480e-02
4.163486742050902939e-02
-5.674999512128488938e-02
-2.318623988201087491e-02
1.995744862688662857e-02
-4.966134675657734449e-02
4.449566321253277390e-02
4.683161715670279557e-02
-3.604522596966664577e-02
-3.791774881980166517e-02
-2.476715185531696423e-02
6.504037472376333895e-02
6.190146254488023206e-03
7.178130544184871398e-02
-4.088000585726501643e-03
1.084363813298725304e-01
2.007633724840993464e-02
1.722964933226347334e-03
1.264404844929026706e-03
-1.956509813509773807e-02
9.037884142982385849e-02
-9.006305593192645564e-02
5.476439277498778430e-02
-7.846501086289736637e-02
-4.104446544357858578e-02
-1.796726392704371678e-02
-4.134866877227752480e-02
-6.574309848485222763e-02
-7.123578888075285387e-02
1.089359661109382815e-01
6.012130839614116679e-02
-5.653577911339904491e-03
2.755618149613892065e-03
3.451035402096259974e-02
-9.242282368192512171e-03
2.280640967904400823e-02
1.008861059473291355e-02
-7.400847359121061342e-02
2.393633868408916524e-02
-4.430013743407001242e-02
5.139957417444841400e-03
4.590641471873600776e-02
-1.144942527174396332e-02
-2.240879128475362428e-02
7.355593911741840907e-02
2.897786570410894672e-02
4.855992215547859370e-02
-2.281737846233477737e-02
-2.694243477319161004e-03
-2.786254971627681945e-02
2.383552690608124053e-02
-3.414142043823853185e-03
-2.088586232048788779e-02
-5.875428769700507398e-02
8.880850134304472954e-02
-7.903766073002826964e-02
1.813778520938640060e-02
-2.387564956075010833e-02
1.082709114608874229e-02
3.049855761388775566e-02
1.741860827336135994e-02
3.389999896126966172e-02
-8.627792365851151557e-02
-2.700586609235336097e-02
-6.209334408942072947e-02
-2.724505051483529575e-02
4.652135213197475250e-03
-9.197433033881900408e-03
-1.392566418115908462e-03
4.542061307983168150e-02
4.781162742959943826e-03
-3.635476936391502517e-02
3.681892208842967723e-02
4.270464852507488071e-03
4.967076403433685200e-02
-3.438735210570525308e-02
-6.023096014752487432e-02
2.863523555236834398e-02
9.422051345131983446e-02
-1.068099705548241317e-02
3.410923571884588029e-02
-1.119173102745885280e-02
1.099115383563850461e-02
8.592190726137330370e-02
6.506021956195387479e-02
2.293009714325702428e-02
5.941631149904137016e-02
-1.782629341284294039e-02
6.694933991312099208e-02
-1.106019222362718130e-01
-3.811046023939376748e-02
-8.693078275345618444e-02
-2.407045370873320614e-02
-1.073022307865213743e-01
-1.912068200420167065e-03
6.290766800418839955e-02
4.349519471553787812e-03
-6.867125848215183126e-02
-6.247068466723278840e-02
-1.910668237289634558e-02
-1.896646957069921327e-02
6.914562227795362226e-02
2.747691038794872545e-02
5.037810623049553821e-02
-2.921661714830308884e-02
-6.214068304888615765e-03
9.661445040453020550e-02
2.603354118406504217e-03
5.681450888616612627e-02
-6.570185730293989779e-02
-4.684168390189399900e-02
2.090098047903667447e-02
1.509705085726047169e-02
2.254997828809829699e-02
-8.370534708006233116e-02
-3.362531031918866015e-02
3.272370519790662041e-02
1.051808897470010162e-01
2.016195870482110145e-02
-3.478991366878127905e-02
1.162420417391661284e-02
-1.485775819020658702e-02
4.265041799452873317e-02
-3.204281075882732532e-02
1.582283071217435722e-02
2.605587564741039183e-02
8.734474607811076874e-02
-2.501156809877640858e-02
-2.437202308618139496e-02
-9.401654459624510241e-02
4.420722750981431748e-02
5.402851009335871840e-02
-7.460504550874212659e-02
3.080124551857940651e-02
-4.575332081247701632e-02
-3.148672231120451526e-02
1.497888386621682409e-02
5.619213867898691789e-02
4.345406177819748778e-02
5.481364405522429900e-02
-7.751797910292099192e-02
-1.418613670279087087e-02
-1.898436600659467524e-02
-3.211793249175950299e-02
-2.135055626786228067e-02
4.443291744232669843e-02
1.248276403708718134e-03
