-2.217139935706788634e-01
-1.325195700722221065e-03
-3.985096137514841930e-01
-1.426353989956982149e-01
2.801564887331652910e-03
1.091456492800088329e-01
8.774000202496766432e-03
5.158624610821509193e-02
8.496369833210935807e-02
7.572029920685342808e-02
-1.378317040092509604e-01
-6.566827940448206197e-03
1.285719343177064641e-02
1.301256618115472462e-02
9.341986677868700795e-02
-3.674929677814808837e-02
8.327854701351507238e-02
-1.359714958936310281e-02
-8.450361652523386002e-03
4.303211671787459530e-02
-6.187411360807847094e-02
1.406396662120661112e-01
-6.583661081856348463e-02
-9.514435338581835044e-02
-1.169265236654965651e-03
-4.014000521139175076e-02
4.650261115755872920e-02
-1.227648121959844067e-02
-6.473341836849204334e-02
-3.043983776061333357e-02
2.136844440499860442e-02
6.986878955769965094e-02
-7.829664578241951611e-02
1.248452519979673658e-01
6.658352200632262907e-02
2.250762585550804620e-02
-1.018480182641214871e-01
-5.136171673811699284e-02
8.321562367455419620e-03
1.367396330460969867e-01
3.477646310327234865e-03
-1.491481286118781779e-01
1.652406905342544696e-02
-2.657464535896977148e-02
3.338086412548546197e-03
-6.934558757138689633e-02
-2.597460997336276459e-02
6.315610282422745581e-02
-1.067980641447837803e-01
-1.227437502650079448e-01
-2.940370229950747556e-03
6.049242469062496297e-02
-5.101983763732909766e-02
1.690108417925353587e-02
4.285066260536544991e-02
2.316828810785106704e-02
1.061357287483912226e-01
8.940730647370026540e-02
3.347118109741417658e-02
2.035540489312551854e-02
-7.008921808453909275e-02
1.150775682637783931e-01
8.308482317797601102e-02
-1.113350402856878446e-01
3.771748946814447445e-02
5.517166257937988760e-02
6.861170066181723932e-03
3.574787085438352850e-03
-2.934861977285717002e-02
-1.589447478961002538e-02
6.389822422706048499e-02
-5.733474257471135593e-02
2.609871789374283019e-02
-2.865810338159110321e-02
-5.732040602667907991e-02
2.064633511726783263e-02
1.144718245043553351e-01
4.977957860218022029e-02
-2.025488502316926266e-04
3.589815855812686363e-02
1.052618882600900585e-01
-8.752839851282085293e-05
3.244928376410238097e-02
-1.098742543034613162e-01
3.335173173497595067e-02
-3.809050217095211882e-02
-7.474534832716676902e-02
5.005863278424546592e-02
-7.021880473151273505e-02
4.700832714821658043e-02
-3.034715870296763457e-02
-5.718327382810951820e-02
-2.612466802988361921e-03
4.909066974147155427e-02
-2.963594125493185932e-02
4.236371207345922957e-02
2.946780668132683786e-02
9.319776510779802237e-02
8.052547049687381123e-03
4.136553401755552195e-02
-4.465664116973286357e-02
1.167375896148836190e-01
1.957017542595746243e-02
2.602149081349575815e-02
4.483281339612486815e-02
6.269205140107758645e-03
-1.091424670256401115e-02
4.117627189948187827e-02
-5.843977220256267591e-02
7.460624772383304959e-02
-1.584533028399825322e-02
-3.338092973897759802e-02
6.898238408565396385e-02
1.272193121772703314e-02
1.225227968302313869e-01
2.049535847185703780e-02
5.155140534388952950e-02
2.017240886355111187e-02
4.552424837628086390e-02
-6.132761883205651438e-03
4.426588001730175082e-02
-4.161266723569535808e-02
3.383241617838293747e-02
3.450826795415604109e-02
-1.552808904950838363e-03
4.831180478304093751e-02
-1.943727529763083703e-02
4.909759196489216909e-02
-6.936533723252058525e-02
-6.794401776581540653e-02
-8.035713908279236428e-02
-1.191761806637048338e-01
-3.006370841692911425e-02
5.344829140161490300e-02
-2.442311333825469832e-02
-6.483662839162598196e-03
4.099042168299945471e-02
-6.097514315228825393e-02
-1.753474647958154845e-02
1.887565661167094760e-02
-4.237365251751821354e-02
-6.616956648442054445e-02
-7.716323831921827192e-02
5.651060430670513252e-02
4.949947460424077017e-02
-6.357491374454780908e-02
4.331766663566155584e-02
8.596066253840850546e-02
9.645458921033298050e-02
5.782871375027639343e-02
7.141418413803883591e-02
3.229168015598559566e-02
1.686256905936820913e-02
1.471146352635203589e-02
4.439110336704816390e-02
1.729896439558167853e-02
-4.444992586275037932e-02
2.029228471368823422e-02
-1.186826687825847521e-02
-6.112192053420217701e-03
2.624205056731948246e-02
-2.798612280185418504e-03
6.367658185061647602e-02
5.095901393011666169e-02
1.784785406406669273e-02
-5.496376622953890595e-03
-2.026886069699477405e-02
5.957770699672149464e-03
-7.580615446131670765e-02
-4.335532878014907582e-02
6.730563129405341127e-02
1.238710556734403181e-02
2.175051176972135972e-02
-1.278610121303853150e-03
-1.808698243616562243e-02
4.281450957119711104e-02
-2.127993180410370569e-02
6.073407918217122586e-02
-1.920182128109166469e-02
2.509388006838705800e-03
8.015491830002136053e-02
-3.412042660212509515e-02
3.142558205975678337e-02
8.307186451327865095e-02
5.470669256734007890e-02
-1.658938728484937036e-02
1.237037740752330861e-01
4.359895167645949643e-02
3.742393470431662483e-02
-3.611724200837747312e-02
-3.880611572296117136e-03
8.688548471010131002e-02
1.719007880537776417e-03
1.176190740750189014e-02
-1.028448184366902857e-01
-2.727648007762973476e-02
-1.042959264288263882e-01
1.679380611960701319e-02
5.740193079066122084e-02
3.548046306717288212e-02
-4.088337327057541687e-02
-3.144103403715541034e-02
-2.050185420757875271e-02
-1.856674829068267335e-02
4.266537010356619142e-02
1.183112964170805748e-02
-6.393411480726027447e-03
-2.531155282855668612e-02
2.412857437204476638e-02
7.276365683085231351e-02
4.640668423205217274e-02
5.824552345908651230e-02
-3.496093543641987100e-02
3.229371417424189289e-02
8.202867560176790862e-02
4.939383688189771110e-03
4.598902154784425406e-02
-5.491777117154978544e-02
1.634471457266473138e-02
3.302881493341609798e-02
5.570539553118089571e-02
2.194321859613226899e-02
2.337382237197506690e-03
1.780090761044156311e-02
-2.247262105745213238e-03
3.604618259639142536e-02
2.912746949760419962e-03
-3.120620334879155300e-02
-3.220178967175578444e-02
8.921630559808496272e-03
-7.813943585525557137e-03
-2.132372881010618625e-03
-1.405173954694659277e-01
2.957344440366989693e-02
8.622236195180309551e-03
-6.445482348087178126e-02
2.392842041427612962e-02
-6.268138920860508168e-02
-6.113635550247265363e-03
7.143957655949645380e-02
-1.508382009423828683e-02
3.115928970191249314e-02
9.777319075509528779e-02
-1.089746933262418366e-01
-5.047380215575211077e-02
1.895360544033154390e-02
1.327502014970890869e-02
-6.736776727110861673e-02
4.079463102245802636e-02
2.418073709829490769e-02
