-3.378027142491756840e-01
1.326800334836057138e-01
-4.043216364706501142e-01
-4.349640328398567124e-02
9.368120056295671516e-02
6.440675825375925811e-02
1.251321554316412732e-01
3.636166778301545832e-02
-6.533533848969511060e-02
-5.759827421170909956e-02
-9.635286255711343617e-02
3.410591491943552878e-02
-6.165066434937951922e-02
3.833581016933453739e-02
-8.441363713566087112e-02
2.107049211017839319e-01
-1.655791390648898853e-01
9.778226200809791990e-02
1.570201274084584084e-02
2.037456072395295303e-02
7.558739438473711415e-03
8.524374763164002666e-02
2.131195302818878271e-02
4.308623224439491611e-02
-4.173340898383114117e-02
4.043759092478930312e-02
7.110218824126322834e-02
-4.019471256168415108e-02
-3.116261579663652092e-03
-8.177421774799710497e-02
-4.475389909251365622e-02
2.598996585985402161e-02
5.357583827519789982e-02
2.195168186252426101e-02
3.740794719477193164e-02
-5.416593945356490414e-02
-4.780622194404725300e-02
-2.835600619839760694e-02
-7.685219942821160111e-02
1.022206412304893924e-01
-5.248754784015084718e-02
-9.802777032957167569e-02
-2.685891093589933692e-02
-6.816609588750023596e-02
3.966171905074954152e-02
7.543881881456309529e-04
-1.069322628807870962e-01
7.679932701841174492e-02
-3.289230867588997798e-02
-2.648654981727011429e-02
-3.990247978503842774e-02
-5.025092194652434896e-02
-4.631698240135128861e-03
-2.194112787374638204e-02
4.763332779778957880e-03
7.596460555646167290e-02
2.211617380412381553e-02
5.158885349476723808e-02
2.587657025227293323e-02
1.736633236922272699e-02
-9.055756143773958933e-02
-2.968932678066958306e-02
1.771167664279272094e-02
-4.310638387345301116e-03
-1.165361877368355052e-02
9.559816697123639517e-02
-2.588903693804615186e-02
8.872615406469804011e-02
-8.041207008958102531e-02
-3.323857514265415349e-03
2.975449509972521653e-02
-6.028711632352042049e-02
-2.725627373668198378e-03
-9.846427510815188369e-03
-4.546139204896988695e-02
-3.658603397162996790e-02
5.071922531265214695e-02
4.695278337578560890e-02
-4.301587231920906557e-02
-5.291732402394386942e-02
1.256809286927874740e-02
-4.121086699576394924e-02
-1.145398102479455553e-02
-6.936873827862605202e-02
2.480573317730839014e-02
2.931508712034850209e-02
1.075286486349959353e-01
-3.581214310519252597e-02
-9.784333169073497483e-03
-5.214941033561688172e-02
-4.057752520318078093e-02
7.566929880250200524e-02
-3.579916408986698328e-02
1.045376687085273065e-01
-1.488573514277944689e-02
4.623644419572592312e-02
1.610774359098311390e-02
-2.026639087780556913e-03
-1.398277138445979881e-02
-1.171892029842279137e-01
-7.870754966899842775e-02
5.984460021152627346e-02
4.048192450871708481e-02
-5.972464678567542679e-03
1.652904925951104165e-02
-3.093343371023016264e-02
5.841154614306852400e-02
2.534238130571624115e-02
-7.650432766218347169e-02
1.344444964618102430e-02
-8.122254128605439771e-02
-3.113119291742730364e-03
1.357092673499812364e-02
3.102155439322992585e-03
-1.846872894461043871e-02
5.727738513543671056e-02
-1.560009331523681299e-02
4.578132477674459744e-02
9.988281317262712178e-02
-2.752917461155333879e-04
3.610256565075337098e-02
5.921972893420819617e-02
-2.822443996936075533e-02
6.107033158781016019e-02
-9.049389595203743974e-02
9.111712777478806272e-03
-7.734345515828351669e-02
4.299237347040912871e-02
2.230341317784656415e-05
-7.069328094790153227e-02
-4.437149631465887867e-02
-6.307268625481055047e-02
7.824262767791597892e-03
-1.576315073408985842e-02
8.563041982243083106e-02
-1.364183314503979172e-02
-4.660187178774702343e-02
-7.013364630024607194e-02
1.225048270214123712e-03
-2.879261344288829017e-02
-1.193983680138498427e-01
2.317174345842909489e-02
-4.810118714497203102e-02
7.771854870119181136e-02
-2.296141509954826784e-02
-2.154506297449629293e-02
-1.668216748504899871e-02
5.366163639756046239e-02
4.670782153916766544e-02
3.756639364765405192e-02
-6.257466777464794350e-02
-5.919985054757801596e-02
3.192451815154957045e-02
3.273253016617180128e-02
3.090518727424535622e-02
3.715509548304819776e-02
1.740089753635286687e-02
1.012998825590523400e-01
-4.422616549831625415e-02
-3.431374994116170862e-02
5.325016745643715299e-02
3.796437124389948764e-02
-8.762399657643474282e-02
4.288741422278964655e-02
6.525473197346277898e-02
5.251412066626473009e-03
-3.977897420762480790e-02
-9.517450458676778025e-02
-2.378920303489021407e-02
-8.747429388124562666e-02
-4.147666356750974448e-02
3.837980220022743638e-02
9.538414983957884188e-03
-4.807010581879769817e-02
-4.878893833601203461e-02
-2.224524669600602342e-02
3.981514467401889995e-02
2.395478794620139323e-02
-6.831224643112658590e-02
-1.755036114441757686e-03
-2.488452946245585298e-03
4.271243660301918960e-02
1.144680841106201748e-03
-2.298303540665634984e-02
1.286298975959655408e-02
5.577578137287798887e-02
2.015268787249308718e-02
5.710992168243368000e-02
-6.304584018626875619e-02
2.439983155065367573e-02
1.362297941751426135e-02
4.518329956796830749e-02
-7.059030270788436978e-02
2.632677130755194453e-02
-1.150951754826649853e-02
-1.561696603516002195e-02
-9.236584567031956572e-02
-7.604917408789864906e-03
3.908063487250344054e-02
1.517499640802168724e-02
-4.747194398880746208e-02
-9.842233239546828438e-02
-8.486943966071197262e-03
1.928230827370126105e-02
4.736780446847169146e-02
1.054886548235514816e-02
3.569570767560098588e-03
1.640865181471485440e-02
-3.127672866559086384e-02
7.993645748850672361e-02
-6.106500336046599003e-02
6.234200184728578426e-02
-9.104984182691615302e-03
3.808968705239799274e-02
1.174747754766934139e-02
-1.471325086016363540e-02
4.027057149073162007e-02
-3.499559226469822759e-02
8.799055129347095605e-03
1.545196176400814511e-02
1.223188513939186817e-01
-3.697277447302775577e-02
-4.419600636533609767e-02
1.421390032316498762e-02
-2.209404116746340775e-03
-3.346748398663260127e-02
9.443097778513141749e-02
-3.218693334825002261e-03
5.822789307621204641e-02
4.220096093328219722e-02
-5.680266057225311950e-03
2.558867519917022368e-02
-5.722195107787523410e-02
-3.211042546843627561e-03
4.962243020703651503e-02
-1.009811794222032107e-02
-1.091852833200879572e-02
-3.168748034534091262e-02
-1.005327202874021055e-03
6.811995207248756901e-02
-3.342509725500364404e-02
4.290186191616518485e-02
4.182214446229368804e-02
-4.906955830947173913e-02
-7.663196603131916529e-02
-5.637650485062985217e-02
4.201915225281408622e-02
-1.992265190349952475e-02
-2.488534918973956886e-02
3.667394972280880322e-02
