-2.933200330670901468e-01
6.989686447634366195e-02
-3.142285895901928972e-01
4.118743970026199352e-02
6.781886435781464550e-02
2.472071281595558112e-01
2.001756313742256935e-03
1.317734645686591544e-01
-8.972904586045347963e-02
-8.626551996615812457e-02
-8.002724235349044368e-02
5.724551880094287670e-02
-2.109101887872560921e-02
6.882921358393578014e-03
2.793904325077867928e-02
2.915514212107277875e-02
2.274719997753949473e-03
1.701737281371241018e-03
3.925279558690415727e-02
-5.213294056963471007e-02
-4.111258770135068144e-03
1.496803710692068135e-01
8.140061528771020544e-03
3.987489886674475126e-02
-4.937614654170416340e-02
-1.227270658430931749e-02
2.021706662839840851e-02
-9.108086277684616927e-02
-1.175111205656693969e-01
-2.347742281136308909e-02
3.009691944796450899e-02
3.905712804870698635e-02
-1.106784400047310275e-02
6.371296913227277037e-02
3.240735114769337233e-02
4.748712650387321155e-02
-1.752183115594438956e-01
-6.744395938004756064e-02
-7.657770241091910179e-02
1.331195445291262214e-01
4.652365737321535744e-03
-1.468838596540988639e-01
-1.064133357656317780e-01
2.169207533801065235e-02
-2.195845340397753823e-02
-5.069116546860939071e-02
-4.778473533582577176e-02
3.601735612375847606e-02
-7.031634118860985438e-02
-4.552926299493473272e-02
2.261867858621151653e-02
1.531146011471482341e-02
6.337221431818132467e-02
-2.542126642209278919e-02
6.438701053380693762e-02
-2.437079245097702879e-02
1.071446448869679130e-01
5.322961570651840030e-02
4.632075923376281074e-02
-2.096202223661089090e-02
-1.019720832170764035e-01
9.469426240138796580e-02
7.496249471921902219e-02
-9.213330564407840040e-02
6.602489447733139206e-03
5.843262737324594197e-02
-8.511768747673051361e-02
5.017935431777687666e-03
-4.506762474858787976e-02
-3.139842767393245804e-02
5.248747765654158265e-02
1.157676970010042619e-03
4.917827248199714736e-04
1.061472632180278028e-02
-4.468840856725538740e-02
-3.301170041600082206e-02
1.210128362553276743e-01
7.159184640724626514e-02
-2.183173117634221519e-02
-5.103361760693919669e-02
6.713480874327422410e-02
-4.188011772193325072e-02
-3.011521660325394006e-02
-9.162913245231847637e-02
5.141874047662115844e-04
1.004245648160017809e-02
-3.828783281091654306e-02
9.028644714032812643e-03
-2.306561800465423921e-03
4.717868874327997564e-02
-1.811560948889538378e-02
4.595675107760593958e-02
-5.373915244287153642e-02
6.682165242129836646e-02
-5.925681407690467500e-02
6.238376057473492969e-02
4.188144163483915883e-02
1.842744189796532636e-02
-3.364952091828855851e-02
-4.392342453303035160e-02
-4.656982459249852171e-03
7.864833614225366643e-02
2.059295605422373741e-03
8.786029187402843998e-03
3.653371610354976678e-02
-3.399930549732803342e-02
8.591210311324856685e-03
-1.988320295071466237e-02
-1.883317028390087480e-02
4.440037264400712586e-02
9.716502334867151060e-04
2.622505128840654093e-02
3.477783417897511303e-02
9.060337152211311862e-02
-3.562591920790984801e-02
-5.460427860715930289e-03
4.075085395967321250e-02
4.712729376534269266e-02
2.695622462380361031e-02
2.056739435119416329e-02
1.341412997741290580e-01
5.915952345156236247e-02
1.586326022460290627e-02
1.278890701562221399e-01
-5.523805947775976312e-03
8.808630756960733610e-02
9.805034767139566079e-03
1.217775826641593305e-02
-2.360638550699303839e-02
-1.090914418418723573e-02
-7.096617874650511248e-02
-9.505854212942296821e-02
4.137271961412044424e-02
1.214053594586888551e-01
2.227418965879569140e-02
2.584675166216275286e-02
-2.575285568529714700e-02
1.255171274260954289e-02
-3.541171688902988030e-02
-2.312777401826267634e-02
-8.904407369082432966e-02
-3.087602521985262360e-03
-9.037178860303242411e-02
2.865151207306911724e-02
-3.002722731473779841e-02
-7.509607413677728965e-03
1.653193808154387228e-03
1.234642477062940225e-01
3.196652209650871490e-02
6.709061042010754095e-02
-1.030044976582960951e-02
-5.638494146561388864e-02
-2.029976026529089345e-02
-2.932018993001008281e-02
1.624152590436192534e-02
4.023995936392939926e-02
2.516452915779974174e-04
1.249772764788453366e-01
-6.697183166990770820e-02
-3.687294332582671114e-02
5.238862549289999282e-02
1.384276545126924760e-02
3.288328086412714568e-02
3.250179026831525458e-02
7.261153091667832404e-03
-4.629988214563108412e-02
-7.027193918653457105e-02
-3.461770861032903435e-02
-2.437072455800749771e-02
-9.740135877561957589e-02
5.130539316398403937e-02
2.494961396273966819e-02
6.621265248457783303e-02
-2.341614940635859676e-02
1.471067522730791673e-02
-1.190652585312735982e-02
-7.440865782024492538e-03
8.008882127685784669e-02
-4.996175735042020574e-03
-4.851859044351944372e-02
-5.009754328948832526e-03
7.550146305786517575e-02
-7.018340675426217035e-02
3.968439119423217837e-02
4.387688390241475250e-02
2.127908240433495912e-02
8.905310345577235887e-02
6.727931892892746735e-02
-3.892436334678313348e-02
4.120913150402812086e-02
1.737785053545350816e-02
9.589949839655660668e-02
-1.668914425249999264e-02
5.862425527975582973e-02
-2.389055153097785142e-02
3.294160092495690417e-02
-1.207281270875865814e-01
-4.046824947398768024e-02
8.303174388076602075e-03
9.910951194261179154e-02
-5.153738344088192730e-02
-6.753900953739525037e-02
1.294773243390172010e-02
4.301107880843163533e-02
1.015706660347062695e-01
-4.947659419012980647e-02
5.492734730268714061e-02
1.017508539758496706e-02
-4.152028498340272142e-03
7.507054638023247239e-02
1.989311532426663726e-02
2.852852395875816321e-02
-2.439343475631664329e-02
2.795798538927868424e-03
-3.080745332062322702e-03
9.132113599602720636e-03
2.947766767284434181e-02
-4.821707776581867638e-02
-2.363388215965433158e-03
-4.255775745085271095e-02
1.288273170486980979e-01
3.499882579480848455e-03
-1.059625943408951457e-02
3.293623738036371030e-03
-4.303141275280708555e-02
-3.989944217523131581e-02
1.585918664643086104e-02
4.225929995678097927e-03
5.212150060426821996e-02
3.096177404037414593e-02
-4.913152817247293941e-02
-4.285013852415114899e-02
-5.137287877570090311e-02
-7.675639670673275539e-04
3.172950773986530498e-02
1.476363174354448395e-02
-1.382331411549773958e-02
-4.143117546088927183e-02
2.654615108781788191e-02
3.016678131361506116e-02
1.629122355806085845e-02
9.335385150387698686e-03
9.346465283015657766e-02
-6.815147201556201462e-02
-6.555263098125245491e-02
-1.853274389371265289e-03
-2.491794189245203142e-02
-8.995682677324024629e-03
1.375637164753715572e-02
5.855096481914380535e-02
