-2.351607166750744327e-01
8.465646741111287898e-02
-1.525062295054591399e-01
2.520748280493894863e-02
3.873188332407669771e-02
2.827680314299560460e-01
1.178364268253887653e-01
6.907514968597720795e-02
-1.284882249742095306e-01
1.897657234951711375e-02
9.495221251201661772e-02
-4.924226170881269155e-02
-4.355285232274937884e-02
5.985249947172894408e-02
-4.262629177434767297e-02
7.902921977264171227e-02
-1.488870781377366059e-01
1.652275703475621083e-02
-3.784960139680219188e-02
-1.023035723729730923e-01
-7.311755889087206972e-02
1.682301830472792414e-01
9.368444191066375992e-02
3.861267440306138249e-02
-5.095124480630865843e-02
4.788453898134117231e-02
1.204304816178877607e-01
-9.777427716694366000e-02
-1.281238741556127714e-01
-9.623064145674256609e-02
-7.826063876343132553e-02
6.453312169390473807e-02
8.570309527060022275e-03
-2.926537879735244176e-03
1.736986642889946364e-01
-1.002239793626176212e-01
-1.548379745989703349e-01
-9.272082752422668162e-02
8.433907768261304783e-02
7.925261578844179644e-02
2.381331426573187263e-02
-1.024728182818373107e-01
-3.252804792212278528e-02
-1.033104639254553252e-02
1.072146365627761472e-01
3.048146716322160457e-02
-2.315374879545178954e-02
1.277664262238314419e-01
-3.558159176601206897e-02
-7.109687289909212039e-03
-1.498033737715474475e-02
-2.164527131188078712e-01
1.210895105943739052e-02
2.395863255138601031e-02
5.232034120221188550e-02
5.926493146859672378e-02
1.769127628422861864e-02
2.630575713365705323e-02
3.761393755624715604e-03
-7.537430215198927252e-02
-7.378163090902131738e-02
1.950448224276227563e-02
-4.165713361870647391e-02
-8.874744718748651950e-02
5.351861797412194727e-02
7.308268679426542513e-02
-3.121049069669153131e-02
3.647549772548878966e-02
-3.522689783570635749e-03
-3.889354678731980069e-02
1.204068401247010978e-01
-3.322924531081326155e-02
-5.210309698191573080e-02
-4.049873621881321800e-02
8.986968490566765722e-02
4.431120418362181901e-02
9.421056349126243068e-02
3.369241828625532675e-02
-6.549176457118455197e-02
-6.867936033105506710e-02
6.979451633115606179e-02
4.106777730292775902e-02
1.756670242527381270e-02
6.058302518782193204e-03
-6.247863659310605444e-03
6.528149477020973868e-02
8.722673764541350383e-04
6.144356123331505722e-03
-6.202487014218454470e-02
-5.672881800584414491e-02
6.567148999215724481e-02
5.623256124644194359e-02
2.537969731279636487e-02
4.433012453142173154e-02
4.012651682457186141e-03
6.344110645944936455e-02
2.280592198570861873e-02
1.684958905402953941e-02
-3.454966383647890826e-02
-3.199598914353776052e-02
2.016501340187146652e-03
7.526904206961662624e-02
-2.671016615553530732e-02
4.099867690226721012e-02
-1.756087252604624296e-02
-4.204888138704754308e-02
-2.165571505773631472e-02
-3.029197755519905111e-02
-7.529071641889213684e-02
8.359910967574657459e-02
-1.841836844004033497e-02
4.720340646054436290e-02
8.094865150237715024e-02
1.859290775433819140e-02
2.887677845926919784e-02
1.756999292054336331e-02
2.143285553573017616e-02
3.822657770268322874e-02
4.448399095152610894e-02
1.940422943579979756e-02
6.744238447347485066e-02
1.512283012882742125e-02
2.314992180638829333e-02
6.549552002774219894e-02
-6.430196440121886681e-02
2.306744482713196653e-02
-8.333536932664157388e-04
1.070438527050359273e-01
-5.567693250717611203e-02
-7.832501801870513092e-02
-1.190778376983322728e-01
-1.099628081391500478e-01
3.557104072139775225e-02
2.046809662919934353e-02
5.298942049577131524e-02
3.909276481613928322e-02
3.866475006732730119e-03
-6.041453037026921907e-02
1.457406851012413469e-02
1.206849942737368321e-02
-5.415189524849856745e-02
-4.787996090096615504e-02
-5.099166067211943071e-02
-3.885738710560767556e-02
8.098981845949943664e-03
-9.624115673510395819e-02
-5.695124833281512561e-02
5.903420337094600345e-02
7.725786033003602393e-02
4.008123674836262113e-02
-7.259519276683103206e-02
-4.420107989085068911e-02
-3.379370831455277141e-02
-3.682314570396731050e-03
6.101883697977262405e-02
8.429962750563136861e-03
1.748680061622844006e-02
5.383818944405051321e-02
-9.115229850198641737e-02
-5.274724719718303784e-02
2.625940406985992001e-02
-2.343208177575218515e-02
-1.021918028325671801e-01
2.009823780765136389e-02
4.281374270595322135e-02
-1.615089530304415419e-02
6.915118873970615976e-03
-5.595923554155172314e-02
-4.701581246392710217e-02
-2.450399637606096373e-02
5.597418583527642016e-02
-3.680097062715077718e-03
2.349145375561580151e-02
-4.428430796141854392e-02
-2.917417485238122960e-03
-5.705565002511747696e-02
2.628794553969797040e-02
5.440533491675976496e-02
-1.995388521082632968e-02
-9.310688845835191074e-02
5.879528480137434510e-02
-1.868965546851354340e-03
4.473195838308903494e-02
3.961566743397425261e-02
3.734429577540872291e-02
1.775976865858935536e-02
1.611284000992675366e-02
6.755483357268642075e-02
-2.876640380272756439e-02
-1.383828515485045589e-02
2.869687420703185762e-02
9.075951351231037467e-02
-2.079253230952637227e-02
-3.417894662486060681e-03
-1.983903977266845628e-02
2.668305533581445677e-03
-4.665017406022484853e-02
-7.794321326867856281e-02
-1.592134749174012581e-03
-5.735476319837014281e-03
-2.957078683112077111e-02
-4.740831132357970629e-02
-1.302907368231171620e-02
7.135295927007013518e-03
7.357368591448694255e-03
-3.768457590578368904e-02
3.376023110181039510e-02
-1.255509929848482552e-02
-3.161736759002195529e-02
6.226378871175620305e-02
-3.949670887672944442e-02
-2.650286495355367450e-02
8.906869967130279925e-03
-2.559472402541086017e-02
3.587383781870218807e-02
2.666159558405651990e-03
1.240227009971540950e-02
-3.373000861808463785e-02
-7.984275896178497089e-02
-9.061837987824902796e-02
1.021879400772507523e-01
-6.996261771992655365e-02
-4.009393376815274107e-02
1.860936023068594097e-02
-2.019012131142824615e-02
2.167885582338195324e-02
2.656001942573563753e-03
2.853056113090787424e-02
5.877150024317597671e-02
-4.165695478744181851e-04
-2.650919558032226522e-02
3.135051557691204832e-02
-5.843032595647776328e-02
1.620955195784917410e-02
7.457542712654728623e-02
-6.956822324886866200e-03
3.626665857463116927e-02
-3.016532925357431547e-02
-2.660115061660500713e-03
1.268421547156172585e-02
4.574811339508010749e-02
3.213959064905125979e-02
4.010001403115082130e-02
-5.514727006753738364e-02
-2.682451086615216321e-02
-4.303774674805311423e-02
5.029514866256276640e-02
1.626599110497253808e-02
4.718977951817807798e-02
-3.387278749978075813e-03
