-2.911811529048531910e-01
6.047939873842848868e-02
-2.552506466632658566e-01
-7.645827173165466173e-02
1.378184719357298249e-01
1.375699383848449919e-01
1.312987283416139350e-01
8.895616438888448441e-02
-2.246106680049347881e-02
7.312669926401946241e-02
5.184819897865507003e-03
-1.273102144402722957e-01
-7.471461644752365461e-02
5.815703074319229782e-02
6.711970448342223505e-02
1.645485610548370614e-01
-1.387049921907528294e-01
5.288531402058906095e-02
5.052309433586221754e-02
-2.547814181965735864e-02
-5.597245320142061470e-02
6.871790829435812931e-02
3.551842970143000849e-02
1.305844191779999448e-02
3.957693582998173670e-02
-1.412587733359735309e-02
6.577758734141540484e-03
-1.207935640278316736e-01
-5.581631946127720012e-02
-1.233400438256095910e-01
9.463913040538309701e-03
1.041999031930318093e-01
6.091769538836806254e-03
6.884476471027285716e-02
1.196017899021343256e-01
-9.123583928355621930e-02
-1.532539520365149011e-01
-8.404354447844245013e-02
-1.365718837533684386e-02
6.761479338760885416e-02
3.590202019639189557e-02
-2.064745525638113713e-02
-2.891657292400440921e-02
6.704269864659959111e-02
1.700932330766682377e-01
3.427101427280664948e-03
-8.894102218556718120e-02
2.919859196488543487e-02
-1.467633418977125626e-01
6.263462702151391392e-02
7.508274103410919609e-02
-1.679673180850402986e-02
2.461359754142024639e-02
6.815574050849274902e-03
-4.340424461192165378e-02
1.685575403093557759e-02
1.971755852344680982e-02
1.648399675424302643e-02
-1.629470122916244421e-02
-6.522696503598911233e-02
-3.381099341668264684e-03
3.558471730407555822e-02
7.054162662975826947e-02
-5.678966460658039367e-02
-2.324705865107032712e-03
1.258548005276016180e-01
-5.072476258764386375e-02
3.014435024571270050e-02
-4.471399124802451913e-02
-5.693533188314819221e-02
6.966517719879423975e-02
2.249804111168155624e-02
-4.251326442052964560e-05
8.025205905636959014e-02
-5.916968806955439850e-03
1.284875297399992039e-02
2.759848189082407879e-02
2.802206794419174660e-04
-5.053676188279944415e-02
4.391789260615987928e-02
5.902215049708992717e-02
-1.498499056028836270e-02
5.842034682510659216e-02
-6.551790394960810629e-03
2.071604476166874487e-02
5.974739369825368684e-02
9.142653753055930699e-03
-3.829456025498211014e-02
1.836702504990496204e-03
-6.462408234714230038e-02
3.104795493440725904e-02
1.719758657328135723e-02
-2.068813419213377802e-02
1.119915558985717097e-01
2.663880429245811532e-02
3.617547903682276356e-02
1.674288886701711179e-02
7.879700481598675118e-04
-4.328742305283714981e-02
-4.263598460513440963e-02
-4.019452911540044582e-02
7.627052279741171337e-02
4.278143607832952944e-02
-4.225573906244927888e-03
2.444440769722889747e-02
-7.841826989691045788e-03
-3.753637107225388236e-02
-9.089069775616247238e-02
-3.750313735285915051e-02
5.153219090657489704e-02
1.583780952194248706e-03
-8.048796810995187401e-02
-4.357861373705763583e-03
-4.856000298893115713e-02
4.302299198683060683e-02
-1.885114394931302478e-02
-7.047850414324554301e-03
1.158993233712973525e-01
5.676675348184614944e-02
6.189985250472288675e-02
1.500354965033996214e-02
1.791200363858167985e-02
5.130397883995199693e-02
6.653264737523958972e-02
-1.062143917098925805e-01
2.061450927481666556e-02
-2.598740181198416072e-03
4.343672301951195802e-02
-9.520025514161378766e-02
-1.022635354970859028e-01
-1.908967861059640211e-02
-9.377998121146330357e-02
-3.003680823165399971e-02
7.955400708016516220e-02
-1.680568764847079066e-02
-4.098958470763040124e-02
-1.472095513379842111e-02
-4.143672929585039133e-02
-8.156108634789681344e-03
-2.941004330289583718e-02
-6.391563584181983448e-02
2.900929643980485612e-02
-8.287176813194802039e-02
4.738329913209355509e-02
-9.066842028228865036e-02
-1.025398357485905604e-01
1.597883702599739442e-02
1.060870317527748963e-01
7.666188221379055534e-02
1.259746073666750399e-01
-6.535900073284847678e-02
-4.538629068842091330e-02
-5.126804757839860741e-03
2.500909318910902839e-03
4.426580361016984461e-02
-1.561686283553359415e-02
-6.298512766599620449e-02
2.764667797739219293e-02
-1.108923254525309154e-01
5.010738510559785419e-02
3.024430317449836383e-02
2.358155387874454577e-03
2.041791240229330270e-02
3.982392279002892888e-02
-7.105685718206290052e-04
-6.016781463548851600e-02
4.487541217079892009e-02
-4.269720082852167947e-02
-3.737192890226178482e-02
-2.390342460911621877e-02
4.626536572708602607e-02
1.335822876969941400e-04
-1.242577836352155331e-02
-8.756437650392946692e-03
2.993958881225578308e-02
-3.337830765443309394e-02
-1.667714077280330054e-02
6.043584242437328308e-02
3.825564371343979225e-02
7.404717258301284771e-03
9.676551297098521381e-03
3.498258992703318082e-02
1.658999217746409335e-02
1.133539585576116837e-02
-3.574628209576508064e-02
3.969314594617694147e-02
3.059796893511347940e-02
6.577470996311284013e-02
-5.710013372542811598e-03
3.287422694305092152e-02
4.212679654726517869e-02
1.190888972197005347e-01
-6.564799741611324069e-02
5.772164743878407424e-03
-4.606941626468074452e-02
1.814561078952189876e-02
-1.128796946788899330e-01
-9.561071315647595714e-02
3.283714473017650126e-02
5.926888568653564116e-02
-3.627899272125785501e-02
-1.092546296243921827e-01
4.689400095174086486e-02
7.857354042356309853e-02
5.002523595505936616e-02
-1.226050894726746481e-03
5.424386818614933270e-02
-7.023033026464854320e-03
-1.386932309069410611e-02
8.704472198248462689e-02
-7.468904374785952094e-02
2.606350846808724170e-02
-3.908821312528956010e-02
2.267424456548542550e-02
2.278128303834117338e-02
-1.674166598123852032e-02
4.873696175453945401e-02
-3.521745593098077332e-02
-7.715833787267089260e-03
1.700577334218602438e-02
5.661022410218612133e-02
2.270111208538570791e-02
-3.638854890012836046e-02
-6.125006854954413021e-02
-7.292528278283927357e-02
-6.541377882228371909e-02
-4.501647564208260260e-02
3.410628436498429339e-02
6.722088029798649333e-02
4.053323250884217910e-02
-5.975501875075549946e-02
1.363553610360997625e-03
-7.853376066853001713e-02
-1.824898060504186528e-02
3.783961077811638651e-02
-5.286794184908726740e-02
3.760323415055993879e-02
-4.497338690200156086e-02
1.174725659254584244e-03
2.666164348273479881e-02
3.394382039257521494e-02
1.889160708169296959e-02
2.602401645088441365e-02
-2.951974335068146410e-03
-1.567840276397989424e-02
-7.820300603264913886e-02
-5.396152544020926811e-02
-5.779609960236318199e-03
-6.184708858009943175e-03
-1.288525971121382745e-03
