3.066275081563955493e-02
2.123640883211539987e-01
-2.047538798418757355e-01
-4.822712175001168120e-04
-9.164792643326992450e-02
-7.393239260085381070e-02
-4.662670415001714946e-02
7.043619041738863329e-02
-3.409661515418953293e-02
3.987304899274743408e-02
1.452665613137569534e-01
-1.595730420714379372e-01
1.354367102127547288e-02
1.217792935738139654e-01
4.160214997569962325e-02
-1.328318918479310662e-01
9.176440456897647091e-02
-3.103123998190050400e-02
-5.951420650564503284e-02
-1.160081426034692206e-02
4.059716627368834679e-02
-6.464460021209506024e-02
-7.591816811181750779e-02
7.501038918492826391e-02
5.440326832764896814e-02
-4.688297790871593512e-02
-7.470369135997427523e-02
-9.448610183881944041e-03
-3.869609882200453948e-04
-6.543910715777950804e-02
4.188651401986282635e-02
9.134698511298956422e-03
1.343232273277174260e-01
4.828924099348359117e-02
7.777056030879253568e-02
-3.364360009651812256e-02
9.680192909559665049e-02
4.348849826353436837e-02
-5.281319786263744681e-02
5.322507941539401932e-02
8.006904518440104146e-02
-1.663805460509079348e-01
3.033470291638964630e-02
2.304525562158448934e-02
8.384516651601561787e-02
-4.645043851956722619e-02
6.476435736945117261e-02
-2.634413356889491256e-02
3.459287686406103263e-02
1.088168837902809410e-02
-4.275654776420843850e-02
-5.432588341671973353e-02
-1.306679561606754747e-01
-4.422252547657166966e-02
2.134012793024785831e-02
-2.327154454897688990e-02
1.828451695575970121e-02
-9.676422034662690574e-02
1.068127093245059278e-01
-1.474537780547242882e-01
-1.359194550667153223e-02
2.398786504510666290e-03
-9.874992299044281496e-03
-8.896725336762013880e-02
-9.518307610721689349e-02
5.166390077447236863e-03
1.277703575961214484e-02
6.814499225655688830e-02
-6.381351395823124661e-02
-1.806026466514740192e-01
-4.200390299491649389e-03
2.849965310058331924e-02
2.467667819295414969e-02
-1.931722660749655637e-02
9.352607716698080331e-02
1.222671026945444245e-01
9.731043248629311915e-02
-3.142705432857432341e-02
-2.846267302309124156e-02
-6.021558923648243772e-02
5.721320771343853945e-02
-6.527632194966659362e-02
4.488885910933284457e-02
-3.884186955111369743e-02
-8.068142069424029394e-03
1.968615297664411297e-03
5.842232872992085026e-03
-9.139336505254366805e-02
-5.576311503928864377e-02
-1.262204733631037707e-03
3.004338005961462721e-02
8.154770178047585083e-02
4.249466323513154120e-03
5.883854587796960578e-02
1.163981275783216168e-01
-5.741417530698168098e-02
-1.634360939103393362e-01
-1.022323897165538092e-01
1.117723753037363696e-02
-1.962512674038871530e-02
5.353046563168819411e-02
8.906879373803433531e-02
-4.452186371960113048e-02
5.497064837374168733e-02
-6.788474723830476010e-02
-9.964593387296757920e-02
1.667320571717390357e-02
-3.402385730714354000e-03
-1.605758761925900682e-02
5.182202248512813442e-02
-9.429930690551709127e-02
6.679735079216829463e-02
1.143358415622018924e-03
-1.217783827344668668e-01
-4.686089916294233770e-02
6.225874762631314341e-02
4.501040151180926707e-02
-3.052273659120403534e-02
3.011956266260569504e-02
8.079385470324575158e-02
1.243726353628642339e-01
-1.790746589963605057e-02
5.632896487527824098e-02
3.621734062281888739e-02
1.903829116584203687e-02
8.528064932703810497e-02
1.622040926094579782e-02
3.246828943659998967e-02
2.491509950044986516e-03
-4.875992633448865410e-02
-1.173396439946272629e-01
-6.276346192532569757e-02
2.279102214302319851e-02
4.903448974727712267e-02
5.079142598067653419e-02
4.306153321118988409e-02
-2.664081216103085167e-02
6.660822411013738939e-03
5.325637585536021484e-02
-7.913663716156635330e-03
-1.319766137010083829e-02
8.913747102480534812e-02
1.868524983490782790e-02
8.667015296781921396e-02
-3.161191828246081442e-02
-2.626099215329203568e-02
-2.863678907268201330e-05
1.166313024511780594e-01
1.353762304801075980e-03
6.348051109293315064e-02
5.349421422567379042e-02
7.156865519441939216e-02
-8.275631272692379747e-02
7.154522840641208692e-02
2.855226318127155032e-03
8.152941212638617485e-02
-2.446886108752084621e-02
7.683614843939423622e-02
-3.581402095992500256e-02
-1.190131837774066267e-02
-6.392791538022644937e-02
-5.308575742886229021e-02
-1.562016613120987239e-02
1.978415929039158486e-02
-1.493266459202220123e-03
-2.039755494029956914e-02
-2.892545227856351681e-02
-9.017637438410245829e-03
2.842682238638956013e-02
-8.951484998309393315e-02
-2.944069588042848989e-02
5.340578994185775710e-03
4.033367866736056045e-02
-4.793051602502350350e-02
-4.390063485130813598e-03
6.413026744957717185e-02
-5.545543350783978948e-02
-2.770831587582675906e-02
5.165923727701523388e-02
8.588836133942021056e-02
-3.100912480255302653e-02
5.601880586080528607e-02
-1.179466637691055780e-01
1.516587589845252819e-02
2.849477100168288507e-02
-1.216699199850147448e-02
5.365517775509250770e-02
6.259043888295143243e-02
-5.735508005014213623e-02
1.856217722232828687e-02
-2.959608507304297559e-02
7.380636886878969016e-02
-9.630304416840550913e-03
-3.558795063397590663e-02
-3.691599083561501043e-02
-3.701330491145868318e-02
-9.432058411266523723e-02
-3.224396792219731689e-02
-1.694937220721325424e-02
1.045041323489315915e-01
7.748437458593513370e-03
-8.345335986246903148e-02
-2.301756610543278722e-02
-3.546152613259905429e-03
-1.486927017346435440e-02
-8.644156872527212002e-03
3.578848102463245279e-02
9.118412703772890010e-03
1.754804869327217243e-02
2.924052982551078594e-02
4.292698402283694203e-02
1.533769663288861961e-02
-8.837877828224868781e-02
-6.807868315208832899e-02
1.514918932161373778e-02
-2.302809540828520962e-02
1.015455804152699260e-01
-1.041364447212961009e-01
-5.913169041343881681e-04
-2.919087086430714045e-02
2.311382360763383423e-03
-7.644091702990254977e-03
2.476863653343691282e-02
-1.074258499393967309e-02
-2.114965320598325219e-02
-1.300510993212485381e-02
-2.335260925086838843e-02
6.365408063891565826e-02
-9.244873638723626746e-03
9.579516014846507430e-03
-1.766995543148743367e-02
6.249607592659234961e-02
4.554451770494606644e-03
4.490689372840533933e-02
1.275453802773888756e-01
-6.566594258878015455e-02
-1.622849751434800314e-02
-1.686863540748671092e-02
-1.000323847911532664e-02
-2.061550057927257623e-02
2.506378491546972995e-02
6.300895134615487093e-03
-9.397894649035667611e-03
-4.308171741112153119e-02
9.405727867420687893e-02
-4.552881483460213125e-02
-4.551227399205887841e-02
-5.303526049545931841e-03
-4.571557333433059339e-02
-9.921627273615570008e-03
