1.083899850546693293e-02
3.295503209868267391e-01
-9.492698506519862967e-02
1.014766130130152627e-01
-1.216328090007413598e-01
1.394987543672969177e-01
1.087709938751570127e-01
7.047596828258559376e-02
3.490027254705155291e-02
-1.462247871985930189e-02
9.127454751132230149e-02
-1.536266155948287637e-02
-1.683588438123354361e-02
9.900508276201698543e-02
-7.346540648068661250e-02
-6.497495243813873438e-03
-1.688067111330864012e-02
3.926002225510558108e-02
-3.891868845350830719e-02
-9.174712708786678453e-03
-7.307207538470736341e-02
-3.854505945735347411e-02
-1.585172725735809959e-02
1.622288502793357845e-01
-3.672061793168811955e-02
8.160799320743428176e-03
-1.665033934835099746e-02
3.206245927182610478e-02
6.373172285729374054e-02
-1.369062356201259864e-02
-4.932227732333661907e-02
-1.726804418597329208e-02
1.526715715394223738e-01
5.549807316056723505e-02
8.628754658738053973e-02
-4.734610931758011926e-02
-3.251289937537200914e-02
5.379411234499657107e-02
5.642857422220607039e-04
-3.201015730579736228e-03
-3.998713806632326999e-03
-1.231876838238262079e-01
-1.780799004885899595e-02
-5.555457282484035225e-02
1.114297617792976702e-01
-2.473060379713172552e-02
9.572021462376527345e-02
-2.760545160364225731e-02
2.818128101603635527e-02
6.042877753466705665e-02
2.660006902170854864e-02
-2.746445633599843301e-03
-1.315978399612477596e-02
7.052065345744511216e-02
-3.005734745962651555e-02
-1.232629038681730405e-01
-3.893669793307289601e-02
-1.649597576589504067e-01
7.360927920277214598e-02
-2.280636199570628686e-01
-5.177955571174713834e-02
4.384042194023101552e-02
-2.031435442480458015e-02
-6.854275897902359360e-02
-4.615027310401036142e-02
8.098646304802475937e-02
-7.322928595444036515e-02
2.762224239661976999e-02
-4.772671190920545203e-02
-6.915619841359110787e-02
-3.698057055119278319e-02
3.929441629878532849e-02
-3.304715803418468989e-02
-1.094018334459955812e-02
-2.201895843607398501e-03
2.299627398885919216e-01
3.303767936072964789e-02
3.187759128704748673e-02
-2.579705611804009036e-02
2.259448317682130961e-02
9.661740491869066916e-02
-4.107941977239664560e-02
-9.605789236560132588e-03
-3.656933153286453381e-02
-9.400748603524869407e-02
8.253636156754573516e-02
-1.834123313551577880e-04
9.525389774218217089e-04
-2.731388083768397299e-02
-3.382769294080260891e-02
1.697671038685138328e-02
-3.910311635701935878e-02
-1.207016308909985847e-01
7.663846012457396772e-02
1.145267152163030877e-01
1.390978403325536343e-02
-6.897434329287499555e-02
-1.164173043417225661e-01
-5.745443750928372340e-02
-1.029651371219147959e-02
3.235010315878157627e-02
2.241381289028707841e-02
-4.270761890513732201e-02
5.058605531413594425e-02
-1.339380567324884551e-02
-2.996008949949669625e-02
9.186899574657451939e-03
8.904184597898599784e-02
3.285318375240819239e-02
1.693737389201293870e-03
-2.211381287543484273e-02
2.924272318097562856e-02
9.168991652308451645e-03
-4.277613617325523587e-02
-4.472691487511428615e-02
4.086408462294109645e-02
5.784126894346523079e-02
-7.390816208825290445e-02
-5.234729439929924899e-02
6.146919735597923540e-04
5.666980646163702340e-02
-4.330558779053000212e-02
-7.846103976795350265e-02
6.198527727320134878e-02
-5.628740969253627144e-03
-2.414692062673201339e-04
-3.208023178455431806e-02
2.817024513194226615e-02
4.512975849695377573e-02
-1.767101983219304950e-01
-4.909289342572448200e-02
-4.040152535833480690e-02
-2.832911446952988965e-02
8.879682227017302032e-02
9.665139273350804860e-02
3.655318393558575768e-02
1.967948641774761379e-02
-5.333693561281653561e-02
4.263974483271815163e-02
-1.975284457980864064e-02
-3.864590577243413178e-02
4.572857369247636250e-02
-6.986496622119223177e-02
7.245992234153730838e-02
-3.028185661089034461e-02
-2.287779395591162460e-03
-1.104289154196603194e-02
1.244756324319359030e-02
2.153568149948737256e-02
4.724929143871785947e-02
7.721405257013168322e-02
3.138385395725513255e-02
-4.609509368353991582e-02
4.519363798555976058e-02
-6.220237274772711517e-02
7.797955700884232066e-02
2.598161943117193243e-02
1.397458092204217073e-01
-4.622434216658051487e-02
-8.919770245251111562e-03
-3.308351551736583157e-02
3.682024556018170108e-02
-1.163879543064171365e-02
4.375585863204992793e-02
3.803977845738908126e-02
2.441614880526054437e-02
-2.873341374479284130e-02
-6.373280613426003660e-02
3.511950072310471987e-02
-7.976388343434968886e-02
-2.666181580878713726e-03
2.240220151530464623e-02
2.910663651208531075e-03
-2.153981149292136243e-02
-9.376100667301227876e-02
6.117911609584960470e-02
7.866384952748630560e-03
9.973629471426347093e-03
1.919444915609078497e-02
7.787684881147584337e-02
-7.516709918510909583e-02
5.375734863295306837e-02
-3.868879676981822058e-02
-7.736672691756833753e-02
7.329248839494239762e-03
4.041222271837693197e-02
7.111588029801686750e-02
7.834611085231106553e-02
-2.837203931931917434e-03
4.833679995565851040e-02
-4.897556098931308416e-02
9.810697845215128957e-03
-5.537958974237915111e-02
5.491696277296247153e-02
-1.280653414789829567e-02
-3.066696157240681939e-02
-8.059099925051813051e-02
-3.643486977942365923e-02
6.469827673046694982e-02
7.070572455665490030e-02
-5.831821548028007576e-03
-1.801604693119727638e-02
9.175355904485413272e-04
1.255362282867452696e-02
3.124580384886341614e-02
-7.217739016776653083e-02
2.716513336925013150e-02
-3.515656910679498814e-02
-2.321638571268797718e-02
9.174871815091101279e-02
3.484089542833673087e-04
1.126655438309994220e-02
-5.244705743741361753e-02
-3.056171444465060130e-02
9.518253687202773983e-02
-2.579587128385820924e-02
9.519232021712956127e-02
-7.472386964387006669e-02
2.509082724082870378e-02
2.641970340682108301e-02
3.770853267254038743e-02
2.818530945225474968e-02
2.341570867448553863e-04
2.155196450638693917e-02
-6.169499289864053063e-03
-2.592867426944445511e-02
6.911066692860168281e-02
1.540057625330306344e-02
6.992925193866057765e-02
-4.533202661800343758e-02
4.419983292620328214e-02
-1.079942504379211195e-02
-6.654807370762455543e-02
-1.269834186088997507e-01
6.858571768121807244e-02
2.849417879726849276e-02
4.555856691357906309e-03
2.209959486525227279e-02
-2.622166683642099955e-02
4.219265611728670318e-02
2.712857277163780931e-02
-9.514049218477356115e-03
7.500413370649269829e-02
-4.316069949628856955e-02
9.438050568810998214e-03
1.449400884213821947e-02
-3.807928421425350873e-02
8.597021414106766068e-03
3.462762527559817426e-04
-3.458801796151815544e-03
