-2.142428695368319910e-02
1.345808033637523327e-01
-2.605635426995084880e-01
-7.244264486653920546e-03
-8.766765281894714490e-02
-1.126848377097852405e-01
3.932381531154062471e-02
1.658600073916130790e-01
-5.920751754850290399e-02
4.770970422904902836e-02
1.026803147999311716e-01
-1.420193709069746957e-01
-3.085481963469799069e-02
8.099088584555950987e-02
3.312768015149017420e-02
-1.601419411308578344e-01
7.398199938451997804e-02
-4.803105947772465766e-03
-2.549996955197052911e-02
-5.540244450086022343e-02
6.140759130650318143e-02
1.666184590870996643e-02
4.578809962475544754e-02
2.117797382815640728e-02
-7.365852546023633762e-02
4.509013270065934109e-02
-7.955790934641404633e-02
-5.946052842272604028e-02
8.646581699420001488e-02
-3.136917939682747070e-02
-5.274282316904136542e-02
3.182069650664787891e-02
1.473732299962726144e-01
1.187101461058916868e-01
6.082594650772522177e-02
2.220915374989565483e-02
7.616420108860093297e-02
3.568840717347627339e-02
-1.325192636527672552e-01
4.137899899570161161e-02
-1.126554496287706687e-02
-6.654486707316112359e-02
5.469901002680792323e-02
-1.058839231802046615e-01
4.878247170264262550e-02
-2.355693898628608875e-03
2.230661282786491201e-02
-4.765222661013448352e-02
3.692667054980657698e-02
3.593656559711327914e-02
2.591177858023404126e-02
-5.176266232283090879e-03
-5.588550253949046281e-02
7.248946076303917213e-03
-3.665589013822579539e-02
-4.936883226325781276e-02
1.187732963078858006e-02
-1.356355962668649162e-01
-5.190721067479794025e-03
-1.713214746984864367e-01
-6.874965659299862343e-03
8.415789581331368369e-03
-1.181346181286272237e-02
-1.394075222928981284e-01
-1.300508357084792510e-01
9.934640786976399462e-02
-1.387894841147242209e-01
4.010085667687827288e-02
-2.255726582116943796e-02
-5.676676907586816062e-02
1.389745265085543663e-02
2.349187514180731129e-02
1.047271604704089372e-02
-3.760690210873226386e-02
-5.420166801391710504e-02
1.481702620911375945e-01
8.144383818724341972e-02
-5.349177499647904399e-02
-4.584697830334626828e-02
2.959079042919909169e-02
4.035424344516089917e-02
-7.597229008513832482e-02
-3.749184435434149004e-02
-5.713412008855032337e-02
-7.503925268511285607e-02
2.632413436349317210e-02
8.645406176179418201e-02
-3.066728267120034240e-02
-5.719057254184809098e-03
1.306918717686564486e-02
7.187982894292291140e-03
4.032875099349012005e-02
3.189290233825693949e-04
5.432571305354838564e-02
1.484247765415986908e-01
-2.754035667906255119e-02
-7.517272924841858495e-02
-1.928142085431838182e-01
5.306838159674582937e-03
-1.322764360903375472e-02
7.447886298678962902e-02
9.084980106564255475e-02
-8.091833829207818740e-02
9.255591585728741022e-02
-4.849853499897973513e-02
1.662302630402094986e-02
-2.227479852155727497e-02
6.168958019549417027e-02
-1.138757384346199795e-02
3.730769043737924145e-02
-8.470533425267818065e-03
7.700681888122574981e-02
4.197171558314088252e-02
-1.422646246946974828e-02
-2.477213613623868368e-02
-2.397657344542441105e-03
3.011816979466177061e-02
2.698338419946194350e-03
-1.794381551250264894e-03
-1.070095208552500170e-02
6.817071139701152971e-02
4.729806606172165008e-03
-8.723742498176868809e-02
1.569894201704875869e-02
-5.400405025518772301e-02
-4.510356237023924880e-02
-8.989164710800578995e-03
3.566018094682739392e-02
6.161850204606358211e-02
-1.126519982378608176e-01
-5.743661228987707174e-02
-4.452926459171493989e-02
4.628482653827618865e-02
1.355988269934094714e-01
3.087839844388410096e-02
-5.955289584479859372e-03
-7.429204363922372288e-03
1.021150384788345813e-02
1.029286782566915179e-02
8.786004223303091332e-02
-6.823263140026548934e-02
9.105913988459055086e-02
3.962914380440715062e-03
6.736233413598742559e-02
-2.738747031341232097e-02
1.985168289753128090e-02
-1.043717697232559791e-02
8.064878807923754611e-02
5.896181952234618578e-02
6.870557447147676751e-03
1.063998206907593169e-01
-2.212362076526835572e-02
-6.335386822997411682e-02
7.095967445748173341e-02
-2.706778950191077258e-03
6.835134557868947913e-02
4.656514099009309571e-02
1.487294899350951605e-01
-3.002952714099688461e-02
-6.680177357672804905e-02
-3.289083272182505291e-02
2.354880600572624091e-02
1.032386199948336081e-02
1.945210751229476884e-02
9.297602872704690061e-03
-8.154187819239552826e-02
-1.978709746367367239e-02
-2.493841799928160283e-02
1.082253672767599130e-02
-4.109263606674565944e-02
-6.304491748526161454e-02
1.360070137698270003e-02
-3.883405952421404433e-02
5.044874172398169064e-03
-3.084173168699033685e-02
1.812151088607913722e-04
-1.557346174555397818e-02
4.522374595271396597e-02
1.058162280773094627e-01
9.472834431582165260e-02
-2.712994871047531842e-02
8.840860835457386990e-02
-3.342730188908991928e-02
-2.325273817559803113e-02
9.544780554568307873e-02
3.466481347730124979e-02
9.449071092585033249e-02
8.403371408493350014e-02
3.330489711444549385e-03
7.852529419281129019e-02
-1.037674004199725664e-01
5.569232716510048170e-02
-1.787830742958992913e-02
-2.141365940345583280e-02
-3.708399929979622634e-03
-6.776190952122393418e-02
-4.685211901841911802e-02
-3.728493176068656007e-03
3.543088557053927085e-02
9.620082386340067515e-02
2.830690718292173946e-02
-8.694617543003936577e-02
-5.541894966729050270e-02
-2.904670086418277564e-02
4.471727996583374498e-02
-4.504625561226083263e-02
3.383712893049430764e-02
4.742323878353139205e-02
-3.053438703507746835e-02
9.800077548116881143e-02
-4.474882089464358136e-03
7.672407820411577227e-03
-1.533220610373666956e-02
-6.994875864276764964e-03
2.211945175842675720e-02
7.785449415756005203e-04
7.758135586506065273e-02
-7.932728125482409187e-02
2.614650733429113496e-03
3.790881338287616781e-02
4.366091514210875685e-02
3.580117539132289528e-02
-3.296050981157937210e-02
2.214928407787527045e-02
-3.739267666701092535e-02
-4.310452358969099618e-02
2.628217091757933943e-02
2.068203287494187539e-02
1.375905529258913268e-02
5.586981750555361330e-03
1.010539920654595844e-02
-2.120640508792864115e-02
-3.608029381658688084e-02
-2.269901205378391587e-02
4.609636692572342126e-02
-6.093293962593059748e-02
5.818170266015817299e-02
-2.270256596125544424e-02
2.804460147377306131e-02
-6.308356622901449377e-03
3.006937191130268708e-02
-1.364837157816331656e-03
-7.360142373538125851e-03
-3.714489413743339574e-02
3.939031438788290901e-02
-1.474789587435506102e-02
-5.624625832003796178e-02
1.330866586494718756e-02
-1.242176091767715693e-02
1.925841955509639478e-03
