3.182418227830605736e-04
1.725204793536347370e-01
-1.941954218470970939e-01
6.188926494338527207e-02
-4.779878390986409126e-02
-8.682779870988821536e-02
1.068945364830944378e-01
5.161446060423238724e-02
-1.346003463319255244e-01
-3.142585454931136335e-02
-7.373012924762500919e-03
4.737432860694243408e-02
1.145612581272439402e-02
-1.419129505663464970e-02
6.662295804592519022e-02
-4.186093941478735009e-02
4.992504660079965552e-03
2.778839617473891424e-02
6.494756813557114872e-02
-9.759543939495886333e-02
8.994092994555744069e-02
6.848051621443575210e-02
-8.916724935839981381e-02
1.267129354711113709e-01
-3.431405672622239722e-02
4.872850518125126928e-02
5.830500390379864811e-02
-7.669852604464752477e-02
2.644530841821322517e-02
-1.953273509721769816e-02
-2.604603850208662974e-02
8.057145872626214622e-02
9.030794807139973235e-02
6.346797195881957732e-02
9.665633249021926554e-02
-1.015795501581378546e-01
4.399781982994011020e-02
6.062648052087089325e-03
8.547847802310534759e-03
1.173668377402805330e-01
6.127140761265751495e-02
-1.437445261127965335e-01
1.020998911207137982e-01
-5.901715242364978867e-03
4.204535442687377944e-02
-3.693670708380363682e-02
7.385529518430146434e-02
-3.481790941399006550e-02
3.458652999717501397e-02
-4.999310150209623077e-02
-1.330665381571229794e-02
1.158940905392185500e-02
-8.917029334759518644e-02
7.540432330508087255e-02
2.955641032775220209e-03
-1.307458587753161997e-02
1.326207386918670794e-01
-1.094895735101176493e-01
1.915937532721839667e-03
-2.026374910248683603e-01
-6.668391030576591161e-02
7.256710794719235802e-02
4.181788871045277051e-02
-5.696351061780387248e-02
2.913550634555848312e-02
5.350709712442296845e-02
-5.885734299089263877e-02
7.635614973610113654e-02
-3.679733586421542885e-02
-8.250721842672051332e-02
-9.419697041018989733e-03
9.337146953077767042e-03
2.503068691559624109e-02
7.747858451392878633e-03
-3.966596953915620116e-02
2.370048537999764338e-01
-3.722537872583162738e-02
2.386878899212855135e-02
-9.928749876995424106e-02
2.536429363622262276e-02
1.063332103802807765e-01
-2.807536463233616456e-02
6.621473735204554123e-02
-5.691502421847755705e-02
-5.287257032905387510e-02
8.185044151985190752e-02
1.455512424141510060e-02
2.141105762059669626e-02
-2.607977604900202709e-02
5.783217091545051055e-04
4.993736750944759856e-03
-5.365186780103630565e-02
5.399362806415029109e-02
5.861766507972351881e-02
1.002254822977288601e-01
2.363179269048869616e-02
1.628153720875827673e-02
-9.908518220236167684e-02
5.912010448679333452e-02
-7.090175595358972835e-03
7.800450612336291834e-02
4.065551969341912875e-02
-5.013649513597832896e-02
1.815962418535430334e-01
1.782849976544081949e-02
4.457204664886749851e-02
2.109412036461165429e-02
6.097650304037232488e-02
-9.959428939528802704e-02
2.018712029828994767e-02
-8.741380286796437971e-02
-9.600698436650602352e-02
-1.192290706064839945e-02
-7.896245677074054115e-02
-6.736257494446792893e-02
1.687250596826023186e-02
7.749137651614268485e-02
-1.433958081600930981e-02
1.843240547902311177e-02
-1.050537927310916664e-01
7.442513720926886844e-02
9.819438050711535443e-03
-3.357331645071470749e-02
3.362636883383408881e-02
-7.778660723012738830e-03
-7.656248871798757363e-03
-5.677405852835842870e-02
2.052953284480294512e-03
2.656329923750059066e-02
-3.293570942818362796e-02
-1.205387831957603906e-01
-6.528744402442133998e-02
6.897857082754556279e-02
1.125414625822132725e-01
1.025808051756163242e-01
5.615667229119662013e-02
-1.889784592218248654e-02
-2.963283619933606769e-02
-4.557757774640614629e-02
6.495340244819562681e-02
-7.988358964404075613e-02
1.042730095024781561e-01
1.573282191832544794e-02
-1.650820568991382764e-03
-3.730205826318177403e-02
1.847763046135439055e-02
3.989292792404464105e-02
7.300779785915600950e-02
-1.721879597720066962e-02
-7.741299379436179622e-03
4.200132529744068227e-02
-3.594704821564087549e-02
-7.215265432305550952e-02
5.199963395134707400e-02
5.736107734949972246e-04
5.322400612925316105e-02
-4.423938211537302434e-02
7.646794386309792302e-02
-5.211266016920864524e-02
-7.842979489951665273e-02
6.041593793485749595e-04
2.018748267795606594e-02
-7.803548958481583420e-02
3.234296500831770199e-02
-2.094068881397814427e-02
-5.654876708993412243e-02
-3.872624658898422140e-02
2.495324638094725822e-02
7.662010708490002257e-03
-4.607512502798339488e-02
-3.806997701364816383e-02
-2.285166174527419793e-03
1.290347019919165124e-02
-6.094595443451874400e-02
-3.456678030537169155e-02
6.146582430352873910e-02
3.320484880620797052e-03
3.910634662077328016e-02
2.476024297077387970e-02
1.454044786493740270e-02
-9.472531996338701826e-03
8.858070163082447379e-02
-8.296852774168618494e-02
2.268083597066712295e-02
8.583908202885735805e-02
2.981652645209026051e-02
7.309466026512401182e-02
8.763470951242868789e-02
-2.584361322059423871e-02
3.493086315591841656e-02
-1.844708185550080967e-02
9.238869587627112148e-03
-6.957700460816951260e-02
-2.362389281376736649e-02
-7.147438830198621362e-02
-1.875597428289807814e-02
-9.816575251349218822e-02
4.508843767308278599e-02
2.669092935590664309e-02
4.910759054997521078e-02
-4.497240370399244701e-03
-7.462296026900158696e-02
-6.302630362175740131e-02
-1.060229409101522691e-01
-1.040029641752885248e-03
1.760498398738047712e-02
-6.448509920567392986e-03
-4.820939630954012428e-02
-2.757488207546337361e-02
1.737842422012476212e-02
-1.545828308327597614e-02
9.593131949222101496e-03
-3.310537558785912882e-02
-4.049063694533635432e-02
1.125994070908252209e-01
6.087978390748596640e-03
1.061934405430598333e-01
-1.483948718921297705e-01
4.867277118860263013e-02
-1.740839301851255377e-02
3.127329270987653370e-02
-2.126559842261774302e-02
5.327644246694014651e-02
5.911992329696028753e-02
-3.356708352045751492e-02
-2.791309101784942084e-02
2.654373073553032911e-02
-1.847991345325091872e-03
5.149991239177312274e-02
-1.112796928227640092e-01
3.576266944152105970e-02
3.195688571203773171e-02
-1.592908674549386658e-02
-1.807799816556167685e-02
4.600692517482037058e-02
-1.409761991294366558e-02
7.772826410388271323e-02
-2.265934685646643978e-02
-8.310634072871008610e-03
-5.351093834888379780e-02
1.737722836722657704e-02
5.998688041017616671e-03
4.361695880085220828e-02
-6.619582113347428909e-02
8.487946443501561550e-03
4.748760849057029332e-02
4.348157375759127002e-03
-1.318732219166030353e-02
5.181703083759123078e-03
-3.524033539078147426e-02
