-2.251024123602263921e-02
1.673242515960428056e-01
-2.352725577955632197e-01
1.208988018102168660e-01
1.775476807889574474e-02
6.339867732838160019e-02
-2.905020923852687405e-03
9.913586186733368277e-02
-4.277663666540060250e-02
-4.797480109232709483e-03
-6.027585393509465178e-02
4.841190506273873102e-05
1.261785953184454967e-02
1.089489311753217334e-03
-1.014912492483453083e-03
-1.374614309855550220e-01
6.206137084743319071e-02
3.317939383072180531e-02
1.920358206531237039e-02
1.718724836423346156e-02
9.192735986550074068e-02
1.157382153785642687e-01
-7.971338712782842853e-03
1.055783587506370080e-01
-5.742714890080474061e-02
-7.258688896518337985e-02
3.860350319387355345e-02
-5.197387656035974690e-02
-9.834743941345479301e-02
4.027226599034298971e-02
-4.957620967605266826e-02
8.541280726143198054e-02
5.717926359381213935e-02
4.276413337957511024e-02
6.964786728042103581e-02
5.025019469917452186e-02
8.084910793512713190e-02
9.522427533118079171e-03
6.741897772030876201e-02
8.282319620180927933e-02
-2.008692047098914121e-02
-1.257240140029971254e-01
7.641466601051691288e-02
-3.151880756994206861e-02
-7.125050234450007458e-02
-4.316406818149733787e-02
6.928016165667569282e-02
2.414595720074622434e-02
-1.956505308059432527e-02
-2.736788702037202658e-03
-4.922843435805094453e-02
1.906989570678585197e-02
-4.646793370251362312e-03
-7.285157023923856390e-03
6.894795582538310041e-02
-2.471497594695161795e-02
1.049263822360799320e-01
-7.802779429539770384e-02
5.874135666842975750e-02
-1.700362381398212441e-01
-2.020558244518584623e-03
9.163954580922345494e-02
-3.465720044993814836e-02
-7.634523359495190564e-02
5.187364586036356112e-02
-1.954178402277740104e-02
-1.142481439558133971e-01
6.086108947708460809e-02
-1.287296403847317805e-01
-1.293744624305603885e-01
2.279686288084517565e-03
-1.713485039802199739e-02
-8.146500548595345115e-02
2.251146771637609761e-02
1.122825388449092965e-01
1.698635428922751489e-01
4.261344664059375786e-02
1.416257746812156493e-02
-2.203736492196858507e-02
-2.053373407753229449e-02
1.195772692293698425e-01
-1.849232566700498639e-02
7.232902147086961442e-02
-9.013577868919232794e-02
-1.342189235511101475e-01
4.678685266331046588e-02
2.449373251874794113e-02
3.815495207349633988e-02
-5.961079496343404949e-02
-3.296976789697723953e-02
1.495113619759528070e-02
-3.190729522189872380e-02
-4.502140233231036875e-02
4.344220667054181362e-02
1.731228462937826063e-01
5.605727255269237624e-02
3.738380255126193524e-03
-5.004506586005928737e-02
2.417423438667308869e-02
-5.610088074303742900e-02
-2.909054681459604177e-02
6.610780208466866814e-02
7.977232632259165929e-03
1.265978471859346421e-01
-1.178879288180813452e-02
-3.251263141412584663e-03
1.889607618558240484e-02
3.947069294156317631e-02
-5.537034134806183977e-02
1.545726375678743020e-02
-6.015835030345398349e-02
-5.530431582236754878e-02
7.697015940393560351e-02
-2.085680944397138789e-02
-8.464312270184196074e-02
6.295257916871130344e-02
1.040524127775475927e-01
1.540432068819665330e-02
1.026293889474522159e-01
-4.544944397566592909e-02
8.816925371802315781e-02
-8.130474538643541610e-03
-3.618743910426466120e-02
1.533219682963379848e-02
2.815491264940392716e-02
7.105477652142797897e-03
-6.055620690255508753e-02
1.083472744241549719e-02
3.560407735170359467e-02
-6.263161607399204966e-02
-9.595975471646890631e-02
-5.686211621574807640e-02
9.434178864797168607e-02
9.150885751378315391e-02
5.330011064922835634e-02
1.082174719200810695e-02
-5.139576141819957034e-02
-7.672057065200763026e-02
4.902684868440124882e-02
1.000282966689652608e-01
-3.175517758917167921e-02
7.916705826816194946e-02
4.703926913383110232e-03
1.005856979207115365e-01
-1.404149660211665655e-03
1.241232186594482846e-02
-4.336780019576558232e-02
4.202909688997018625e-03
-3.278511446598494916e-02
5.032889385518784370e-02
1.297511622435643941e-01
-4.955621123251161692e-02
-5.535998440285489625e-02
5.315964457985912495e-02
2.825095287485914104e-03
1.048399494400601012e-01
-6.209363409450878446e-03
1.267285354813749154e-01
-7.186745603118629977e-02
-8.888418955739089966e-02
-6.133437461792314027e-02
-3.339995588095134166e-02
-1.843713405109953865e-02
1.452135704040566008e-02
7.840139383861938205e-03
9.066858219607211444e-03
-1.902199483520371909e-02
-1.771695160133089988e-02
-5.167918058654363822e-02
-8.723242714137628695e-02
6.982727410101243967e-03
4.136362909152509204e-02
-4.936419891939860388e-02
-4.918727912841281552e-02
-2.807662232017509030e-02
7.042034548970502184e-02
-5.765057273852566833e-02
-6.041608152217292985e-03
-1.484174096384689549e-02
7.801924300182222494e-02
-3.300479072484810428e-02
-2.326483327348541699e-02
-4.269718799361572198e-03
1.505300220472940249e-03
4.776878646184547217e-02
5.655420150923363282e-02
1.188638324215452041e-01
9.491285152809951497e-02
-4.661436182915659754e-02
-1.802687637286906923e-03
-7.051819136679170208e-02
1.108193137143395970e-03
-2.893086588635603029e-02
4.510108948638619913e-02
-3.058477464298918480e-02
7.858672864758581072e-04
-1.518812967767123323e-01
-4.411332990617227584e-02
-6.042674508746823797e-02
8.198677066965215365e-02
-2.688496038119938744e-02
-6.201643397003857999e-02
-4.372695452593545334e-02
-5.139794182771682124e-02
2.657524002305346189e-02
-3.475140095486317637e-02
5.740670756158049864e-02
-1.052275853695490773e-02
-1.328176016094911524e-02
5.060621469066334949e-02
-5.082895715041013673e-02
-9.188109430105654077e-03
-5.474793663758248385e-02
3.798229089484893989e-02
5.131954929179186053e-02
2.290274901802673291e-02
9.881915738495281043e-02
-9.606005355426248948e-02
-3.957065109036970313e-02
-1.629525645828509839e-02
6.851037489038956652e-02
6.222142653355898501e-02
1.744893157520242474e-02
6.808028911311159170e-02
-1.466880723400983480e-02
-6.741161883818802547e-02
5.130629649019481653e-02
-6.686498335843317486e-03
-2.171258611059414048e-02
-6.599377348069612736e-02
-1.510471879296672662e-02
6.408904949178156202e-03
-2.724557967401366673e-02
3.437401976388502339e-02
5.402758384332030650e-02
-1.754282546003909510e-02
5.428838126292288152e-02
-3.919333803718896142e-02
2.910979574236553097e-02
4.183456347835285208e-03
2.353479522684019318e-02
-2.188480439355834986e-02
5.328610833185974671e-02
-5.014815834754685758e-02
5.503636393403648491e-02
2.267295429624758066e-02
-1.157892846577261714e-02
-1.806854263598780749e-02
2.092675289301699007e-02
4.996408408783259772e-03
