1.126957576626839846e-01
1.829348861088082034e-01
-1.775781426005053620e-01
7.313911597138453291e-02
-5.461186672985776647e-02
2.050044407848050036e-03
2.742968087908689498e-02
1.728474932031123790e-01
-6.144198728902868639e-02
1.696122576352498967e-01
-1.574842458887345253e-01
-1.273209863629007621e-01
7.137883385584437024e-02
3.971809147357141523e-02
9.316237019298713451e-02
-4.408025703103528314e-02
-1.544596241234982015e-01
2.897320779466874829e-02
-1.174701522004321756e-02
-5.983954236909452655e-03
2.213858792301385409e-02
1.856600244394354671e-02
-5.324670307048402079e-02
8.031381161509520972e-02
-5.508127310455534359e-02
-1.169801540817385667e-02
-1.449986537456818825e-01
-1.041646342509918027e-01
-1.226395666692558922e-01
-1.092160813443230627e-01
1.487453002186580886e-01
1.456446827666485200e-01
1.020803359532109489e-01
-8.263391329707313326e-02
-1.416150393909388489e-02
-3.081457606001148861e-02
4.793186556750645561e-02
2.871267461265826493e-02
-9.961047613308002258e-02
7.027256129363294856e-02
-5.457400025325898768e-02
-1.036239285521867171e-01
7.317934705016465591e-02
7.102420921203379811e-02
4.300337778760608687e-02
-2.349616515038905479e-02
8.614009286488348571e-02
-3.565179676405062781e-02
-1.380668224510153974e-01
1.783189199172113479e-02
-4.059962830346243445e-02
-1.246450777360215978e-01
3.615279685122698046e-03
-1.851293026165072575e-02
7.312433720775100322e-03
2.946819785130079875e-02
-8.640584787671115596e-03
9.720137345233134663e-02
1.115258050500605481e-02
-3.393742734086527962e-02
-6.911085194694734091e-02
-2.492182321556934282e-02
3.885566851131307814e-02
1.135101003805879215e-02
-1.032773829658291398e-01
-4.196958685059283545e-02
-1.101845829877731164e-01
1.073442031425013432e-01
4.466536470413485192e-03
-3.423224725450553507e-02
-4.328995443530853082e-02
-7.179697434158210934e-02
1.879957259274710017e-03
4.212013318947297087e-03
6.987103870655867431e-03
1.589063898923397111e-01
-3.615837993971075803e-03
4.292314552192454807e-02
-2.549632302054973074e-03
2.032868857170142263e-01
4.394852898451517137e-02
1.959930075550234477e-02
3.711141314389105467e-02
-1.098445400574142861e-01
-1.880249550377683862e-02
-2.352949947280688278e-02
3.961933649080253556e-02
5.194117993279577516e-02
7.393687363232195886e-02
6.710773832405995433e-03
3.595837400520377879e-03
4.283204265454813864e-02
-3.435586340187569976e-02
6.927138216170433682e-02
4.946317537181793567e-02
-1.023380119075856113e-03
1.685399762293955661e-02
-9.054452568633922227e-02
3.587140919164474862e-02
-5.312486037474988682e-02
-5.204489401180612679e-03
1.511217254109281996e-02
-1.145469127537217940e-01
-7.325347076021100634e-02
-3.274258072194362323e-02
-1.108827646235175865e-02
1.232525897847743315e-02
-1.052096898900634937e-02
-2.564043238682503847e-02
2.884847502960183677e-02
3.828960902245227838e-02
-3.997034854794712794e-02
4.449885730053051644e-03
-9.008687663915453114e-02
-3.354779344809175469e-04
1.009452283810656770e-01
-5.495007052518664087e-02
-1.134848122739261223e-02
-6.644568255497519671e-02
1.055374171840610387e-01
-4.463915702995806950e-02
6.418712621310665445e-02
-8.644749114846071725e-02
6.442493294081848287e-02
-1.006485036490015333e-01
-2.297887558151887055e-02
3.745352510115857597e-02
8.424447011615723846e-02
-4.778611411638298417e-02
7.967691258588439560e-03
8.594146628164897259e-03
1.993096905313550965e-02
-5.281545874765788962e-02
4.711640623190575805e-02
-1.473344209171113285e-03
2.411329347802790984e-02
-2.625273298501027905e-02
6.672174985964934857e-02
3.372526997848185326e-02
1.719085490869293534e-02
-2.497844230113420785e-02
3.112867404976924456e-03
9.557656333676512947e-03
9.323376804218552749e-02
-2.402846337477150193e-02
2.701544855528779585e-02
-4.431658588238376190e-03
7.026359551036194528e-02
-3.660637352798820632e-02
-3.075631488959845380e-02
4.462086420474946358e-02
2.558890376428949939e-02
-4.619263497971982935e-02
7.421478007202608751e-02
-6.033249624051485044e-03
-5.906602188051605917e-02
3.751612137557077536e-02
3.346306186992623749e-02
-5.823808270006926996e-02
4.411240905236243209e-02
3.065361890319396806e-02
-9.083126654252648979e-03
-4.069516479992890678e-02
-4.000335445339533308e-02
-8.720127377716418732e-04
-7.663252011907613348e-02
5.381279540104179360e-02
-3.523667771443352026e-02
5.151535448996860667e-02
-6.203005071485494931e-02
-6.541277834377995370e-02
5.795488874715405692e-02
4.828379719216602250e-02
-3.703137792839129860e-02
-1.977891199619506366e-02
1.171584844962497186e-02
1.411408052867876677e-02
-7.249771762968973063e-03
5.541911564121762557e-02
7.074282155245156800e-02
-1.676233644671476855e-02
4.928527189936730835e-02
-1.108430918535858317e-01
4.149482727929022091e-03
-4.598954192569829069e-02
-5.680657881282950156e-02
1.477781122430865852e-02
5.902891076294743827e-02
4.971809262364768056e-02
1.265022756993006842e-02
-1.650781329524857871e-02
9.718728436433404783e-02
4.613207489051935478e-02
1.412542405080991770e-01
-1.020897286785424699e-02
-2.433004867798621573e-02
-1.533961114507330914e-01
3.755136051641248113e-02
4.369909629607830054e-02
7.501726693732625739e-02
4.478556531502080919e-03
-6.710048030903105476e-02
2.834740925903156059e-02
-2.712911366847805053e-02
-1.794178030976060004e-02
-7.382179632616228671e-02
1.965880991039998735e-02
4.599407407987923108e-02
-6.371266221707672095e-02
1.933971998270379508e-02
-1.552620781471013983e-02
-1.143429658155791992e-02
-4.129758004732816956e-02
-7.358513905784416775e-02
6.266813204515643554e-02
3.378632269313677772e-02
9.678612303592638508e-03
5.718560483748386103e-03
1.294248583120718131e-02
-4.152083790328522234e-02
4.027219658473754627e-02
2.641020892194968078e-02
-1.031947532562692837e-01
-2.508297742256864263e-02
-2.412209505281409649e-02
-2.832366471212703629e-03
-1.140959962544146021e-02
1.799002476259980521e-03
-5.962738500671109151e-04
-3.882230134719828751e-02
-1.526603589136625062e-02
-1.983572813194170795e-02
-5.062767626274542604e-02
1.994476256586012654e-03
6.218158230464397584e-02
-5.377128349608007590e-02
2.709111582509141775e-03
4.791176644896486328e-03
-2.436995133979671935e-02
1.470027197777811975e-02
2.624389856852712977e-02
-2.584119368036217473e-02
6.717976016550064600e-02
1.026904033160026646e-02
2.730337171256573894e-02
-3.190193180477200741e-02
2.374392291228078627e-02
-1.855036979618897644e-02
9.027049456687677442e-02
5.151877002645279847e-03
