1.367836808971480134e-01
1.587616739239232355e-01
-2.291842951688855823e-01
1.482028040303397520e-01
-2.371675818644277400e-01
4.304386196282486421e-02
-1.567341328548280122e-02
9.005719979156180666e-02
-1.041051151221418676e-02
8.641314044647417647e-02
-4.214744350658560651e-03
-1.377489787727934623e-01
1.189297550712507257e-01
6.623601322155613091e-02
-6.758704993164708387e-04
-2.304449716590397865e-02
-1.002699118667593342e-01
6.183019538945686358e-03
1.270290028752308134e-02
1.091756756945942153e-01
-6.023237597425416118e-02
-2.002655033464152690e-02
1.303708520069524332e-03
1.293920670057279732e-01
-6.176328797796823422e-03
2.699354866409847675e-02
-8.577442116774744441e-02
-1.413827555051681284e-01
-6.894974261710788699e-02
-6.960191380698654839e-02
5.230807344410330628e-02
9.147922878668490743e-02
8.823890284829051522e-02
-3.676572825628401930e-02
-8.625182315593236948e-02
-8.535343269177554301e-03
7.409608463667788879e-03
-7.087149954719687041e-03
-7.671691837354176202e-02
6.189139806375541786e-02
-6.707496173276934759e-02
-5.227729603481853782e-02
1.449546604891293056e-01
8.903284732167086879e-02
2.213300693486622978e-02
-1.215985860722509221e-02
1.712537454364029127e-02
-9.786128026759573217e-02
-1.291666946722925813e-01
-1.887729229182944293e-02
-3.232966123130649218e-03
-1.631340028358510552e-02
4.647177515437712209e-03
1.223043888346017766e-01
1.029367004309877758e-02
1.388861582671105099e-01
1.582518746628069559e-02
6.706383397380598355e-02
-6.690364354493136267e-02
-1.856761661991838258e-02
-3.678178603504129313e-02
-1.683707402897849023e-02
7.764548760172267083e-02
5.278924337598786543e-03
-7.453291960484445533e-02
1.003284382445983475e-01
-1.064926884939001173e-01
2.083581308381007163e-02
2.538970758186178886e-02
-4.758571312680862780e-02
-4.547457300777972555e-02
1.420954955096575406e-02
-3.533626901704297382e-03
-4.464446331776841803e-02
2.356739619390118071e-02
1.122665516043792749e-01
-2.910056869515676228e-02
-1.246224489272660524e-02
2.397317203736617358e-02
2.392725594587142568e-01
4.789866374043993263e-02
1.518734854823144617e-02
5.745670440143475777e-02
-7.852327762602641370e-02
-4.291455458651630833e-02
-1.249774807812809863e-01
3.847376882830747663e-02
-4.046260924202058074e-02
-5.462042879957748620e-02
3.178630262116460825e-02
4.190499217600706511e-02
6.868795856605185157e-02
1.139362788797187174e-03
-6.980689698713145319e-02
-1.497813963683462812e-02
-5.997238785898018065e-02
7.047287223243302486e-03
-1.236832801565282761e-02
-3.968120110468757039e-02
1.854905861683706428e-02
3.780874437253758241e-02
7.835329758641818021e-02
-1.668094734499112608e-01
-5.216665230487260024e-03
-5.440607858182417572e-02
4.150960458853635016e-02
1.038246322102961000e-01
4.173402613244006458e-03
-3.671392783402097765e-02
-2.419787529668667933e-02
9.206403477752263254e-02
-6.212529228854882929e-02
5.207157335170454343e-04
-6.444229594840013287e-02
-6.738280625447124784e-04
4.592003551058561339e-02
4.164613092240026376e-02
-6.983587846063415983e-02
-5.102341592909449136e-02
8.098578729865191228e-03
1.913386460767479286e-02
4.859664889997474674e-02
-6.276376506628586482e-02
9.257246067598204342e-02
-1.059521118234990796e-02
6.736097330966970761e-03
2.415572362744884335e-02
6.736206495690978679e-02
-4.645008306728396624e-02
-4.522412800224964724e-02
3.660786197959794899e-03
5.682347857333551466e-02
5.969665889479282284e-02
-9.461236200898909959e-03
3.474466664177507796e-02
2.652192184195782676e-02
-8.099698548646948326e-02
3.080336231754242024e-02
2.734030512774507718e-02
2.983566986085422340e-02
-2.360215283344816589e-02
4.534825885777461069e-02
-4.848026521841163061e-02
2.643839322087833399e-02
-6.857287781829141116e-02
-2.758081966483315675e-02
-4.576857825963161208e-02
1.268261677751389600e-02
3.832516394594851633e-02
7.764429031120129165e-02
4.895625862951259039e-02
-7.268469039853877635e-03
-4.428182514750002990e-02
6.890026634703340369e-02
-2.545164975912942579e-02
-2.700460599420765120e-02
-3.135464417378164281e-02
3.849077739659642616e-02
-1.233862112495187485e-01
7.526140045824725178e-02
3.675752329476989107e-03
4.241338286003936558e-02
-7.556463188999915093e-02
-5.626923870521995802e-02
-6.867806331203694936e-02
-7.831991430952806033e-02
2.255040353927398669e-02
6.413286677747875864e-03
4.203028510762630426e-02
-5.151588969207791628e-03
-5.543941073062543662e-02
2.839744222926544881e-02
4.849945708118073850e-02
-2.511281654158015880e-02
-3.296788750805383639e-02
2.911282331578731244e-02
-4.553471924926530238e-03
1.457965317977917910e-02
3.797872441214580896e-02
9.342098751136627965e-02
-3.497908908297497899e-02
1.599041355823051583e-02
-9.273825019876544284e-02
6.609519072758610059e-02
-3.588807908968868338e-02
3.116445105301843266e-02
7.203850566126699696e-03
4.310259962722646360e-02
7.746596445237054207e-02
-1.168150582950848101e-02
2.344277233639682767e-02
1.378138085330832541e-01
4.865732335786680796e-02
7.903004844641213500e-02
-4.051201508324087097e-02
-2.762892257225077475e-02
-7.881076820886492862e-02
4.782175543165510107e-02
2.801409797586269443e-02
6.882818241476118537e-02
-8.540290896185004366e-02
-2.409346452033731684e-02
-3.097010262985750925e-02
-1.633949417406566984e-03
-4.051046564844849873e-02
-2.666925900494121135e-02
2.172328707556611324e-02
-3.487150900818668242e-02
-5.959591041886178747e-02
2.021582788030015440e-02
-5.938029248173290475e-02
1.481534334035465757e-02
-1.047319319245090460e-02
-8.388129356689016936e-02
6.420819043704412143e-02
-8.756313799225532921e-03
8.947457709520422256e-03
-3.986167504357138180e-03
-3.740089087787372684e-03
-6.121609099527253184e-02
-2.633577838031103333e-02
4.112664769383168883e-02
-4.252543516706926846e-02
1.052312725007768270e-02
-2.220871795312967870e-02
4.430890504193937297e-03
-8.160203977288931626e-03
-4.377903355737651492e-02
-4.652473765273443945e-02
-3.161794244520295394e-02
1.140510779120623534e-02
-4.454244712246179655e-02
-4.057078796206956689e-02
1.889162456365885145e-02
7.488784581557809961e-02
-1.884323994082444387e-02
-8.491955573548533309e-02
-7.997562624288198641e-02
3.885042234056136634e-02
1.117434765042465798e-02
-3.417598885854881280e-02
-5.116092826691717721e-03
4.167468982277777734e-02
6.307928633309541067e-02
2.547788450731838794e-02
1.978909945271108833e-03
-2.380231163708047132e-02
-4.075119147209917136e-02
5.418207961104565956e-02
2.921195192807178251e-02
