5.577834633401985293e-02
1.630723134755769910e-01
-2.463090029570531025e-01
4.694843451152676690e-05
-1.070205534713696699e-01
3.433462311277767076e-02
-4.115354837024665785e-02
5.032456615584762760e-02
-7.192864215012150647e-03
1.322345073025653073e-01
-4.625227886591692927e-02
-1.114175645713270518e-01
4.038248816306429928e-02
1.158547239667811340e-01
-3.083237979945437773e-02
-4.656690549983068250e-02
-1.345674014584281319e-01
4.571661336988453589e-02
-1.094768461094562800e-01
1.173046990630811637e-01
-2.703738706712870143e-02
3.348312893805617529e-02
-3.717783679198122249e-02
1.882219063950867355e-01
7.481973155552042003e-03
3.094829125993455582e-02
-6.097952538868638139e-02
-1.434853716467497098e-01
-1.036829216039964335e-01
-1.191222251075467892e-01
3.217911642162007285e-02
1.740088602830755782e-01
7.134960000976718793e-03
-3.040651250761609511e-02
-6.065713697993751347e-02
-3.806477411550732159e-02
3.271035152405188384e-02
-5.448570172674491174e-02
-7.902369426455659041e-02
7.908654403423917567e-02
-1.232942821138315326e-01
-7.357839708808470991e-02
2.198289181919130947e-02
8.892672297420928240e-02
-2.218414845872133598e-02
2.841688799545679170e-02
1.141785927320330962e-01
-6.106593523596582501e-02
-8.821222755974124363e-02
-2.058481071304995788e-02
-3.034503650339105338e-02
-1.290068797042048365e-03
4.825759864842866370e-02
1.471261592064661977e-02
-1.046847057197731329e-02
1.135821381145044329e-01
5.558079886122519603e-02
8.580573391949054829e-02
7.494955239125821768e-03
-4.743680813168325329e-03
-5.311245143124864593e-02
-3.839856477755379527e-02
1.160536795491697859e-01
-3.585259959922607736e-02
-6.392388254970152173e-02
2.071875284516038612e-02
-1.304678105800287646e-01
3.820369614740134340e-02
-5.795208976162633668e-02
-6.658184395695541935e-02
-1.286548523057094891e-02
-1.528461751303102426e-02
-6.154644404887787967e-02
-4.527326491259902469e-02
5.250160662055221306e-02
7.189570612327690624e-02
4.338832132830448135e-02
5.625133378105184878e-02
3.407772897221715558e-02
2.287800648160343286e-01
5.219106693887465287e-02
1.269640904688386189e-02
5.629498517846527605e-02
-9.661249423538779968e-02
4.178414105939526335e-02
-5.254391859664454129e-02
5.831472949828121061e-02
7.872651445195363862e-02
4.943048525194230353e-03
-6.433481014218902540e-03
2.290125402755870121e-02
3.546698363529380421e-02
-8.109213856984243129e-02
1.416475825617853450e-02
-2.056234964781912880e-02
-2.710566321036858226e-02
-2.501973773963552319e-02
-7.276729161781496369e-02
-3.288677735293683152e-02
-2.031465973582415388e-02
7.815420376234128927e-03
2.177538454682946198e-02
-1.719501697125382922e-01
-2.759723083521385331e-02
-4.747596044722322134e-02
-5.442319539842671583e-02
5.131226917568449536e-02
-4.426262000962118831e-02
7.896919012002859284e-03
2.969421511788013224e-02
7.223595348297383312e-02
-9.969175516433365081e-03
-4.398089505841559083e-02
-1.088904543239041095e-01
-6.330998111086206213e-04
8.389589083627804755e-02
-1.563252361515374972e-02
-1.133593133572909917e-01
-2.861409202688706618e-02
1.103832909024794889e-01
9.884070746338586427e-03
1.640248480997007555e-02
-8.287226384972644355e-02
6.596031811982661086e-02
6.696979532216552899e-02
-2.598748681620158263e-02
9.227410857633104591e-02
3.084907104976352191e-02
-4.435277336777244256e-02
-5.071234580037553563e-02
-1.268332393090076601e-02
1.087311318749655843e-02
2.640559233320475055e-02
6.747235307067113441e-02
5.683212747236453255e-02
1.812147752699343889e-02
-3.905508728971352622e-02
4.889475106763703505e-02
2.639841440868908803e-02
-2.709718020866825477e-03
1.673277237009981530e-02
4.209766868094298037e-02
1.475977041997677923e-02
7.113192687301952977e-02
-7.314353163249950884e-02
-2.296183708423634243e-02
-1.826211676570938663e-02
1.634324117461354031e-02
1.023039701818513787e-02
1.245847286963744187e-02
6.388215442392866650e-02
-8.944277796833524988e-03
-4.215282536406332603e-02
7.038126708288167110e-02
1.234221796779287790e-02
-4.871482213683536039e-02
-2.241682998309265512e-02
1.151926377045183608e-02
-4.489654408000433999e-02
3.296456682197019400e-02
-3.373164310932567911e-02
6.737855923405740299e-02
-6.344660208561470061e-02
-1.526390799875856387e-02
-1.147459235218618590e-01
-5.604128504259354993e-02
1.749679202931226848e-02
-2.249867206022576963e-02
6.002960091893193989e-02
-4.818691841563808170e-02
-5.074191610184914519e-02
-1.039105888844477424e-02
5.524752336122529944e-02
-3.247804778518138813e-02
-3.946876241311610828e-02
1.832706152771472691e-03
-8.016694187832375251e-02
2.609968910994639457e-02
5.602009471041095694e-03
8.719048950069375678e-03
1.086799591116721121e-02
-3.789497670495503047e-03
-8.796628919870463914e-02
2.647932919413836100e-02
-5.164698712941481057e-02
7.456833247679007896e-03
-7.284872156531081722e-02
9.202051147286864630e-02
2.098969373752427106e-02
-2.833951065606069020e-02
-3.002494915178356705e-02
7.212876543314905575e-02
6.106988481165626786e-02
8.449344446617275406e-02
-8.097794431618417221e-02
-5.515400427770306840e-02
-1.101789432906699895e-01
3.020013859175672138e-02
-3.733231671768191817e-02
9.951055550048375220e-02
-3.943067476580573716e-02
-3.560738246505468219e-02
2.818424081522191010e-02
-1.774053236561680749e-02
-2.400854333047467218e-02
-1.248090989397275946e-01
2.358937314524191600e-02
1.171567788674402269e-02
-7.911996087899391891e-03
1.167212952173991500e-02
-8.347613680072583919e-02
-3.005111938374976444e-04
-5.412508829413991557e-02
-3.346880743316129475e-02
8.075649332442827455e-02
7.018773787405032522e-03
-1.273566439483314952e-02
3.412333798540757857e-02
9.506388277923619179e-03
-5.367346289997270564e-02
3.213127503956113989e-02
3.376887215322508812e-03
-3.568640832299983107e-02
-7.001412826435335357e-02
-9.883109110518305609e-03
-1.361724403307483164e-02
2.488514306893276420e-02
1.260385159918191340e-02
-5.373095498437086698e-02
2.657047853224632841e-02
-6.567509006670427252e-02
-5.274126000462057116e-03
-3.447093499030236263e-02
1.804877099015298261e-02
6.829870733751959577e-02
-8.600269754196576688e-02
2.858781876251156179e-02
-7.987151361667917115e-02
-3.523258490410054872e-02
-2.508639970846279418e-02
-5.149133950307521052e-02
-1.592403664524433965e-02
6.921641700729466717e-02
3.580410567857481713e-02
1.602260431682303934e-02
-4.451000082438821837e-02
-2.170137293280434074e-02
-1.527002125504463119e-02
1.146664855342794526e-01
6.848701623761228874e-03
