1.224461417161888943e-01
1.061669952819994794e-01
-2.065275065293953050e-01
-7.577694169853853301e-02
2.284651225685146655e-02
-6.286930111370958585e-02
-1.309589428619766793e-01
4.965543025218150525e-02
3.838111168782173954e-02
2.635114973192098642e-01
-7.996230786226554699e-02
-1.367315994973251070e-01
1.220301992639218902e-01
5.128521619853796537e-02
-1.051307065181359413e-01
-7.806453130793326867e-02
2.284613674455631196e-02
7.325052626942503420e-02
-6.321990442661958032e-02
7.848626290808391470e-02
7.155884337975047804e-02
-2.946957906996155313e-02
-7.388301414523158750e-02
1.445941385186689902e-03
8.233326120118476810e-03
-1.388601283570303213e-01
1.067808327138133201e-01
-6.104662701840835731e-02
1.469686279317009361e-02
-6.049305930996694280e-02
-1.472863739187848242e-01
-6.626590370146293041e-02
2.145458205678461155e-02
-1.697515534399060833e-01
2.116174192267688825e-01
-3.633641594800994523e-02
2.999091530640214231e-04
1.056683462467245260e-01
-6.785022136741435117e-02
3.849827152391018664e-02
-7.732455303763850936e-03
7.019842491978540988e-02
-1.780960937847730517e-03
-8.622879445843444068e-02
6.009717547279947586e-02
3.446605179122399359e-02
-6.725985345404771054e-02
6.849807395463100579e-02
2.587382979501085326e-02
-6.412119652037477635e-02
7.016350227633595671e-02
7.612009735092793716e-02
1.941896119743907051e-02
-3.271628966656541654e-02
-1.310281310023590495e-01
-1.801811258036227839e-02
-3.054855106470773934e-02
1.156175445068638036e-01
-2.546283158796339152e-02
-8.005308795961935120e-02
-2.152830763740009798e-02
3.782062829461121239e-02
-9.311024502330261798e-02
-4.731016821278916790e-02
5.212001132335943032e-02
8.687117082468008566e-02
5.883967867439821725e-02
-4.714325299759264398e-02
-1.567557300510981702e-02
-9.354981345747314520e-03
-6.801278689852531534e-02
2.384800354803061351e-02
-3.298668981176847842e-02
-1.411469982345260055e-01
-1.361844467905925782e-01
-3.092653548247279935e-02
6.657635849148256513e-02
9.221305227210285782e-02
1.544350640670385209e-02
-7.377129923742288542e-02
8.270658300795163910e-04
-6.745324228605267813e-02
-3.040942375935270711e-02
6.082720266727262293e-02
6.277717543063149330e-02
7.252932361388804428e-02
2.925700781821239868e-02
-6.622728852044447445e-02
-4.805233697147232724e-02
-7.010257540644701524e-02
3.173704747887421546e-03
7.859406622948474086e-02
-8.691923639845995642e-02
5.930534521308203355e-02
-2.795670261816343358e-02
-1.602983756289756700e-02
5.337813397558595699e-03
-3.467928018948966684e-02
5.291656677945758003e-02
-5.747034179742320503e-02
3.300612257304277181e-02
1.798218857079242339e-02
-4.258221807525402330e-02
-2.570372272530550839e-02
-3.095601319764249015e-02
4.195504995696217043e-02
3.295427058362007666e-02
-1.039569489615543019e-01
-3.239281711698039495e-02
-9.639118982414814768e-03
9.292139363153077702e-02
1.331845103572882813e-02
-3.617034563547751741e-02
2.466796593719344441e-02
3.152147212876382082e-02
4.377174714823217627e-02
-1.455576404826549285e-02
-1.414489101198308611e-02
-1.526332309041184172e-03
-6.623896069428554523e-02
8.658684543186501159e-02
-6.784461997567828306e-02
6.129362023054674841e-02
5.278742184261542986e-02
5.786628821997318733e-02
-2.764186685136698837e-02
5.233671321035530261e-03
6.167348220978757789e-02
4.651351887861723128e-02
-5.853695317912053359e-02
4.564192354887055408e-02
-4.299881767403754967e-02
4.116065369656116135e-02
9.833728229379041716e-04
5.118764558718012087e-02
1.305521691682497154e-02
-7.139095809112480651e-02
-4.888788312088410137e-02
2.684487329759115831e-02
5.524208313066300557e-02
-1.462805016508288668e-02
5.334637189395407403e-02
-5.917313359249611049e-02
-6.587806208595005375e-02
-1.566250830650754156e-01
-6.563385392333405399e-02
-5.640075761005590438e-02
6.429853220176187656e-02
-5.838496457765642543e-03
2.423196486982689274e-02
-2.076410882406783120e-02
-2.311750696318853188e-02
-1.761478108267423848e-02
-3.508621034667294691e-02
-1.343980409244651189e-02
2.313866082248227513e-02
1.018556760359391189e-01
3.872182651029263539e-02
7.201800103865160785e-02
-4.352697571717345504e-02
-2.815860306219192602e-02
-4.207940711204109091e-02
6.868119878390172885e-03
1.756051955602429965e-02
4.918675961513644529e-02
-7.335135132067421848e-02
2.188060075563828116e-02
-3.490612090845472693e-02
-9.701485316101855771e-03
2.636346653520208264e-02
-1.056664373925574885e-01
3.283507672259953353e-02
-1.272138648643192371e-02
-7.886374664278876512e-02
-4.763498634809849343e-03
-3.990531609385704337e-02
2.949476968642821689e-02
-4.852470014608641774e-02
-3.371677959162414084e-02
3.951412616037901920e-02
3.977175888754680422e-03
-1.066150127428110023e-01
2.393130469217256279e-02
1.297497306861941646e-01
9.814577102326121211e-03
-5.270793840680755571e-02
5.398108155084029719e-02
7.908723904378868463e-02
-2.286531916430049535e-02
-2.693696768797799318e-02
3.471492256483815764e-02
-1.201079205323307177e-02
5.268083893617385438e-02
1.364367597602456766e-02
-1.517686138445233611e-02
-2.971873147779708485e-02
-2.019301720851916435e-02
-3.729650700864822060e-03
-5.846310242773999216e-02
-8.714013150608504454e-03
3.626256519662940381e-02
2.423124513792784471e-02
2.056405464882385056e-02
-3.183111330881061712e-02
9.117357165373050909e-02
-6.425328297019566176e-03
-2.723672037758569781e-02
9.935398183292334234e-03
-2.294301891670637653e-02
-7.044876644988892767e-02
-2.672173655747148852e-02
6.528281251274639478e-03
3.399384508006622618e-02
-3.765480832360888850e-03
-2.211047686565584171e-03
-1.843871764362746413e-02
3.003190873195659208e-03
1.608769774904274599e-02
-1.876347319355425869e-02
6.697474574395105573e-02
8.206996449689839268e-02
-5.151440386934774684e-02
-7.292649045139729114e-02
-1.057117492095062256e-01
-4.363412189205776587e-02
-6.000933688842439995e-02
-8.912371261986032356e-02
-1.744107535347365692e-02
-2.149244621321277221e-03
1.047103517964008759e-02
3.536020915137125242e-02
2.578035852620844809e-02
2.208606856647075001e-03
-2.118571525345342571e-02
-4.855367717819589896e-02
-1.170481837660229257e-01
-1.459425405851891115e-02
4.525076490808379454e-02
4.428015950318116983e-02
-8.402125155329029371e-02
-4.502720992170135272e-02
2.254256634661452527e-02
1.386735613317206751e-03
3.799671226834778343e-02
5.248998481216118200e-02
7.618675078331799480e-03
-3.917278548408287264e-02
6.909019425870836610e-03
4.055532787677084593e-05
-9.356483394927936348e-03
