3.827182304748343034e-02
1.664032068006120468e-01
-1.643824512168861884e-01
8.671880004906304396e-02
-1.931631615622794174e-01
8.491210087305835208e-02
-1.914831539529949708e-02
1.039771382520898457e-01
-6.950029046251222919e-02
4.015190582198169961e-02
9.602611318619151681e-02
-1.007760790060273836e-03
1.468827035598995190e-01
8.943714793522504480e-02
-6.153718416911397454e-02
-1.303514258165935392e-02
-5.802857343723004380e-02
-2.845003603542503590e-02
-1.615837291109769062e-03
-3.912639960873905143e-02
-1.012410449427454499e-02
6.529742141679004130e-02
2.098021665715713371e-02
1.778876503415098564e-01
-1.131843600326017524e-01
7.566146554209419832e-03
-5.524845713865745439e-02
-1.120733172946860590e-01
-6.601906862620676719e-02
-1.328501247980314395e-02
-1.428230526265280263e-02
5.087118105499129073e-02
3.344886797189135230e-02
-2.723933213296992825e-02
-2.738244269730135544e-02
-2.663372923636403780e-02
-1.543909175810529236e-02
1.061696121732775069e-02
-3.783567997993430437e-02
1.160896263762848102e-01
-7.554717784693174010e-02
-9.519161225520281211e-02
-8.006182860056734740e-02
-3.261960104450797177e-02
-2.822576256587158716e-02
6.862219673437248979e-02
8.263236965888907243e-03
4.917202989827375303e-03
-5.680313545613259463e-02
-1.111994537886382695e-01
7.554563632532194928e-02
6.826191086976056421e-02
-3.864092784967689768e-03
8.840633601969756505e-02
3.199775839698972002e-02
6.582967656424211500e-02
-1.558836840887584292e-02
-5.866687093169923456e-02
-5.373561500068500113e-02
-1.200527350376761893e-01
-5.304189442694318135e-02
-5.327763968522059024e-02
1.044771648430955213e-01
2.065352162390255916e-02
-1.006046833126234274e-01
7.082037070058237000e-04
-1.330602019290390015e-01
2.064033623673795781e-01
-2.528722803488903104e-02
-7.526084917024961074e-02
1.655924022832062914e-02
4.548571398918770103e-02
-2.723994157174589037e-02
5.745419531555719106e-02
1.158102166221768037e-02
5.956450255000947380e-02
4.717475563209225231e-02
-4.153676581700245507e-02
-4.400900798569573613e-02
6.571592660917607853e-02
7.483800620775232955e-03
-9.931941278346258228e-02
-5.707358287529999859e-03
-6.642534919373381530e-02
2.598826187394237888e-02
-7.929250176926665172e-02
3.271449424685899526e-02
8.320925723434528798e-02
3.274987754520446159e-02
-2.612882713515067568e-02
-1.019904395411382475e-01
1.011416705729241278e-01
3.832409138485697725e-02
-7.416400277087981108e-02
9.509478318850463074e-02
-6.998866601809514143e-02
-4.849397548600808266e-02
-1.166852990057765278e-02
7.293619873335805033e-03
-1.035289498063805651e-02
-6.192980613819156627e-02
8.847394787448942255e-02
-1.069101519847489856e-01
9.065638398054359781e-02
-4.099142566053712300e-02
-7.607742543135709301e-02
1.755416695474596930e-02
-6.721070067990829108e-03
-1.973176339993223949e-02
5.483851993847463357e-02
-2.336620531438211856e-02
-1.145927730438463937e-02
-9.528718659500933288e-03
1.656361384777163895e-02
-5.244837275783720970e-02
4.602728996497797848e-02
-6.243155349750583588e-02
4.022973473860583238e-02
2.599589778331176659e-02
1.036094674234868673e-01
3.649724487990584076e-02
-3.791146548419198348e-02
3.817176754020662477e-02
7.257397700439896515e-02
-9.609791941373554969e-02
-8.263111493199738755e-02
4.999323072421058695e-02
8.203045924427869451e-02
-4.185819099731195869e-02
-6.039968461845364456e-02
-5.437925404677877717e-02
-1.407025641795832394e-02
-2.124811877320140208e-02
5.933621395440263208e-02
-3.537361902373355443e-03
-5.385398952058038230e-02
-2.840328849637489481e-02
-7.051346450287662715e-02
-5.634605637416225526e-02
-2.943108906736233849e-02
3.303742509943851519e-02
2.350641208219278813e-02
-3.477798224358160523e-02
1.412633554014861570e-01
-5.513728833605430896e-02
2.396657420738270566e-02
3.941828493308435072e-02
2.986762647764884190e-02
5.056466920002293530e-02
5.180799600166181157e-02
9.104524176894614185e-02
4.766248589955943832e-02
-5.347606578080536799e-02
1.018632102343215579e-01
8.166443748530479579e-03
3.162854604677696468e-02
-2.883563153390919856e-02
1.800014708112588624e-01
-9.541674610891057173e-02
3.100763548209253817e-02
3.696034665095626615e-02
9.324617613431772367e-02
-4.779057559053041804e-02
-6.711329802377390130e-02
3.446118162810144631e-02
-4.002256140411903501e-02
-6.271361610275624776e-02
3.353193089212078842e-02
-2.600543370768855847e-02
-5.258868707366716466e-02
-4.443020187856393938e-02
-5.547498911661592758e-02
-2.760076517645424637e-02
-6.541844878782784867e-02
-1.421069262154347201e-01
-3.999682157816964595e-02
7.738151686389320785e-03
9.835947501264531018e-03
9.712704641029420993e-02
-2.865075648875460568e-02
-5.741777238635861758e-02
9.251531564458206902e-02
7.022874904648380989e-02
1.055028503030369796e-01
5.301066965201014364e-02
-1.471285583319899108e-02
8.515508769796776428e-03
1.812764884292476439e-02
-1.300205364105867616e-02
3.282828005126478543e-02
-2.993086471298968265e-02
3.327793831990432522e-02
9.811785046264688212e-03
-2.389516232257604331e-02
-4.083433385369837632e-02
-9.842066983561970073e-02
-1.469925817862711981e-01
7.232984300061713612e-02
7.369502170810834918e-02
5.183007919495543486e-02
2.528317705949588087e-02
-7.810316407330993027e-03
-6.263998155888431119e-02
2.402622750874730214e-04
-1.404666755239467567e-02
3.316350722738280882e-02
-1.518011612766185549e-02
-3.348346258476204984e-02
2.952910116227268583e-04
6.126379710408606794e-02
-7.107332364194571261e-02
2.872041175591290990e-02
-7.155510291901234776e-02
5.563709983102141376e-03
2.493174598180527071e-02
1.492192918269319348e-03
3.683566264726270689e-02
4.389353726232109870e-02
-1.338169814914228449e-02
-4.078202966698506182e-02
1.037409269523955208e-01
-6.433845157814636895e-03
-5.528111588718098192e-03
-1.778661407376524312e-02
-7.091784505539627803e-02
4.025601230465165881e-02
-3.090320635536472540e-03
-6.089010358640301220e-03
-1.303270482655551239e-02
-5.905569287076200408e-02
3.497665928454471440e-02
-2.226835513349898280e-02
-8.266481331137401356e-02
1.580737202548422593e-02
6.529781575952743611e-02
-2.022870694771835513e-03
7.176259889755701171e-02
-6.452917006568223250e-03
-1.209226909656898816e-02
1.137173321668490632e-02
-3.112751567425793911e-02
1.346859694872629327e-04
2.944567974864562704e-02
-5.060568084471109979e-02
3.152081878079101424e-02
3.400274027122012974e-03
-6.505601196283017362e-02
5.044503995323587099e-03
9.877281790010555146e-03
-1.798478922397168250e-02
