-2.147569213918473219e-01
1.067109032880488584e-01
-2.813650492211496323e-01
-9.866888161726553898e-04
7.004709866331856882e-02
1.822477669024654412e-01
1.072188604462661621e-01
1.586528736301011377e-01
1.046984546854951882e-02
-4.336632420017382666e-02
1.568585453687460496e-01
-1.399288970680633015e-01
-2.391081194836384288e-02
-3.662742820419145895e-02
-1.041353628955780063e-02
5.515093717991706446e-02
-5.258693498731323995e-02
-5.937132741810057651e-02
9.405405076207133674e-02
-4.219236418196799232e-02
-9.333201508715975592e-02
7.959219541258631681e-02
-1.428912780656563762e-02
1.393133997416243913e-02
-3.205529559760694064e-02
-8.591958531031755608e-02
-1.889939865462675686e-02
-5.418331748448271257e-02
-2.364455244095362008e-01
1.999266036478066985e-02
-3.887081353162834263e-02
5.320077412934012817e-03
-2.043045559506412659e-02
3.448415576063065119e-02
3.421352624638456658e-02
-6.802287004233779737e-03
-1.458121008164230646e-02
-2.638900309764532701e-02
-8.351753246195495195e-02
1.442108128570346592e-01
-6.083643698265132210e-02
-1.228994467930817278e-02
-8.589395254294833124e-03
-3.003559243825065003e-03
-1.247717442673106081e-01
1.425416775187875575e-03
-8.886424446200712202e-02
-1.382210707602022325e-02
-1.115835818193131046e-01
1.098937191759156440e-01
4.091608036733670323e-02
-6.040409994272411681e-02
8.148898565240117464e-02
7.961140271535895041e-02
5.522541729642390512e-02
3.724119825520118277e-02
1.216282411682122616e-01
-5.465873277361401467e-02
7.093920187698857238e-02
2.446450735994620124e-02
1.292278385105618838e-03
-9.700136991792186400e-03
-6.751062924105609431e-02
3.528834065495469602e-02
-1.103576999017056963e-02
-9.515940340022961685e-03
-3.675842477274151449e-02
9.936569907091087617e-02
1.433289696594140968e-02
-1.101955432844129723e-01
3.017418901868916190e-02
1.317410242600388498e-02
-1.129925894779236356e-01
-3.552977921444739479e-02
-6.474025218017218086e-02
-8.848417477656730923e-03
1.974869998316133857e-02
-3.993039337091297547e-02
-8.206717382956950357e-02
6.189860773507974145e-02
6.160144727024124273e-02
-4.405968710296079283e-02
2.809758940669523485e-03
-5.708410384027074597e-02
-4.575611339298917696e-02
-5.400153901831435815e-02
-2.615775546318486328e-02
-1.612622340754756023e-02
5.865920630415255577e-02
-1.753937652718816007e-02
2.425295066537854621e-02
-5.490144951692432079e-03
-3.491659643708360655e-02
-4.345310251773652765e-02
3.189870080719623552e-02
4.407163984893081726e-02
2.881026324878058556e-03
5.028236956417430660e-03
2.639636129097369319e-02
-1.078816160284478132e-01
7.328484190983372559e-02
-1.817691388810358313e-02
-1.126096179697627792e-01
1.737031080817867321e-02
6.884574405680570375e-04
9.068600185717780315e-02
5.008235106947367399e-02
3.580033963767631500e-02
-2.054169213270420555e-02
2.139959529287617512e-02
-2.400508664128923886e-02
8.360773078486743309e-03
-2.975777745821912498e-02
-5.983440996066741874e-02
2.086071990447629573e-02
2.577709850409913919e-02
1.085589498152518678e-01
-4.300217999419120307e-02
-2.941667510646193973e-02
5.581939277101506669e-02
4.845940307620319812e-03
-1.165772732671466368e-02
-8.635696599449801947e-02
7.729806273303972686e-02
-7.927655310065544192e-02
6.913900087917423942e-02
2.582902040350070622e-02
5.352722918545774894e-03
-2.642299587809186084e-02
1.038292896895248729e-02
-7.855306651438334620e-02
-1.194402322910353420e-01
-8.697004513533605763e-03
7.708612603787765027e-02
6.061997482586475167e-02
2.633697756171800991e-02
-1.043827087370385528e-02
6.483317959826280508e-02
3.146816013371539489e-02
-6.615824167101452824e-02
5.541272304396567712e-03
1.566562814159874403e-02
-3.680792848654221294e-02
7.363793155306952443e-02
2.215852557095533693e-03
2.680728011557889298e-02
-1.324277889706862964e-02
9.849836498689551467e-02
-1.299712578552869070e-02
-2.672651271650979335e-02
7.159083380540622044e-02
-3.785351739485037781e-02
-9.247763556886334779e-03
3.714360719345172895e-02
1.809120648130698936e-02
-4.141346659992733992e-02
5.315033768680766518e-02
4.194463833991301377e-02
-8.597921085813334252e-02
-3.652303167725099581e-02
2.749691210343880102e-02
2.674703274860861651e-02
8.155980394499812158e-02
6.772868049123750844e-02
2.742181016777745645e-02
-3.793490661307398482e-02
4.889087647841581022e-03
3.446553573150394623e-02
-4.376328663931114589e-03
-6.080928421290439367e-02
-1.831101955242618942e-02
-4.828011188665288361e-03
-9.236460266477690417e-02
-1.450811869458054348e-01
1.667929699997540774e-02
2.149487180555050003e-02
-6.692511741606797793e-02
5.874356643611438472e-02
5.548399042817421523e-02
7.039939375985693193e-02
3.490378005339898893e-02
1.751792376635757237e-02
5.121648011628230843e-03
1.143725789093237057e-02
5.684957438249482048e-02
2.035172638100147396e-02
1.101849378132777196e-01
1.296748573916372549e-01
4.914803324431417375e-02
-4.017262647710311343e-03
-4.562864046631467246e-02
1.390149956384768570e-01
1.322640432599987356e-02
-6.488682877309356195e-03
-3.774639177273177854e-02
-1.333204449124936533e-02
-1.307529190780142569e-01
-4.197607475272434330e-02
-1.090584433238661263e-02
2.608752444423384151e-02
-2.895058710464828641e-02
-5.698292004562857671e-02
-2.664349985938273963e-02
-6.120952847535717639e-02
7.176553044231488709e-03
8.575266141284027671e-03
3.115313964093903085e-02
3.157480211871381559e-02
2.926222213758343169e-02
-7.065413234015442689e-02
-3.327675569011561557e-02
-1.139407600520252715e-02
2.946161881312955866e-02
-6.779113877075715333e-02
4.986274527140597407e-02
1.611838157709901895e-02
-3.187800804755449441e-02
2.957914263333190699e-02
-4.243269728518600514e-02
3.467018332435482103e-02
3.555990289793253822e-02
9.283656340304981616e-03
-6.079415328014465408e-02
3.759418426191122459e-02
1.379301975779259962e-02
5.558997604850954288e-02
-1.429251326640685726e-03
-6.931867206931897375e-03
-2.189929607454193378e-02
-5.469825283543396782e-02
-2.199377804051883337e-02
-4.020948653476210527e-02
-7.251140251814933158e-02
1.499281981641918497e-02
1.249725227632000890e-02
-1.170771467763553376e-02
-1.797817357722054617e-03
-3.413621339817386052e-02
4.175577804448496466e-02
5.617690423934959543e-02
2.248014425587121709e-02
1.368824323025770451e-02
3.154485116277159357e-02
-1.449909540773843264e-01
7.892909437531882288e-02
4.309068558718308697e-03
-7.644471958000083681e-03
-3.582887422776659479e-03
8.679603940859907663e-02
-3.989118421867027947e-02
