-1.889229001538138553e-01
1.601618474036669848e-01
-2.517517647588694008e-01
5.346292211407623063e-02
6.962378818249939649e-02
8.820462170234313892e-02
2.154698528751148034e-01
1.867568153521786678e-01
-7.167186830117468557e-03
-1.572855815083192693e-02
1.790186403254513392e-01
-7.708022831020518162e-02
-2.745476517370360608e-02
-3.605905971532672588e-02
-3.016627561682148212e-02
9.090625570370733377e-02
-5.416702013985742747e-02
-4.343351512411540438e-02
1.002178606777720249e-01
-1.937221331807774394e-02
-9.786689162047133850e-02
2.952529796446249494e-02
-2.214127368477061125e-02
1.546309033234586489e-02
-9.883129710935865953e-02
-1.197801186068952056e-01
5.037860162566169808e-02
5.206873762347924428e-02
-1.501649404002381172e-01
9.761546953748962904e-03
6.465819349997578569e-02
-8.670552137720029251e-02
-6.087852366774870044e-02
2.158265667125707291e-02
2.537336487956178693e-02
3.953358508935839177e-02
6.096324234978100359e-02
-1.065518380739929050e-01
-6.112697256584263134e-02
6.949132766956787888e-02
-3.096592565347897064e-02
7.165854023098808603e-03
8.842901172502330362e-03
-2.474732150071959347e-02
-9.272680174212000193e-02
1.916928490585191255e-02
-9.918039002463095721e-02
-4.528806482877338613e-02
-4.778280617139472192e-02
1.912553466110090417e-01
2.294075284873340129e-02
-5.998878954644532024e-02
1.323306496835390759e-03
1.116163338722089282e-01
3.923975240355211114e-02
1.919279698864264846e-02
3.334191047328374791e-02
8.908789683578685267e-03
-7.848046169419455043e-03
2.063496253191142091e-02
1.692709340599730938e-02
-5.101561503150364024e-02
3.008384662889815753e-03
7.927259333228522942e-02
-9.807067439617066229e-02
-5.785096708851353298e-02
1.378119039841286045e-02
1.057140150773394210e-01
6.961210049018190515e-02
-1.340504491811565502e-01
3.357385306906965350e-02
3.065394628749554262e-02
-6.838731918911059027e-02
7.137933424784813179e-03
2.212794561458400477e-02
2.380830769426470553e-02
3.904734974931981656e-02
6.094489062237021249e-02
-7.162573267360566875e-02
5.583900945749783323e-02
-8.199503962786391931e-02
-7.488150682388226842e-02
-1.594276416090796089e-03
-6.881111764650575668e-02
-8.203273414431476451e-02
3.687658303584984837e-02
-1.289740264688504778e-02
-4.386954806645109589e-02
5.109773644857650010e-02
-6.803002438449269607e-02
4.041128977295488367e-02
1.060535049471695614e-02
-2.902464096899122839e-02
2.923508777978386236e-02
4.051955471231685757e-02
5.558041072133870775e-02
6.042478831424206998e-02
4.690865563984799452e-02
-8.368626921092754689e-03
-1.466303703612888143e-01
6.391739201937300663e-02
-3.854532577229094481e-02
-1.378322378347979216e-01
9.153855302317555342e-03
-1.042323437670559724e-02
4.772146287399738757e-02
1.510333496092429104e-02
2.268642592994178468e-03
3.631721418247962213e-02
4.017039344796669714e-02
3.898836449510933999e-02
7.875201258061194365e-02
1.556154717903205850e-02
-6.947820464661491960e-03
6.648591619156585253e-02
7.051458171450990242e-02
1.465831411484737161e-02
-3.137191917608638664e-02
-5.985947309109629355e-02
1.556841626135900200e-02
2.396797114019247159e-03
1.894745797359225631e-02
8.854281293969354372e-03
1.005077974661391371e-01
-6.437242600535934833e-02
3.893922150811358895e-02
-1.081036355381812496e-02
8.194360694675920098e-02
-5.982112925840558926e-02
3.585804507728153345e-02
-1.666227490375110989e-02
-1.372356187339830724e-01
-5.791559114164910324e-04
8.412848774481139491e-02
5.317630025598630433e-02
1.174158556539468649e-02
-2.424478490560661934e-02
-6.264090464088543572e-03
1.927532850018279231e-02
-4.044707051522507951e-02
2.279294796781782331e-02
-1.153407776495089451e-02
-4.595891102816594687e-02
1.223986743040962333e-01
-8.365318825723359886e-02
5.971822972165719001e-02
-3.787735023416934077e-02
5.025721366334675450e-02
2.160035908242799799e-02
-3.872033358620277643e-02
4.597131638580116697e-02
-1.378358261613866174e-02
6.590764881816179796e-03
1.109886842900365544e-01
1.037094733212736960e-03
-9.481657479830211260e-03
3.585664392118499688e-02
3.925683967302212585e-02
-5.513395454462630824e-02
-6.475952100793294641e-02
8.408645306191515683e-04
1.521306940546069027e-02
4.624341406484159395e-02
6.317508685905687260e-02
-9.581925577080227172e-03
4.547537547670362119e-03
8.128584959578065774e-03
-6.410149026064289324e-02
4.646066160888329133e-02
-1.823095459017583242e-02
-1.442203135261608572e-02
5.499770065787246143e-02
-4.178613147451181592e-02
-6.807089713306495316e-02
4.067142636336630590e-02
-4.937492959153230027e-02
-3.817784695506892118e-02
3.044513985457203073e-02
5.241977848747111229e-02
-7.825251751946461776e-03
2.782487543042400438e-02
1.197094114858283237e-01
4.766804806963414326e-02
-7.453193546506482747e-03
2.071141097552024399e-02
-1.733947756738651131e-03
1.413594945224140309e-01
1.425813709876754543e-01
-3.739750553291254498e-02
-4.028836395638763987e-03
-8.107379658165785041e-02
6.692170991212895159e-02
3.238485251026853445e-02
2.222059278965039450e-02
3.481907074442710040e-03
-5.585223500406761438e-02
-6.267063648976325951e-02
-4.104440728135766436e-02
4.746047192011246946e-02
-5.607641997951413881e-02
-5.544473780174683647e-02
-4.250994820926141254e-02
-6.640013809882640283e-02
-1.599402596931798898e-02
-2.491904855889318267e-03
-3.688526336874060896e-03
-2.250936764369354873e-02
-2.412780545881493960e-02
3.455486738388181822e-02
8.193789979875621549e-03
-7.964437814141370198e-02
2.642976822727563166e-02
3.542020088438202399e-03
-4.995661441883034876e-02
7.047374314047659405e-02
1.401238115434208509e-02
-5.641016852680235533e-02
-1.789064453141112759e-02
-2.041299890149600102e-02
7.636386162494451790e-02
5.348281169573932542e-02
4.692266720081340534e-03
-8.008529804281781794e-02
1.004376029631563402e-02
2.656786753913224775e-02
2.682885849301716932e-02
4.587931852697463980e-02
1.085075785884522838e-03
1.818082054155082533e-02
-5.622853085233615877e-02
-2.763260947434745957e-02
-2.298480382942708414e-02
-7.543106758457671090e-02
5.196269402914836799e-02
4.493822007364441096e-02
-2.610951862286872358e-02
3.585691731749651723e-02
-4.367895666278261840e-02
1.949882998485051241e-02
1.616230139905864074e-02
-4.349602035583670367e-02
1.396884279173250289e-02
6.781253761867842142e-04
-9.946731945357134563e-02
7.102538854804636703e-02
-1.607105538008879106e-02
6.851311566694879077e-03
5.243683158240218523e-02
2.054867182108787577e-02
-1.520408150171946582e-02
