-1.804056228291282815e-01
1.464550622929756685e-01
-2.007248161799674857e-01
5.484973283098957229e-03
9.044154412673825749e-02
1.432749363674059861e-01
8.214560392962967639e-02
1.808649164994047820e-01
6.543331411374544992e-02
-3.775300869604285986e-02
9.387152305041779332e-02
-1.410101220392454002e-01
-2.619856610845932091e-02
-6.349045361436649049e-03
2.691378152203849003e-02
5.050158034483843289e-02
-7.044775275535847259e-02
-1.127186663954181517e-01
3.657715483342288687e-02
-3.974966034599473202e-02
-9.404824077265254434e-02
5.284056439407745775e-02
-1.316650475169242052e-01
6.098061369904490131e-02
-9.103190200427604961e-02
-1.365930410210460244e-01
3.407883174136498022e-02
-8.664195793191056816e-02
-1.234340015155709208e-01
3.453809093013467113e-02
-6.759292536472785717e-02
-2.057214968455900461e-02
-2.711804996818847902e-02
-2.886743473303881105e-02
7.426916574397633697e-02
2.113612920941200426e-03
4.325591236266611989e-02
-5.788182964796338009e-02
-3.933826148863223127e-02
1.241839398064750466e-01
4.771792278419660985e-03
-1.784821409365583075e-02
-4.284637550666959942e-03
-6.162914187851635528e-03
-4.780495410730304512e-02
-2.578168469151919176e-02
-5.892082641018339673e-02
-9.685293205242864745e-02
-9.830487933981615911e-02
9.359118840031661890e-02
3.571025527152944801e-02
-1.137932480726325662e-01
7.834077654577180361e-02
1.636739199249283294e-01
4.272872460554472118e-02
1.837481566516200454e-02
1.616735787537512681e-01
-5.541281583666636187e-03
-2.492692262001142828e-02
8.592032895807079004e-03
-2.824552627679958929e-03
-1.435534090161412002e-03
-7.091525302424799004e-02
-2.198633972202514164e-02
-1.046328220191049679e-01
1.404980027005857911e-02
2.684940454888487538e-02
1.124137809124913928e-01
5.246123333801804012e-02
-5.257064315902308660e-02
-8.731303701681453547e-03
3.217752145765292310e-02
-6.626380120448185571e-03
-3.047665217283855241e-02
-2.205757851502747682e-02
-3.793593308949756021e-02
-3.999596174890650974e-02
1.708789686921167311e-02
-3.542030028103733408e-02
1.884583304774282986e-02
1.442516595283858255e-02
-4.548438318268321207e-02
-4.200592326047450364e-02
-4.973381511493033674e-02
-2.715787610851650227e-02
-1.867756329466856505e-02
2.012216602111246283e-02
-6.207847039333412587e-02
1.691007573876004023e-03
-6.132622184147590305e-02
1.021250854756968057e-01
-5.239606329020854436e-02
-1.372329488238231004e-02
3.035289804501406161e-02
8.301312415864513239e-02
2.793595130895108053e-02
3.360646958001983764e-02
-4.697505320218186425e-02
4.900094516988107857e-02
-1.147848672445402896e-01
5.077236361756224531e-02
-2.789367698164185033e-02
-1.199098191153752241e-01
3.378256663513259147e-03
-2.504598726291417873e-02
6.375440954874836419e-02
-3.081246756734475067e-02
7.088187492568735759e-02
-8.346693526934396978e-02
5.165446952394457669e-02
-3.646436582475364591e-02
2.284255001681755742e-02
4.987070669683705409e-02
-5.341857789218890790e-02
3.711537667271308516e-02
3.741853808030098233e-02
3.355991954587019682e-02
-1.129450374874125390e-01
1.087788094310195366e-02
2.398195692677368776e-02
5.284246087695022159e-02
6.973557171437572144e-02
2.804518872242223876e-02
1.187445855568427383e-01
-8.046749243928848216e-02
8.069320838265406359e-02
9.120703357719904883e-03
7.599589615887383798e-02
-4.111554179246556390e-02
-6.275358381453104324e-03
-7.184839156066104293e-02
-1.016437926040962697e-01
-2.012813132178497416e-02
7.539071123342171166e-02
2.228008767826276937e-02
-3.880372917056722215e-02
5.267329460469974411e-02
8.952543945467329733e-02
3.695989955865328774e-02
-5.987030918080898934e-02
3.834395275919586649e-02
4.252638712377428132e-02
-4.419791264632099564e-02
5.198263002394616639e-02
-3.333051408127939933e-03
1.252678659720261704e-02
1.083477905963006402e-02
1.192034654490378848e-01
3.618696210272855790e-03
-1.335265316603082529e-02
-1.047892990968613214e-04
-3.506783031875760487e-02
5.911509521936789829e-02
-3.352688626237733394e-02
2.134229413843475448e-02
-4.009399267267497319e-02
9.371145989595658365e-02
5.529878549375311786e-02
-9.767393672880123057e-02
-6.325928959293004861e-02
2.827621481783157420e-03
2.486913161465231434e-02
7.921122770286334602e-02
6.295609370383538350e-02
1.840440079797710932e-02
-4.829707417203171066e-02
2.613284435654138205e-03
-6.095295953060933698e-03
6.852658112374257482e-02
-7.357553575363987020e-02
-4.746948352786462683e-02
9.419706295590428435e-02
-6.157462661630110773e-02
-7.909568017365189996e-02
4.476954706567860126e-02
3.027841799037463491e-02
-4.906849444165822804e-02
3.393214741153344205e-02
9.058753882643424959e-02
4.629318140565655271e-02
-1.587604431351598636e-02
5.541409165241712592e-02
8.892642671893435935e-03
7.682921073316598126e-02
2.343473541421456363e-02
1.648247057321210532e-02
6.786067426485524468e-02
1.543801883661988783e-01
4.796146566656617899e-02
5.892355044921882001e-02
-2.839465879361233180e-02
1.324822592275512745e-01
1.583942495331826846e-03
4.945041161072596253e-02
-3.658805098956458002e-02
-4.802284274863015401e-02
-3.102573568676366897e-02
-1.323210581833664072e-02
-1.802348359260592947e-02
9.900054373905247188e-03
1.071995564206094671e-03
-7.517144333182350369e-02
-1.044841032803735664e-01
-1.073952734530786296e-01
1.418110584786734692e-02
-5.580383612352335029e-03
3.809689276313499209e-03
-1.212338744941249442e-02
-2.410188360734588295e-02
2.282775745041000504e-02
-5.422427277955227387e-02
1.015687263638416363e-03
8.904952569813006508e-03
-5.125793219600317807e-02
3.837708948720906094e-02
4.009778563842050086e-02
-1.178367564464043865e-02
-5.230744581779033647e-02
7.353974394960481956e-03
7.538691826767618398e-02
7.416003177502550336e-02
1.383860104104631290e-02
-6.196344008672434456e-02
-2.002768669254208211e-02
5.676038760303833697e-02
5.590693582878811241e-02
1.527310068600439864e-02
1.268495326879106808e-02
-1.816444399231240125e-02
-2.205009602805675997e-02
-6.277734157270074833e-02
-7.309417391902579830e-02
-1.322224410739827188e-02
2.481234057298975157e-02
1.631582145095638453e-02
-1.279639749869599004e-02
-2.111550926835905478e-02
-5.918595471579569250e-02
4.365110491184319430e-02
2.289965139204111835e-02
-1.591011204221217008e-03
-7.265184515008386683e-03
-6.364879269348883151e-02
-1.054469648756288236e-01
8.347955550082454546e-02
2.264124698025043753e-03
-3.997485906675866951e-02
3.499379852370627930e-02
6.364396528253998819e-02
-7.618633752080603005e-02
