-2.039494507932728684e-01
1.692111118800428138e-01
-3.113388270198372276e-01
2.143526279607307211e-02
8.545943316678804302e-02
2.283053726241706938e-01
2.847302324225672310e-01
1.951453090061007756e-01
-7.080308444178786201e-03
-4.296591343425911619e-03
1.431759298300977756e-01
-1.129931405770398800e-01
5.538566828234716896e-03
1.445912791630714041e-03
-2.794555086369907362e-02
9.999407080448333152e-02
2.205480886589930578e-02
-6.352558911062375357e-02
7.822749468909395709e-02
-1.072568441144963053e-01
-6.045330004228371967e-02
2.208917155582123051e-02
-2.945398136266058620e-02
-1.059326084884627539e-01
6.388000311289842442e-03
-2.913426926738505590e-02
2.066320472833078209e-02
-1.965573000900099412e-02
-1.216595941525702440e-01
4.180613024725960553e-02
1.020252687411415254e-01
-8.924516359192753712e-02
-1.148181962958742764e-03
-1.797267055868898011e-02
1.119894650889749141e-02
6.386270304196042802e-02
-4.543860239691317748e-02
-1.392266628520327232e-01
-3.674104261540216826e-02
1.582597938375125413e-01
3.025446582147352584e-02
-5.615006004414439117e-02
-4.385947905905996508e-02
-8.136969639704809062e-03
1.692930667258980316e-03
-5.350464174577224813e-02
-2.502000710296243061e-02
2.624624291538844162e-03
-9.973490895749076435e-02
1.041525668757748435e-01
5.276725166332137118e-02
-7.851124977418466599e-02
4.802408103774135489e-02
9.430981024158459347e-02
3.304795237405020597e-02
-5.840605713787323967e-03
8.519765934830091092e-02
3.047322691456974889e-03
-1.594092987470724365e-02
-2.743309562514974209e-02
-2.996677581828713355e-02
-3.316467697032002976e-02
-1.529482310773504043e-02
9.086065100045823129e-03
1.325755318539469096e-02
-3.048560833788811070e-02
-4.060428414268538243e-04
-1.219719452372701983e-02
1.861033082043852052e-02
-6.604912671315241179e-02
1.654246351773334262e-02
2.734737546973740538e-02
1.411506003488754296e-02
-9.005670652745770971e-03
6.489087000300036191e-03
2.100981673782949602e-02
2.751162437852510897e-02
1.407418437708308351e-02
-5.700627786874382791e-02
6.672101397799297395e-02
9.311712299809518992e-03
1.598940399504132637e-02
2.999201356883195863e-02
-7.400631130193304451e-03
-3.603903287410487044e-02
-1.743446874397900498e-02
-2.141999802759837757e-02
-5.818332720497360055e-02
1.672296092451966767e-02
-4.516950148955817951e-02
2.521810987605623347e-02
-1.917685726109599059e-02
-3.199336040269519510e-02
6.534460676548370373e-02
-7.628720692912951268e-03
9.901607404916357158e-02
4.301102930552876298e-03
-2.047870456003331868e-02
-1.077556967482492904e-03
-9.958568736522370457e-02
2.234636594376595772e-02
1.472473488776681206e-03
-5.214163360781298023e-02
3.196954736387467438e-02
6.657260650671123492e-02
3.725777198912441635e-02
-3.849096175163334126e-03
1.697242116310388599e-02
-5.632709743674312042e-02
1.753419856468033458e-02
-3.536446579435428839e-02
6.729354456091716369e-03
-4.018908244017371789e-02
-1.564537003532945336e-02
1.702991845769189633e-02
5.951190480959549917e-02
2.178743796563811785e-02
-3.335718266163977680e-02
2.314281371936003501e-02
5.625833813519155735e-02
1.869435489046478160e-02
1.436652165422733045e-02
9.036064502864270959e-03
7.889059623163466317e-02
-1.420860932044200886e-01
5.541283957023212386e-02
1.411143041216133680e-05
6.079808027956547234e-02
-3.490194330957106100e-02
3.993612826569417629e-02
-7.339002171604806779e-02
-1.661748137435953010e-01
7.953317514100383470e-03
6.110513957786087302e-02
7.437419222217316050e-02
5.745455323628399780e-02
-4.333080924421973956e-02
2.461240386298038652e-02
2.724133621139986777e-02
-5.776110370896356955e-02
-5.094433301207344084e-02
2.341703680458098041e-02
-5.320060147946406581e-02
3.282064301060815675e-02
-5.599134037371530231e-02
2.055892939879476466e-03
-3.084833315855455699e-02
6.697807267910682594e-02
3.363035417392135767e-02
-2.896767976076456211e-02
-5.472758715254926777e-03
-6.791682201859276791e-02
8.733415026572677667e-03
7.170567324084264893e-02
2.795294579598236670e-02
-2.993217567641115809e-03
1.597193431556473420e-02
-1.200112705309650842e-02
-5.575680568652855579e-02
-1.410726482645313085e-01
6.017381909236594467e-02
3.551942015522628962e-03
1.435815995327396899e-01
5.034364741174038316e-02
4.478750913890590900e-03
-2.760826732382378260e-02
-2.141138191383710533e-04
-5.189254650801369134e-02
1.019498947065842764e-01
7.192216157952151766e-03
-9.472789528925260050e-02
-1.652445109093320444e-02
-6.454622545254949662e-02
-9.103131111200532533e-02
-5.574863055496766251e-03
1.754186487062540586e-02
-2.300129235474576619e-03
4.160124313262150014e-02
-3.612258204022301966e-02
-2.729103151321192206e-03
-3.853180348773007496e-02
6.530661445283557354e-02
1.957275751191410451e-02
2.051896962709878758e-02
-3.197724759152746621e-02
-1.711940392266132066e-02
8.334607685402826982e-02
9.134172865936514285e-02
5.125471663772555170e-02
2.717159318032437432e-02
-2.006255304970544495e-02
1.067494432103974766e-01
-5.538658416845564786e-02
3.217803017953126815e-02
-9.040474324868073147e-03
1.438877429449266117e-02
-7.557909128044232316e-02
-5.333282829616263487e-02
6.139740901158967368e-02
-4.815854668714954906e-02
-2.715785488869715270e-02
-2.949383936923339819e-02
-1.121864145240061700e-01
-3.549536966445171471e-02
5.078211940574903216e-02
-4.783130397275983832e-03
4.868816630980598269e-03
3.881454092158912600e-02
-1.858655170332572382e-02
4.391260045335190071e-02
-6.234066993820258640e-02
-2.071873456387094553e-02
-1.749613840861676678e-02
-7.583190976809098260e-02
3.650013064716377958e-02
1.684775888722721618e-02
-4.229015909473828744e-02
1.134392788769936038e-02
-3.295341257463026835e-02
3.215638813000492452e-02
5.522152113868263740e-02
2.379302501296654687e-02
-5.133701070065801314e-02
4.986789546094576309e-02
-3.332044545217734827e-02
5.752555137054517903e-02
1.487867159740716670e-02
2.264307912120628458e-02
4.315227929648126487e-02
4.630075652036388413e-03
1.406570395015270016e-02
1.549536824378479338e-02
-7.454020505976238775e-02
3.317000267843231431e-02
-2.230620264182365392e-02
-1.244394102569351158e-02
2.736681260826185139e-02
-2.856506301181758328e-02
3.540198320309431712e-02
-3.498345717322592853e-04
1.178948951862181065e-02
4.054587096198889601e-02
-6.130195332606124675e-03
-8.208866699220616903e-02
2.543676920402929142e-02
-2.161511569041268607e-02
-4.238710733540645287e-02
5.477609519459107276e-03
3.290656669626682018e-02
-3.897254823615606961e-02
