9.546416331091499285e-02
1.621232054149351620e-01
-3.462726718234298007e-01
2.749434390115572044e-02
-1.048250665139972698e-01
-6.857934521898756408e-02
-3.170970413946619382e-02
5.003026651622356769e-02
1.324869996927871829e-01
8.186555888792942937e-02
-4.205862129564721247e-02
-5.362288785047799461e-02
2.748563091833452002e-02
2.082319913478579074e-02
-6.409164841506052868e-02
7.064151356706942220e-02
-4.103482985631194679e-02
1.236728760563453322e-01
-1.084495077891774835e-03
1.778693207356871545e-02
7.355222431173479014e-02
8.116181796775538693e-02
-1.686618362447716291e-01
8.877367763762326891e-02
-2.297913577418153261e-02
6.814976005864549491e-02
-9.217285798697182064e-02
-5.307748065842111951e-02
-9.645999660757123562e-02
-1.058834864748014158e-02
-9.877586275948363817e-04
-6.529786992694520953e-02
8.342004438715829029e-02
-2.204805940845649265e-02
9.385701692650304240e-02
-6.344369611749259286e-02
-1.244204372161292899e-02
9.068233152647441064e-02
5.634175339463698418e-02
5.918767529268317146e-02
-1.176102677128760231e-02
4.118189734656872714e-02
-5.488891936165547769e-02
-9.076055687773730563e-02
3.606951478161828095e-02
-3.418744666086260403e-02
1.005580347768313815e-02
1.469643387531945899e-01
-5.618833468247023955e-02
-9.710625737367573063e-02
6.919190301857487679e-02
5.698434385662265456e-02
-6.285456443288975348e-02
-7.158960099449299119e-02
-1.175376276070113357e-01
2.616361929042300763e-02
-7.523015969210801457e-02
-5.760127410546455468e-02
1.284150047249266700e-02
-1.105463684901041889e-02
5.007536338335308312e-02
3.912295248297383704e-02
2.080085815319296025e-02
5.241679400134526684e-02
-5.247258262395135221e-04
-1.064797034421379740e-01
-2.054996892990551896e-02
-4.319443679982650636e-02
-2.456939875964690365e-02
-4.795431059093014509e-02
2.418816267504051987e-01
-2.903111619355027220e-02
-2.335366637274126876e-03
8.556043808650301563e-02
-3.048813118165843300e-02
3.879990188914157062e-02
-7.199923884984144561e-03
8.127428885223128563e-02
3.730130075958276031e-02
-5.669148550362868716e-02
-6.961213688233593155e-02
-2.531705566649483652e-02
-7.903377563966269143e-03
-4.314116951657161192e-02
6.400716758895165504e-02
1.087905269153479765e-01
-3.121169174407410069e-02
-3.463937280279749328e-03
1.053871975265607830e-02
3.421061745034316426e-02
6.083928023046484591e-03
4.004014552442334250e-03
3.178812098485701149e-02
4.177655044519378719e-02
5.930429521659772579e-02
-5.306991664036755235e-02
-4.092622077008282316e-02
1.263849754746504961e-01
9.954921179516330876e-02
-7.134436084797972366e-02
1.208359862980002341e-03
1.113205792493595914e-01
-5.046125596683717456e-03
4.752705527581133071e-02
3.471778964818830748e-02
-6.326614914520559477e-03
9.165011093338766568e-02
5.054458782817841667e-02
-7.541223869208955877e-02
-8.418429745176089773e-02
-4.223412566390286060e-02
-9.711369372897734470e-03
-1.370871354655020802e-01
-7.982589109988035003e-02
1.831165789980822994e-02
2.252452871445550023e-02
-1.905832542032847784e-02
-5.509206271571025215e-02
-4.682127175160595567e-03
-8.147548534931868536e-02
1.307585736940141666e-04
-4.318192585013452822e-03
-6.389297325732432725e-03
1.046659029779923623e-02
6.571121000210049939e-04
2.194513131468954145e-02
-5.680066907224162048e-02
6.173352589224971598e-02
8.366968889861413350e-02
8.973264831465135871e-02
-4.016164854860031913e-02
-7.936553921631617214e-02
-7.883471749367061687e-02
-2.536700371819879812e-02
-2.755629225154383050e-02
-4.432313510558408970e-02
6.236963746957345902e-04
-5.880251677002284322e-02
3.997468644835635437e-02
7.283954699892364326e-02
-4.517324137087912195e-02
9.216341094332684836e-02
-1.266440989454392929e-01
-6.868303928926626500e-02
1.885042662876323591e-02
-2.668001512209719484e-02
-1.045581556153389602e-01
9.242910904584153431e-02
-1.904951669044330914e-02
-4.026317235209572049e-02
-3.330267995841069972e-02
-5.932705110213441768e-02
6.224267686275022221e-02
-1.116474597257506368e-03
-1.574388122259273021e-02
-1.500129891013516660e-02
9.655041375164620521e-02
5.738306654667862244e-02
-1.989560157905163364e-03
-2.591834722822176570e-02
6.788450877576267251e-02
-7.892950708700018081e-02
-4.481150896320327398e-02
7.754012144174231291e-02
1.036423668641610341e-02
-2.469607212527823170e-02
-1.865854951256884584e-03
-7.466212427726641454e-02
2.983082758750948971e-02
1.102074238836530176e-02
-7.595901825872998503e-02
5.375055060243700417e-02
9.131904950186997549e-02
-8.216661957273675709e-02
-1.245828880679971480e-03
7.963908857807634745e-02
-3.363243284672081616e-03
-4.728861317083989102e-02
-6.133678197484910416e-02
-4.831333016512686339e-03
-2.153654667704473641e-02
-5.931607210546594594e-02
-6.763642813301833090e-02
7.188434237307833596e-03
-2.826306516207688704e-02
-5.996603509137724691e-02
9.270553081952077890e-02
4.501899285082464758e-03
4.033798272474370394e-02
8.999438887185531866e-02
7.415673935794868908e-03
2.066936551867518124e-02
-1.794456365655010266e-02
-9.397577520151290109e-02
2.544873979514055556e-02
-1.572415732741506283e-02
3.145578292581972801e-02
1.247251043736794796e-01
-6.168067351293868295e-02
-4.243892863373310322e-03
-1.839250033748627416e-02
1.383267407870240710e-02
5.406310093492064373e-02
4.073973740515870676e-03
1.003017518022736830e-02
1.430946254158131127e-02
2.942361532444824276e-02
6.138947477572018890e-02
-9.432327321234532103e-02
4.442197799128835140e-02
-6.962413718102009041e-02
5.155755984928516063e-03
4.280841655359046011e-02
-6.236583950270267740e-02
-6.066310563276141980e-03
3.090893952780331480e-02
2.976233652108348227e-02
-9.150642650605779818e-03
-2.184947999778425430e-03
1.864648538250871998e-02
-1.990179322252164443e-02
-5.977406222811888076e-02
-6.520537826315092600e-02
-3.562017381041056308e-02
-1.162640639934682703e-02
-4.133423092534381504e-02
-2.261670122136990452e-02
5.576851572265304445e-03
-5.207108326904026641e-03
4.229221221604421294e-02
4.277742642055240574e-02
-2.580766362227330558e-03
7.814013637594964534e-03
-2.143234195575819540e-02
6.842219237132601828e-02
8.593713895184606349e-03
3.629295651323453942e-02
6.912312471095695410e-02
-2.088300913407858256e-02
-1.443138046970216665e-02
-6.828840180727297794e-03
-1.796364923796797339e-02
-5.453114449929035660e-04
1.562458038088703448e-02
1.640386573453280969e-02
3.334493632930913415e-02
1.745124286729250393e-02
-1.285567103796011676e-02
1.335160891363287340e-02
-3.173673672719351524e-02
