-1.857460277867286624e-01
7.623682124097753976e-02
-2.055808625119431576e-01
9.838029162949470108e-02
3.687530450965171430e-02
2.327555166161378308e-02
2.874444632469035435e-02
5.852781555404130975e-02
2.826278877695899416e-02
4.510672739904758588e-02
7.844710357030970638e-02
-8.787856349817224633e-02
4.356856128629901792e-02
-9.608531030127930028e-02
1.166132868130446802e-02
7.718841256286919361e-02
2.228731477203291581e-02
2.867089544103518239e-01
-5.319209453446370472e-02
7.337165734423363450e-02
3.417722193685484439e-02
5.810737435693255626e-02
4.744442678844860983e-02
-3.872671300368250510e-03
-2.364003816575951100e-01
7.721544042409591137e-04
-1.549896906543340308e-02
9.722732519090471204e-02
-4.670277525616352982e-02
8.529259389778859335e-02
-4.411333064505070650e-02
5.518008148048566402e-02
-4.408072170598625189e-02
8.936649991038128626e-02
1.944387846762581432e-02
-1.082955151721971820e-01
-1.449439962542552474e-01
7.794768485662936786e-02
4.558308467788902557e-02
-5.832296542661380076e-03
-1.104914411440725552e-01
7.203346230344436461e-03
7.413840617622924345e-02
1.910652161795039702e-02
8.919896227189406251e-03
9.595522555620626323e-03
-2.762440473523109646e-02
-6.355183864154964613e-02
-7.972369614817312322e-02
-2.324097705991465951e-02
1.487048353911581133e-02
-4.669800150405074846e-02
-4.574244375577128652e-02
1.166145153521913475e-01
2.206252720931088998e-02
7.880643372015126713e-02
-1.291260984263464806e-01
3.312187170874734965e-02
-2.212995645790380092e-02
-9.889673438563605090e-02
-4.116743417581138209e-02
-1.057765185058662412e-02
4.113110451818843827e-02
-4.471113779382004244e-02
1.322956241213981143e-01
2.050575750376989678e-02
-4.493578495206815987e-02
-1.499502230746961248e-02
2.057192311209766339e-02
3.140883182375001081e-03
-1.108889964119347780e-02
7.754995408317475088e-03
-2.057739888657995897e-02
-1.106102935312332051e-02
-5.167456787937917823e-02
9.090694759583081708e-02
1.442136472821195330e-02
-5.434614910772646301e-02
-7.468591342222208329e-02
7.594348119387135665e-02
-6.397389449010830974e-03
2.035798179498480437e-02
3.588404892388188938e-02
2.452838078226876606e-02
-9.363332167011954865e-02
-3.060396317708916417e-02
5.359579249805926371e-02
6.052247171257375824e-02
9.437746538181646105e-02
-1.077126962010172342e-02
1.372734541369916711e-02
-3.180442142897755425e-02
6.383384102738799692e-02
5.718807606403908395e-02
8.995893658802375792e-02
-5.461667342782307311e-02
-7.363881195695651249e-02
-3.761484997482822390e-02
5.725771668309600354e-02
-4.418297126410762610e-02
-1.539628776355477513e-01
9.699186688816589796e-02
-2.242715762804236776e-02
6.974227189602440202e-02
3.305879499884549488e-02
8.353195689613741870e-02
6.374141978243998141e-02
5.581274403990191951e-02
3.386057474708042275e-02
7.169578954370265343e-03
-4.922763380928001087e-02
-9.108585799670435024e-02
5.859587662276679459e-02
-6.969748286884867861e-03
4.193930777110452951e-02
3.630491133441234725e-02
1.364534920093860362e-02
-7.312556340259651622e-02
-3.752235852764324725e-02
1.219662073806756543e-02
-2.012652501975228936e-02
-2.132715877723306147e-02
-4.170960605179582260e-03
9.737067815876178367e-02
-7.905322968415791351e-02
-7.243940673862241109e-02
1.475249463946968209e-01
2.254583450961063218e-02
2.786600573370325365e-02
2.825618976668545571e-02
-7.864366983377682474e-02
-4.468646170753121788e-02
4.009951774728937740e-02
-2.178684302479827473e-02
-7.937335188466149161e-02
-3.932602950054631813e-02
-2.627367859514579893e-02
-6.453972451994575976e-03
-4.282708525960630952e-02
1.657382147496631319e-01
-9.270535340096243415e-02
8.029089512163115061e-02
-1.045957168803245650e-02
5.393237712312821258e-02
3.678046128752884142e-02
9.211130207187006799e-03
1.194147070786356901e-02
-6.452585957814763185e-02
1.034377309817924480e-02
-5.053830957318387884e-02
3.875079237095722939e-02
-3.698418817916510060e-02
2.693698443099184700e-02
-7.151094705380663108e-02
-1.507842256496922696e-02
1.782631362488392227e-02
2.547919987955393067e-02
1.885210871123439887e-03
-7.478784707027717749e-02
4.785661922271543245e-02
1.855592547353164187e-02
-3.244673679597479682e-02
-2.374436219998282693e-02
3.258542131507453227e-02
-5.245869176502054171e-02
-1.751674282059431931e-01
8.104391941630255392e-03
-3.190533714459682646e-02
-7.816162617374221300e-02
3.194359736373596215e-02
-6.277136527222981766e-02
4.406826080892717323e-02
-8.420589837088178486e-02
-6.004200760287058819e-02
5.469291305715352075e-02
8.382585856113922151e-02
1.244373963236419245e-01
-2.834250341701860174e-02
-3.984268286339852361e-02
1.029670951852626470e-01
-8.248587336330766989e-03
2.696401229221857473e-02
-8.116221018556756678e-03
-5.111358180389145162e-02
2.255303023889826744e-02
-1.117643130033774967e-01
6.138223850853147950e-02
-8.149812788938545771e-03
2.501344313849232504e-02
-3.738946569309210127e-02
-1.439247650770598269e-02
-4.198409679828023905e-03
1.652680001665550111e-02
2.103697783078974787e-02
-1.610874569560314176e-02
1.284788689027625483e-02
2.512158968451770613e-02
-5.036694591278274152e-03
-5.222955166360745971e-02
7.200899682386641132e-02
-6.185750765270016382e-02
-5.020653380134619016e-03
-1.586114240587154162e-03
2.430689272468351120e-02
8.867402504508145600e-02
-3.828243814712837395e-02
6.822972959976350560e-02
6.811308858306686087e-02
-5.997657911803081811e-03
-2.451181305434797092e-02
-5.527794339879749802e-02
-3.060020735741220479e-02
4.450000456618528194e-02
-2.769092135474362538e-03
2.784957841025635650e-02
5.568276459818429641e-02
-2.462940180124346956e-02
-2.859540697564011760e-02
-6.484296308246223495e-02
2.511225278700301988e-02
-4.325184389428764209e-02
-1.072363740232942439e-02
6.186186019139122347e-03
-7.315771602712077548e-02
-2.883209381752559891e-02
-2.739789721770373096e-02
-1.161436338478322033e-01
-2.808756399352546184e-03
-3.267261249336958495e-02
7.293485902591494326e-03
-2.000384661067772935e-02
6.236310416323233297e-02
-3.646272596308165054e-02
1.257932823281432411e-02
2.434820674113008163e-02
1.175817266718049347e-03
1.924464451915451277e-02
-4.554184086367941281e-02
-1.286298037122104998e-02
1.243281616429437820e-03
1.631998422659333009e-02
-2.096372179652977383e-02
-2.486247322792589295e-02
4.851525660980413740e-02
8.918713319496754388e-02
3.256376392497467576e-02
-6.124250095587745191e-02
3.472778298015512244e-02
-6.058758428734722923e-02
-3.439081224278293936e-02
