-2.026459724479603708e-01
1.913009832163144741e-01
-2.790041282289578151e-01
9.382913829658844074e-02
4.534550735120169984e-02
3.648645979045462423e-02
-4.696168738293884926e-02
1.025602864823210586e-01
-4.615249930734115907e-02
1.905616448506491090e-01
8.928930048581738832e-02
1.078101264361440090e-02
1.147007954042799094e-01
-4.109008339922112091e-02
5.713335882165346269e-02
3.739712825176342431e-02
1.475048217539348672e-02
-7.887746535650023982e-02
7.684156428502444611e-03
-9.001336434898232416e-03
1.429999579649834929e-01
8.677294092152709748e-02
-8.423265348851294732e-04
1.382265775998869073e-01
-8.648187314855722285e-02
1.282079461872979997e-01
-3.067221713586948395e-02
-3.938153523862934768e-02
-5.231913719021449860e-02
-1.116425187802473976e-02
-8.421659231635583720e-03
2.944255412877883060e-02
-1.212274329887892861e-02
5.390594822143576076e-02
1.857108103022723500e-01
-6.111357950540711320e-02
-1.383188146171320833e-02
-6.843927679368448647e-02
-3.375779775256908949e-02
1.633834209949031752e-02
-9.020275506882689809e-02
-6.990841515542806084e-02
5.716335060231420885e-03
6.700068743694180540e-02
4.016309154253630553e-02
6.974318174962387644e-03
-2.284459182873086955e-02
-2.310150502744009668e-02
-1.648308603852834398e-01
-5.277219335665477712e-02
-1.387779346955092530e-01
-3.397265690254854583e-03
-1.077633195915718295e-01
1.064004471892841391e-01
-6.325768043257813666e-02
-3.180570977743157196e-02
1.137123449806673459e-01
1.652829004367505072e-02
7.257614307282361787e-02
-3.824299480010358993e-02
-3.390664220719253469e-02
1.637197222731318763e-02
7.147968946093000153e-02
-5.057141943630076575e-02
1.210045104748289219e-01
-7.762856172072340154e-03
-1.037905722695565830e-01
5.351618618445548592e-02
-9.606665624548968441e-02
-6.854672275762539735e-02
1.322378581710316470e-02
-1.122846378875086600e-02
-5.872783988202730926e-03
-5.541553451469338754e-02
-2.760810604521663630e-02
3.860092949389087869e-02
4.878859654895788961e-02
-4.129625640507478962e-02
-1.075688810747635615e-01
3.209949811629745492e-02
-1.150825596330839855e-02
4.775137260663145367e-02
6.255990444710710432e-03
-9.071897425311774288e-02
-4.721594557155678329e-02
2.300684244542016213e-02
-2.045976998661718990e-02
1.008091598265617311e-01
-2.333439202371836302e-02
-1.454237527330049483e-02
-2.806224388243484455e-02
1.907903362754250626e-02
8.250086579514689933e-02
1.707266544609439135e-02
-1.848611415172582428e-02
9.705792556870533605e-02
1.097935500859390789e-01
-2.331459417069203094e-03
3.874066169165783086e-02
-5.820640901126099970e-02
1.870575887545005561e-02
7.396451668314853178e-02
4.992248252534832453e-02
4.200999522899585836e-02
-4.689108378125222965e-02
-1.422265961366668812e-03
4.282301831916983381e-02
-4.085962196771760618e-03
-5.317087098307736459e-02
-2.545935065591028654e-02
1.536192116604440105e-02
-4.246583751713686739e-02
9.174439815059405590e-02
-1.614465747443637189e-02
9.077328723733069094e-02
7.747535780508588155e-02
9.820915105544497994e-03
-7.209007955870533682e-03
7.811167522362914839e-02
-4.689403379246476211e-03
-4.116124422524788246e-02
-3.082860050803606922e-02
2.326841010626471556e-02
-5.084835993335285560e-04
-4.784397018080260855e-02
-4.785449188746063870e-02
-6.963701412387507395e-02
7.346150699350936786e-02
-1.891681578875557823e-02
-2.487714955416580470e-02
-5.234299950313365396e-02
-6.014787694603340035e-02
3.288082497488788170e-02
4.127524576966109041e-03
5.950067726390612100e-02
-2.905053041653561305e-02
-5.343129141733927306e-02
-7.461791138882213625e-02
-1.091943372528689921e-02
-2.966465719518017116e-02
-8.404231220949988368e-02
3.929526379961395532e-02
3.235080629370286776e-03
3.584165289519972934e-03
3.998536975593240672e-02
7.599123994196310683e-02
-7.696048251479187252e-02
3.780082089724732392e-02
-3.204105511638695447e-03
7.111972253719629766e-02
7.069655981770968378e-02
-1.096608651371798332e-01
-4.666583403622418663e-02
-1.314951109035206829e-03
-4.533813232317036868e-02
4.399849945365697651e-02
-1.032402312889074518e-02
-1.953041812096234855e-02
-5.974536430503450679e-02
-6.183433280043353769e-02
-1.633099984936134744e-02
-2.898743295448977936e-02
-7.060215945890863098e-02
6.065173886113395946e-02
7.563455080846556711e-02
-4.489671231206841806e-02
-5.405623490376311457e-02
-4.824959672252583653e-02
-2.630184108030722209e-02
-2.402004018531565116e-02
-2.051405019292779248e-03
-5.684363494268040301e-02
3.945082772422150476e-03
2.984972123191304352e-02
-6.350436692575057995e-02
1.075128308617254516e-02
1.041440491686227154e-01
2.972955744185588368e-03
5.073603006196008430e-02
-6.343120664767977479e-02
-4.266152159423485662e-02
6.552505905053065960e-02
2.228228691371980305e-02
1.167679993725109387e-03
2.546216955551337119e-02
-1.880943538061939646e-02
4.380537205294317282e-02
3.206026296717077312e-02
-1.129179069611323250e-02
5.131905061126360024e-03
-2.748148500839426786e-02
7.756103924185876741e-02
-5.740269484535769073e-02
1.938426145433254366e-02
-3.288531554751140951e-02
-1.910351872060652920e-02
-1.080299350493800353e-01
-1.190044356506342153e-02
2.557168052730305133e-02
5.342155638033791593e-02
-5.609983878229386073e-02
-7.229618700875427295e-02
-5.815868438542269592e-02
-4.074584986862093972e-02
8.585738855276645043e-02
-2.758388317537151246e-02
-7.563500969909863272e-03
1.632162536928596572e-02
2.837612507544830590e-02
6.770157732313718257e-02
-3.082201214966141106e-02
3.057902955945581563e-02
4.480893308954438797e-02
5.392807330552975426e-02
-6.193909097638080827e-03
-1.952550143560813009e-02
-5.211761864649615966e-02
-2.795345402449711525e-02
-2.742428756877350170e-03
-1.401350381869813019e-02
1.227040774901736603e-02
-4.154500790609601257e-02
2.868030400936277813e-02
3.980673018806237667e-02
-6.275165517592171116e-02
2.513380052965613620e-02
3.455646412150873564e-02
-1.103234376555146529e-01
-2.323009273840415459e-02
1.591907995038471801e-02
-5.856175425076173141e-02
-2.258702307197441722e-02
-1.016079900850131862e-01
-1.681726003089379848e-02
5.934911224338666053e-02
-7.501583512349040139e-02
7.088342663907243324e-02
-8.757304951817065919e-02
5.717656009696588798e-02
1.031068252262962587e-01
1.646329146329225321e-02
1.686151019908178547e-02
6.420165124268618906e-02
-2.846278984929204517e-02
6.977992577817108966e-02
-9.356058894254091346e-03
-9.641688813222200338e-02
5.059180729156960432e-02
9.108520175620247669e-03
-3.410196572736455545e-02
