-1.900789430397336610e-01
8.028892102855489377e-02
-2.592972183961055332e-01
1.395772042398951140e-01
1.289119134372463948e-01
2.795597958400963812e-01
8.565529185105404120e-02
1.167015564702955782e-01
-8.226663431074082624e-04
1.592125798241961487e-01
9.634566552956683183e-02
6.348599346135791813e-03
1.368099002203396752e-01
-3.490772787143859440e-02
1.023608770658043267e-02
5.321907201229687800e-02
-7.665677764403762591e-03
-1.228199586979117908e-01
1.107834923418736933e-01
-1.907776895790254390e-02
1.912530295711131756e-02
5.482518833689516841e-02
2.618733467141268895e-02
1.666468258207502162e-01
-7.360930569886545149e-02
-3.074731702749860726e-03
1.094733344580086504e-01
-3.668273122808554665e-02
-5.302516708592780459e-02
-4.068786867337978452e-02
3.112521719482413268e-02
4.213240838959446226e-03
-5.505307861061378705e-02
5.573590467170166929e-02
6.127935020075433309e-02
-3.488251503248711999e-02
7.843148858373798216e-02
-7.205725401861673429e-02
-1.341879274232454788e-01
1.211309584143377138e-01
-8.030851296397722994e-02
-1.694361260928445301e-02
2.920140610312852228e-03
5.730725587042613534e-02
-1.190052496663992349e-02
6.024360937588948972e-02
-2.674793044882087245e-02
-1.072296192267302786e-02
-1.863495222843134305e-02
-1.532813894239490153e-02
-8.463465923509695676e-02
8.289208166875099842e-03
-2.581141644116969128e-02
6.373064897334838885e-02
-8.019144871302083186e-03
3.505676304189016268e-02
-1.621529946761400900e-02
-3.840246778182469095e-02
2.284890786437136778e-02
-4.043200384510290540e-02
-1.169185623354462300e-01
-2.072992470620474426e-02
5.929929758299558318e-02
-5.603686669129898101e-02
6.108333337421535669e-02
1.235189001818346316e-01
-8.626849018807875025e-02
1.193938068068898101e-01
-1.508988411245783083e-02
-4.550982412284940160e-02
-2.341957578105140561e-02
-6.234212334779395959e-02
-4.183203120389034774e-02
-5.934455722817522788e-02
-7.057135354984377107e-02
7.280402191869495172e-03
1.639162688641510740e-02
-7.817019779656302764e-03
-3.977348088135484322e-02
8.448887314182985941e-02
-5.247308389074293450e-02
2.136424204492851781e-02
6.386516076878538326e-03
-5.691960847154720754e-02
-1.233697350482956812e-02
2.919757219205085241e-02
5.107971714018363918e-02
7.680938679939211533e-02
-9.654385923781941270e-02
-5.598341937161446791e-02
-1.606265782148768098e-02
4.707266273935056117e-02
1.077244861726966707e-01
7.659169862803270890e-02
-1.540390742233670521e-02
4.748487316174406642e-02
7.535012876353179567e-02
-2.441558039195020416e-02
1.653140218689094082e-02
-2.092782599751072045e-02
3.448050671245284082e-02
6.627204465626775065e-02
-2.620241038954862142e-02
6.065344797193833806e-03
3.010419468960492603e-02
1.546898643834160834e-02
4.841804061989524871e-02
-2.911296622216729552e-02
-1.336702844462159647e-03
1.950271576285917199e-02
2.219353650549224163e-02
-3.601829494386175196e-03
6.029471736000117932e-02
1.015440590616289475e-02
-6.406887790825156227e-03
1.882534815144119161e-02
6.084221935635595810e-03
-6.337662952332871746e-02
3.400006566918549467e-02
-3.111348802618819822e-03
2.094394142034567904e-02
-2.492938945790204239e-02
1.755086513506160309e-02
4.583255495958264703e-02
-4.266834367117252474e-02
-9.239761437040371062e-02
-5.757501232119818096e-02
-4.746833535887513139e-02
3.873361372846571837e-02
-6.613626572072883042e-03
-6.921921758875539121e-02
-1.431391025756841850e-01
3.941536759408272722e-02
6.809503688292931067e-02
-1.004423619699194026e-01
-3.329293651075778543e-02
-7.707535625771269605e-02
2.900142540242449385e-02
-3.741448839157153483e-02
8.232414297690593061e-03
-8.968902117557159270e-02
-2.025393489868012112e-02
-5.456773146079788722e-02
1.188207020823214138e-02
6.701559596993335310e-02
-1.026822107993482537e-02
-9.983556431494806926e-02
5.850301374662605913e-02
-6.246867490412900265e-02
1.252977374495592433e-01
8.739975388216697505e-02
-4.627176521337909160e-02
-3.455504054306454687e-02
-8.075581341996300282e-04
-2.319395986136191939e-02
-1.496947331200142867e-02
1.065921502831375725e-02
-1.721517048036232470e-02
-2.922252510482757290e-02
-7.099435090848971175e-02
6.360260284150849597e-02
9.937530004099626862e-03
-2.787107144994792340e-02
4.120911812608406277e-02
5.583061527162892085e-02
3.669257593195449085e-02
6.584833250064123233e-02
-6.495311426400464383e-02
-4.413523703841633339e-02
-9.793037043551948428e-02
-1.187378506141174850e-02
-4.153815217255517334e-03
-6.007810138411266015e-02
8.472979221505819170e-02
-1.076195084888664916e-01
-7.173962423306309150e-03
2.908310720284202830e-02
3.225300437632496603e-02
5.460535577459402906e-02
-9.449973481798294370e-03
2.292373411192967850e-02
6.819436117245851470e-02
3.318019353245673514e-02
-3.584784835476453879e-02
2.913060871127895815e-02
2.223993332768645081e-02
7.014907098817840803e-02
1.503533210653060399e-02
-3.429245012501581230e-02
-2.904730237226918477e-02
-2.030400317809277766e-02
7.759433135638783841e-02
-1.317994008218553448e-01
2.797578920760334167e-02
-5.846873598232991964e-02
-6.578374084621400886e-02
-9.431580455857017931e-02
4.476091183182942523e-03
-2.761228245220501577e-03
3.314230929248582896e-02
-6.521638698826212610e-02
8.690274254525884312e-03
-7.776243860991223500e-02
-2.113511712187980326e-02
9.567580328644498255e-02
1.411597322641341620e-02
6.450360443553343828e-03
1.105469270320725596e-02
5.570789762637155113e-02
6.690541976260803991e-02
-2.489468931357192300e-02
6.054418150622466188e-02
-5.689761221900836025e-02
3.874485553552397404e-02
4.040279464121453168e-02
1.811009630005231200e-02
-2.160512862738500975e-02
-4.814761992583194150e-02
-5.893338651048074528e-03
3.931399638592731477e-02
1.569050852077866556e-02
-3.947365603877209250e-02
-3.030056891463419732e-03
5.245293961219922585e-02
-3.509776639595815761e-02
-3.163119598476139827e-02
1.291219012956786039e-02
-7.378342374518111202e-02
-6.195112939941503118e-03
2.819711634540933085e-02
-4.940078899588142003e-02
5.397724417329259269e-03
-4.815564514647757699e-02
2.071237968940861651e-02
3.218760045260161962e-02
-2.838033180784150372e-02
3.304932070346634082e-02
-1.194505356945306379e-01
5.412907355012280125e-02
1.606437983239544787e-02
-3.581412293358975790e-02
2.070981291843288635e-02
7.208503362854391805e-02
-3.314474610037417696e-02
3.376145344075813515e-02
4.609381325598575774e-02
-6.316836367580427880e-02
4.352889425425083419e-02
-3.652924482189125882e-02
-5.497877221540498766e-02
