-7.068866019499984998e-02
4.848924275661843641e-02
-2.206892236455354483e-01
5.093119823238864696e-02
-1.297452018683980246e-01
1.304164880430458417e-01
-4.603103673620291547e-02
1.882734408245198277e-01
-6.261146388188912337e-02
8.974123255913431241e-02
-4.688029660001867549e-02
-3.538589877734753947e-02
1.963421384939320266e-02
2.400788970233186659e-01
2.230232570140879347e-02
-9.549253855560452253e-02
1.369177726765272336e-02
3.202096926040988445e-02
9.904148682208145649e-02
5.644479111955063438e-02
-6.010934227583476092e-02
3.130519855326473894e-02
-1.782805648797318801e-02
-3.629422243690915567e-02
-3.382648655661411180e-02
4.033186049564083109e-02
4.729719241056911522e-02
-3.325174355201442750e-02
-2.009765306888507685e-01
-1.507122092929567558e-01
-1.228438053566912880e-01
1.475287738238738877e-01
3.982187075537178822e-02
-4.748622500429874188e-02
-4.229458492067851572e-02
-7.880120233169357613e-02
2.676262015763300819e-02
-3.412290786988163294e-02
-3.882795615278775148e-02
2.967527248125857373e-02
1.965892747855838008e-02
-8.829169820044462103e-02
-8.308224296831827685e-03
5.355880817991627574e-02
-3.523334990091787911e-02
-3.510828826958847793e-02
-1.804290504540629475e-02
-5.955650372528651509e-02
-5.261648994556054199e-02
4.390904274996978301e-02
7.770821985737691451e-02
9.106677206185426199e-02
4.793739986307252871e-02
5.181374148742543678e-02
-5.277337704178611255e-02
-6.065908717784002091e-02
-1.514824566618012611e-02
6.448461473589503501e-02
-1.893689835596996593e-02
-2.077788237696462093e-01
4.651645508402139917e-02
-3.138862038638921131e-02
8.819042565963537694e-02
5.381703893530839430e-03
-3.942392798704442286e-02
3.808736513894146053e-02
-1.198540962929205006e-01
-1.135646376866865197e-02
-2.382386739687471916e-02
3.353212767570857428e-02
-2.798521583814691724e-02
-3.053541345374274560e-02
1.303624380914903368e-02
4.580900522468150937e-02
2.698443831408247826e-03
7.253745301162713155e-02
1.255702698208796264e-01
2.652753842754524555e-02
-3.586889910101749828e-03
3.041728586225106098e-02
1.148566804431135069e-01
-6.151517440395753294e-02
-2.173174312071173703e-02
4.645931148392292570e-02
1.281606137491768729e-02
3.427286092626948000e-02
-2.475850484864098450e-02
-9.723408488940852440e-03
2.251884554023867932e-02
-2.195213891001501424e-02
-5.682783459202157481e-03
4.290360697350155406e-02
-8.850387981947860361e-02
8.300052797576924768e-02
-5.492577412576920420e-02
-2.108726856676973113e-02
-3.008626546815228869e-02
1.124068308296819092e-02
-1.119159008091719087e-01
-3.327183448795446169e-02
2.656981829096595818e-02
-4.819691074889622361e-03
-1.614600066005889359e-02
5.922655010654739871e-02
-3.211121845583610190e-02
-7.583979837413210023e-02
7.879593957325264908e-03
-1.099153769772240191e-01
4.381473980817690572e-02
-7.490075158421262425e-02
-3.892378813926279397e-03
3.404233077104955318e-02
-1.249372808816431729e-01
5.891846538268105671e-02
4.181108676850738698e-02
1.050669185268025552e-01
4.730327303011910844e-02
-8.259166853959482024e-02
4.034636864053204458e-02
5.487399996164762928e-02
3.679877162284399261e-02
5.189748335315780281e-02
-1.102483886853274607e-02
-2.258100298452750052e-02
4.709365167194827506e-02
5.324162030631426901e-02
3.530446825822774332e-02
4.539520306267405547e-03
-2.275648753118959811e-02
-1.787478124872577193e-02
7.477561883452592088e-03
1.885546783685016631e-02
-4.658014157299238817e-02
3.701159330709376943e-02
4.009798777762733218e-02
-3.554847534215789528e-02
5.932661363528237558e-02
-3.940781967911374806e-02
3.024002335665621974e-02
-2.013566938678507112e-02
1.368352753820477850e-02
1.239081626921907514e-01
-5.856770964442879063e-02
6.884655250395969872e-02
1.808500711293373198e-02
7.116216621796893349e-02
-3.942037206917892861e-02
1.230348648236042480e-01
-5.652092332105084632e-02
3.311572969365930708e-02
4.186197195316260222e-02
-2.361410380198927100e-02
5.820429483857537944e-02
8.747614843799372819e-02
1.179015062337994690e-01
-2.364336900602228078e-02
-2.692537451833663595e-02
-6.341161651998243262e-03
-3.676534599490835845e-03
9.069226279226049944e-03
4.205872088866034753e-02
5.842554404816636959e-02
-9.673821214306549399e-02
-5.258093076690561335e-02
-5.605193331377093802e-02
6.430447193682914397e-02
9.946328979928628633e-03
-7.683193501778338985e-02
4.262667209013693698e-02
-1.193869198037519758e-01
-1.290695063555969725e-02
-4.293585914854158164e-02
3.044747560492909802e-02
-8.209387559760440711e-02
2.262392291316400739e-02
-5.947628221824098095e-03
1.035935950775927067e-01
2.073270799640139495e-02
-2.606021970166211635e-02
6.299134258745978099e-02
1.681735795306402853e-02
1.107595163193134669e-01
-2.228518617729711646e-02
2.200853576736173586e-02
2.170244235750007009e-02
2.282120523634157544e-02
5.546691370653997200e-02
-7.192235033925409304e-03
-8.134517709102480473e-04
5.571319657790404362e-02
-1.917244235538024394e-02
4.038626603898287648e-02
8.156166137067602517e-02
-3.006332979791985494e-02
-7.618692707616156468e-02
-1.215334496232570172e-02
-7.726703712780515210e-02
9.089221205383718472e-02
1.667430337733523046e-02
2.629185219142034929e-02
4.259726464938930895e-02
3.950802544456333970e-03
4.988017558888479391e-02
4.856267246054087050e-02
7.999058573934376970e-02
-6.884000961508719707e-02
5.102592788432538939e-02
-1.502016150466505863e-02
9.178755661318975523e-02
-2.365325445768835192e-03
-7.033356623695169452e-02
-7.675839863632499122e-03
1.346124711243279308e-02
1.489428201222659301e-02
1.228656742515640832e-01
2.699809303868597535e-02
3.753769135529350445e-03
-5.970307865970215372e-02
-7.915050014362100261e-02
3.888300176134558417e-02
2.350863527809873843e-02
-4.476747688187852903e-02
-1.187338399285754881e-01
-5.712937642701540605e-04
1.590252696380856784e-02
3.476834252164732065e-03
-1.064250657963490641e-03
-5.872331661022277965e-02
6.468779988272931047e-02
1.849607121818476127e-02
6.283342427505321515e-02
2.337703075789683213e-02
-9.881003212821649895e-02
-6.075243002180922419e-02
-1.692691578249987810e-02
6.882265673590358228e-03
1.189401187239527355e-02
7.128086275631910496e-02
-2.203104472745030795e-02
5.198168748821267726e-02
-1.844941757578948821e-02
3.947143504972741579e-02
-2.145569721681349178e-03
1.587148380084280920e-03
2.679412558992127699e-02
5.626934213206719743e-02
-2.701452137922455421e-02
-5.631144419959464159e-02
3.173155310533738727e-02
6.806897994431228283e-02
