-4.121859928892537828e-02
1.097978920158571570e-01
-2.345924828234240700e-01
4.854204817438952102e-02
-1.017295943602337660e-01
1.705621751303203204e-01
1.598182675253007664e-03
1.688797191689899169e-01
7.709009201802173583e-02
1.565912360623610278e-01
-8.603600231115640651e-02
7.418440262092228232e-02
3.455164599036000123e-02
1.570416299579523167e-01
1.261193200462109275e-02
-1.072954770460620572e-01
5.559127446230031910e-02
7.094967954853897973e-02
1.148151957394579897e-01
-2.336567149301633714e-02
2.662323530126901178e-02
2.489519819354043748e-02
4.331964601288689626e-02
1.362408092383447442e-02
-3.294570482210304463e-02
2.904920236155105525e-03
2.158633469447716891e-03
-1.192792386516048492e-01
-1.060479314360952552e-01
-1.624904998548978019e-01
1.524908390679940648e-02
1.426615975929357016e-01
2.794686096116677163e-02
-9.530161602290207479e-02
7.519959474213289141e-02
-8.832131324396171046e-02
3.559626687813732121e-02
-4.108723997634128842e-03
-8.163914393541012171e-02
4.382090485614630743e-02
1.552223636738669574e-02
-6.943205812176232727e-02
1.986792881944314873e-02
3.209922648194811490e-02
-4.903752158967616959e-02
-7.830493156696327617e-02
5.054694978030641744e-02
-5.366569675899276505e-03
4.326627293170456218e-02
2.316221170234382398e-02
6.173580027074637711e-02
1.194798893327414513e-01
7.992455042331771120e-02
-8.942699882236493369e-02
-5.288004901700240484e-02
-7.035913115217377889e-02
-1.970546865128288208e-02
-2.813691059798332020e-02
-7.321074519070693010e-02
-1.767323842259518607e-01
-9.032363983280400355e-02
-2.469210626245001150e-02
7.102448881082273902e-02
-5.404024469711440903e-02
-1.223921667605382263e-01
1.439498084076128691e-02
-7.459459949672586632e-02
1.079251188834687014e-01
-6.921712780048483275e-03
-3.834220489127185966e-02
-5.685667798288827901e-02
5.506690734893000469e-03
2.977271527594944206e-02
-1.818119231024852359e-02
-3.670201934010092898e-02
9.025220819031938568e-02
1.039175897126878023e-01
3.760294089840425513e-02
4.982336998234765391e-02
-7.601774789446738567e-02
1.191275467366655766e-01
-8.401220609943249595e-02
1.885815426662321853e-02
-2.960075764221537994e-02
3.914731574933246611e-02
7.671935644284168243e-02
-7.702712114592503469e-03
2.151951801765867797e-02
7.679928229749442836e-02
-3.176203301229806042e-02
3.818944283936653861e-02
1.016872236247337580e-01
-1.104013489393754731e-03
1.144305818254993112e-01
2.376436439643475618e-02
-6.422721289485913698e-02
8.885885641872665053e-02
-7.806629102353147831e-02
3.889021534323609808e-02
2.863880483506633240e-02
2.210441475317186447e-02
4.709605904077863309e-03
-4.373616338514628964e-03
6.999745829942506659e-02
-8.376155995691268730e-02
1.096141294337162238e-02
-2.652648823118098145e-02
-6.567520853528140135e-02
-5.049916147641572012e-02
2.099662234261670535e-02
2.773547546858937118e-02
7.115695170215308174e-02
-2.641823718870778964e-02
-2.349599411041455865e-02
1.805712330574572519e-02
8.919424403224647524e-02
2.651184073145801401e-02
-9.947441447137915504e-02
-6.266324116073992978e-02
3.689792128845062469e-02
8.316141376963312459e-02
6.873165347747482723e-02
4.204969441019317661e-02
-2.049208620489872956e-02
-9.881310326813313311e-03
-1.204679936119986208e-02
-3.446142006740890960e-03
-2.707446524136503368e-03
1.533171854564749532e-02
-2.604445841153049668e-02
-1.924507566341495876e-02
-4.588493152943812214e-02
-9.517196224110765221e-04
5.002920413941361333e-02
9.032491062045120908e-03
-2.918534384870223944e-02
3.686180416584603631e-02
3.418933774378768442e-02
9.438708366006165126e-03
1.283017306213733374e-02
-5.038693086209998506e-02
1.512368057526705112e-01
-1.064991948179714737e-01
9.018535807172070595e-02
-2.405290007590918377e-02
-1.023719775158925954e-03
-3.609411465981741257e-02
1.425742476630809108e-01
-5.147017700599609835e-02
1.485600922245281126e-02
4.859391637546333492e-02
-7.032481988569942721e-02
6.173192102424440025e-02
8.287772714828617326e-02
1.039641406707115037e-02
-4.094273804414275131e-02
1.531192101177535243e-02
-2.818399662449004583e-02
-7.786149356165139070e-03
-3.211243598512294323e-02
6.847311507483032356e-02
1.630968996550728051e-02
-3.707954359665943667e-02
-2.125077987205639674e-02
-2.625594422944847045e-02
4.984039184846408149e-02
3.024618399987143505e-02
-4.433794821965513638e-02
-1.185975948460036254e-02
-1.219531096284311583e-01
-9.142280426407028635e-03
1.391188088414473632e-02
9.789111338831044465e-03
-4.993857691510025093e-02
7.382339860377734250e-03
1.081132623388144677e-02
8.053573239805979223e-02
7.474063975081311761e-02
6.798620275527217371e-02
5.322449935295357065e-02
2.257086070325407812e-02
6.165540623117097413e-02
-1.835930323153744242e-02
6.205654038454322396e-02
-1.697053298383066622e-02
-2.378713824874376017e-03
9.666065652802045827e-02
4.109329293855557702e-02
4.042569468063392929e-02
5.813856830110962493e-02
-1.784647353233248523e-02
1.006556115894501335e-01
-1.448958763691719255e-02
-1.909622629979178948e-02
-4.093852437983887954e-02
1.085898077065138717e-02
-8.806906189599281176e-02
1.950194197704999480e-02
-6.108408685841469621e-03
6.663943538348332529e-02
3.653180067893671383e-03
3.215199761108703674e-02
6.496808209317583849e-02
-1.074430890638182305e-02
6.459968744260904949e-02
-2.865167992043926928e-02
5.354607551125515480e-02
2.239846832637755122e-02
8.414005402509669440e-02
6.099994733945808545e-02
1.796927174918808504e-02
-1.476451251185452104e-02
-2.968292409614081348e-02
-2.086529647181279909e-02
1.124534703389198503e-01
-2.149005580931179216e-02
-5.403666642663413483e-02
-1.630865327032140696e-02
-3.421134243515232959e-02
1.652936901957166582e-02
2.161365662889193351e-02
-2.543849335449796870e-02
-8.094586239030299168e-02
5.312470908086829730e-02
2.435966152558685649e-03
8.703624595662236632e-03
-5.107854031819764745e-02
-4.346214143827407256e-02
-4.862200747082245575e-03
-2.981090578892577406e-02
8.257976088679831739e-02
1.411901927063808314e-02
-9.169863206707273839e-02
-5.151916921397361321e-02
6.181402059460945619e-02
-4.854131245522535359e-02
2.445584008541166338e-02
3.066724945423658991e-02
-4.187429227309959201e-02
6.110478732035196092e-02
-6.465058583205736398e-02
6.400572798466452884e-02
1.002758467336189313e-02
-5.478322072758304295e-02
-4.626921102559489185e-02
3.005747203426246787e-03
5.808904102464907369e-03
1.599199305370766280e-02
8.696173767036029234e-02
2.847380309161167203e-02
