1.252644258488765788e-03
7.329653093331151004e-02
-2.200273643416990887e-01
1.176303915206388800e-01
-1.350113137739001601e-01
1.455855556996056566e-01
-5.454503722762121809e-02
2.416745107700029871e-01
1.510250812537490828e-01
2.551841631377892439e-01
-7.850782923152077597e-02
-1.252322262375372974e-01
-5.403502023258190123e-02
1.147469905258124701e-01
1.029605868111797967e-01
-7.889270604358455952e-02
-5.803384613468065382e-03
-1.367323881767703447e-02
1.061601514067339880e-01
2.562823320904317539e-02
1.941747001867403372e-02
2.720456466447833052e-02
-3.765049131155639994e-02
-3.598939860697950716e-02
6.820833661543146409e-02
-5.883107123857889489e-03
1.101565959870938194e-01
-1.532417466735880307e-01
-1.766490004741347875e-01
-1.522648525700839861e-01
1.377294372352820193e-02
1.643954090438540239e-02
5.156520995832329646e-02
3.917750524865949713e-02
-1.986084451693293992e-02
6.823135605890766342e-02
7.446341309729000157e-02
1.978757573357467145e-02
-6.772710255271470470e-02
8.054803525931507335e-02
3.384441442267287214e-02
-2.758319482096610251e-02
3.421876510241244479e-02
8.491306703056812621e-02
2.403036632222999014e-02
-3.335959112139311178e-02
7.466354765908679580e-02
5.697329516313118236e-03
2.624906794471527222e-02
5.645613420287511064e-02
9.149935430559166805e-02
1.887380391210654457e-02
1.018904760407653987e-01
2.814359920352452540e-02
6.596212900126623147e-02
7.295955665130015103e-03
-6.010545799990124616e-02
2.264360878435816779e-02
-9.575967694415089826e-02
-9.489991626067413588e-02
-7.157821748318210497e-02
7.206224701054887716e-02
2.463919091347972420e-02
-7.344831431023551849e-02
-9.602980165792629474e-02
5.358740076948405318e-02
-1.273067716150449724e-01
3.758143298112780889e-02
2.203830440785291972e-02
-1.199558384784643189e-01
-1.491608169393605562e-02
2.318786159338307069e-03
-1.039848657660973757e-01
-4.269302637348591084e-02
-4.059960298161320591e-02
8.512376223659837149e-02
5.109570994475483297e-02
7.233078417649832503e-02
5.937256309486301301e-03
-7.539513111157315761e-02
2.656129718778744986e-02
-7.390911732267055334e-02
4.206773960151932029e-02
-1.693699556445420196e-02
5.610645953825619398e-02
8.894754373493211907e-02
-2.137881633380999888e-02
-2.084281187109815817e-02
-2.335890261567396403e-02
-6.336445210320057475e-02
4.305188120596789569e-02
1.544404488179039470e-02
-4.246683532019807777e-02
8.392830421175287436e-02
4.694068314134683569e-03
-7.358335941116858625e-02
-2.725923152874563590e-03
-2.162605965174623640e-02
2.189797898480312643e-02
9.713135277767624351e-03
7.145021281173800920e-02
1.228159784464497029e-01
5.974977826307114985e-03
1.608185947681824504e-02
1.697226673571757861e-03
-4.730026272392327813e-02
1.369763873752361666e-02
-4.472739988861532123e-02
-8.531744307136361616e-02
2.680609016016625122e-03
3.591709615708051084e-02
1.781042296399778027e-02
-3.092650151858679711e-02
-2.737722774650442822e-02
7.287745281917140661e-02
1.105902726388507673e-01
6.428981992617995023e-03
-9.663186191496113409e-02
-1.418922637301826958e-03
6.379640315949453022e-02
-1.939631421829786026e-02
8.819704775617145942e-02
4.116390720991797841e-02
3.244564674037869051e-02
3.646086579937578287e-02
-3.647311752716295846e-02
3.333170549871129762e-02
6.837937763772236610e-02
-6.906212673860629737e-03
-7.209254846687887519e-02
3.777342273233932207e-02
-4.250003577690587148e-02
-3.200423942094758611e-02
1.051650005032315760e-01
-3.605214125801357861e-02
-6.208754597250226714e-02
1.186405551046692576e-02
-8.158684372803096801e-03
2.213034766984844567e-02
-2.610684436665619557e-02
5.653223296279267368e-03
3.978619179227219083e-02
-1.930865396877831652e-02
5.541394356705177382e-02
1.499100704893878422e-02
-6.178359958765240745e-02
4.976306708060217014e-03
7.418324541792006843e-02
-1.026223355885258204e-01
4.710547750806173828e-02
-1.022839808301440750e-02
-6.597579571733305781e-02
4.367302654882333074e-02
9.450779194766585622e-02
-8.778449239288143354e-04
-5.779840588971122545e-02
-3.707269292673110589e-02
-1.894161981380178619e-02
1.860002093594963213e-02
1.966654246780102921e-02
-5.807318971123667274e-03
8.341328298987091272e-02
-4.630466316560049450e-02
-5.246465933744866306e-02
3.669306192487479731e-03
8.435504396974862623e-03
5.551278567517145546e-02
-1.037245079226424560e-02
-5.633620531819778093e-02
-4.826814921911055239e-02
-2.216900100821926969e-02
-1.109492310070605420e-02
5.733670556763543862e-03
-4.235867499657828411e-02
-5.740227819522879769e-03
3.541815748491355248e-02
1.596110230631868007e-02
4.346315962861531379e-02
7.580057702155569219e-03
5.768275648178208814e-02
4.963661544507475681e-02
1.354917540627039452e-01
-3.267235547230542408e-02
6.975516038844960243e-02
7.013406664021146035e-03
2.836192154150116163e-02
5.451280310437268961e-02
1.022933680694627090e-01
3.040454340294363594e-02
2.799961551809320923e-02
-4.452785202927594943e-02
7.370867215369042436e-02
1.311742451905014394e-02
-3.333084270097980834e-02
-2.963924181511058686e-02
-5.000803261252726589e-02
-1.300772151308645097e-01
4.534205699252994576e-02
1.223191795126568442e-02
5.233527418963418443e-02
2.991947851829905927e-02
7.349034981571377946e-03
3.484857293449205445e-02
-1.426218454919320026e-02
8.785489668777115776e-03
-3.893985624149744196e-02
1.407602731064657234e-02
3.439957299502382354e-02
4.780641438512551328e-02
2.478231180117955110e-02
1.127265943339332208e-02
-2.530416638109492938e-02
1.614570650894862555e-02
3.024768677535846773e-02
4.912908330750213881e-02
3.911338212125503588e-02
1.174326382805810157e-02
4.025814215139809915e-02
4.916221474039142057e-04
3.637313652603771374e-02
1.429811144673251086e-02
1.959841595892245283e-02
-8.960289037986388094e-02
2.866034602086947602e-02
-6.097184496995584728e-03
3.487531966416829686e-03
-1.010498349550184929e-02
-3.685033269537109357e-02
4.983519697095485938e-05
3.074379547096613499e-02
7.887883225606216742e-02
7.317125270269893289e-02
-7.317087307169706234e-02
-5.537076916856793068e-02
2.597583715910650737e-02
-3.828133450091379675e-02
6.930553923461470200e-02
4.979526669194143246e-02
2.966098431794417581e-02
5.323748452150032368e-02
-6.535841217258693547e-02
2.476671241819418390e-02
-1.131013936684931685e-02
-4.641441103704622290e-02
1.200068815922593519e-02
6.722712852326995052e-03
-3.930022959798686044e-02
7.208557706120841124e-02
2.047401760874938831e-02
1.559834762809035255e-02
