-3.135980297302216196e-02
1.110276587399517678e-01
-1.666121315691995453e-01
4.575899531641564044e-02
-1.426101718658565609e-01
5.558134669447838128e-02
2.105839839098535421e-02
1.441416904421979062e-01
8.264170824722529354e-03
1.292002035477710919e-01
4.367641463865317569e-02
1.100629407366292452e-02
8.266305220185780900e-02
1.678386903088976423e-01
2.119641544442552733e-02
1.951211152280231398e-02
2.162588168309175288e-02
1.572072090143116288e-02
1.733066234138438133e-01
6.918200923349773768e-02
5.652493633866972900e-02
2.493074512310909912e-03
-2.416448277876863393e-02
7.388378779185411638e-02
2.958976390703335450e-03
1.129398830390732772e-01
1.732705111673696298e-03
-5.498209899850810961e-02
-1.594103075773223299e-01
-7.763256236912735586e-02
3.823075973551196688e-02
1.281933366239368932e-01
8.241148818437936396e-02
4.851894112680001092e-02
8.605135110089312533e-03
-7.259276599725583701e-02
2.320177700012527114e-02
-9.789084992206212310e-02
-1.561805791695214107e-01
-5.810298761071663572e-04
5.224903076062393376e-02
-9.696590928873655146e-02
5.068524472424892902e-02
6.334777937177750451e-02
3.871660419777820522e-02
-2.692633301608150093e-02
6.134529242276227229e-02
-1.545250572473269024e-01
6.376538785787010111e-02
2.396502100744699743e-02
2.351421081414826683e-02
8.610895103233405512e-02
9.280214930397029383e-02
3.720280038513015981e-03
-9.245856194000390271e-02
-6.805739123334917685e-03
4.012383196759792409e-02
6.117612181937868987e-02
-1.238281745083369551e-01
-2.846478658104923884e-02
-5.869264130687733977e-02
5.001499424317119163e-02
9.843195869783810670e-02
-5.440232676282542174e-02
-4.795508702563280878e-02
2.761781965404107309e-02
-1.536108604564846991e-01
-5.789385997441832445e-03
-4.592536317828182363e-02
-4.221751581367932243e-02
-4.126558981010288590e-02
-4.854319562070059241e-02
3.840740431627528290e-02
8.159520768372838240e-02
6.393484592192214379e-04
8.562634050258791096e-02
6.191618931030652695e-02
1.092037926637954431e-02
3.081883792758039614e-02
3.483085461198790617e-02
5.006785107358267123e-02
-1.360649799058891718e-01
2.304051156512409645e-02
-1.786014692637987594e-02
4.012537706869084841e-02
1.566703762159788599e-02
9.143426771314483448e-02
-3.296275552547366094e-02
2.665956951575870412e-02
-5.607628210038438643e-02
7.629924792368318262e-03
1.000747604854536690e-02
-6.517293902094184466e-02
1.707880367672078570e-01
4.122329715925699030e-03
9.081241842211758980e-03
-1.556915726399022218e-02
2.979188468953816726e-02
-5.177461285992863982e-02
-2.446078286277480335e-02
-1.330339227525716844e-02
3.587710364739993274e-02
-4.917187210260356295e-02
6.528235373787111273e-02
-2.808368559984994114e-02
-7.967665924990091630e-02
-1.303903625803265291e-02
-6.282287619118544220e-02
4.493333641145642182e-03
-7.348978701315807271e-02
2.423764151888948767e-02
8.708441287813993917e-03
-6.730499886626149786e-02
3.030514571305794463e-02
9.129833474955094397e-02
1.028642428795214087e-01
3.608094919391545419e-02
-8.740220064711284875e-02
-3.940007786960469244e-02
5.018473976789167290e-02
-4.865548494431437554e-02
5.282255072676780849e-02
7.458598233971350418e-03
-1.672341964557281374e-02
5.570243950106348180e-02
1.096360616439790749e-02
-8.003767391689217692e-03
6.016440399676437761e-02
-8.831251671893096400e-02
-9.811884216472754883e-02
1.066331756361697976e-02
-7.251349871793037749e-02
8.502795518862298063e-02
7.803511510270984275e-02
-2.630502271380759718e-02
-7.919541415832991732e-03
5.227378831069429826e-02
-6.905901199998414064e-02
-5.378040560663105429e-02
-5.896066244762460801e-02
-4.449980979084833255e-02
7.225478411632421660e-02
-4.155657187174269934e-02
-6.298191380600611650e-03
3.223630648371369339e-02
-4.480221841405909039e-02
6.198284425280367604e-02
3.665525967689756137e-02
-2.373774741645269526e-02
1.325722609190388979e-01
-2.793636200726865720e-02
-3.415356134453311626e-02
1.929533024620648865e-02
1.922730986553420063e-01
3.793798104469432719e-02
-9.004108958349567315e-02
-6.970227711081100619e-02
7.181917340586985166e-03
-6.865793250232747613e-02
-4.356383785437093620e-02
8.870784700321859839e-02
2.790211825513939925e-02
-1.116444056041139971e-01
5.205122188814588491e-03
2.330982627887939751e-02
2.002440236656606934e-02
9.568494861753404357e-02
-6.943565734082243757e-02
-2.470828649831136037e-02
-1.288095444993457850e-01
-3.155915694659312820e-02
-2.670315573961263081e-02
1.494188215284595472e-02
-4.745562411419870091e-02
3.789928165220406847e-02
7.830719662539899206e-02
2.084808497942968256e-02
5.282869519855595830e-02
4.813564825800377943e-03
-1.497824592740504279e-02
6.908998588700976384e-02
8.717733453921683306e-02
5.837280538064172630e-02
2.986644480041772062e-02
3.087906093762093906e-02
4.113307044194684792e-02
1.094198193561365939e-01
5.073371777946651673e-02
9.991115943252133758e-02
-3.129850198547492329e-02
2.069925221833902179e-02
6.049670852949406291e-02
3.619284325911011763e-02
-9.403880509964775147e-02
-5.458436123112219568e-02
-6.426610840972869776e-02
-6.318568748735453600e-02
3.342060850514944753e-02
2.537429693452943752e-02
2.206580430357289388e-02
-9.417966082718885398e-03
-2.182674482517208900e-02
-5.008053527557808360e-02
8.796368319776532232e-03
1.028268370600391758e-02
-1.705730521197898475e-02
-3.603067950952003069e-03
2.310289053017803088e-02
5.871966260971175910e-02
1.811181874160898084e-02
2.712877719183831929e-02
-1.411809174223167644e-02
1.978545068591593473e-02
2.583315602654480403e-02
1.190377502663469145e-01
2.627713902896782264e-02
-3.268384681190879271e-02
-4.252290684132526560e-02
-7.040630422043177294e-04
3.680664365142072292e-02
4.680542401474544791e-03
1.144251563803775316e-02
-1.265537328362578429e-01
5.794093165887721775e-02
7.207501340079150443e-03
-9.368055724159031483e-03
-1.984445198811556413e-02
-2.438514477438855424e-02
-7.065064578861536201e-03
1.877509830147677111e-02
1.619725882455628693e-02
-1.279907846504293838e-02
-1.092251366184279621e-01
4.205398662591409986e-02
4.597653117726615418e-02
2.088951524827022121e-02
5.011097017385036240e-02
4.118010619382218157e-02
3.728364869813208075e-04
-1.175742880032614075e-02
-8.351228288163001223e-02
1.500961507284978916e-02
-2.297026336427131568e-02
-2.050748001989845942e-02
8.671143266082440015e-03
3.567063502228479122e-02
-5.712364504588664932e-02
-2.000686726579053998e-02
4.453484405981582989e-02
6.894348874385028587e-03
