2.408169843089050591e-02
1.432324036016482949e-01
-2.623788964463115159e-01
6.271725528155008833e-02
-1.019354719481317811e-01
-1.979657382968580143e-03
-1.648854582464077678e-01
1.338420756552920754e-01
-1.584615930114203911e-03
1.552982380255013561e-01
7.697013620778662968e-02
-9.811244631357754487e-02
8.558121779701614862e-02
1.507740978888006192e-02
-6.647346119491039096e-02
7.417868885157348491e-02
-3.474078579101043396e-02
5.807727617724823405e-02
-2.322146670755820264e-02
-1.022518719904299822e-01
5.715559205145538668e-02
1.197018404817139642e-01
8.293071351311299966e-02
9.331742643269751170e-02
-3.264080535137230815e-02
8.398372709601607811e-02
1.926259355645354165e-01
-8.673610852473911947e-02
-1.185128435007735681e-01
-1.023574858761402001e-01
1.104037081242344219e-03
5.670412581115659434e-02
9.473616503765151797e-02
3.914867931564929709e-02
1.466767615025222904e-01
-6.959564409029202203e-02
6.701824404635295385e-02
-4.698442114050110875e-04
4.344572751733141724e-02
1.369914688184298568e-01
-1.379061210772744572e-02
-3.359713925633029535e-02
3.466971977335015637e-02
-1.066550776037700210e-02
6.677240046613909519e-02
-3.565533613873986957e-02
-1.131077497139848856e-02
2.186764548298124680e-02
-2.380072948630726493e-02
-1.101203952240017575e-01
-1.357564759541662891e-02
5.650883014407775268e-02
-3.126738322230683542e-02
-3.899744322070495400e-02
-1.416067514624836099e-01
3.983634155059048720e-02
4.002015523202440833e-03
-5.081288203453226482e-04
5.280493860318247884e-02
-8.108666585409271543e-02
-9.500748639666328765e-02
-5.985579498920031306e-05
5.114317595886823387e-02
3.876960393750827211e-02
-1.521104923126798125e-02
3.134887814408838375e-03
-1.208189221857008389e-01
-2.079387600295080907e-02
-3.346091806569084781e-02
-2.491060947148725918e-02
8.643115649771410114e-02
4.254863794067148541e-02
8.508800196986053554e-02
-1.045333900965960822e-01
5.826659305890249246e-02
1.554265441195276098e-01
1.222819921257631975e-01
1.978298568099358650e-03
8.009089234755557840e-02
-7.164962864660699704e-02
5.494126734057228068e-02
4.743717825492566736e-02
-4.460897495650008315e-02
-5.870192337262927773e-02
-2.453961904181809969e-02
2.931772167757631248e-02
-9.094755138966029162e-02
1.575199343070499830e-02
-1.377264178108199462e-02
5.728712533079601682e-02
5.217804936326721210e-02
2.691149833678742331e-02
2.370449142319466102e-02
8.166541907726580785e-02
7.905078750591010284e-02
1.580036724004927826e-02
2.641481753171529001e-02
-7.245370734546873089e-03
6.781114649291535013e-02
2.081317117409374820e-02
-8.472112195517078614e-02
7.135901211645227782e-02
-5.054495771269353760e-02
1.937269153123219803e-02
4.763322127018257413e-02
-1.594280500871540773e-02
3.276452544521490928e-02
-2.458687182889527506e-02
-2.599001803322496459e-02
2.052812578490284187e-02
-5.852143878762496032e-02
2.373204139466812343e-02
-1.931083148431089747e-02
-8.958177259423417971e-02
-8.562164253937548652e-03
1.008434264081103232e-01
-3.510240039808196905e-02
1.721064722244238648e-02
5.613423885500516686e-02
4.470844020492708432e-02
-2.536058101542991092e-02
-8.852271228516306670e-03
-2.564318053785621943e-02
-7.432785275384226620e-03
4.111440884620835845e-02
1.701453626644201453e-02
-5.667192189875604885e-02
2.539927326883098871e-02
-2.036734401550222701e-02
-3.773167319965354399e-02
-4.487180372257921872e-03
-8.724692100445115284e-02
4.162922982978459197e-02
7.887927109904263601e-02
1.653127375820344358e-02
-8.023377173105419868e-02
-2.912327526979073891e-02
7.531299353402774906e-03
-1.952691701888882581e-02
4.213983848726624709e-02
-6.619252622069887737e-02
7.720419206901002473e-02
-1.904749316265580070e-02
5.882628890353476525e-02
-5.240357866118623004e-02
-9.368186058062268062e-02
-5.431862439712333013e-02
7.685253078085553524e-02
-5.216089432554329303e-02
1.317873777211707453e-02
3.995415079975198069e-02
-1.106122182659164260e-01
4.892372172185381618e-02
-1.340419912929262727e-02
3.064759379008324611e-02
-9.755101797998700502e-03
-4.819560077418156424e-02
6.392704212998959190e-02
-5.267289576826589964e-02
2.742051038679774178e-02
9.457327710520362085e-02
-9.486970256892424125e-02
-7.525150716119548278e-02
-9.675950831866557411e-03
-5.806093642844584179e-02
-8.171107525687164308e-02
1.525127015139693398e-02
-7.813732421007604789e-02
1.078837859492634207e-02
1.051919736933359419e-02
-3.840951799716461196e-02
-2.398124804168331667e-02
1.820278589920434897e-02
1.771799472423790656e-02
-5.612754669177425458e-03
1.495297631723111614e-02
1.671661610636523271e-02
-2.419203419827127902e-02
-2.448611570634251153e-02
-2.360421088584612609e-02
-8.400557004503882153e-02
2.259196174901968376e-02
-3.099239306314816381e-02
1.179392877444752352e-01
3.439636019203455488e-03
-4.625677577803308238e-02
7.291584028249090133e-02
1.320128390783462946e-01
1.282981789296124275e-01
-1.001871188262764070e-02
2.595628545409654764e-02
5.514739955623316342e-02
-7.698372435647884982e-02
-1.846340659112100449e-02
-2.811863549623193695e-02
4.015477981519251227e-02
-8.158932544458941116e-02
1.309102966934600765e-01
1.895855872946526285e-02
4.713521562061295106e-02
6.133996053010733890e-03
-4.516296377868162654e-02
5.205375177310518631e-02
3.343330015347392888e-03
5.313258283852348440e-02
-8.767763134762257549e-02
2.242907381657177623e-02
6.156419895390059099e-02
1.311358259913790979e-02
-1.104183153840785497e-02
3.528923744259990225e-02
2.894625566270293132e-02
2.568316366538305612e-02
3.717571409591163140e-02
3.969838787099278649e-02
5.865562175596056305e-03
6.611483598055114576e-03
-4.392882017371133735e-02
5.724367722535265990e-02
1.102267224875183409e-02
6.899334939950964307e-02
-4.599214658225222498e-03
-5.072353995688095446e-02
-3.978949640797408262e-04
-6.346616609672143736e-03
-1.689346586159439065e-04
2.155362336670419224e-02
4.438840533285372952e-02
1.608578630332922407e-02
-3.561779887797762723e-02
2.867656488153422223e-02
-7.658582939239910736e-02
-6.124178615580608710e-04
1.025905226262116780e-05
4.992207697664247101e-02
-2.902448942879834806e-02
8.552421551325233018e-02
-2.526356163376750411e-02
5.202698312018153026e-02
6.882947632628154400e-02
3.230392117492060511e-02
4.162695381487864499e-02
1.046751144874558670e-01
-6.063711353900259849e-04
-5.686626639542643330e-02
-7.888361930662413438e-03
2.852159204569952589e-02
-1.511909143499342613e-02
1.116052401723434048e-02
4.356030958117850654e-02
