-2.957173328180192143e-02
3.065994518620719297e-02
-3.377530371053476532e-01
3.565720592874584843e-02
-5.050990664784248824e-02
-3.930862404992367144e-03
-1.462746683256862246e-01
7.777468706804338550e-02
-7.756398274675359306e-02
1.092232199231215339e-01
4.648528754652674067e-02
-1.299248073790000013e-01
5.011646165264600772e-02
-9.234922477010132358e-03
-4.878183011557392368e-02
-5.750997955106296883e-02
6.031441627006011580e-02
6.045945566908719759e-02
-2.035205787942449482e-02
3.022540355917507915e-03
1.032437400702104352e-01
7.172028514041399461e-02
9.042562692783688572e-02
1.409421641312444407e-01
-1.205480807015718026e-01
3.132825393649452117e-02
1.889037913202531171e-01
-1.721901467042314671e-01
-6.986984763105104357e-02
-1.246821520172151920e-01
4.785448125487757470e-02
5.404062943873452329e-04
9.599154589717056804e-03
1.023263210270269757e-01
1.860198840294834122e-01
-1.698280673395991675e-02
4.867996940689323787e-02
-2.122834825910291205e-03
-3.287153976801501787e-02
1.548649214244235961e-01
-4.661568847263964331e-04
-1.155382315129603501e-04
2.682556216943690272e-02
1.217962587629429008e-02
1.681864442830315748e-02
5.167922273915953602e-02
9.805406508960735554e-03
9.216949507311789080e-02
-5.239173519321396050e-02
-4.616074267220200700e-02
1.850629699379341409e-02
-8.296362532025033237e-03
1.518813636101615759e-03
-2.640014956818277636e-02
-1.749506359728166816e-01
3.079239613916147367e-02
5.792225916786455930e-02
-4.296257267298381199e-02
2.840824695431502095e-02
-5.970655127992387234e-02
1.233174427425798476e-02
8.680710533112921332e-03
4.957227562126988174e-02
-3.364286236708130171e-04
-6.541987999181994584e-02
1.694353590727988232e-02
-1.629140635320469321e-01
-4.342552639077056770e-02
4.827614615081231991e-02
-8.824670464881344267e-02
3.163899316130938666e-02
-1.570346185826609203e-02
3.293118273643119015e-02
-4.276038877575347869e-02
6.578872466491995918e-02
1.492763560648266707e-01
1.127183875609835129e-01
2.270087613292667492e-02
4.319967108985626331e-02
-4.606179684543639657e-02
1.000895815847429454e-01
4.145891001650671426e-02
2.645960034658257146e-02
-6.825987186384714633e-02
-9.716124636852037366e-02
-5.034962017418270069e-02
-7.254875223768353365e-02
1.827483615073473636e-02
-3.944113906621674742e-02
3.027646204019300916e-02
7.373033645837941130e-02
7.482540314003552351e-02
-3.153809340271060413e-02
-2.881181395704077164e-02
4.924196504645378912e-03
3.952092995468328013e-02
2.322622754269769441e-02
-1.998013816606242915e-02
2.301504274636696074e-02
7.346719629428766739e-03
-3.006915307585924374e-02
5.203640788459924782e-02
-5.412346333579371588e-02
3.056314548129114572e-02
-3.521164540744136512e-02
-5.379590748454571303e-02
-9.399405099360854179e-03
3.389238907167957220e-03
6.009333368788588592e-03
-6.283181719959576861e-02
-4.468930387513771890e-02
-6.705067634413153232e-02
6.259961962814096503e-02
-4.788129176216239513e-02
-5.336786828640108227e-02
8.561453424783034560e-02
5.825208926763970202e-02
4.715516584861449700e-02
6.759233187362533035e-02
7.251771355003837349e-02
1.151826799826598507e-03
-1.247028124439759043e-02
3.473386102672406349e-03
6.327202843211103545e-02
7.540402321601281932e-02
3.291362938160193735e-02
-3.540015178183941735e-02
1.841000979558771525e-02
-2.151640906198510131e-02
-3.849268133538814862e-02
-2.526923944847205353e-02
-6.904090005874055636e-02
4.948431665710725791e-02
9.093822973318813063e-02
3.853067089529232242e-02
-3.250474512175637737e-02
-9.086167404333063413e-02
-7.578052345809857798e-04
-2.468520602036675376e-03
3.147335739886039391e-03
-4.551139667019736545e-02
-1.361615015371645150e-02
2.025842930977869803e-03
1.202965360018015684e-02
-5.982766302191180885e-02
-1.187083417697872567e-01
-4.080674522759518419e-02
6.497986094932105272e-02
-6.292442075582087291e-02
7.900675319970806160e-03
2.615257679541768947e-03
-6.227786150905371965e-02
1.931282239752638713e-02
-3.303682318210064695e-03
5.131069838275349043e-02
-2.650940959249403501e-03
-1.729572411229374218e-02
3.944975558528438647e-02
-4.354445997923954426e-02
3.013334454132971310e-02
2.928014899528612672e-03
-4.988423204952181778e-02
-7.666658349694291386e-02
-5.108449073347582498e-02
-7.970071931718193670e-02
1.524931684956335777e-03
-2.706323715635848819e-03
-2.870188126767218850e-02
1.568299362152176385e-02
1.051920022979101199e-02
-4.200569061310394613e-03
-2.582723112935804421e-02
1.738627764167748058e-02
3.266455112037521674e-02
-3.917947235891722224e-02
2.100021870966146606e-02
2.760329110238247258e-02
1.653692589596146567e-02
-1.780672533417515741e-03
-7.715051795818433401e-03
-9.368770010750097910e-02
9.399520413370680838e-02
-8.948498492434102392e-02
1.893091841281344667e-01
-9.774662512674031634e-02
-7.776392442712616593e-03
1.470874078732821166e-01
1.317460320058733980e-01
1.260008638145972415e-01
-6.647308128157490559e-02
1.842487249018766315e-02
4.798155088737325602e-02
-1.226367697679055062e-02
-1.688677578910938908e-03
-3.844604322474692859e-02
7.035945169777563235e-02
-2.417282743670129755e-02
1.053549794317992089e-01
-2.015810612122904966e-02
-3.288486494248393788e-02
3.094659659563593623e-02
-1.886146414406114288e-02
1.542036596414034927e-02
2.176359745471743469e-03
1.923982222297189850e-03
-5.304130541690436906e-02
2.685234064505232637e-02
3.163226651073614004e-02
5.559864983817738165e-02
2.455739965947495787e-03
-1.761524001452323407e-02
1.318952034902526153e-02
-1.205755318422445550e-02
1.994938776344184345e-02
7.044068401136499569e-02
-5.970699972329542027e-02
-1.573325131080477793e-02
-3.240109063958949986e-02
1.384213358130833779e-02
-5.941672873522487602e-02
7.017914543074305067e-02
1.732102913111693149e-02
-2.172605633818480361e-02
-1.058678705221749883e-03
-2.834479221724067050e-02
1.169335310318692957e-02
-1.698754742103059101e-02
-2.298493297713430708e-02
2.094019136121253941e-02
3.992292740560860614e-02
1.784801415602716920e-02
-6.838120782752085680e-02
-1.140109615161380777e-02
2.908459565362085664e-02
4.189806420393190484e-02
-3.737106039980239020e-02
5.492848325106505086e-02
3.226998501674986641e-02
5.208829918902147665e-02
6.618031182329144058e-02
4.112161653776219561e-02
1.616497415093000323e-02
-5.124202248356752275e-03
-2.808005046967909299e-02
2.919837214331701472e-02
-2.330518560775991788e-02
-4.409806332141822521e-02
-1.053393479771337366e-03
8.019672971778581475e-03
4.556537003313035870e-03
