1.307762204040136267e-01
1.739567183202893608e-01
-2.350168573287842455e-01
1.186965040759729306e-01
-1.966755890631381037e-02
-1.626946095509826731e-02
-5.877607987690892238e-02
8.524072497656232095e-02
1.132215354933985563e-01
1.506318799734762126e-01
3.995807216712624760e-02
-6.634070366828824505e-02
1.410075503594540314e-01
-3.747839831712374004e-02
-1.068217327150699086e-01
2.464535343394304301e-02
-8.460925944097841267e-02
2.707930194288477727e-02
-8.245105183221862477e-02
-1.715166089982607944e-01
1.568485677177436921e-01
-7.170773338111555151e-02
8.022625046350272127e-02
1.381130009460885266e-01
-1.075770555218449748e-01
-4.612871406560587612e-02
1.090124537478082828e-01
-8.973231383323919397e-02
-8.232306361121204119e-02
-3.566423472704635667e-02
-6.296849537669199724e-04
8.640896470670167417e-02
3.146558719090375433e-02
3.336675000856016704e-02
1.397912705318918314e-01
-2.455030597655112265e-02
9.910629364378996387e-02
1.391838784624738479e-01
1.274344600614882479e-02
1.754717797767456344e-01
3.584414471383690765e-02
-4.363988802506394565e-02
-2.186615011068334877e-02
2.773968412717692407e-03
3.843510492740245810e-02
-2.823254917412490461e-03
3.585888793128173824e-02
1.129165574397813371e-01
-1.089065091296962662e-01
-6.058572078917109915e-02
5.290710414986688620e-02
-8.089040748124691482e-02
-4.986077794241956102e-02
2.416580713898628871e-02
-1.390991227679842235e-01
6.273360102339223254e-02
2.776033887625422095e-02
-3.405718841392342544e-02
3.118140633290918118e-02
-8.475466175215531917e-02
-3.471333281349108651e-02
-3.314894924070367621e-02
-4.056236602418263233e-03
-1.406196684164369003e-03
-4.906147476476439839e-02
3.281736929474033532e-02
-9.114249902067367293e-02
-2.482675910945987899e-02
-3.064025190708392606e-04
-3.562118025871108956e-02
6.992081269283839662e-02
4.786235974591813297e-02
6.152248488309931818e-02
-6.885823268772035821e-02
2.927479493489271514e-02
9.979804967969781171e-02
1.107348461510370419e-01
5.508179994625216763e-02
-4.575895844548587971e-02
-3.102685183119283444e-02
6.417971835189392737e-02
8.737400443988398158e-02
-1.785033271551118069e-03
-6.087289302461824925e-02
-5.069961003641230979e-02
4.577623008911085867e-02
-8.568957404099385167e-02
1.650716862766891252e-02
3.082731983277884821e-02
-1.770240197815410241e-02
8.283444670905691296e-03
-1.318567130622107925e-02
-1.474254082374071469e-02
-1.592766046950529635e-03
1.656015518137945730e-01
2.615022996240603040e-02
-1.005950381009908592e-02
-6.207161631546476849e-02
-2.242909885794878294e-02
3.225737631329113342e-02
4.428271367264038916e-02
5.818410764602624519e-02
3.683802987245476945e-02
8.863714918086988692e-02
4.462914367095757728e-02
-7.761264124922483132e-02
-5.584071952829756935e-02
-3.131494996918482432e-02
-1.529181470265152630e-02
-5.550600575833629369e-02
3.500855327875111722e-02
-1.284461866499125166e-02
-1.122314963915054323e-02
-9.848237777511016644e-02
-3.888651802965047838e-02
6.050281689977118210e-02
2.318520512072331369e-02
3.539956904576620211e-02
3.918529965854452429e-02
6.302867904210689154e-03
-9.046317144584854406e-03
7.107131782808033538e-02
2.387446834208734395e-02
2.744464172009860106e-02
3.628804376081715133e-02
2.013613681727779298e-02
-3.171750390637413132e-03
9.116952825265585425e-02
-6.767029972268490123e-02
-4.848442380950825775e-02
2.497714704972442759e-02
-2.273094308756808124e-02
-1.311943366262835822e-02
4.426202331192675282e-02
4.489071113987615214e-02
-5.263552981113673451e-02
-4.867263130756606382e-02
-2.433631565378303191e-02
-1.584201448410718291e-02
-2.467968305137496765e-02
-1.605124353109659563e-01
1.875194812437165279e-02
-3.946894634199399343e-02
2.407118702123045226e-02
-5.389265618558114479e-02
-6.927139889253902671e-02
-6.553883645281659287e-02
5.317828676059729864e-02
-1.761885707930005993e-03
-4.885617368126330545e-02
-1.748342602629838691e-02
-7.451613824617418780e-02
-5.211620531838801439e-03
4.032668821488336747e-02
4.686794041275516715e-02
3.001918496931132996e-02
5.986743408418983628e-03
-3.321710991265876527e-03
-4.245259606948261627e-02
1.897092407622736829e-02
3.721148910275415278e-02
-3.225545328492876451e-02
-1.444158688502992192e-02
1.009411832062173274e-03
-5.306678672721622247e-02
-6.376413055580412714e-02
-9.527430351540577824e-03
-5.562505545862148765e-02
3.975366137453366366e-02
-2.210994737306816449e-02
-3.650990425521642019e-02
5.705472021113403014e-02
2.908566153429005888e-02
3.215125363699742299e-03
1.003254580138957484e-02
6.332073007173263934e-02
5.687327892398085644e-02
-3.003734690384481879e-03
-7.878080975609148828e-02
8.846215359989428179e-03
-6.609637223135832185e-02
3.502493463146759411e-02
-8.300723436857943005e-02
1.112553814394213331e-01
2.454603258019030700e-03
1.934242466652804152e-02
6.287198784221013914e-02
2.862598653241112470e-02
1.357082895905820930e-01
-8.229692467013835500e-02
7.325139098155299122e-02
1.413767718050289515e-02
-5.976722293952858867e-02
-4.565742967028004612e-02
-5.587711462063722767e-02
7.805999462493006663e-03
-1.844038191803148985e-02
1.112677030655950250e-01
-5.895606108697215575e-02
3.393774698563848530e-02
-8.994502213709905381e-03
-2.303652653900309377e-02
6.344779239019437966e-02
4.817121946789643810e-02
5.449185757864088292e-02
7.967747514750066207e-03
3.791731173501636243e-02
5.807713029046036868e-02
-9.643880402372939642e-02
4.266202810279916269e-03
-4.822271389404433201e-02
4.609555963217318308e-02
5.572419825419253070e-02
-7.057514089895272624e-03
1.150946363416189278e-01
-8.845325069080924377e-03
3.686523716261865674e-02
-4.719143651726929317e-02
2.814270101563864923e-02
2.235851659472256475e-02
6.607094552301143175e-02
2.322530382324234505e-02
-3.722687332965311097e-02
-4.333188298235779792e-03
-2.162374170211579533e-03
3.803515063966599052e-02
-2.604987637119942495e-02
-6.343180276547763508e-02
-5.824995356161922350e-03
-1.987592259054015917e-03
-3.257318030435577688e-02
-7.002964185349397352e-02
3.966174774113968501e-03
-1.597402682002019986e-02
2.409842992303068421e-02
-8.062830583778325677e-02
6.634166518246942257e-02
1.043107562367243980e-02
-7.752083445073985370e-03
9.593881664951338373e-02
2.716184971592129280e-02
-3.349025116338788521e-02
-2.163068597120212933e-02
-1.668476385809734971e-03
3.335065354893440928e-03
2.148713546511489547e-02
1.297235760454344862e-02
-4.348269826225843043e-02
1.382903112834262330e-02
5.508144382988876958e-02
