6.328285740479029642e-02
1.455980176314657926e-01
-2.823868162592589881e-01
3.223474508722715126e-02
-4.045050691793582176e-02
-6.144441078149255608e-02
-1.126588743233426781e-01
7.679872924876007811e-02
-8.870180264782433904e-03
1.690349475537037127e-01
4.754292024426659546e-02
-2.291753082635331340e-01
3.552193678474154653e-02
1.354181205727114819e-02
-5.048560338303770267e-02
1.233579980125200509e-01
-7.448367960196999871e-02
-4.387098977932035564e-03
-2.822629579002257014e-02
-2.005297806137648076e-01
-6.877729023709734657e-02
-1.524791783658904082e-02
-1.123960580781305646e-01
2.940678667743272801e-01
-4.313421028808891305e-02
-1.442399049171555307e-02
-4.178359454180199939e-02
-3.272190722061148888e-02
-1.291153878781711034e-02
2.761457135694549841e-02
1.214817497758089171e-01
-6.238322124199110336e-02
1.029271762824712083e-01
-2.614854453953892321e-02
2.812630101934524354e-02
-6.957186325647105041e-02
-9.079296396787084333e-02
1.212745448426947280e-02
1.484857230047324957e-03
4.519056174252475411e-02
-7.287323935827372257e-02
-8.729522361910978245e-02
-9.526147368307027671e-03
6.044935546230256751e-02
1.579297908921456148e-02
-4.307954929588127951e-02
7.431955583721520930e-02
-5.417006399172246550e-02
-2.454841702650382984e-02
6.598986121077174589e-03
8.478599194140566675e-02
-6.219562105624306531e-02
-2.800416731492767070e-02
1.283637904360578896e-01
6.504819979060236235e-02
-3.823147477709708947e-02
-1.887328262691152433e-02
5.061463570591805128e-02
-5.977723292064320709e-02
-1.358389714959739869e-01
-7.453028047362673936e-02
2.922719381668613739e-02
1.365352743992860780e-02
-1.025874193231793297e-01
-6.885306944908900495e-02
-3.553147518067732713e-02
-1.260478608634434949e-01
2.291267011609969192e-02
4.368571259774856053e-02
-6.803266180751285641e-02
4.540688270717905400e-02
2.486504953513221650e-02
-4.638321320482721027e-02
-1.202013873073368329e-02
-4.572904114998426611e-03
1.492695257320163227e-01
-3.923237280376064805e-03
-4.557558208622038663e-03
7.346923071761168877e-02
1.217865560813582576e-01
-6.796927195112782705e-02
-4.955675368287060928e-02
2.298605592984915430e-02
-1.612587614677994108e-01
-1.159455380653624801e-01
-1.419007804998116962e-01
7.570466467581601910e-02
2.501277148252142521e-02
1.118096403117613408e-01
-2.418342379457004074e-02
-6.413737097131763654e-02
4.560278939270880072e-02
1.922391546939217905e-02
4.254311131633423115e-02
-1.686314487676970897e-02
1.096192233587299503e-01
1.994401156699424429e-02
1.618739704071408408e-02
-2.304529253634332933e-02
3.847905070703173946e-02
5.267475324288204558e-02
2.836036128861811525e-03
-5.862794420296393166e-02
8.984218651616136461e-03
2.411383926038170034e-02
-3.018349720257244850e-02
-6.182675615068221504e-03
2.083674911133065466e-02
3.416706219746485501e-02
-8.114007208382673433e-03
-1.587160926087705787e-02
-7.059701203885326848e-02
1.036559660472176868e-02
-2.680521558372298344e-02
-2.714359985872890658e-03
5.461879096509988235e-02
1.174285650496951876e-02
-1.940261080579794989e-02
2.956832346026398457e-03
-4.674229333522147284e-02
-1.317495338258977159e-03
6.663597314506380931e-02
-7.871738991020411913e-02
-1.353160491770887160e-02
-7.349675479739686823e-02
-1.072559185797334128e-02
-9.767423029339441370e-03
1.702022923492983383e-02
-2.583251038047108383e-03
-1.049833165547092023e-01
3.149184131225835070e-03
-1.128275033083180751e-01
8.263161675013899754e-02
2.019746540143544170e-02
6.393541039611647277e-04
2.857330333810697426e-02
1.036756763856827752e-02
1.403055805713928662e-02
5.521407838377839772e-02
4.807865428315417217e-02
2.063785067799817421e-02
4.956928382660912707e-02
3.314926959497407899e-02
3.775902500349561514e-02
-1.845651455947391537e-02
5.664550651777215673e-02
-6.210893076402967256e-02
6.431821332673477720e-02
1.088024762085830488e-02
4.420768459674355444e-02
3.911812323472911579e-02
1.309055089751964135e-02
-6.374960525905008779e-02
6.540932134890908856e-02
-1.690323429732637148e-02
4.300662104356046261e-02
2.846922571160473425e-02
1.734988464575836289e-02
-8.907337772492415762e-02
3.939301206225108432e-02
-1.196765995457039870e-02
4.095664025209280745e-02
-6.096618869448345440e-02
7.649269104705667954e-02
8.883379152147445959e-03
-1.118210089534117518e-01
3.157543426557009314e-02
4.932125033524582813e-02
1.065681685554338565e-02
-1.651430708297069519e-02
-1.249077585713702504e-01
2.076554551362554124e-03
5.568462751759930413e-02
-4.570355849811154336e-02
2.471071054554401306e-02
-4.813099227118556450e-02
1.533576963089055938e-02
-8.263313022255686438e-03
4.862139253160344815e-02
-4.606587675553935370e-03
1.684058357863378250e-02
7.189500822084500531e-02
9.345093830692041692e-03
1.736621606905800613e-03
8.915915289428025248e-02
2.065252784074806877e-02
3.265087960807123990e-02
2.275460024101631090e-02
3.933053732872336672e-02
-2.927210523076014675e-02
3.520192536094771812e-02
9.344006242373165128e-02
1.422202991651438930e-02
5.237571925074034629e-02
2.108140368752851532e-02
-2.282242492355598257e-02
-5.262941946441235253e-02
-1.032188188976884994e-03
1.316432387863181522e-02
2.034184363069218085e-02
3.245377622342039692e-03
2.199532984571489491e-02
4.027325465988195602e-02
1.008050063763751662e-02
2.636275368221482202e-02
-5.808073593132703077e-03
8.880105828080924260e-03
1.955758334197967713e-02
2.432716847723325956e-02
1.104232995770064625e-02
-4.802564755149628384e-02
4.494597756039284825e-02
7.235408312191658753e-02
7.989409711656963661e-03
1.770199576362390184e-03
-6.774795300779130024e-03
-4.662800856915695624e-02
7.800225659425129993e-03
7.792633659412774583e-02
-1.816603344634474052e-02
1.571448970568396081e-02
-2.521043801969984066e-02
-7.758478458615421236e-02
5.152951218399471484e-02
3.750363533224088802e-02
-1.736702560081639438e-02
-4.275292082988845638e-02
-6.056884938924713552e-02
-2.575043089957719869e-02
1.077905615105988028e-02
7.665491417203091490e-03
-6.901258240252429454e-03
-7.007870053128749388e-02
-6.972004276528892194e-03
7.895489948870837438e-02
-2.926049020987894073e-02
7.669820652258814604e-03
2.854831344469588219e-03
-3.299317075373720681e-02
8.503377905353814992e-02
-1.759795333415463750e-02
-1.713011437187267685e-02
1.858480774466182706e-02
-2.572304760792391842e-02
1.756423457656615394e-02
-1.543386376178732672e-02
-2.065632912030919074e-02
-4.255465594314949279e-02
-3.427025989814276585e-02
4.221000659627430901e-02
