1.218097247470055627e-01
1.523248739840541155e-01
-2.356717090854841268e-01
1.799511025704000899e-01
-1.170003955753487618e-01
-4.757914913729133222e-02
9.448825134766877798e-02
1.479365010943338721e-01
-2.790346054780446644e-02
2.321692786488601667e-01
-1.586203119022885303e-03
-4.977646239509379844e-02
8.083244119629907909e-02
7.547253843875822380e-04
-1.580960253600942333e-02
1.041873342285228460e-01
-3.102023860210840339e-02
4.990342554386928420e-02
2.196796970084075040e-02
-8.929505134990328719e-02
-1.237636919696550181e-01
-8.357258372420976744e-02
-1.157989358813952124e-01
2.473944943892601167e-01
-3.587196153993708198e-02
-7.473410156830289849e-03
-1.261795185505218131e-01
-3.337363799899824637e-03
-1.532334676518374086e-02
-5.026828098429366593e-02
2.879761997444690511e-02
6.718975638762925660e-03
9.475817529283175888e-02
-5.713221712539560265e-02
3.206564851526459009e-02
1.610479549274141872e-02
8.670361422820442848e-04
8.962038532906795030e-02
-5.118098313885004885e-02
5.446268239671801098e-02
-3.856069344574911129e-02
-6.282563447735727002e-02
-1.037453628549504653e-01
8.001659752637552483e-03
-5.234219420574332676e-02
4.964157313909235009e-02
1.589206313779143592e-02
1.842136394183356563e-02
2.633249155230303704e-03
-8.738675013952816595e-02
1.010960069772380565e-01
2.345509647953912709e-03
4.290547274572655695e-02
3.110768028962416012e-02
1.439442881327515980e-02
4.163642299061218188e-02
-1.550088429538725755e-02
6.747178764337136148e-02
6.199342957692142997e-02
-6.308483272696219224e-02
-8.799309734231416935e-02
2.884510390122261778e-02
-9.555140410635831055e-03
-3.751444729192229127e-02
-4.363689246620660461e-02
-7.622482781771397486e-02
-8.223663471544508108e-02
1.053711237935231054e-01
8.596081436294580533e-03
-8.782675816543906999e-02
4.178316504916253227e-02
1.207909654604394194e-02
8.010276667374034709e-03
-6.477047576920987038e-02
-4.783231191075172639e-02
1.194715594736371622e-01
2.154737700180444845e-02
3.212044045833579303e-02
5.987290502765670736e-02
1.525449507135896166e-01
1.448005258628955183e-02
-9.637215614543553910e-02
2.432467770212308825e-02
-1.795350182993271926e-01
-1.007827439503624772e-01
-8.400706529003651446e-02
3.234615272282554549e-02
1.853909208494210550e-03
8.664358669136928981e-02
-7.748696949772315712e-02
-4.558882362461453425e-02
7.279006015883089653e-02
-5.966537190818062969e-02
4.491037793270431788e-02
9.280708037509447297e-03
7.887280208040535479e-02
-1.986718770306088525e-02
1.058062598085703424e-02
-4.158392161981269708e-02
3.007990414713123534e-02
7.428834893256767644e-03
-2.640375380075663143e-03
-2.888902471557564661e-02
4.145401344954499634e-02
8.263512157414477271e-04
-7.102846464871612198e-02
-1.577233528873139834e-02
-6.499102515651573875e-02
-1.870594027787757935e-02
-3.146377338215195635e-02
8.482025480478806723e-03
-7.424955463710850023e-02
-6.504392646850551407e-02
-7.300421048709195004e-02
8.156037052093650236e-03
1.066483905221836531e-01
-3.454521117854931350e-02
-8.225477750216872441e-02
-9.092902926202210689e-02
-1.096376964116517298e-02
-8.463482752564860725e-03
5.030842053648384993e-02
-8.262981326380078317e-02
2.510245424238800177e-02
-4.195095855763872339e-02
4.440583394199488707e-03
5.508044610257259444e-02
9.477406386557370166e-03
-3.672369084211761503e-02
-9.747832076122742162e-02
1.418951349068105390e-02
-7.040604708173803239e-02
6.334766680556985774e-02
4.705755310855907342e-02
6.845575204638134140e-03
-3.758698208052684703e-02
-6.191547740310279768e-02
1.220693229378007815e-03
6.620230158877665749e-02
7.556347052211662141e-02
-1.102552056094761174e-01
5.077126156853192102e-02
-3.020628556326627676e-02
3.616050092959407526e-03
-1.925440508294004593e-02
2.889720533083180165e-02
-2.472941818670746500e-02
-9.400108661959241663e-03
7.642214425769236485e-02
2.415790222576766604e-03
8.441813211708565357e-02
3.799524931924387616e-02
-5.300057012155845286e-03
2.442291780177696658e-02
2.036438731918479780e-02
5.485738799325484910e-04
9.195011547914999075e-05
1.587432029225809352e-02
-1.091752553207939597e-01
2.106984722058532697e-02
-2.203977732364475334e-02
5.009339760926214552e-02
-2.320487872757095310e-02
-2.500446865076431588e-02
-2.080483164457602729e-02
5.214978613491862668e-03
-8.218900535550925993e-03
1.581218397460136538e-02
3.087582347411979566e-03
-6.306283596149565851e-02
-1.280076860896766644e-01
-2.397396563651933710e-02
5.549351263557324165e-02
-4.600712575137911459e-02
-4.009523143464314293e-02
-5.623082239903772622e-02
3.814086427080339015e-02
1.039065391546416771e-02
-3.394991689593163369e-03
-6.122408815994285353e-03
7.184761692303214984e-04
7.312531995117303729e-02
1.909428317365962843e-02
6.218685567986688770e-03
1.184126606348808314e-01
3.282710018330722845e-02
-4.851690215367655823e-02
3.616133717026470684e-02
4.688448764802891772e-02
1.321089375630509453e-02
-3.048588081357654633e-02
9.805943531073443853e-02
4.870454728850767689e-02
6.145467243529625923e-02
3.906334680537712489e-02
-6.138021065732025827e-02
-1.158433657118086157e-01
-8.303724426184717899e-03
3.434604046577953429e-02
3.093755985058622635e-02
-4.472455071237456392e-02
1.549426708660227997e-02
-4.241089092648461095e-02
-9.333754782659339777e-03
5.687905435193521542e-02
-8.167224497935063332e-02
4.162424296345301755e-02
4.050644369485238705e-02
3.278856039587824817e-02
7.975827187573125698e-02
-4.956387547330392412e-02
5.745587862321900607e-02
4.174578872701441984e-02
-8.061687289472696527e-02
7.534295749310078449e-02
-1.554233274601842657e-02
-3.335364093948320861e-03
-1.145024356173101991e-02
2.508194816681258085e-02
-1.373274429306754751e-02
4.511038488614473041e-02
-3.342624844466781514e-02
-4.531751806443050368e-02
3.791402489932279435e-02
-2.524283360018357569e-03
3.033833887264559062e-02
-5.693362814526626431e-02
-7.651398529830143180e-02
-1.358556593503686301e-02
-1.588522777926629909e-02
4.623552852933087570e-02
-3.211229620136966945e-02
-4.844331297466122205e-02
-1.322634602956671707e-02
3.506589825003089689e-02
-3.424318286329218475e-02
5.430932312938268475e-02
-5.391607186444694402e-03
1.579040535887498917e-02
3.398652969398916618e-02
-6.295001618754081374e-02
-3.436883711362667682e-02
3.772441641683019903e-02
-6.761267601722731335e-02
9.807721451455780892e-03
-1.660392209823678342e-02
-2.995014141002365002e-03
4.528774062489810542e-02
-3.440054154253052027e-02
2.550897628318372218e-02
