9.079876772075314018e-02
1.536602364808826171e-01
-2.679179034697979911e-01
1.138808102016078960e-01
-1.172259738180442129e-01
-5.148044162959417719e-02
2.698181133393076224e-04
1.173403261178837809e-01
5.854776235306161786e-02
2.188479850812628802e-01
3.078482843540910133e-02
-1.413266608443317085e-01
3.470674322103024789e-02
5.721634068625063713e-02
1.308527283767795674e-02
5.213743762843330021e-02
-3.454181070488389349e-02
9.095430188589653797e-02
5.087631562712439243e-02
-6.183431443506134245e-02
-1.275638523388954448e-01
-7.226597141101114008e-02
-1.795738141519069020e-01
1.206340209466457564e-01
-3.754788181713368533e-02
1.247272591270952719e-01
-1.432717777437245710e-01
2.821535344702373257e-02
-9.654799534792286864e-02
-1.142336072103478095e-01
2.558384934201887381e-02
-3.875466426173461432e-02
6.843933881664901464e-02
1.328971260385854343e-02
-2.553036418085661771e-02
-9.136776097838278377e-02
4.964950615093172148e-02
6.387249209729435606e-02
2.094735229777688196e-02
8.391821786358072410e-02
-4.828155053058562525e-03
-5.790983646280303820e-02
-4.721741796629860127e-02
-1.475855525024361015e-02
5.591379758888508078e-02
2.513689794414028511e-02
-2.311939665411376701e-02
6.093719911205225034e-03
-7.474173629594162149e-02
4.824645196156732152e-02
6.669674783741430524e-02
9.828624599778530008e-03
-2.306338248213617159e-02
4.858609127890311380e-02
2.340370531590853925e-02
9.422444957341838054e-03
5.911450000645056269e-02
3.279891214325272863e-02
-6.227805330568801645e-02
-3.187954836023300376e-02
-1.155618163499068790e-01
-8.159716692406976390e-02
1.202117444921276326e-02
-5.512628412648131609e-02
-9.557278827203469218e-02
-3.492328122813827262e-02
-7.384824361004636850e-02
1.405906503454241174e-01
7.757197280488163649e-02
-9.149944041988961052e-02
2.618848798181609358e-02
-8.493323977189959351e-02
-1.935301603363602865e-02
-5.841779170264624343e-02
-8.858653259794543877e-02
6.978354224082403134e-02
-3.342350946299803283e-02
-1.194984950905581336e-02
1.188755040344387781e-01
1.615389937420340372e-01
-5.291756911332200913e-02
-2.589730997983371100e-02
1.328697853811222802e-02
-1.016795633471785643e-01
1.841823895497146646e-02
5.891672452552661719e-03
4.842515733391073579e-02
-4.566457114985805754e-02
9.711510893535194033e-02
-1.439181450619749121e-02
4.461530506806661578e-02
7.411625040482874849e-02
-4.426599399315324368e-02
1.276102289291173031e-01
-5.837445676056717686e-02
-3.618823092149200948e-02
8.830707690285038991e-02
4.088200664311927163e-02
3.567788337412078348e-02
4.744701113734527131e-02
-4.164733999715605761e-03
8.843967909154656915e-02
-8.623554363851233806e-02
2.059715265149596186e-02
2.864087660461559284e-02
7.418955754265178608e-03
9.215510356167740807e-03
2.747462668470376703e-03
-2.554160802623833132e-02
-1.857093652690307295e-02
7.372169054181389007e-03
3.641273189508617558e-02
-5.195592983869991299e-02
-8.820273811880670334e-02
6.689941046085980114e-02
5.945888976302057816e-02
-3.585542676852200572e-02
-1.616939810940282163e-01
-5.290198493856802103e-02
-2.339663092078994935e-02
-3.397609832614981173e-02
7.383341130337263414e-02
-6.246178252384028406e-03
-6.192959662632036705e-02
-4.478515890255634069e-02
2.779591358571742096e-02
-4.159276120969527396e-02
-2.395711439878420515e-02
-1.518086588058354877e-02
-4.409190235675673752e-02
2.399710011032403847e-02
-1.423310198962399464e-01
4.203848227798802351e-02
9.164113337719230479e-02
-3.859680614070683507e-03
-2.353654673535754242e-03
5.074436277904294246e-02
1.011949501936445020e-02
7.255998600620532091e-02
5.228709355222212890e-02
3.841505912022065428e-02
1.081174679600228200e-01
-9.472512536321205101e-03
5.913032341195736084e-03
-3.268062962390284182e-03
2.962688324020170197e-02
3.709231811215420865e-02
4.740408630512815691e-02
8.024469295101216426e-02
3.662178539721366172e-02
3.977351386209831280e-02
-3.279908302236187595e-02
1.093998814983311238e-02
-9.065170915942329793e-03
-1.202305411941335511e-03
2.013301081523742597e-02
-8.903587630335205172e-03
1.924843801883954070e-02
-7.745758632922024323e-02
-3.971387705300685050e-02
4.284985046402836617e-02
7.355850099258080810e-02
-6.454804556738658050e-02
-5.647452029763213449e-03
-1.159756513764332447e-02
-4.107263937728097836e-02
2.594953063558829917e-02
3.199882197841593182e-03
-1.068161210164212671e-01
-5.147292294879182023e-02
-1.351282603908645075e-01
-4.317018044203081717e-02
5.842124346065096646e-02
-8.048987029681282240e-03
-2.464435599994191720e-02
-8.643953911900914555e-02
4.855085600659749673e-03
-1.853430004590246941e-02
-4.399945675870951117e-02
-2.179952641508095534e-02
3.026662044901722026e-02
2.873752582874776820e-02
3.442701411936055413e-03
1.654396853422994418e-02
2.988726882671623175e-02
-1.615005801182983411e-02
5.444297274483393678e-02
6.789607995285653827e-03
-3.654683781994284841e-02
1.957932832578712472e-03
3.397890074353977774e-02
8.920084299532023142e-02
-3.495263825908931279e-03
2.030966563827110369e-02
1.052885301323122982e-02
-6.450471062530752087e-02
-1.151630870366289056e-01
2.392348539010455064e-02
-2.851767276692234072e-03
8.113172640658172785e-02
-4.758860156718248274e-02
4.864894061524648906e-03
-3.956675014003335766e-02
6.975353586925823156e-03
5.283616230572552724e-02
5.542976542432211801e-03
2.651773784931588801e-02
1.165299832064983082e-02
4.419251597622107092e-02
6.112813942861041600e-02
-3.482482068544916123e-03
5.136649943961656140e-02
1.312160173628209442e-02
-2.719978472555560287e-02
7.994254451022268781e-02
-3.453719696893698538e-02
-5.800925392850335427e-02
-5.375593619860719735e-02
4.988361053045980986e-02
-3.444170972274698990e-03
1.324668524417593404e-02
5.074528552623232790e-03
-8.288993573639223678e-02
8.849340348346164398e-02
-2.442925337735070770e-02
-2.411914197007510377e-02
-2.450621732810943226e-02
-4.254394268283772512e-02
2.409152790603734037e-02
2.119328151165777996e-02
3.438942071534874332e-03
4.902870234740942801e-02
-5.855692147331176961e-02
2.882388813050944546e-04
-2.428752624422618467e-02
-2.458013963072538249e-02
-7.875920667939640893e-03
1.359244203361909854e-02
2.028071871718201136e-02
-1.212968268351957875e-02
-2.275597096478505429e-02
6.207152881437586617e-02
-4.137249803800789605e-02
-2.281359140038861227e-02
-1.368663059857959732e-02
-1.365966587515657880e-02
-8.020491229440329661e-02
-2.196869673313409793e-02
4.581309927152653338e-02
8.283607464118986075e-02
