1.094899556396460027e-01
2.782639924476952298e-01
-2.873324795073132210e-01
9.130487257619797348e-02
-1.444102323448082092e-01
2.452355877425837355e-02
9.283085567037026309e-02
2.373081796072084027e-01
-3.788016726671995099e-03
4.626195214909040870e-02
-3.177013565439169157e-02
-1.178816558569591444e-01
4.362740851533944419e-02
9.281480848355513902e-02
-2.359034310524504158e-02
4.751751405244103443e-02
-5.838729783205760804e-02
3.417447391305891702e-02
-6.624467891440023737e-02
-4.035081432781637001e-02
-8.129592904375981810e-02
-8.079911857715800505e-02
-1.678252958119546001e-01
1.205880530528112143e-01
-6.644911746512634221e-02
5.775085727042413020e-02
-9.696088622009810254e-03
-4.456271162328807184e-02
-5.528412415733140184e-02
-4.468042360949907310e-02
1.471530944895612925e-01
4.278665986791330145e-02
1.703027922820574969e-01
8.506117963954368255e-03
-6.502913712938734880e-02
-4.209966414456548650e-02
-9.682415896983584402e-02
7.000692881671460865e-02
3.737787727291297293e-03
5.951089445521712956e-02
1.259743304467903120e-02
-4.374538143141735308e-02
-2.946619016201913743e-02
4.628859961174887350e-02
1.906725432724655847e-02
-4.707305264038858655e-03
5.087806242464327361e-02
-1.363710157614607676e-01
4.082671778883179697e-02
-1.088364567879630991e-02
1.198978609385936978e-01
-1.263001666180975716e-02
-1.795014833452649589e-02
3.074422465015762274e-02
-2.172280281528400289e-02
-2.591346694283568411e-02
-3.176746112325583987e-02
5.346061578241188827e-02
-1.520969979104232553e-02
-8.575629680499916030e-02
-9.465932171276111862e-02
1.075897665000875025e-01
-3.161530639461235942e-02
-7.251635657928091894e-02
-4.322573960146067901e-02
-3.132518499883878149e-02
6.439749115405839653e-04
8.086627540165465533e-02
1.881995804588003363e-02
-1.111033176230006997e-01
2.165010123111544768e-02
9.350457658673889949e-02
-5.429451502083156023e-02
-1.362138707491125818e-02
-4.976297863839177632e-02
1.604631596170123242e-01
3.732911600403365782e-02
-1.444778457965719548e-02
8.631341468709115283e-02
1.326235083966269823e-01
-4.020723766854764764e-02
-3.791516448511961929e-02
-1.104819457611814180e-02
-1.760684943187610652e-01
-1.408095306463461593e-01
-6.633199257111589697e-02
1.352950714552461804e-02
1.053044448769658442e-02
7.183898264477550644e-02
4.331761953084731741e-03
-2.196592421877992599e-02
4.647337057375643815e-02
-3.624909466864856267e-02
5.799678366998936574e-02
-2.762030705101185118e-02
3.632163317165029714e-02
-4.062743260297721481e-03
1.138456579080199781e-02
-1.523765190303535098e-02
5.075317486709217396e-02
-7.004433963638321062e-03
3.872711299848526079e-02
-7.238915326916096904e-02
3.209372130559682689e-03
4.000553888142411446e-02
-4.954454772355246922e-02
-1.286915888483526095e-02
-7.190962940624212596e-02
1.444015238104999661e-02
-3.269767609879967174e-02
-3.301940262470304949e-02
-1.087467947624452258e-01
-7.959306811605405471e-03
-3.278384818734759315e-02
7.439338819315091667e-03
3.523466457855864431e-02
-3.224202731870334099e-02
-6.480467221137568845e-02
-8.623405939131634224e-03
-6.924012117032485314e-02
4.073849087758193988e-02
1.265670326394825462e-01
-9.696431092460133794e-02
1.906516688831125933e-02
-6.982525639687661712e-02
1.199021662813977776e-02
7.062295161626215567e-03
-2.842928748714136904e-03
5.174617609186188405e-02
-6.408757170463280639e-02
-6.243829924834425754e-02
-1.190810852226901750e-01
7.983625475201670818e-02
2.735618079322945512e-02
1.342630938316063775e-02
1.375674444337222913e-02
-2.466188421995547594e-02
-8.214267907812494371e-03
6.724550803517732878e-02
6.513474849302026970e-02
1.891891569790667832e-02
6.035079508057580172e-02
7.107788283922447659e-02
-2.405447210601603441e-04
2.319529528673918914e-02
-3.463367786259193698e-02
-4.025397673095838617e-03
1.959410434477670132e-02
-1.957782884432801920e-02
4.075101551119374860e-02
4.156717151866336224e-02
-3.959163888003381510e-02
-8.424420822623997218e-02
2.833574412985315899e-02
-6.360896109624815387e-02
7.138904170551789441e-02
3.846608528287245865e-02
1.786433502454557593e-02
-4.901218556258380571e-02
3.792811312976516330e-03
1.207886755042337189e-02
3.028622750125907481e-02
2.335782197759244880e-02
2.255236409466625583e-02
-8.054383131861726428e-03
-3.448152313394845653e-02
2.423728609402175938e-02
7.972754484621420723e-02
-9.237602229610803600e-03
-4.986611116828903317e-02
-1.122480821816135149e-01
-6.034335857936878184e-02
7.080873368150400471e-02
-1.504270467621818784e-02
-3.489340092887018019e-02
-1.274929422722223191e-02
2.552579039307011424e-02
5.684291918226796851e-03
2.390398080527412691e-02
6.489325790119254960e-04
3.444766748371653337e-02
7.248132674464788372e-02
-3.790547746381048300e-02
3.548466800729439125e-02
7.950904869890818016e-02
2.357452423206345821e-02
6.654527012108368486e-03
2.761508845367359813e-02
1.454299136484697198e-02
4.995440331200562412e-02
-4.253766754241184583e-02
1.545501952866699114e-01
4.852757356726015991e-02
1.113371433999878549e-02
3.742057192238656960e-02
2.972336916209497928e-02
-4.220873282893500278e-02
-4.487360955971457510e-02
-1.915508984369605414e-02
4.974096268087101896e-02
-6.145746387861935819e-03
5.984459113876513386e-03
-4.629319850065320881e-03
-1.460949586467635147e-02
7.271756612290398818e-03
7.623816235222381776e-03
3.455944331545526133e-02
-3.171119812070278404e-02
4.971985997788444696e-03
6.331492575247088528e-02
-2.620711089181258086e-02
-2.915617286389346821e-02
7.689384649154211437e-02
9.617222569735442775e-03
-4.924385866816893137e-02
-2.820619245093099366e-03
-2.075175231556833019e-02
-1.836411356838351869e-02
1.839555561734649994e-03
2.918598410118823996e-03
-2.713090046938368763e-02
-4.618866347272130440e-02
-1.964234375392218818e-02
3.987367144993310235e-03
4.728616710918954330e-02
-5.552936561599598753e-02
4.140601470961138841e-02
-4.110972884573200342e-02
2.353512382215963705e-02
1.030412044438316736e-02
7.329519961578201230e-03
2.473497719892439953e-02
-2.704352158020129071e-02
-2.911465239882097752e-02
1.889151806188084717e-02
8.759350399793159464e-03
4.712305332613574149e-02
-7.514806260072921795e-02
-6.215316813627538850e-03
4.276408943442535499e-02
2.526916586896145803e-02
1.024002954582273021e-02
3.927255426903293253e-03
-2.232600743511947358e-02
1.327360017854997166e-02
-1.068612176954338369e-02
1.716885908052309326e-02
-2.408565322511210458e-02
-1.479420159421718922e-02
4.743597346903081352e-02
