1.715558824147587202e-01
3.897539117514365464e-02
-1.854580696553526087e-01
-8.193047409094825206e-02
3.995732051692613140e-02
2.921001995246886446e-02
-1.473492643184587392e-01
-1.303079677568413398e-02
1.527989770349055254e-01
2.288444976686632160e-01
-1.502992076965931623e-01
2.645674163045632146e-02
8.253342227307957496e-03
1.072730292916986060e-03
-5.753469005175917972e-02
-1.137441472014042998e-01
2.189614455565130555e-02
3.365209208176365985e-02
-5.248083961566071820e-02
4.099658074169163641e-02
6.620340523929812981e-02
9.322816411752012089e-02
-1.133045238620179612e-01
4.837220208382841252e-02
7.848435561909203328e-02
-5.194973358757325882e-02
-3.913319718996841751e-02
1.053615020822948611e-01
1.742190090595097107e-02
3.722322823785977758e-02
-1.322280004539809761e-01
-9.349839190344920448e-02
2.966568035651749244e-02
-8.469793904708514121e-02
4.791472371293547389e-02
-1.033325861566585513e-01
-8.533633758268049582e-03
-2.152128628509349106e-02
-5.803333238619826084e-02
2.497795545738542775e-02
2.959432515787835741e-02
-9.583282365001038333e-03
-6.866658799486877185e-02
-7.394771675019952417e-02
4.928345796453836684e-03
7.575987259334560076e-03
4.126255578375279121e-02
7.924364894983394747e-02
7.973462985257200042e-02
-3.037140859273957175e-02
4.387354573650449618e-02
-5.976566000666298090e-02
-5.592621142256302275e-02
-7.985448580952181352e-02
-7.081435350295177920e-03
9.326267302386833519e-03
4.276380683282836326e-02
4.610880089896988998e-02
-1.247940743180517287e-01
-6.965455558366984157e-02
8.755117308184104385e-02
6.765936943573420959e-02
2.436685888814837248e-02
-4.474367011736196664e-02
-4.719571782601121373e-04
1.817139020121106424e-02
-3.807621178847089838e-02
1.446497783368215669e-02
4.386792951750332487e-02
1.155621140457134405e-01
-2.664944611595309047e-04
1.210942196166397977e-01
-4.733362359662952185e-02
-3.777316320826328705e-02
-1.849807235039468631e-02
-2.918339972367719332e-02
-9.931617797848128933e-04
5.249593523320721100e-02
-1.992277400984738059e-02
-2.234777946168753360e-02
5.480254559431173289e-02
-5.162168796325640463e-02
-2.496769693019254208e-02
6.344509504477008691e-03
4.312506281574750300e-02
-6.651203757481324863e-02
1.436492148348849363e-01
-6.270258544364439024e-02
-5.478559954622728295e-02
-1.207381902883980368e-01
2.565527796166517868e-02
1.220609884134884887e-01
2.129585839639915740e-02
8.679262641605305084e-02
-3.880920952735760626e-02
-2.317040945873741903e-02
-4.712309654331978820e-02
-1.023288087490507262e-03
1.348884326121591870e-01
-9.521520187835000315e-02
-3.379100422688506578e-02
4.902102146508488523e-02
1.375613957560856415e-01
-1.892633339700408045e-05
-1.032504530117281730e-02
5.014777134423277494e-02
6.061494269619818742e-02
4.337065065819748627e-02
1.684528077936849402e-02
7.218899614679867571e-02
2.034175044007334454e-02
5.799797942381517551e-02
-3.667368283178003979e-02
-2.524802092484628238e-02
5.533271017528338526e-02
-2.843572839526141427e-02
-2.262232491887185976e-02
-6.077820261155587010e-03
4.828594604980467053e-02
1.511860508796795399e-01
3.070779738632405803e-02
-4.188170334901464981e-02
1.467270976296875806e-01
3.991167656365651045e-02
-4.104495164522772160e-02
-7.634438139748463137e-02
-2.830749680535032259e-02
7.563592621099610169e-02
1.957638639861919438e-02
2.990821661176452234e-02
-4.294956408788437596e-02
-3.097990806648475912e-02
-5.956165815577657563e-02
-2.376050201818397448e-02
-3.718534310737211385e-02
-3.962391838315729164e-02
8.782240724227324130e-03
-2.294624765409537109e-02
1.059454265399482065e-01
2.513215800221522273e-02
7.586888567661687066e-02
5.752384717808062264e-02
-6.001439682739685005e-02
-1.553202698021067737e-02
-5.397111793628313337e-02
2.110558868792601628e-02
-3.591912920031080370e-02
6.027089247091267643e-02
7.457981732922708447e-03
-2.215647091501764775e-03
4.746704937752434933e-02
9.150768574523704749e-03
1.254020543726985445e-02
6.648626140205644852e-02
-4.506580734943480687e-02
1.047369655438873740e-02
-9.172032293863392055e-03
2.341719845785238466e-02
9.942311338535904375e-02
7.054383354377985471e-02
4.043671188103171998e-02
-7.550863606820081009e-02
4.845790623506013306e-03
4.234768720764345989e-02
3.272664956692935808e-04
-5.822850411241230380e-03
-6.221611699432345877e-02
-2.637736789948603999e-02
-4.113510332248926371e-02
6.041986836106508219e-02
-1.111665623894167731e-01
4.851471769894478460e-03
1.088887473245783721e-02
-6.062354557501500180e-02
-5.352613808744481746e-04
-2.312096725331094262e-03
-1.414897623970885060e-02
-8.519580225287665121e-02
-1.056925343664273514e-01
-6.773647070814911055e-03
-5.915307010751809369e-02
-1.157045647334425109e-01
4.856026426113346089e-02
2.480881961347738626e-02
2.593751731424416909e-02
1.203299268770760370e-02
3.375633300206859477e-02
8.914319261835747243e-02
6.723571823362288480e-02
2.192172594624622675e-02
-3.781338572469362946e-02
-2.200772227072077952e-02
2.613080614622661016e-02
-4.504921840198049254e-02
-6.664763842318253105e-03
-2.279110366214977604e-02
-5.177170269160556032e-02
-8.681083854818978651e-03
-1.003315773884152357e-01
-3.407928182648265608e-02
3.278368827666956059e-02
2.923732191882714992e-02
1.457615299895038963e-01
1.790535023176261257e-03
7.511722131388232082e-02
5.230774320112756975e-02
7.957136993721430906e-02
5.622744203592631995e-02
-5.028827421034294531e-02
3.956895734981059204e-02
-6.170578773017096341e-02
4.164673113438769475e-02
3.590916284636075373e-02
-6.754704505571082485e-02
-3.835643839204368882e-02
3.743476166567260427e-02
-6.139907075258109470e-02
-1.441910663455699959e-01
-6.660166983297642618e-02
2.804071017094795712e-02
3.384450439401759381e-02
-5.392797368742444086e-02
-3.997277323510275288e-02
-1.101872950705134607e-01
-3.041114415376518568e-02
4.079663685251128102e-02
1.037984401605127754e-02
-5.082314602689361888e-02
-6.312548998080180773e-02
4.558123341349010205e-02
3.668916801365031816e-02
5.233179879812101254e-02
7.124641280171803426e-02
-5.043854864824128675e-02
4.939049076249706766e-02
4.107712316563326416e-02
1.559205234976652685e-02
1.301803854408032333e-02
1.276115333624071140e-02
-1.864886620739139925e-02
1.559273408733314291e-02
6.709206638922880772e-02
4.665448312550545679e-02
5.451141118967308720e-03
-2.215387381952577291e-03
-3.431185172777963255e-02
5.759039775005980050e-02
4.795410217333095915e-02
-8.599041608230799383e-02
-5.485714952702829689e-02
