-2.023047816454199843e-01
1.836338351168968208e-01
-1.942299792368431810e-01
8.637360119637959438e-03
2.772773173360184099e-02
4.803655841892729567e-03
-1.078862254340035992e-01
3.412139123540573749e-02
-7.756492910454478029e-02
-6.080403831077663829e-02
5.100394298643321639e-02
-3.501088615133068037e-03
4.803304487319547816e-02
-7.342969872035984280e-02
2.674347755400057272e-02
-1.176997006244166616e-01
1.190243783460341320e-01
-9.331342186249617920e-02
5.354682734688577528e-02
5.538661216700440856e-03
1.758216258888223305e-01
-4.506495049847101392e-03
-5.188087431458984072e-03
2.088391604283012515e-01
-7.950550654969740227e-02
2.925612412694292980e-02
-2.470388200186033473e-02
3.672468019015682344e-02
-1.935393368131948233e-01
-1.397673941069461356e-01
6.546126092348265868e-02
2.528642078612367353e-02
-1.194438744121967266e-02
-8.588667344445483160e-06
4.395789967006073773e-02
-7.739343968054329670e-02
-1.089037695721548071e-01
-3.293761024667028053e-02
-8.885125427344747751e-02
1.725335504199758674e-01
4.094569077670343754e-02
-1.925610095238684261e-01
1.328641994933067033e-02
5.777898190676360179e-02
2.274971174847249464e-02
-3.766521024509546234e-02
2.570708803419686356e-02
-3.483077256962381629e-02
-7.308537123864163043e-02
-5.456004166100384550e-02
-9.625007177743891140e-02
3.507924058647696880e-02
1.324184405600578075e-02
7.805341843235034938e-02
3.281758184601360744e-03
-4.046337677169924846e-02
6.338259048396129025e-02
-5.293156644984731152e-02
4.018658744682598177e-02
-8.021357474056117765e-02
-4.193384889600672294e-02
-2.661155988243319934e-02
1.211624596497480749e-01
-9.642241297010266388e-02
-1.424860622250724296e-01
4.665112119940201252e-02
-1.031065965664587636e-03
1.256064206836410013e-01
-2.368172411678853839e-02
-3.953505540091965809e-02
-2.651566492720720120e-02
1.977001202572475219e-02
-5.659960172278315910e-02
6.175283761981137376e-02
5.213707923012517870e-02
3.962892740557279192e-02
3.233132841094647075e-02
1.770883833414061553e-02
4.983993012873435408e-02
6.007524374913123313e-03
4.911589127545323147e-02
-3.960873339020506284e-02
9.890734157116067016e-02
-6.582077827967784678e-02
-2.781642214555956130e-02
-1.949996586942770449e-02
-5.340589512364282698e-03
8.952046051909566537e-02
3.038613721887328031e-03
2.525927066001416518e-02
-3.601274354995196575e-02
2.431086174494963628e-02
5.460316244953070802e-02
4.615045867779832278e-02
3.501329949587374951e-02
1.209103361257194038e-02
8.217800170825705075e-02
-9.913692871600041090e-02
7.484129233588866781e-02
5.898888380114166406e-03
-7.139624300066005347e-02
7.408722863726290020e-02
-2.710988004021567740e-02
6.445553507552027883e-02
-2.021523860355974728e-02
-3.619079869072503591e-02
2.758427969473304167e-02
2.942431294737817005e-02
-2.192488027015737986e-03
8.862227046474350708e-03
1.540608175572325857e-02
3.032186417523365096e-02
6.595376066207303545e-02
8.957948098931804715e-02
-1.056370593005866903e-03
-6.380918462230936866e-03
4.823817915935620093e-02
1.947966538297719527e-02
7.325906106502061421e-02
3.399760085649074920e-02
8.317875890568957736e-03
1.524502649783444214e-02
-1.851958013916752853e-03
3.269091674786350071e-02
-1.014394368618912884e-01
-3.451625699108466089e-02
-6.393659501803895633e-03
-6.436815780691687756e-03
6.874340950205422643e-03
-3.472451442900700153e-02
-1.029098025151159862e-01
-4.745511983585271043e-02
-2.887414137228067404e-02
6.095693078565213308e-02
-3.130991582345415275e-02
-2.111403199404768630e-02
-2.243842579277773724e-02
-5.711921609712210246e-02
-1.142931583307943639e-03
-6.312429163713123570e-02
-9.416018638386446094e-02
8.111566873461537042e-02
1.176459327276115595e-02
5.549876170753517690e-03
7.820219402535825981e-02
-1.534521578673266398e-02
-2.070752539998455335e-02
-1.125768444763423567e-02
-4.244711049573966083e-02
1.239543798728286322e-01
5.245613757486305290e-02
1.507595041837601988e-03
-3.247509986306361396e-02
1.167539534864217021e-01
3.757857827407153767e-02
-8.310483248387767752e-02
-5.156469068908708930e-02
2.932863093431773219e-02
-1.204804413838050647e-01
-2.624455406008233127e-02
6.116071643809761760e-02
-6.553898481391380593e-03
-6.963531776252224192e-02
9.330504613731729902e-02
-1.775813444546885805e-02
-8.923455017146404711e-02
-6.642482422266321636e-03
5.482866820286379228e-02
3.753890005055462997e-02
1.892377985977038157e-02
-4.212805215100178663e-02
-4.585564024957391321e-02
-3.629130739287160512e-02
4.850290176151413057e-03
5.370649848069840825e-03
6.053842844959551883e-02
7.401457986844439674e-02
2.732310612866785740e-02
-8.516621911762738053e-04
2.418206722514388163e-03
-3.109172108447212646e-02
5.042527265151097032e-02
2.690833028050862788e-02
2.608832549127964792e-02
2.966177895234380774e-02
2.671387859298706910e-02
5.659200678554467817e-02
1.081471505675422884e-01
9.359588964511784959e-03
-3.465186566018848419e-02
-3.235599421179105595e-02
7.914968019103867103e-02
-2.678784050515989681e-02
8.119449282623526082e-03
2.709880704760630685e-02
4.024312359178342652e-02
-7.038022494802871620e-02
-4.604306484563182832e-03
2.529870045100457779e-02
8.856882198118674887e-02
-9.749500265805238763e-02
-2.827353799430525408e-02
-6.707607234568212055e-03
-5.605003348382141953e-02
1.169790333554236589e-01
-3.300912332393911297e-02
2.900258098847715432e-02
-5.458779512324912070e-02
8.017059591347802314e-03
6.100764651141748346e-02
1.097230645541652505e-02
4.303546969919510440e-02
1.613846084382233870e-02
2.089899589718820574e-02
5.950569443696734212e-02
-4.128842119217992351e-02
2.273739659323066598e-02
-5.715122840267867349e-02
-6.141848292951376798e-02
-2.135078819179477699e-02
3.207178740148395463e-02
-3.237395233442034916e-03
3.368755706342845685e-02
1.873986880944427877e-02
-4.664799804764039465e-02
4.166319940357390839e-03
1.289176713581730721e-02
-5.269452632921280133e-02
2.652169828856486972e-02
-7.650870047298262248e-03
-2.556164853511613128e-02
-1.261836359137652186e-01
-8.304960948227455009e-02
-6.543677257444271110e-03
1.019140139682132851e-01
-1.293641400986405426e-02
7.245421065990766130e-02
-2.421326325239911773e-02
-7.200877113990711287e-02
-2.093785784240377243e-02
1.389234688144520575e-03
5.873264339524539128e-03
5.566343698223859965e-02
-2.815361606473136546e-02
5.651776095048442750e-02
2.996809625750871883e-02
-8.449179578892285214e-02
-1.515250312689655349e-02
-2.878658665187262995e-03
3.851662400374524387e-03
