-1.878535999828010172e-01
1.386423439626492116e-01
-5.921253842232220704e-02
8.981009433337511227e-02
2.599605854647913522e-02
1.525577194595433006e-01
-2.111267335794451278e-02
1.924458115451386508e-01
-2.706035714238456263e-02
3.586369822627045317e-02
-5.005262253256825139e-02
-2.952083983058854597e-02
8.654535192678855515e-02
-9.325978807155928252e-02
1.074537376355378243e-01
-1.361000733849456468e-01
1.211946492951245652e-01
-1.491316589984229002e-01
-6.713489357091743763e-03
-5.497311451513674230e-02
5.485891735508748729e-02
-6.411617030122269967e-02
-8.299992338829524641e-02
1.451416772297378643e-01
-1.027172137819772624e-01
7.273521552190410910e-02
-6.937277190982898967e-02
6.117584833432963831e-02
-1.647405463337259512e-01
-1.259786217773663231e-01
9.433457416175494714e-02
1.580487238485185630e-02
-6.117799681406270451e-02
1.863580395991203120e-02
7.937980786789471110e-02
-5.026320996131979080e-02
-2.026129274507734029e-02
-2.242634126252891422e-02
-4.597986967179395340e-02
1.407652968432968887e-01
4.261644285712912206e-02
-1.587578678200743942e-01
-2.593262377198748969e-02
3.408665058264691988e-02
2.258755007233058387e-02
2.884290343752831526e-02
7.158774526989138132e-02
1.310933144788578308e-01
-4.922534859060433143e-02
-1.276888844747110438e-02
6.431277440425392511e-02
1.208337775297903538e-01
6.554942477264438794e-02
1.015474940195085080e-01
-3.047239786287392338e-02
-3.914602903473958615e-05
6.338983849180232499e-02
4.085061100601043195e-03
-7.008380945674277940e-02
-1.974904419583856444e-02
2.500895956132128534e-02
-2.042403098112966463e-03
4.909895243546053695e-02
-8.172099530854724792e-02
-7.348627305571016344e-02
1.165186106082864992e-01
-7.738518113265949183e-02
1.096110661919146440e-01
6.859749846038749876e-02
-6.828815379373623373e-02
7.056208289427047531e-02
3.048492459216503928e-02
-3.388731536131095456e-02
-2.448181731359394542e-02
-8.463455231605378215e-02
7.400187177673608896e-02
-3.502986960037512976e-02
2.302631333171623398e-02
1.375919194477318898e-02
-3.727321017589618583e-03
7.589428185755221767e-02
-1.226428702948562793e-02
3.228935624865752335e-02
-1.022057299458638095e-02
4.544890385843996378e-02
5.015247221778988684e-02
7.215250412040280677e-03
9.816677012224693522e-02
-7.678440793543611642e-02
-5.467873637679549620e-02
8.929529674038523546e-02
8.258705113043859902e-02
-1.858180064729945610e-02
9.794310974054332153e-02
-2.464382725143167419e-02
1.839062236596700813e-03
-8.708443826523533382e-02
-1.071673343626464575e-01
1.353953720324988820e-02
5.311981404844461074e-02
-8.293947463648344842e-02
6.355975046526846084e-02
-5.500570586024007558e-02
8.113089168016776598e-02
6.802010363585278552e-02
-8.152774137730320336e-02
-2.878234544098434364e-02
-2.996561155024464809e-02
-3.898795190726069698e-02
8.619045220681407051e-04
2.676860087761587931e-02
-2.355185332337145568e-02
-1.161322484054412921e-02
7.316258091423127885e-02
-7.322219212309627467e-02
-3.342972559307789970e-02
1.448952939437387483e-02
-7.669577404271932242e-02
-2.244349268548273893e-02
2.468683326100379327e-02
5.295438110899825662e-02
6.939549481412450593e-02
1.360679554336818257e-03
6.049601836591144560e-02
-2.226418566504826876e-02
-4.819964980007269278e-02
9.869311124193821949e-02
3.597818670560553461e-02
-4.156139364854911228e-02
-9.888323349085950328e-03
-4.447804592346769198e-02
-1.463501060423126054e-01
2.148450601140844407e-02
7.969330383436920573e-02
6.749372610125076166e-02
-6.474105016934933454e-02
6.074338485450027358e-02
-3.280462723548688286e-02
-1.694214646186018372e-02
-4.169947899003723785e-02
-5.608173005740055977e-02
-9.064399578909188709e-03
2.620052827022802990e-03
2.931258295612373249e-02
-2.165197818585566994e-02
-1.438192333316675418e-02
-4.632129587479833638e-02
-1.838989406775240476e-02
-1.491288914652074207e-02
6.616072187906874014e-02
4.349466125920429388e-02
-4.234085481272455154e-02
-6.494380839229392521e-02
3.263566204969972628e-02
-3.775898508503425753e-03
5.395600964353737539e-02
3.536630696060950874e-02
-2.248161909701703806e-02
-7.986041185970912948e-02
-5.325720750662885777e-02
4.861612713409160097e-02
4.227035554555129415e-02
2.350007132031340859e-02
1.231342166853360287e-01
-4.714150532408064448e-02
2.216291579830816441e-02
-1.947105276732581918e-03
-4.844643365008984015e-02
5.553889298314859668e-02
-2.869214570710615711e-02
9.642012892908296065e-03
-1.646161529986723063e-02
-2.847911847933571466e-02
2.667282966239600470e-03
-6.535504197916769398e-02
2.164859159915778070e-02
5.099784437038661078e-02
6.706475845285148063e-02
-4.929632125161708539e-02
2.850908795086649558e-02
1.396668410611267598e-02
6.899846304243542616e-02
1.018230092340916167e-02
5.228187053763680425e-02
2.021646598996872449e-02
-3.002864576071826233e-02
-8.592061771830484737e-03
3.374110949473004689e-02
1.891405029279988673e-02
4.604934932146677318e-02
2.786705665978603599e-02
1.565552755296601983e-01
-2.204751694620482594e-02
-3.857314965913537924e-02
-1.529582834775732036e-02
-8.084616349316996187e-02
-4.427230167784323989e-02
-1.133348549631634471e-02
8.423970543900849428e-02
7.754314901540618199e-02
1.006824942300283028e-02
-2.044391352238824136e-02
-5.963254800268191769e-02
-2.757715755546458203e-02
5.293056575738085134e-02
1.674088125025552723e-02
2.363251235063838079e-02
3.659053984444105706e-02
2.174421715473473515e-02
-2.829500469068488289e-02
5.325797221975418771e-02
-2.683429337657278202e-02
5.057084312716674489e-03
-4.629070734978514567e-02
3.780144487094542344e-02
-4.437470040681597283e-02
-5.695335736063360937e-02
-6.451098076335726184e-02
-5.135532954902292946e-02
-2.901838689233613919e-02
4.353668406618670800e-02
7.052330101434304416e-03
4.898934355416327199e-03
7.591114196122021596e-02
-1.611501817953918392e-02
-2.409956999566123872e-02
1.589725701337384167e-02
-7.947153702802354711e-03
5.509171787938431375e-02
-6.820957041638091300e-02
2.640419686594086546e-02
-5.005440686319401894e-02
-7.251330305591555114e-02
-1.116859878053094723e-02
6.034657157227556884e-02
2.564869671302575857e-02
1.292142322553688771e-01
1.732847224979465126e-02
7.873304263841935519e-03
3.028482465770374055e-02
-4.288762469733535532e-02
4.926416688544250216e-02
3.671380431726207344e-02
-8.337179245666991034e-02
5.565108732310769350e-03
3.156946987843634034e-02
-7.569884303166438122e-02
-4.705571179440078827e-02
7.158541471560467273e-02
-5.967056516948402584e-02
