9.867867150584039293e-02
1.873321698916453615e-01
-2.131122652777264204e-01
6.621823486598696351e-02
-8.794519048393345528e-02
-1.431290187235104427e-01
-6.820669619443181508e-02
1.702741722620189635e-01
1.319207595632087247e-02
1.797490852382663262e-01
-1.897224668096697542e-02
-1.153048946893877602e-01
3.381166143671079233e-02
2.212491519485420069e-02
1.481295094508799232e-02
-5.086110510733734408e-02
-1.203933308077245884e-01
1.804247143436461462e-02
-5.836606805703797168e-02
-7.105566574992153162e-02
-3.891737254255905887e-02
1.020136796848145622e-01
-9.279508475344205518e-03
2.742953926135163756e-02
-6.500978767384217594e-02
-1.175387143027388642e-01
-3.186647111180040959e-02
-1.290516080107037000e-01
-1.544374861769395035e-01
-3.843915277222293564e-02
-5.065597716085232932e-02
-3.501817062251967594e-02
-9.657850750186218469e-02
4.270116284390496758e-02
8.507613917313545243e-03
6.607699430078219430e-03
3.408261477081194618e-02
-4.040709796462905318e-02
-1.294522406997988817e-01
2.698439925433529681e-03
6.593572032167506480e-02
-1.834948839326479564e-01
2.264774252481851699e-02
1.819376958417470366e-02
9.288162676051097896e-03
-8.818546985568352647e-02
-5.151762146057686786e-02
-1.506464784726874451e-01
4.323210975213868934e-02
-1.135768279019035987e-01
-2.733928831112260316e-02
3.429235383582031338e-02
-4.729403737658953964e-03
5.679785337836375930e-02
-9.185642140881639106e-02
1.084599231387703561e-01
7.662018314884452841e-02
2.632825045402154007e-02
-2.823915811512778609e-02
-3.677624309430804761e-02
6.591593929148788049e-03
-4.657059297695653743e-02
2.640881137257103731e-02
-1.320666780747415392e-01
-6.185297583606439581e-02
7.446679079843354643e-02
-1.709655727293048211e-02
1.531235512950971517e-02
1.522053038448032136e-01
-1.250138052237446395e-01
-7.829345113648579838e-03
3.233994610800379477e-02
-6.837333132541743852e-02
-3.787622875944676032e-02
-3.009289458932478886e-03
8.577843257258518928e-02
-1.676639450387715224e-02
1.274640132686704133e-02
-6.229714683991278285e-02
5.670736853081832785e-02
4.414718288171003147e-02
-9.272110637365416075e-02
-8.577448973210868854e-02
1.495626317223805110e-02
5.779896730646889164e-02
-5.698510488709514210e-02
2.776945888988918351e-02
2.286366316176038568e-02
-1.282746345395168776e-02
-4.197922206987741815e-03
8.726982868977234409e-02
9.777345547746030263e-02
2.571664238553129575e-02
3.558333336675285896e-02
-3.476312230593390368e-02
-4.679937796630054964e-02
-1.320350351092225254e-02
-7.031999186203093111e-02
2.817894626310531257e-03
3.501466216277363680e-02
2.524928213345671579e-02
9.578489390730841879e-02
-5.236606726887584051e-02
-1.103546584711424805e-01
2.007938292120713467e-02
3.497172529826260423e-02
-4.744239510299341767e-03
-1.942016004187780299e-04
-1.526954857921782038e-01
-3.407081966328479039e-02
3.833356484081837379e-02
-7.394997797089101696e-03
3.439055729480702817e-02
3.192350864310028458e-02
-4.788212205783016345e-02
2.281524641726506708e-02
8.574475135902323922e-03
-8.057121003141823334e-02
1.649878256001032460e-03
1.051643767784635336e-01
-3.942863866231263031e-02
-2.153646296068780289e-02
6.978112585894186148e-02
1.185822638868198713e-02
-1.820466251633858987e-02
4.744463383445041843e-02
4.626746205489887243e-02
9.388928981347537117e-02
-1.960523964695688043e-02
-2.543102034830147309e-02
-1.925486146698590639e-02
-1.034003566320580714e-01
-7.607787551381410551e-02
7.525539230763582388e-02
-1.770555905703795688e-02
4.699150790477405609e-02
-3.838288376067695851e-02
2.469187141456716857e-03
8.562379303254078269e-03
2.260246668714345833e-02
-3.733315260466245344e-02
5.134243237059138432e-02
-2.932333900445815295e-02
2.740588221849263664e-02
-6.455101479466980596e-02
-1.238080979715920071e-01
-3.605015899638994159e-02
1.369986703023074459e-01
2.277461511201571073e-02
-3.816763140178195540e-02
1.037381377708456592e-02
1.498947659116720661e-03
1.661101985798119421e-02
2.598879862011679864e-02
4.389781492852259936e-02
4.152990532506817961e-02
6.379943588926381692e-02
9.629646075218308010e-02
-8.084400113014825195e-02
-1.758834308761795043e-02
4.008532208506387050e-03
3.658822306582276869e-03
-9.271368848733396728e-02
-3.142935044134644029e-02
-3.335138493193297998e-02
1.214575301834537081e-02
-1.260506051995523335e-03
5.059763648736107650e-02
3.031723552965714941e-02
-2.429648470813988020e-02
-4.848150063806279386e-02
-4.748640121237943795e-02
4.310717517127739956e-02
-5.349365281735004272e-03
-8.214022664374867611e-02
-4.605959416842172333e-02
-4.019725865791364851e-03
2.225285702692637868e-02
-3.588181975638481125e-02
5.761926733966706710e-02
5.522365761117010996e-02
3.620356222204765273e-02
-5.092014747277780889e-02
7.400778402194477593e-03
7.328069750695637152e-03
-3.439550255235383075e-02
2.158234024860503780e-02
1.030573295106026049e-01
-1.801931560004076463e-02
-2.612569537801696234e-02
4.350911100256395908e-02
1.094410889671765946e-01
-5.209828825549729647e-02
3.539163780900981410e-02
-8.883887871600514019e-03
-7.858622374881707451e-02
-1.463962969224349153e-01
6.947685886420452983e-02
-4.133359864880177537e-02
8.009409291985943036e-02
9.415569885685783763e-03
3.698150469640243236e-03
-1.627734862918182521e-02
-3.958682007600541897e-02
-2.492854208486417616e-02
-1.414744625211813696e-04
5.785911233068667670e-02
4.777593267618341494e-02
-2.301365816937908995e-02
1.535512492450903307e-02
-4.371106462832636402e-02
2.143435007512692683e-03
-6.989272829276821364e-02
-1.306229635961981585e-02
1.866767896110855043e-02
-4.545276428796655999e-02
1.921299384734985634e-03
-6.317633343836750320e-03
-1.652638244334582451e-02
-6.794750455395548103e-03
2.911366676725446467e-02
4.167518897245648529e-02
-4.228235299193508490e-02
-8.633016292807639547e-03
-5.513374079996451183e-02
6.030307197587426830e-03
-2.916806460026922371e-02
-3.438674810993990610e-02
3.649366172219146304e-02
-3.896722608485514439e-02
-3.986308622057913725e-02
-1.070469494503827335e-01
-1.272254380059398560e-01
-1.517522447429315094e-02
-1.469626959810547799e-02
-3.651120402092165179e-02
9.444202258603687228e-02
4.243849615758493732e-02
-7.953912141584093889e-03
-3.077640937565763804e-02
5.059660065638843518e-02
-9.097202224159611425e-03
4.934127375925610737e-02
2.244244750882179191e-03
6.253919714848704681e-02
-1.294053609948113415e-02
-2.472281268813698862e-02
6.586281118676216677e-03
1.545984409445267695e-02
-1.194099262478613699e-02
