1.112021470325908201e-01
2.043610248432577159e-01
-2.215123894071475141e-01
4.792345393155285349e-02
-1.480448069026643609e-01
-9.482115010494272800e-02
1.254049444043082648e-02
1.025771851187948641e-01
9.376886069543810889e-03
3.309602918390795734e-02
-5.192403480013273176e-02
-6.801768720360858167e-02
-4.077204032558419400e-02
-3.020539657913403134e-02
2.923230384251407701e-02
-1.454811324770103886e-01
-8.672253203646920761e-02
1.005703077271856982e-01
-3.017276816264576750e-02
2.630821562196062821e-02
1.465417245164383174e-02
6.381805767594490864e-02
-1.090647253380178094e-01
4.892896062558556997e-02
-7.040859952543408740e-02
1.197662025689420068e-02
-4.377391591652609465e-02
-1.122696323994458456e-02
-7.150785547247533180e-02
1.268513176835673988e-02
-2.231507954700201815e-02
-6.555312350785089115e-02
-6.947034107007905857e-02
6.630241288067105498e-02
-9.139872026692626161e-02
-1.278537300395106158e-01
4.927509757345825692e-02
-7.496683526436080658e-02
-9.165824638530381541e-02
1.608396804436605099e-01
-5.444720709752615823e-02
-1.076446692510248104e-01
1.052813915129292704e-01
6.381153199264726072e-02
1.116011021870604719e-01
-1.881651060977745094e-01
1.907016054948603226e-02
-5.706550731341352573e-02
7.194032751674607484e-02
1.802433554925749609e-02
1.935205168573816276e-02
2.822229350789565855e-02
-5.068865861416439050e-02
5.981692534117086235e-02
-2.056628833426340716e-02
4.855659839647911979e-03
1.562343556191539973e-01
-4.104130901339203552e-02
1.587885632084747728e-02
-6.207040003260540922e-02
4.910852414580878234e-02
-3.040861187168488258e-02
5.909220685100194381e-02
-4.742394810767993490e-02
-7.669782637383210089e-02
2.197592783758879360e-03
-1.797997315763777068e-02
-3.308184424791353606e-02
1.017933065607960624e-01
-5.465033047904464120e-02
5.314697235972151712e-02
6.178106410273201746e-03
-9.491860643625649185e-02
1.211252603674578890e-02
-4.666500807646182386e-02
1.441241579952280416e-01
-1.075074154426985951e-01
-5.484634607406053269e-02
-1.216713038107164191e-01
3.850597382271613717e-02
8.971748366297323252e-02
2.213527093069251120e-02
-1.743858654001887625e-03
-9.590910099500353503e-02
2.984700482694650422e-02
-5.330233264142291566e-02
1.372970984224624325e-01
-4.213774635544086794e-02
3.785417141822052661e-02
3.856930052401307679e-02
5.578570746180388368e-02
4.181066562827776001e-02
3.539202804631501331e-02
1.896115406510552256e-02
-1.612741438936323921e-02
-9.899584110582570345e-03
1.617707698384913614e-02
-1.054484857697621375e-01
-3.520805279653846311e-04
-3.494295074219765790e-02
1.133256901612772656e-02
4.078689927581593405e-02
-1.351435003861938267e-01
8.732926739809698108e-03
-7.497443324303601497e-02
-5.499128977209431259e-03
6.483535961913064471e-02
-4.250293952402313391e-02
-6.963676131267461378e-02
-8.489304293731736450e-02
1.018509041410758237e-02
9.392630429387303914e-02
7.059315687841559439e-02
1.126066088810931815e-01
-1.882681077280407358e-02
3.984343252862710370e-04
6.916026388390279778e-02
-7.803715393740108530e-02
-6.016373630328085940e-03
1.480995552409409000e-01
5.366289962137632541e-02
-3.939738828857767411e-02
2.659948168351361497e-02
-2.648008925247627432e-02
9.906171067901798841e-03
9.311601663257573769e-02
3.106114956443938382e-02
1.161927016307343491e-01
2.281237950609826814e-02
-3.374391005102282334e-03
-3.002580242190003301e-02
-4.792351520557443234e-02
-4.431493489001553376e-02
7.524069950378671490e-02
4.368010538949598093e-02
-1.803747882688516366e-02
-3.229992645860509798e-02
1.200382592247314743e-02
-3.450134886871236706e-02
-8.350944489316102295e-03
-2.748905792872792866e-03
6.860184308828627675e-02
-1.297272138861527147e-02
-3.396348550733398197e-02
-9.366806492994854405e-02
-3.832083436652967273e-02
-2.952617404998396367e-02
1.095230243823820844e-02
-4.519185804977477600e-02
-2.807453120486946146e-02
6.817647883051813906e-02
-1.986635518582125642e-02
-2.273682863749727431e-02
-4.900019167566558448e-02
5.365594501992765331e-02
5.174177522296025816e-02
5.526031336381586473e-02
1.418664247592940630e-01
-5.795235686466779224e-02
-5.581481262205163080e-02
4.576700665328105322e-02
9.364110436045588667e-03
-9.645609418559647485e-02
-3.789914655005599542e-02
9.668427864193881440e-04
-3.350812761600528017e-02
-3.452343815348986322e-02
-5.460511025112287781e-02
-2.030835534044679071e-03
-6.469890237308489889e-02
-3.313552029081253542e-02
-1.934479071418162069e-02
2.506919363170861947e-02
-1.106814097602424295e-02
-5.565632736524995378e-02
-2.745881919908105956e-02
3.727405961896673031e-02
6.493728895401934716e-03
-2.494122283765089210e-02
1.004684090293078008e-01
6.399719227801708987e-02
1.203599478379960459e-02
-6.547070994883358308e-02
3.410582505945086718e-02
-3.647709905736183644e-02
9.347995368371574132e-02
-1.497537087273581764e-02
7.144241481743407451e-02
5.252393810835499083e-02
-8.578822575550572316e-03
5.871573926245002295e-02
1.078865178141781983e-01
-1.330252880973843178e-02
-2.989777035382073372e-02
-5.211968275101916924e-03
-3.966147932156250527e-02
-1.015447791292910795e-01
3.507073771419066260e-02
-3.769470577707365044e-02
4.634822138492318555e-02
2.606526412641890431e-02
-2.755376329551028833e-02
-6.192177989327717763e-02
-4.530460224947131104e-02
5.148463879142410604e-02
4.472433726516358843e-02
7.954155371509098738e-02
2.301161198724679946e-02
-2.373335868736936582e-02
2.630159802763061203e-02
-1.649269946897786651e-02
-5.503252718861374737e-02
-6.695222387946550557e-02
1.809167569896754507e-02
-1.428052346808432634e-03
-3.605822984588056418e-02
-2.962442694357820053e-02
4.007933751168779070e-03
3.178660334286718958e-02
-4.628921450214722177e-02
3.330368684302294213e-02
-1.632122411960245170e-02
-6.499041353072416982e-02
5.756976187395845129e-02
-3.893645446128572024e-02
-4.297692471791040442e-02
-1.591899080497858189e-04
2.162911687547878440e-03
7.293560144917589361e-02
-5.388100450116970440e-03
-3.320138986400480302e-02
-8.090410413283659341e-02
-5.581842778932451232e-02
1.635798853254697566e-02
4.172626066355929197e-02
-5.473280531208352812e-02
2.473987640275805006e-02
-2.436046766117056991e-02
1.129874575621876535e-02
5.014512740579039549e-03
7.746485457589800949e-02
-1.837301536902550799e-04
1.671843296445723812e-02
-1.128305960669576981e-02
1.192748461899384438e-01
-3.489739350715723772e-03
-1.109412116117170638e-02
-1.059060188888567454e-03
3.396299531516139281e-02
-1.513777766691824789e-02
