1.609677397674744437e-01
1.461173851515299160e-01
-1.269838961017104861e-01
3.398214762164623870e-02
-3.525466529397499466e-02
-1.391719806500027745e-01
-4.009164466515085373e-02
1.611582159058387309e-01
-9.564878876380218664e-02
9.765839336443692120e-02
-6.364616691955997385e-02
-1.433233082267286462e-01
3.764930652247897025e-02
-2.706827569545072060e-02
-2.390117290418532214e-02
-5.785601075422162898e-02
-4.683123940496362186e-02
-4.809250780508297213e-02
-6.200266555633741905e-02
8.127633784445877085e-02
-1.980273421341633561e-02
1.436750123957127728e-02
5.921900718825932192e-02
1.188416036502471101e-01
-6.784134935132990485e-02
-3.144960762242748897e-02
-2.120394355982077247e-02
-2.658971434908967771e-02
-9.685460690521544014e-02
3.184398979951686554e-02
-4.366136756207745356e-03
-1.288459102509577348e-01
1.660126056890802795e-02
1.198741483864901591e-01
-9.570700807412906019e-02
-8.967196390607810874e-02
4.111892820331441295e-02
-8.918166870347402075e-02
-6.107337183240416079e-02
8.445057094364766259e-02
-1.166289929526640595e-03
-1.594589873787480294e-01
4.400957580339035120e-03
6.626067084675375807e-02
1.210231317433869101e-02
-1.109784662153034673e-01
2.388999285826642839e-04
-6.239722079915309416e-02
-6.338428386252484975e-03
-5.079094860953160817e-02
-7.858481966906206984e-02
6.782826558242172586e-03
8.645879101847202264e-02
8.701959319797017423e-02
-1.738977570844090770e-01
4.530171912908136783e-02
1.242230477963585378e-01
-9.725722701087663458e-02
-2.471548175956575846e-02
-6.744288282309988947e-02
3.303803947154180382e-02
8.934137375570241554e-03
9.205189454784670766e-02
-9.165339340647142563e-02
-8.398267044602662768e-02
3.938622876475753737e-02
-1.528024988007038731e-02
-4.589727290642029583e-02
4.022878194666990731e-02
-9.708935325636693092e-02
3.130461315693447433e-02
-5.814198456035753193e-02
6.033209671352174688e-03
-1.602100580177389516e-02
-5.468163920245168452e-02
1.375740647990872922e-01
5.131156492738322278e-02
-9.275204925016053426e-02
-3.198185395708636955e-03
5.736090432442643872e-04
1.051099112759518311e-01
7.276756141098536176e-03
-1.333562799834627777e-01
-9.711687070684841758e-03
1.396969236110118598e-02
-2.503156900207761937e-02
8.573274568350389147e-02
-2.128974954691964516e-02
4.776828647343506207e-02
-1.091875128532744481e-02
1.599539553559621574e-01
1.106089016633653166e-01
6.438491527883841159e-02
3.940498908948830703e-02
1.393379852946684608e-02
-1.534629176122595355e-02
-4.264436412805602816e-02
-7.835457302679434133e-02
-5.184121527614763553e-02
-9.892139242181924308e-02
1.090232388658717716e-01
5.820321521432199330e-02
3.574035694825954124e-02
-2.374413306414192154e-02
-3.871424916268512151e-02
2.561199683493805505e-03
2.736612181041070749e-02
-8.037899205360023516e-03
-8.922254682802577275e-02
-7.581635647175299919e-02
-9.518580333280800970e-03
2.713642897846713087e-02
8.697899197858049991e-02
8.366121816599950134e-02
2.969319817936769135e-02
6.595299459854001012e-02
-2.966647683122717802e-02
-3.793676869386104072e-02
-4.062676389086630063e-02
6.894616633487526958e-02
2.939445212263095200e-02
-2.551310707893100077e-02
1.086459209693954459e-01
2.431227323043514896e-02
2.459707018963221831e-02
5.376906362767887304e-02
5.879554996915176829e-02
1.530678777854102002e-01
-4.573047215941365706e-02
-2.525752361433314733e-02
-4.234444122438045521e-02
-7.756207045292753954e-02
2.747179574288866402e-02
9.722801351627741173e-02
5.056499399727608368e-02
1.168854763590386654e-02
2.879142190591591627e-02
2.456712981898254849e-02
-1.095436821179970877e-02
2.898072119734138377e-02
-5.096387588324922946e-02
7.604899142104364074e-02
-1.837186140152431355e-02
2.750727421677989087e-02
-8.170872525504332962e-02
-4.223385222527561295e-02
-3.197278531302832211e-02
6.458556768190908126e-02
1.006467192604357935e-02
-8.685210018805833432e-02
7.396621463132985012e-03
7.508906506355552193e-03
-7.354289586480333880e-03
5.346024514567155467e-02
2.442518131027239178e-02
8.050141874838390166e-02
1.776536987028330336e-02
1.598637881125605786e-01
-9.722133317924228080e-02
-2.109235077950339862e-02
5.009948180667795486e-02
4.564390468311906729e-02
-6.525907026237291741e-02
-3.808840888324391966e-02
-3.075371033698059281e-02
-1.196437979047866411e-02
3.085138863290355291e-02
-9.914070131018489981e-03
1.637343684680847566e-02
-2.698233125577080907e-02
-6.351612533281916773e-02
1.105831148701468154e-02
3.319303713601488848e-02
5.791159946550875764e-02
-2.497916470015438747e-02
-4.123007101274341751e-02
-2.241554209649240098e-02
2.485566499786766997e-02
-4.548153441870567137e-02
8.229842941083337360e-02
9.426097470461326788e-02
3.002226535135195384e-02
-4.386863107589272087e-02
-3.479656031646244374e-02
4.436436054230259024e-02
-1.594558375825293889e-02
-2.431168480696573389e-02
1.016405665002784592e-01
1.863976714583463062e-02
-2.330914966766288107e-02
1.090037170519452805e-03
9.775994833262896533e-02
2.326889457972581080e-02
4.700430513126228373e-03
-2.429873949063859201e-02
-6.116333139693420212e-02
-9.881513006587186454e-02
8.886025103659215413e-03
-2.068536941753948075e-02
4.450599753270540609e-02
-2.310205921957390884e-02
-4.317771808336322292e-02
-1.849061910291045080e-02
-4.581184766391928342e-02
-2.352008217487568456e-02
2.222606973934063493e-02
8.385757853905795312e-02
6.593596493107222768e-03
-6.201097271119975635e-02
9.461157125294907900e-04
-1.120577040845018857e-01
-4.881907233722998854e-03
1.101809101222287444e-02
5.149844129864051406e-02
2.673356658078911846e-02
-3.391434047008241859e-02
-2.874247891851865536e-02
-1.749247983305558460e-02
5.617803469832038238e-02
1.864679361432235519e-02
-6.416550255103697746e-03
-4.290133211846427347e-02
-3.791814682171129602e-02
2.810642776122583564e-02
-4.862039288343912580e-02
-1.200342341833163934e-02
1.079708607973949019e-02
1.680914711933797004e-02
5.218385080107370427e-02
-6.954943884360710593e-02
-3.189843627701042118e-03
-2.515673013533680988e-02
-1.377487573432131518e-01
-6.512463280618412207e-04
2.141653749800603856e-02
-4.563099397993718859e-02
4.022871272037939483e-02
4.077303904273392454e-02
-2.927157545695890581e-02
5.912416717024766150e-02
8.770569496330855863e-02
-4.893215348279352644e-02
7.251945438576361258e-02
-2.416097917250486365e-02
5.672966439432471780e-02
-4.537059928814823201e-02
-2.469350241232582538e-02
-3.813440975329410176e-02
-1.850886023046232481e-02
7.861164485663837617e-03
