1.244088183897576194e-01
2.186866950850594182e-01
-1.313163246052974631e-01
8.134698474394333467e-02
-9.501178805442904440e-02
-8.032218139305107030e-02
1.013506779690883514e-01
1.540920263613347330e-01
-8.008496802858057484e-02
5.942936071749835292e-02
7.098193767982204343e-04
-1.722809528150091307e-01
1.515400319254769923e-01
1.636938030109399284e-02
-7.170989919715954446e-03
-1.673797137432988802e-01
-1.100150131524411101e-01
7.163814345491908986e-02
-6.795603671976997717e-02
6.986837439403334113e-03
-1.378893716815406990e-02
-5.636203845449460487e-02
-1.571135706066336124e-01
7.201730768963054974e-02
1.039684457926001032e-02
4.333299037000341858e-02
-2.904589213134264533e-02
-1.308498635115394881e-01
-1.388560746647919952e-01
-4.458372514492329325e-02
2.288218116511632223e-03
-3.142498351453396760e-02
-1.308392318270299171e-01
1.126822329396808819e-01
-2.006634538431916956e-02
-1.116414658056259362e-01
1.296055662703593514e-01
-2.807362945986160985e-02
-7.383649620144765169e-02
1.163865784277491044e-01
-5.842097632892209735e-02
-1.500972765734514824e-01
-6.696368113994974336e-03
1.222445390541343491e-02
1.253552984134830017e-01
-1.092957975774066087e-01
-2.529541098480627900e-02
-1.422712188265217725e-01
3.785286095366637016e-02
-5.645450484821089993e-02
-6.357942413505204143e-03
4.346466719649814264e-02
9.165689010492016064e-02
4.513094802559803470e-02
-2.306488357469766992e-01
3.257499364538454789e-02
9.667712601242564596e-02
-5.624128592767944218e-02
-3.973388880474098151e-04
-3.027233984715349199e-02
-7.886791651100601153e-03
-2.783036871521135658e-02
2.359616217988771275e-03
-3.027032405376024055e-02
-9.253792186895819227e-02
-5.003849457986136312e-03
-6.197989207750613516e-02
1.832291168873237050e-02
7.513876375908212779e-02
1.702701663924430578e-02
3.878474273168901892e-02
7.354069477738617300e-03
-7.538712901280883449e-02
-6.907385918192184004e-02
-7.598929851984803641e-02
9.138784671251427849e-02
-1.273240132771641213e-02
-1.145110452393109310e-02
-5.353944001199106156e-02
4.219162864306582467e-02
9.969369579983475282e-02
-2.953052787843655699e-02
-3.954524955848855161e-02
-4.027509681803263103e-02
6.637858085115985740e-02
-1.607696020788570990e-02
1.438304350162026256e-02
-4.121917089480479912e-02
5.579608820294062327e-02
7.381750872819507758e-02
6.379456131058675039e-02
5.896065624077047318e-02
5.150153791700606137e-02
8.382244405645078444e-02
3.346786006740876118e-02
-9.184757765736251134e-02
-8.611209273601569403e-02
2.751369407569071585e-02
-3.993000599422646263e-02
-6.321937742477980182e-02
-3.346161761044901678e-02
1.074115834722587787e-01
-3.264466856863842276e-02
-6.327816056115077858e-02
6.579387071592995330e-03
8.047729994594151823e-03
-9.889157259330354915e-03
4.005017329070164472e-02
-9.725965779027895275e-02
-2.511711080789342729e-02
6.662083369911349362e-02
3.019804810677313711e-02
8.003089924772607139e-03
1.196699807373908520e-01
-3.978733984245884370e-02
3.125877809798063237e-03
1.562220372092726871e-02
-2.075340580345163416e-02
-2.108682453325494074e-03
1.183025250224423175e-01
2.503511353470337999e-02
-2.786021546255016204e-02
1.000044205975656325e-01
-8.843935872132242110e-03
4.520221607588850721e-02
9.041516137467658226e-03
8.138187097476526355e-02
1.408609762711616198e-01
-5.884621119650838839e-02
-4.223116420381090724e-02
-5.857518452350591459e-02
-4.863290135442435713e-02
-1.782855461543551845e-02
8.628782440199199433e-02
4.061355503131906797e-02
1.410174278487153453e-02
7.500702190699407696e-05
3.983402821847031004e-03
1.895385502082041693e-02
5.694388746361796205e-02
-4.683923538798957092e-02
6.610706648620739978e-02
-3.095475093636281330e-02
1.451507796887830520e-02
-1.791295783557879731e-02
-5.126929901042537319e-02
9.534637724491231217e-03
5.690233610947961762e-02
3.767293513692025059e-02
-3.378664803871266054e-02
1.928301457426056121e-03
1.440472953699606026e-02
3.738223822193522533e-02
7.983136821459073384e-02
3.742248906420694854e-02
-8.601097793838640912e-03
1.266731070879235400e-02
8.537688086502183415e-02
-5.336969070060119252e-02
-3.862312161946550304e-02
4.179653313798832592e-02
3.559504230203684727e-02
-1.381361438082308150e-02
-3.242289878258397540e-02
1.854790024165668683e-02
-5.275893781524233772e-02
7.523360358695499461e-02
-3.300110635848080287e-02
3.508898062194047013e-02
5.643815091148822460e-02
-6.464285268838275422e-02
-2.542425919799111769e-02
-2.586610810467340760e-02
2.631439454509544584e-02
-5.160122215158206849e-02
-1.652856295356761387e-02
1.820921443879359308e-02
-2.451042202211773866e-02
-1.913865775706634700e-02
6.981778448242202673e-02
6.981576868902877875e-02
2.522619124070572122e-02
-4.119559911722241174e-02
4.478995381417169575e-02
-2.273997019250202298e-02
1.154730988926390423e-02
-1.428449721492754468e-02
2.853996050243292129e-02
1.321661440845367345e-02
9.496857854766078272e-03
1.601911994261802710e-02
6.242967410657477428e-02
-6.117575307758169739e-03
-8.683989168936986913e-02
1.752859155340086988e-02
5.599288816115607394e-03
-7.406106208801531421e-02
5.895155265770416972e-03
-2.106013152719267770e-02
8.193611661951973046e-02
-5.217321978331580790e-02
1.036377906505133546e-03
-2.222574780044263070e-04
-9.989686826619660967e-03
2.468501574021074278e-03
4.778734105154824191e-02
8.621210209855835471e-02
1.306598262150304376e-02
2.202624928010395861e-02
6.524668034805189074e-03
-4.315296701486730224e-02
-2.569424546150029728e-02
-2.464135105428915881e-02
2.108763735317157467e-02
-1.374696314765908728e-02
-5.746929425773023188e-03
-2.679314547599292648e-02
-1.394675428316774664e-02
-3.338036813158227339e-02
1.530032703394016910e-02
-1.541252869523233870e-02
-9.049153393404353596e-02
-6.260374761992112957e-02
1.737617156263364729e-02
-6.499285294448539640e-02
6.622791655141255750e-03
-4.817990055848584557e-02
-1.647751786280298933e-02
5.568577228385504507e-02
-1.130092791613377876e-02
-1.297455663728004074e-03
-6.605855739358268419e-02
-1.132765993755204120e-01
-1.668569729985131672e-02
-5.887969937707371662e-03
1.022212080998034442e-02
1.949125903690221429e-02
3.823797503016760496e-03
-3.556142407028486246e-02
7.042759449667759623e-03
5.564848010607986728e-02
-3.443046643828018977e-02
1.886945180067713460e-03
-2.854974685422919517e-02
7.866139522658763261e-02
-2.421423044449627290e-02
-3.973837557068080756e-02
-2.844040631904357422e-02
-8.490976951533054512e-03
4.479291247866824810e-02
