-3.592244402034180939e-02
8.358698583219038511e-03
-3.473231590044812411e-01
1.413305107696262997e-01
-5.820554345918803330e-02
5.837490508739629630e-02
-2.060437376157739919e-01
-5.552378056116719779e-02
1.524104624256386320e-01
-3.223822551418484977e-02
-1.473049611355579415e-02
-1.547444474162909256e-01
-7.955865754368560139e-03
-4.791334643600077270e-02
1.145297683829816712e-02
5.723487826789803307e-02
-1.000730597991244912e-02
4.614131158928631848e-02
4.904937466876474472e-02
-3.161527213792066776e-02
6.394229271454368591e-02
-3.365689765057131716e-02
-4.051913341002784386e-02
-1.962109815129729762e-02
-1.423896736078122394e-01
6.794742259075535473e-02
5.060171856829315251e-02
9.630771294228435142e-02
-3.848960279609411200e-02
1.327273035645315513e-02
1.410015030875889364e-01
-1.107307805236993833e-02
-1.556408578605401709e-02
-1.131589140565498058e-01
9.197651649328617007e-02
-6.082627007871118513e-02
-1.572775025432020801e-01
1.422903037705396112e-01
1.358230688973217741e-02
-3.140886575162041977e-02
-8.591118915612080964e-02
7.589935585073234736e-02
-2.390728571490628729e-02
-1.429138519778881955e-01
-1.339258881996756648e-02
9.732741865186921026e-02
9.640338160836492420e-02
1.133278791307017717e-02
4.211932816568221723e-03
7.517762746827998110e-02
1.255125642952023279e-01
1.916469747867597176e-02
7.819920414637214490e-02
5.903011152690559871e-02
-5.044663288611142549e-02
-1.080555277214360205e-01
-1.668243431714162145e-02
1.783753019077899751e-02
-8.129457292510608446e-02
-5.078776851303705431e-02
-4.205521859324825099e-03
-3.130946286817642976e-02
2.925144645453235312e-02
1.147224275619971277e-02
1.806706889702965058e-02
6.035912940039860064e-02
1.320842250699105248e-02
9.521890768839054789e-03
-4.928208580746574856e-03
8.703581645976637970e-02
-7.734952098842271841e-03
-7.924686691692560403e-02
-4.696713541151547461e-02
7.882470207783086324e-02
-5.896957094097827166e-03
5.816929180920862863e-02
-3.634913618491255206e-03
9.644148384394037044e-02
1.278139988070673035e-02
-1.047777771229788796e-01
8.935793787490126094e-02
-9.544170497568423006e-02
-1.613849433659372140e-02
4.658208142285544251e-02
3.352702619713551768e-02
1.036024569924705874e-01
1.534865779497310810e-02
-4.533016026713998503e-02
1.841382237308609310e-02
-7.428581044184947441e-03
5.556548482942062078e-02
7.636421634322124175e-02
6.217934556495260078e-03
1.058264312786730693e-01
1.063123752284882012e-01
2.822955969763790013e-02
-2.637441372995880801e-02
5.717390808174305922e-02
1.286373772126160053e-01
-2.425037106594202588e-02
-4.809272105413042037e-02
4.333840142706810866e-02
-2.770591006630364101e-04
8.548300991383896152e-02
-2.866877636115321842e-02
5.359725486335544832e-03
1.799165753399135578e-02
-8.430835070675783693e-02
-7.159763658658523100e-02
-4.615046537875239913e-02
-1.832638220367359405e-02
-7.833105837008941252e-02
-7.040870143347756349e-02
5.800693596932820009e-03
-4.769101179510610439e-02
8.098516162268384888e-02
-3.207358948848074154e-02
-8.002662437628212111e-02
2.443995695102120502e-02
-8.718667223201433114e-02
3.025188624621565070e-02
-6.110342831788829338e-02
-6.469092068048123978e-02
6.805492178618198496e-02
4.691399716797228087e-03
9.899145861058666895e-03
3.732221374671167158e-02
-4.171186887284165229e-02
9.088215948260426613e-02
-1.511377882743105416e-01
-3.895479375029659019e-02
-8.780152929629586600e-02
-1.370328892307275288e-02
-2.632933875222688916e-02
-6.155331889475215007e-02
-1.018492915096013904e-02
-5.229117103278469597e-02
2.853533592121078669e-02
1.214328161640649550e-01
5.154710343849450843e-02
-3.669793852359318209e-02
2.831571106636745008e-02
-7.718425708546282349e-02
-7.666685318051516540e-02
-2.340009307690816415e-02
-1.273630507527200029e-01
1.567631058398479688e-02
2.940646604437136685e-02
-1.594685958889036428e-02
-1.508111599166109262e-02
-7.747674874814989947e-03
2.539968385959180674e-02
3.367765064618396392e-02
-3.730522801463380389e-02
1.003826363324035187e-01
-5.520174562128631057e-02
-4.509447497301679632e-03
1.874620076460193838e-02
9.122065141582128348e-03
-3.865179340511775297e-03
-1.529733709085458367e-02
-1.137932683619323898e-01
-3.239407125830780915e-02
1.881953021884469335e-02
-8.714863608878159473e-02
-4.131908208008391176e-02
5.058275006593383055e-02
5.139148901757105425e-02
2.034781650562468569e-02
2.970351807870581784e-02
-1.549326784083444528e-02
6.576003041624585432e-02
-8.582123747768512223e-02
-1.475693305064196097e-02
-3.038241862307860391e-02
4.336477227181156913e-02
1.964320603993559983e-02
-6.996221461226355409e-02
-2.558758438993174317e-02
5.054487915355788952e-02
-1.444497719302518385e-02
5.029465354403731686e-02
6.901920906639995301e-02
4.352825168151815138e-02
-1.423288686525140366e-02
-1.730264486118311337e-02
-9.035351987939498064e-03
4.189699352478754024e-02
1.994756127814010724e-02
1.515887363286578214e-02
2.356648054969423187e-02
-3.440169226063137520e-02
3.338938889343066180e-02
4.654103807802916631e-02
-6.699509802456889151e-02
-2.275840252148416190e-02
-1.278262258904696615e-02
-2.654889751472751247e-02
-6.251344235737904542e-02
5.183467122164929497e-02
-1.395024296162891524e-02
-3.317653850371565794e-02
-5.614762618405803180e-02
-1.109095603107445802e-02
3.177716533140208938e-02
-3.781440342291339518e-02
2.115946352034138792e-02
-6.635472931599920021e-02
-1.723870051960594424e-02
-4.371446685711884161e-02
-5.872370742607692373e-02
2.446127173154693038e-02
1.026992390369216822e-02
-1.024876774478896274e-01
-2.874983861949368009e-03
-9.850799312362337745e-03
5.556138710417227178e-02
1.248781769436483951e-03
-1.244865798130595329e-02
1.849997374181564305e-02
7.333771578559679372e-02
-3.756629276835971032e-02
-4.489021658785478930e-02
-9.256516794368105372e-02
5.982672253365454301e-02
2.400407795081302073e-02
9.939263913086925778e-03
-3.676551794401969331e-02
2.136900929292062309e-02
4.832473822323289647e-02
6.814728583512677518e-02
7.658856680056874700e-02
-2.314286167905975355e-02
2.148612492421234435e-02
8.164059938539265648e-02
-9.159737776929916496e-04
2.722066008608703055e-02
-1.060177355646628634e-02
1.101167826598731421e-02
-6.187730355874313318e-03
2.114446055854498838e-02
3.711015646510924804e-02
1.134045462482516538e-02
2.862601461541634112e-02
-9.285313228089212348e-03
-7.235657495798639496e-03
-2.728123371818571077e-02
-1.915128073310473980e-02
-8.134083756500687032e-03
-1.849514900079741661e-02
