-7.979069100339478138e-02
2.158143067399216908e-01
-1.091053814735447186e-01
2.259554476621534677e-02
-8.978769599634851828e-02
5.168871530247101664e-02
-5.068411162403518161e-02
1.412638062360897610e-02
4.023456731041275686e-02
-5.422539804869306451e-02
-5.996588088782613124e-02
-7.371411021408966202e-02
-7.098257907475229167e-02
-2.231384945196089944e-02
-1.270183901606207477e-01
3.242163268004038396e-02
6.069448892373563442e-02
5.377833918160909721e-02
1.672093695968563873e-02
1.420248585572207907e-02
3.236167651782358157e-02
5.679123680798581209e-02
-6.148509915786688762e-02
-2.362828143971939382e-02
-7.196675892949575860e-03
1.188984039840753071e-01
1.700047662886343056e-02
9.848126644507043670e-02
-1.097278148553396289e-02
4.090088085724263162e-02
8.628035184755865339e-02
-2.941596925239549354e-02
9.017721010079297883e-02
-2.507288881465780661e-01
1.273381198227531153e-01
-5.517969116322119644e-02
-1.497523346480288120e-01
2.355878928826518615e-02
4.038480481134845701e-02
-5.096142257542185527e-02
-7.908305483653614576e-02
1.275467058861874392e-01
-7.661060300632697995e-02
-1.608871183415270037e-02
6.656178945881904840e-02
1.997106515356613168e-02
6.228652415373864965e-02
3.098352512305344378e-02
2.179788301513842230e-02
1.992912141546442778e-02
5.129744745287945912e-02
1.541165294466105284e-01
-2.044556282493091570e-02
7.796010989702766014e-02
-9.488966945650485763e-02
-4.735217852631348756e-02
-1.967426570923220264e-01
-5.054885402956436902e-02
-4.336569658879042832e-02
2.947439088760857653e-02
2.993734307008822509e-02
1.155444029265858055e-02
1.539773624619159530e-02
6.989828960119467971e-02
2.791564027904340495e-02
9.315017348871570957e-02
3.342068283217703578e-02
-8.620278516115629716e-03
5.179394001129758104e-03
-4.308900675547668729e-02
3.343007267598552268e-02
-7.425565210097413715e-02
-2.490398488881255534e-02
9.208608862070709333e-02
-7.060362397754774144e-02
6.757932700771480949e-02
3.435948453123903457e-02
7.032631302616106084e-02
-5.033767388476661359e-02
-8.489405284512591132e-02
-4.612283971454701759e-02
-1.125469601793179820e-02
-1.190763360437924329e-01
3.334658709971165952e-02
6.166792708945303958e-02
2.110416720038496216e-02
-2.719401068736511471e-03
-4.458458600238869585e-02
8.369295663749935776e-02
3.126814334588640804e-02
-8.057205753914649382e-02
6.538729171925698747e-02
4.220314623804305443e-02
1.683942436618721811e-02
4.813884283386374308e-02
-3.480562998939222118e-03
-6.427475964155947297e-02
6.568579375783790107e-03
1.109311032444000589e-01
4.226416195461956717e-03
-4.223237532382821333e-03
6.830800811633877014e-03
-4.761834588874457042e-02
9.377479905194451015e-02
-2.419119709558427769e-02
2.124651284815867042e-02
1.882601571793261763e-02
-1.871251917782885688e-01
-8.189039891712875108e-02
1.508297552864269059e-02
-1.224589085326369120e-03
-1.182184623759980902e-01
-1.892477349152921554e-02
-1.925239500682359231e-02
-2.019474073253704153e-03
3.480427814417465932e-02
-8.471239407697116197e-02
-1.011241603817642914e-01
1.579272349694930966e-01
-1.260398369048909388e-02
8.203095428339812756e-02
-2.013518647024978682e-04
4.394655159605595496e-02
1.297406410652212905e-01
-3.939152740365437638e-02
-3.239426694847402644e-02
5.014052370114573109e-02
-3.963387306117055475e-02
1.031319428207039535e-01
-9.740972816018658720e-02
2.253120424113077072e-02
-2.015970236595208617e-02
4.031019756988184904e-02
-4.496343149052155902e-02
4.852265726658008121e-02
-1.912068143900423275e-02
-3.696609786520207996e-02
3.805060655690307991e-02
5.729266177463017591e-03
6.612963742548551294e-02
-3.027727733776959529e-02
-3.997008062041432219e-02
-8.777129097710226896e-03
-1.543646478485692815e-02
-3.974896258644960295e-02
-1.034581759544235119e-01
6.384487286237428005e-02
2.460603089559011691e-02
-5.837907035690721030e-02
2.757431762978723375e-02
-8.648181332133285382e-02
7.082514391144199839e-02
8.678846296757638037e-03
2.105798524484441339e-02
-5.312422877809452534e-03
-1.256361101574834382e-01
1.176614656100047063e-01
-2.774676923591965980e-02
-1.540047647298395557e-02
-9.120534319328585729e-03
4.790588702015603773e-02
-8.009028913269264360e-02
6.995875727241272768e-02
1.766160201296644236e-02
-7.300767974701964647e-03
-2.469627569795178681e-02
-1.382773243959913891e-02
9.848985248901982736e-02
6.846822004279866369e-02
-3.553274003465522329e-02
1.410347232762486011e-02
4.591319409675299196e-02
-4.790566780201264974e-02
4.411264587603010850e-02
-1.368125818345827284e-02
5.810541304124368367e-02
-2.331812430318165250e-02
-1.007975618844724058e-01
-4.577205414876790723e-02
5.359700924066942984e-03
-4.364180184038846805e-02
-2.093452889375935558e-02
9.118053500672569645e-02
6.259247960919477050e-02
2.529784681976754088e-02
-1.715593882888323193e-02
4.683376415355649559e-03
8.416939073579741970e-02
4.222159709844493236e-02
-6.670797142410206382e-02
-6.790537745964823901e-03
-1.685824059016141196e-03
-8.123201375981810302e-02
1.712612516138237173e-02
-8.679756052052700621e-02
-9.860329787822347258e-02
-9.105773631007081648e-02
-2.034932605998329008e-02
-3.510661650026487141e-02
5.188535397709065355e-02
-5.830307473386581174e-02
-7.188966721573740448e-02
-2.090595746240436759e-02
4.561443630367145730e-02
1.540701648092838300e-02
-4.498995688587158898e-02
2.863452964392932884e-02
-2.728188062650674026e-02
-1.433957026805446171e-02
-1.497099159372830904e-02
-7.909693865228410725e-02
1.774797396146158071e-02
-1.104187173705862592e-02
1.631169322233621405e-02
2.258370698647235719e-02
9.236500717181194559e-03
8.695601870183979065e-02
6.592061292576439913e-02
-7.608802348884560751e-02
-3.691458160150573597e-02
4.850274495188894135e-03
9.128097345275495642e-03
-8.647498102253056707e-03
-7.211052949520149746e-02
3.793650351326927767e-02
2.235882570771280733e-02
-1.805721768906853528e-02
-3.008166168115243566e-02
2.938765357554112487e-02
6.049141985024325541e-02
-2.716518350150950653e-02
1.175589811279704883e-01
4.814943837746085697e-02
-2.891523847653852675e-02
1.598319483446828532e-02
-2.885590343239466046e-02
6.975985334364473434e-02
2.420449632961652400e-02
-1.592155799981883474e-02
5.782375426334646767e-02
-3.502758835957325845e-02
-6.177421135263931780e-03
7.985715063719879200e-03
6.003307124877476503e-02
7.844816255692531326e-02
5.618148154215021201e-02
5.491195273742917153e-03
3.168177144610360464e-03
3.841962376494068021e-02
-4.161681077719280725e-02
