-4.762946918941813462e-02
1.487769873105933283e-01
-2.194880950818573206e-01
1.309972195236905890e-01
-1.922478609484650977e-02
1.813620376034014159e-02
-8.567375109670348488e-02
3.902565910590884146e-02
5.540732841796092850e-02
-2.448691220358632445e-02
-1.340544651999413805e-01
-6.671901783430737864e-02
2.303802494388825298e-02
-8.666631308312577886e-02
3.703993720415679519e-04
-1.123581223798683082e-01
3.864133150755177937e-03
3.609658124959151670e-02
-1.072192047983587353e-02
7.129957533309358442e-02
4.353601271649876203e-02
6.901770276069392474e-02
1.286813353481417246e-03
1.644079392931557804e-02
-1.411638399099178487e-01
1.040471919441598170e-01
-1.382365910126116468e-02
4.505373214513477137e-02
-4.870834397225005594e-03
-4.489953683158142556e-02
3.618841609532321996e-03
7.280530101129123466e-02
-4.671185935016331642e-02
-1.442108152778754093e-01
4.913171281103691224e-02
5.601063868561157594e-02
-1.518327909230084427e-01
9.695121787616871323e-02
1.331228919620823861e-02
-5.458239755936601656e-02
-7.063102046994991501e-02
4.354913198017473092e-02
-7.681100262396527156e-02
-1.026149763492939238e-01
3.986272440409679291e-02
-1.414499313060042611e-02
2.088007489617894341e-01
5.537493474009080180e-02
-4.271751838673148310e-02
3.871695192820407729e-03
-2.719837910986839472e-03
1.209855682413675249e-01
-1.813483204108180076e-03
-2.283040292383684694e-02
-3.469570416393549794e-02
-2.563778466133697850e-02
-2.433517895024026392e-02
-3.705034820160473669e-02
-2.300060162873753672e-02
-7.013561878395564719e-02
-4.527602100956384934e-02
7.375291281278624489e-02
-2.850794893412285369e-02
5.365564292505557720e-02
5.109464306972723996e-02
1.383473837219394501e-02
-1.064320489778012961e-02
-1.282553989322815675e-02
1.151203077264204358e-02
-5.381926441197395355e-02
1.164905497486401070e-01
-1.354660346613547617e-01
-1.534438927780778505e-01
1.250317883305957223e-01
-1.082552749058725838e-01
7.110626843453310419e-02
1.677623204641371171e-02
1.103713453094560051e-02
-3.026406613540131435e-02
-1.029829136611282031e-01
-7.119683707787248517e-02
1.686792620299070898e-03
-8.805976881587126992e-02
4.232137289937945579e-02
-2.503053509735467252e-02
7.609732171445092452e-02
-6.320994893773126955e-02
-2.873203158527439308e-02
2.048711953540978403e-02
-9.902909117425053032e-02
-6.076772590126005430e-02
3.438618802359119653e-02
4.301641249589577970e-02
-3.784981432319858841e-02
-2.663762731151508509e-02
-2.185514570344290405e-02
3.702843586575990664e-02
1.701617739975789037e-02
1.733664267356687105e-01
-6.772378460490005581e-02
-5.531981976373630955e-02
-1.881471238117898891e-03
1.951442989208915582e-02
9.804078503475797957e-02
-3.188586036622807762e-02
-3.515821976001817090e-02
3.146555151655599375e-02
-1.117047619454324264e-01
-1.193493885444724817e-01
-5.925151888103710740e-02
7.641320403904548753e-02
-1.774139130272892051e-01
-1.479466047472537300e-02
-4.159418583101373579e-02
-6.097123276353643567e-02
1.556805689595295028e-01
3.039033465174631465e-02
-7.632421814869650399e-03
5.841790046713934981e-02
-3.566969518193712635e-02
3.184421637643630731e-02
-8.099720842212188368e-03
-1.930008996490072950e-03
5.627144120614032373e-03
-3.082414966026979231e-02
-1.748140126206857922e-02
2.095737303500106591e-02
2.000068678302778166e-02
1.070626177691754444e-01
-7.587049562478270781e-03
5.665411570692963777e-03
-2.032831665203995927e-02
-1.818266635368046393e-03
-4.828135238772963272e-02
2.193051991807447657e-02
-8.494487575848135019e-02
1.043097530791223249e-02
2.831763168009978834e-02
1.561041136597597460e-02
3.472595233219641711e-03
2.479815178607571932e-02
1.041029400217104682e-02
-6.574414750908887106e-02
-4.535839450964184588e-02
-5.693032368989824760e-02
-5.344738780380801219e-02
3.339763567807792211e-02
1.558244939647896073e-02
-9.149145867736131754e-02
-1.663336220981387684e-02
-3.153378575658644101e-02
1.028620616772392242e-02
-9.669913808323148119e-02
-5.170220918430763063e-02
1.491800969111030904e-02
-8.498134942183784013e-02
2.335123417454348146e-03
3.784960328946653744e-03
1.002586088694795837e-03
3.973919932626848034e-02
5.770400852389295787e-02
-7.332764467041091860e-02
1.625431045475813838e-02
8.444824304238345014e-02
-1.024829044053174668e-02
1.730012328623511259e-02
5.355733637820758730e-02
7.504222339876362446e-02
2.626954931052610104e-02
4.423200196480933655e-02
8.392129181344729072e-02
3.954459105302699645e-02
7.008535758343838011e-03
-2.428396809792875491e-02
-3.072281829659570876e-02
3.242670464919106266e-02
-7.392793012123548627e-03
-1.264126875562840424e-01
-2.299420027219859636e-02
-3.681124698318876537e-02
-5.644962402057034784e-02
-1.055059626169756876e-02
1.078039792698773924e-01
9.667279403901353485e-02
-1.287843901539609086e-02
1.138611397918379460e-02
7.905453740170864663e-02
7.788934982246706329e-02
2.497281737163819723e-02
-5.292768206633899353e-02
8.661140914050333151e-03
3.457843975349141757e-02
-3.130161347903954311e-02
1.118795330478609224e-03
-1.125083432248013132e-01
-4.847859858262176802e-02
-1.336387990923744717e-01
1.222384755085657686e-02
2.341355947007644350e-02
-1.070472123067355875e-02
-9.812125923124749571e-02
1.839067526890730137e-02
6.415031524775911820e-02
2.220676307333176516e-02
-2.539696000077590679e-02
8.974174283262180765e-03
3.735525677213254875e-02
-4.704592574800310623e-02
-2.227999177835413014e-02
6.503405417301943992e-02
-1.028788036866487704e-01
4.151128474660559925e-02
7.454900239466724643e-02
3.935427379900392850e-04
3.055064994352918819e-04
6.764686280956676550e-04
4.110782342320907362e-02
8.675245001809205395e-03
2.557588143326811753e-03
-5.052235476068837189e-02
4.891691564409570564e-02
5.447146416088353288e-02
-6.393572911454996344e-02
-2.342055875552286406e-02
-3.212045953169358897e-02
-1.231452171106198722e-03
5.067771075976800627e-02
-9.957345268608107369e-03
-6.105030006847892918e-03
8.362493010906763002e-02
-9.883026222636799238e-03
7.969133168817835178e-02
-2.675545447857797035e-02
-3.290022917162916533e-02
2.747968707469495078e-02
1.341421848878980583e-02
1.891031066179896941e-02
4.177018796354587532e-02
-3.250770643001071880e-02
6.519619842381343955e-02
4.618888258984747697e-02
-6.411468571933084948e-02
4.390205072474457422e-04
1.373294976876708075e-02
1.182348138886349237e-01
5.207141269853422794e-02
4.734285020900157875e-02
-7.339098996231548100e-02
3.205176805191035927e-02
-5.039168970825893754e-03
