-2.650212369416771740e-01
4.131649520382731089e-02
-2.269388201754515000e-01
-4.806847799693506756e-02
-2.460775948094821516e-02
1.491727194121297007e-01
1.421200732743568562e-01
-1.657270887680893992e-02
8.439459744937821695e-02
1.627372927481992582e-01
1.479279724665678517e-02
-8.733300787846991209e-02
-1.250743095569002428e-01
8.069748977585980421e-02
-7.395193454815444933e-02
-3.316938139419418202e-02
-1.385033800332096388e-01
4.329538190208824522e-02
-6.248522773513134898e-02
8.527038816787457787e-02
-2.455117245271271065e-01
-6.858006183068603157e-02
4.611498716849770502e-02
1.178172388933948628e-01
-1.185637447230094427e-01
5.643922916366658077e-02
8.525529736214722265e-02
-3.755595025438095841e-02
-1.087263558746509734e-01
-2.118969198370314333e-02
-4.062287705909978924e-02
1.303216831271180112e-02
2.966209649457028294e-02
-8.286340465436205227e-02
1.090728505552287508e-01
-5.603582956982524482e-02
-4.219315923284028963e-02
-6.125784220264010593e-02
-3.298996848165789558e-02
5.557961215593820031e-02
-7.742299452754858313e-02
-1.677081063440109127e-02
7.345477633724782629e-02
-5.364166625469683758e-02
1.959764691188824182e-02
5.541130775317343327e-02
-4.709889372895274817e-02
1.022821626400239881e-01
-3.390673492959449253e-02
-2.027900377696228648e-02
9.913691734817384194e-02
6.671666171514412103e-02
2.578679854323886675e-02
7.835792583423105417e-02
-1.071394808010945124e-02
-1.739987366573938349e-02
-2.389045715500971376e-02
1.377573981899050427e-02
-3.021965286080698088e-02
-2.282306210916492870e-02
2.483062832479196805e-02
-3.603174394349781349e-03
4.141238469855318925e-03
-6.023166741318022183e-02
-6.738264831512549846e-02
5.731163143735841514e-02
-2.200351258793949161e-02
1.062558302879485078e-01
4.836949066580679968e-02
-4.224423043185276255e-02
4.875615763014951032e-02
-6.033911953914627285e-03
2.472656464363044010e-02
-1.051524548488186050e-01
-6.200888924694115956e-02
8.780061326149381229e-02
4.236803093069010928e-02
-3.556965788293901115e-02
3.046379554883582239e-02
8.977247854320106676e-03
1.207191100104707850e-02
-9.119915353558705196e-02
3.611233303797234395e-02
-4.635542701993603659e-02
-1.378345988395750579e-02
1.043249756681021746e-02
-1.707793647688922445e-02
-3.401974131044629979e-02
2.548442350996119737e-02
-5.256724979229834838e-02
4.918177424353387811e-02
-2.904662217487074052e-02
-6.797021163071356731e-02
1.515938156235909218e-01
5.908364834044024100e-03
-1.255397840622635673e-02
8.268538903865236753e-03
-7.137196568750800441e-02
-4.355604762509170808e-02
3.008558223029407855e-02
6.034558203696932521e-02
8.185190148158152934e-02
-9.440133867312142102e-02
5.237445776264730568e-02
2.077888671668080139e-02
-8.324731195747221701e-02
-5.891265414128424999e-02
-5.700352748709165696e-02
-2.347238594448902010e-02
-4.945578415123143279e-02
-3.787799224049311769e-02
6.975690015047477689e-03
-9.767195642273882039e-02
-5.534629851831555925e-02
-2.859522543503547481e-02
-2.757058767208485708e-02
-6.907844267631593760e-02
-5.721064180921542341e-02
5.368065083615915223e-02
-2.937048064685748340e-03
-3.358263193066308994e-02
9.285386737007526869e-02
1.341841608800653160e-02
8.968294674903623531e-02
-6.695228089253066339e-02
4.168132940525429153e-02
5.935772811297912455e-02
5.895565595112307183e-02
7.601665020398969130e-02
-1.414184206728763271e-01
-9.919658192266994634e-02
-9.851819431335243071e-02
3.995000877224737929e-02
5.009972839377308668e-02
6.343067370043405095e-02
-3.156766004185503766e-02
-1.503267817936447363e-02
-2.926697588442660203e-02
-2.557940476174977787e-02
-3.007021196520140438e-02
-3.570928276833766624e-02
-2.576405753738584062e-02
-6.015037967029238791e-02
4.674048709292814852e-02
-4.657242721710804639e-02
-2.774042910135888704e-02
6.169523104178863820e-02
1.233161957572431466e-01
-9.881054374189920594e-03
3.538790449821815204e-02
2.329926086767246385e-02
-5.735438872025257206e-02
1.622327987289529441e-02
-6.800374675455213291e-02
-4.906901238962672884e-02
-2.750610242353696000e-02
-3.822088888174237503e-02
6.576967872333217002e-02
-7.135215900499086716e-02
-7.462026162032038556e-02
7.520132750566474455e-02
6.075719074966696998e-02
-2.270282471723543416e-02
2.723715771683585338e-03
2.951440221999796529e-04
-2.915180369349355122e-02
-3.117369220159330154e-04
-1.166463390851191911e-02
-3.071667134203094965e-02
-3.749296709992166240e-03
2.582602765164584632e-02
-2.534210882817131485e-02
-3.930763648863565968e-02
3.504071116922707722e-03
-6.467363909254195131e-02
3.689981459702715988e-02
-3.688514298034779870e-02
-1.421379237413167296e-02
5.970432759081889529e-02
8.824250838290814691e-02
1.451490984026539664e-02
7.193430779537583752e-02
-6.152591359882458866e-02
2.451235904011164757e-02
4.313266668662989883e-02
7.744894931610278588e-02
7.863742013197302927e-02
3.056614754138475484e-02
1.229198525123761758e-02
8.103388898686535169e-02
-6.142729937528682710e-02
4.489884987546065298e-02
2.639479732491606390e-02
4.041017354966960386e-03
-4.835831229119394448e-02
-4.392556277088782019e-02
-9.473124045388323089e-02
3.227406345254600780e-04
-1.864493500308719506e-02
7.486859619882904604e-02
-7.238731142656169848e-02
-6.883894600023555965e-02
9.000932035531086436e-03
-2.956498436512112332e-02
7.937547231578663542e-02
-3.915700789072746463e-02
5.305794550538192600e-02
-2.385035473608610249e-02
-1.013001074978641808e-01
-2.929093952500290421e-02
4.532411716463837122e-03
9.870972877585955374e-02
1.732662037960453275e-02
1.772771443368195698e-02
3.076662470358213289e-02
-1.485225222662889775e-02
1.633663557795375643e-02
5.391672413501433919e-02
6.319949094047198901e-02
1.200536473967993810e-02
-6.246370936400160757e-03
1.141339993908805153e-02
-7.103399451757254346e-02
-2.727544364988487499e-02
-2.181543643507824135e-02
-8.515511117967953028e-03
5.851634582883795399e-02
-1.567326890952227061e-02
-2.352275849508818698e-02
5.077734748983596391e-02
3.308519426039113753e-02
4.913842310948841191e-02
-4.541826003833099312e-02
-6.509509874786716110e-02
5.581851498086726248e-04
6.091061394122836842e-03
3.687071589061308163e-02
3.365186798842144389e-02
6.022422680757854446e-02
9.755793700168773064e-02
1.506111316978591894e-03
2.156776557256222596e-02
1.620759521601663686e-02
-4.917489255666284559e-02
-4.989464015204789910e-02
-3.225680683673741445e-02
-4.133032844241071868e-02
3.834737917697093185e-02
-4.224482428300407183e-03
2.905979169746150670e-02
