-2.149178609125906858e-01
1.410234246662876723e-01
-1.404771542226803116e-01
5.130470893802310112e-02
1.295074593632477601e-02
1.459194391746239661e-01
2.665556832034553583e-02
9.959692022056626515e-02
8.421231622245286055e-03
2.214200878003967365e-01
-2.257268918566978505e-02
-5.874511591822167977e-02
-2.543959788902774299e-01
-2.867955940566554660e-02
-1.048003759971947724e-01
-6.624382676307449987e-03
-1.462382720200755548e-01
2.278423766755715771e-02
7.368275644940514013e-02
3.696944318867566998e-02
-8.067203071109095569e-02
3.964255719956349955e-02
-2.728683240448772848e-02
1.552850226947543877e-01
-2.113682520354845037e-02
4.061330341455567094e-02
1.019577999652792333e-01
-5.786369673911025135e-02
-1.218827189370843278e-01
-5.327111839124652054e-02
-8.858087116243337777e-02
-9.018534361801429367e-02
-6.255003400445852124e-02
1.086805704131907184e-02
1.878414936411538505e-01
5.119811397826390387e-02
-6.104348971794495982e-02
-1.383722074333978286e-02
6.157377255902607427e-02
3.272668802873742594e-02
-1.224502952411424817e-01
-3.049324950169776671e-02
5.922142828999447245e-02
-4.193242835235803240e-02
-7.274050559168768193e-02
-4.308110640655404139e-02
-4.680713700024349139e-02
7.090797179165121700e-02
-9.944278922701238477e-02
-7.069744100109509599e-02
3.203495338226802769e-02
-6.840625669819573595e-02
-2.489483100229039972e-02
-2.626513596542832604e-02
-5.151914635014109151e-02
6.911942852012639693e-02
6.231373264309518489e-02
5.494679641126158816e-03
-1.731306341330737450e-02
-5.940310260699706996e-02
8.677952467738649957e-04
-1.347193521292997659e-02
9.791142640351762141e-03
-4.441250929783651519e-02
-2.590480757666423564e-02
1.201689923927819342e-01
-5.710472880727378991e-02
7.545751164482930595e-02
5.528624571335895993e-02
-5.135526521705888192e-02
6.810012858000831504e-02
-3.374434653122448946e-02
3.183203886231988217e-02
-3.376407661154949558e-02
-5.862302578722553698e-02
7.400861464791756716e-02
1.562473975778283231e-01
-4.883805495236645533e-02
-1.736411212363246116e-03
-4.953054466014613494e-02
5.126780942007751196e-02
1.452563968579449749e-02
5.877748506830562242e-02
-7.040487115773998682e-03
-1.656446936729903327e-02
3.066796412314478672e-03
1.380294752560383940e-02
-7.948070810724072732e-03
8.575296958293924729e-03
-1.131797837886013708e-01
-1.400819288698804989e-02
4.645662440851297363e-03
2.019132429932154419e-03
6.199647557776936935e-02
-1.702380927396695762e-02
6.356303082407344096e-02
3.725200026248148139e-02
-7.652323144115297238e-02
-9.641607672164768938e-02
8.968815215957477369e-03
4.947161704919209035e-02
6.682532245824381045e-02
-4.148277292771319208e-02
4.007780080180787380e-02
-2.406321304090447422e-02
-8.952568266285523824e-02
-4.007927809567579658e-02
2.325178476238023983e-02
-9.564010349595375438e-02
-4.017914316114776924e-02
-1.118680781488912701e-01
-1.692364874972139901e-02
-3.494052779046256940e-02
-6.096233704146674509e-02
6.919985896404695636e-02
-3.896356010911090212e-02
-7.054367112382002591e-02
-1.205819452719968932e-01
-3.363666822262880579e-03
2.069820023978414733e-03
-5.326287837433874017e-02
4.411987379697617992e-03
3.367596423951570161e-02
1.357272933210111054e-01
-8.890170656179484376e-02
7.164957331335136681e-02
-2.690312994385774675e-02
4.247571137947691450e-02
3.092212432593374402e-02
-9.488789828715714358e-02
3.106867187763225416e-02
-1.446439108203017854e-01
6.445383902643438134e-02
9.378741284180820703e-02
-5.211301848504838220e-03
-8.132020160283277843e-02
-8.701510380619217888e-02
1.927891477773623768e-02
1.611222047119716463e-02
1.648302123204723607e-02
-2.435443690540212841e-02
1.993361859124955990e-03
-1.122940312141440106e-01
-1.923262623654114004e-02
-6.750205436476558463e-02
2.881333657259463332e-02
6.070627277102579045e-03
4.125073930419054236e-02
8.329554047676900053e-02
3.027831965829046873e-02
2.676475675156176834e-02
4.921982051659182233e-03
-2.626792640940107948e-02
-3.836663490020989636e-03
1.918282501881563712e-02
-3.959072059917551761e-02
1.341336871825476486e-02
3.104296696433029787e-02
-1.130156400254982013e-01
-9.777689417527825333e-02
1.394118940288933267e-02
-3.758544190284926478e-02
-2.387004866048465790e-02
2.985742222094130843e-02
1.427161079801602360e-02
-8.530945313503447008e-03
5.053838736559962408e-02
-9.860509794639165174e-03
-3.803647613510417053e-02
-2.216922381596218156e-02
2.911664141805667821e-02
-1.062159518101965516e-01
1.696097504145106447e-02
-3.701661810619152199e-02
-5.245378093725056989e-04
-4.516934336075262985e-02
3.232850808820174338e-02
-2.577812142030120376e-03
-1.745445685084444712e-02
5.330732850538708392e-03
3.566328560815847093e-02
6.612058762573663762e-02
1.909618994064977981e-02
7.646272805007313378e-02
5.254186048053173519e-02
-7.389752214904933775e-04
7.394348240271823858e-02
2.491505351390470996e-02
2.158398564299411973e-02
2.809018480986728850e-02
-3.954781341950033835e-02
1.060543358610451653e-01
1.566440345669908515e-02
5.611392422443040734e-02
-1.509833727526147494e-02
-4.262843073666810340e-02
-6.796398774289053035e-02
-5.245906636642249515e-02
3.047394619515683689e-03
1.857001069364624599e-02
-4.425010545862223532e-02
-4.412371476103279372e-02
-1.082725746756214719e-01
-8.295169212182047780e-03
7.582161534014476845e-02
-1.921696692154109716e-03
2.134617415901024148e-02
2.007632517889145971e-02
-4.535912637965252431e-02
4.804218750258440473e-02
-3.290422592290982023e-02
7.139705454819343655e-02
-7.388931496089418301e-03
-3.056885411898309021e-02
5.543266195004698665e-02
-6.428690481935844803e-02
-2.118915423522574684e-02
-7.990157271583727197e-03
2.259970724907656853e-02
2.597512676477763821e-02
5.524622746391440187e-02
1.994878547496029345e-02
-5.504222959512977686e-02
-4.712491932561123364e-02
1.265748668916464280e-02
-3.292231456560378976e-03
5.613568968741788207e-02
-5.881753614650279960e-02
-4.807724861038323999e-02
1.321672449005716066e-02
9.711270285225758955e-03
3.913430245149082665e-02
4.359067430473153974e-03
-2.933797286822499920e-02
-2.053999848090530891e-02
-2.133511086937708856e-02
2.448877216112576791e-02
2.675786271351143428e-02
7.443604500703823734e-02
6.674653345195429022e-02
-8.252587037157821381e-02
1.953724423210801558e-02
-5.836663322925837727e-02
-2.776258668746596839e-02
1.689213314720559161e-02
1.789009439812027508e-02
-3.015895431376184113e-02
3.523588807779041987e-02
-2.777975612508656184e-02
2.098725740660883909e-02
