-2.467527028755515939e-01
9.504538060144709921e-02
-2.364952567346441659e-01
-3.023479612825528528e-03
6.998626239704960894e-02
1.367978213622739747e-01
1.239584634642077882e-01
2.202389097851406921e-02
1.434412389418186495e-01
6.550223409168173805e-02
-1.833815213913979059e-01
3.810897196916453178e-02
-1.062793381780844509e-01
-4.189590403544289979e-03
-6.068133408217211283e-02
-1.116343629946259935e-02
-5.191590599727119795e-03
-2.484513365260670927e-03
3.078867828452091365e-02
9.421824184568952654e-02
-6.796748849129297110e-02
-1.047842586229174172e-01
1.038770225054015325e-02
-1.708772196572736282e-02
-7.784908221200288747e-02
-1.593823582742688247e-02
5.559098654770750630e-02
-6.347669640870995389e-02
-1.181497671906671376e-01
7.554437852418278976e-02
-8.084636108782659175e-03
-9.828857617728255225e-02
-4.191694294246475078e-02
-5.872197461942642305e-02
9.699131930624484144e-02
1.255446048199871691e-02
-2.321128986804682146e-02
2.544436871504126771e-02
-5.612315341922977791e-02
5.271047182591371422e-02
-7.315309848800880151e-03
-6.025055267122216007e-02
5.803139296575993838e-02
3.312275100498573988e-02
2.858696200450827965e-02
4.268655399306611753e-03
1.046470251431048416e-02
8.391113534049196576e-02
-1.151536630761492430e-01
-1.229930232638141996e-01
8.801614293001946976e-02
9.853862234127829661e-03
-4.861550310572657768e-02
-1.871910943119333218e-02
-6.920365777442967492e-02
5.219742152473109964e-02
1.242715907504416371e-02
6.240866038761082313e-02
-4.619820032668800480e-02
-2.217458081510205112e-02
5.237303054053278617e-02
3.281660108893173083e-02
2.203211430765459125e-02
-9.580206927768478153e-02
-2.569989709846402445e-02
1.583870150588187822e-02
6.724703942139749480e-02
5.753421974161918723e-02
2.377944715411915363e-02
-6.849687865427428468e-02
2.678669370162832866e-02
-6.718961851272363395e-02
3.806062876148995355e-02
-7.651120707884684347e-02
-1.183300752516919796e-01
4.739492610901216429e-02
1.027870932054218145e-01
1.695191243901270420e-02
4.158416510347952982e-02
6.661964568645144247e-02
8.460723481241291810e-02
-1.228489548091315775e-01
-3.555205058887434683e-02
-4.065396774225960019e-02
1.854154247988199986e-02
-1.613449216314848458e-02
-9.440428131793350552e-02
-5.856804528954066141e-02
-2.571723372743127053e-02
-5.496152808076947699e-02
2.320972351963910413e-03
-2.934183514054610961e-02
3.581832981818643818e-02
1.326100464989295458e-01
4.009488815718654370e-02
2.618471752948026143e-02
-2.776032163233499092e-03
-1.020323268658663157e-01
-4.696375311096027960e-02
3.739653263544488737e-02
4.794368203412525953e-02
8.228291617066887942e-02
-3.550780124635630197e-02
2.331328050868574503e-02
-9.238500902859260455e-02
-1.157831927407421690e-01
-2.897324488114805946e-02
-1.931015676331481606e-02
-1.351933110115313696e-02
-3.396665680847137797e-02
-3.735687554166765290e-02
2.963872936146360812e-02
1.594934266159070370e-03
-5.666211966679463030e-02
8.215280245634594414e-02
5.159694050333585432e-04
-5.731518015633077848e-03
-4.322509305470159657e-02
1.839437692721138454e-02
3.336186832895490784e-02
2.701370742426512442e-02
3.395451760831155741e-03
9.485681361245427989e-02
7.674712050834570087e-02
-1.217462099312705132e-01
-6.442177407980319986e-03
-8.189439056789987390e-03
2.928163752333130462e-02
3.034276737190549911e-02
-9.176174475763054783e-02
9.301404030960126051e-03
-1.319222059549765569e-01
3.300637843805776656e-02
8.560777545667037913e-02
2.136032883488071799e-02
-8.945187923983045908e-02
1.242719467387161207e-02
-1.243548920066702909e-02
3.325286471930870031e-04
-4.352024293307413250e-02
-7.730673407583046886e-02
2.362587381250787211e-03
-9.210901131938716013e-02
5.977456074941306374e-02
-6.447268040305405290e-02
1.121932645855618083e-02
-1.255713039405732681e-03
1.511928124209964974e-01
3.948038119777672050e-02
8.278571400954644333e-02
8.256186858255252017e-03
-5.395678677487313751e-02
3.313108113060860699e-02
-4.294802738067271530e-02
-7.878091711928544155e-03
5.042185880810016313e-02
-6.685886980690295724e-03
5.105719108156713676e-02
-5.824719305775057088e-02
-5.084309973329401849e-02
-6.814113957158500143e-03
3.273543576234996116e-02
1.363833798131227314e-02
-1.813461228332229752e-02
5.361532282199056587e-02
-5.211148595527129168e-02
-6.129673101226813109e-02
2.104175492804730499e-02
-6.285684962518291565e-04
3.084225451983036922e-02
2.404063575110616455e-02
-8.365425420162617143e-02
5.040455777796036541e-02
-4.399242578034628232e-02
-7.340036794346357918e-02
6.372439305009412400e-03
3.863320030216586126e-02
-3.817543498001021302e-02
8.509824943940513808e-02
2.297626640923419380e-02
5.705128604845770973e-02
2.080548551027399176e-02
-4.869293055542629062e-02
3.673959187371689250e-02
-1.396488602549407140e-02
3.393301591653288124e-02
5.179736190186889216e-02
4.992436519451239757e-02
3.622501082295400722e-03
1.252722737900088855e-03
-7.701414731303420080e-02
7.641331030336447061e-02
7.332297609259133542e-02
3.902500099706010528e-02
-4.741304591218327424e-02
-3.799854440642039949e-02
-1.475168774987014320e-01
-1.125093821733012985e-02
1.274405983698751778e-02
4.168266705902853864e-02
-4.738342768774642111e-02
-1.871501556603679403e-03
-2.509382706115942385e-02
-6.296450047938609296e-02
8.489028108945309570e-02
1.655391754814248412e-02
-2.619340364337760518e-02
-5.152346452348289391e-02
-8.297235866185703745e-02
4.178405251960084360e-02
-4.564043789823052366e-02
5.522962285028142765e-02
8.569011554455792379e-02
-2.208141868367026472e-02
2.720939417874755628e-02
-2.240483403103663007e-03
3.299388324962346936e-02
1.771579207839491660e-02
8.094778214722635201e-02
3.333595238257265614e-02
-1.636100750220100680e-02
2.463567015190184367e-02
-8.655933211435920538e-02
-5.870766389079227349e-02
3.154700450682122043e-02
-3.768121645854767554e-02
1.668709276162598162e-02
-7.232161667530255522e-02
-1.113523134847543700e-01
3.575211599913289545e-02
-6.440358307897720014e-02
4.274319172753610757e-02
-1.982598377303838172e-02
1.822734722882470362e-02
2.508930601007351019e-02
-7.574348276610023967e-02
2.501088179320525365e-02
-3.364349065289715113e-02
4.046454638140803417e-02
1.051674444015692073e-01
-1.446853823623037334e-02
6.429002281941764707e-02
9.657000718339607201e-03
-5.012674452855507556e-02
-4.350262151348730649e-02
-7.524897945401812227e-02
-1.279162699022372285e-01
7.829969216984146441e-02
-2.267435275364650463e-02
3.775184453220478686e-02
