-2.767694186901505371e-01
-1.268433251674388335e-02
-2.200227953958046045e-01
-5.262966545098009957e-02
-4.910475719109446552e-02
3.037330549887147235e-01
4.156789433938656159e-02
9.513950860172656898e-02
-8.078084968401396532e-03
8.298923280122008639e-02
4.754725360410393814e-02
6.750480241558685923e-02
-3.465254626929613335e-02
6.368480689299274577e-02
-9.773740154839913514e-05
-6.898365401345879500e-02
-1.130634564940447007e-01
-1.630573930052896595e-02
6.200616116184255039e-02
7.237285494601462810e-02
-1.605847606338800526e-01
-4.350804370400473422e-04
6.729335613577248909e-02
1.874431258154629909e-01
-1.157205477024293543e-02
4.346357804136126435e-02
5.205968128292309816e-02
-6.134188835974638959e-02
-5.435836853578390054e-02
-5.703993594853026296e-03
-4.565096720489460885e-02
-5.139463836769380539e-02
-2.674214506483937187e-02
-8.345317573916273546e-02
2.245726907527096083e-01
-7.849964065095728361e-03
7.377302107158824340e-02
-1.470561162577855435e-02
-6.580472744942776619e-02
1.598128728922235814e-02
-7.467780355347959642e-02
-7.913146825192278466e-03
9.987265740113737689e-02
-1.405463164602385392e-02
8.953998252754191700e-02
-5.101162427508944275e-02
2.954880563695018100e-02
9.819280627551792151e-02
-1.371807881357315906e-01
-8.101101306128141721e-02
1.092589636836523437e-01
3.545376527637103536e-02
5.030111120182563858e-03
3.203854791318720002e-02
-3.230467222545396061e-02
1.004930337546449948e-01
-1.704089599405299998e-02
-2.129081554401314122e-02
-6.151064358544146987e-02
-2.214463662639894886e-02
9.528432335393514918e-02
8.717714150237322254e-03
4.458774231665622173e-02
-4.111202084775194415e-02
-1.187936339354242303e-02
1.228421856426601122e-01
-4.724469959232205363e-02
7.130253162367954090e-02
-1.152829225437319860e-02
-4.636325488668258804e-02
1.031047552545342333e-01
8.392960790313402919e-03
3.958247571581210295e-02
-4.581034714027329424e-02
-9.570175815527255658e-02
8.302673396248566595e-02
-8.241281986266040666e-03
1.563785031502505293e-02
6.322796238914679158e-03
-8.186302605196335222e-03
7.060725339717986715e-02
-6.068330769819946929e-02
-4.635143532424799116e-03
4.369287085595648969e-03
-4.728327221533806801e-02
3.142741291727717268e-02
5.064558615459368446e-02
-5.993934492841396927e-02
-3.131249864454194870e-02
-5.829793249309173087e-02
1.664395289869285283e-02
3.079608756400719488e-02
-4.449737121464213130e-02
8.882307416695514601e-02
-5.317453723426105588e-02
-1.119935349698660335e-02
9.389443656452985121e-02
-5.688521017513007566e-02
-6.804538835186603463e-02
-3.501352842965697876e-02
4.124514997024472662e-02
-2.058043640346814487e-03
-3.867441188231001553e-02
1.653901661350865070e-03
-1.480197621695919855e-02
-3.696476072675630720e-02
-2.715629851456603794e-02
-1.264274640755473980e-02
2.298409342469285438e-02
-3.477777336137938963e-02
-3.807014093823876677e-02
3.013844443149191199e-02
-2.983706233099956903e-02
-1.104680747858497597e-01
6.176240361361632833e-03
-8.126096499775239956e-02
-1.293670193878930785e-01
-7.676963172214512632e-02
-1.289206216361139627e-02
-1.147528838090587644e-02
-4.087686847670898155e-02
4.181074784176085080e-02
4.363902990299663165e-02
6.953903951516597626e-02
-6.203565984315948661e-02
4.103313447637543798e-02
-3.079019452437974438e-02
6.219319820365459134e-02
7.407808632184775810e-02
-5.422148929716455457e-02
-5.216893689828876884e-02
-3.838628912097943185e-02
-1.597485851871968676e-02
1.038815650236068061e-01
7.730372192156223510e-02
-1.136543341662353823e-01
-3.085357818355450449e-02
-3.660210440741039351e-02
-3.881430460710248026e-02
-2.011435054202459841e-02
-3.815297832482004298e-02
-3.779785572090694351e-02
-6.388520372350565968e-02
-1.964672445431478454e-02
-4.107826980261293504e-02
-1.269722354092892372e-02
-1.233309396167615347e-02
1.044854006863419477e-01
3.087048718930371621e-03
4.459905963139529361e-02
-1.093085187896104295e-02
-6.879608124077152276e-02
-3.059023297520295959e-04
-3.087644719529056281e-02
-5.613116896825445096e-02
-4.972928545888505303e-02
1.201356397778565073e-02
2.941788640431769117e-02
-7.572010145440460915e-02
-8.213973104901575728e-02
2.075471635381395674e-02
-2.856560554819814746e-02
4.996952727324263654e-02
5.926499368922768379e-02
3.049982839000917045e-04
1.156046959006624790e-02
2.246527155521959793e-02
1.446155272893501903e-02
-3.461102712646639545e-02
-9.281704829127775114e-03
-1.682158116700879780e-02
-4.542606068684028331e-02
2.753408923113698573e-02
8.586158737190504806e-03
-3.150131029487817161e-03
-3.043711439442843905e-02
-2.565832802108461430e-02
3.089456159550902151e-02
6.538488185915185269e-02
9.594056019290296555e-02
-1.640073108134184818e-02
7.922046654356912354e-02
-7.471369752211950988e-02
1.598326279682473969e-02
6.883010015134814752e-02
9.094453494965643037e-02
1.025614236975195548e-01
1.337174219601371464e-02
2.291953785422854925e-02
6.333293215751069349e-02
-3.352811412856357420e-02
1.107049682822371928e-01
4.035848188857184271e-02
4.673023053620996986e-02
-2.845604858421514963e-02
-3.380401552930314274e-02
-4.915364263345850526e-03
-8.401231135699649757e-03
5.870070166171991594e-02
3.739445037186443083e-02
-5.074509816466626216e-02
-2.915226433974645384e-02
-3.014641342826084383e-02
4.684397289765564708e-03
5.369734360211877999e-02
3.123763025472961127e-02
2.064740276287095437e-03
-2.178680188493004391e-02
-3.047582095016326126e-02
4.729053806533327353e-02
-7.979597543627686695e-02
5.455689030823353269e-02
2.941045313842397674e-02
1.351582031826885572e-03
5.303370698043693987e-02
-6.906100015856903029e-02
-1.485149783973757284e-02
-1.668969092216496773e-03
4.091048558912919325e-02
3.343318931411009415e-02
4.265787228820637489e-02
2.610549588599686555e-03
-5.098430200045309113e-02
-1.863044298401776364e-02
-2.873322234578337686e-02
-2.951438492821713624e-02
6.676244683842703399e-03
-4.148904145118975650e-02
-2.882386131323507947e-02
6.165944283603450732e-02
-6.437700466695987778e-02
6.469291846744262831e-02
-1.497183638758442167e-02
-5.251830039529322564e-02
1.122828296424861587e-02
-3.506639837040549657e-02
2.526757931396922396e-02
-1.467701699031355618e-02
7.065255613931588352e-02
6.854934368955185875e-02
-5.286223961718605063e-02
4.477397576215542963e-02
-2.125679663343651386e-03
3.988422613128114746e-02
3.712136155821977451e-02
-5.870535582369841576e-02
-8.519905569515336119e-02
1.162412111467861844e-02
-8.588428896774261134e-02
-3.748308034853404993e-03
