-1.776561726997987478e-01
1.087044057871894426e-01
-1.950655847662886577e-01
2.364384126143896788e-04
-3.733471577244893737e-03
1.137838018430019221e-01
5.113673191482533825e-02
7.617925775893576168e-02
-6.118885244241488485e-04
1.345600061496143307e-01
3.234841183870418996e-02
-1.233220362475001830e-01
-1.248879073731503364e-01
1.438112431970648905e-02
-7.497251429953820726e-03
3.005487118995778945e-02
-8.174402645410690227e-02
1.324271840208146242e-02
1.871107291728203170e-01
2.462386527476758888e-02
-9.281650301298893790e-02
-4.928464230401092758e-03
-1.063837400785026029e-03
1.198231066991534838e-01
-3.947915325151026694e-02
1.208165747184700711e-01
1.332146912229555114e-01
-1.033719102332560785e-01
-8.029461360702747075e-02
7.269993546365463577e-02
-2.119540669987414125e-02
-7.993636640464310550e-02
-9.830216541599919033e-02
3.822618543903068961e-02
2.169445362038628089e-01
-1.026136615227363387e-02
-6.286088719217647336e-02
-5.691707880173281497e-02
-1.603873300762710674e-02
1.021040761270013975e-01
-9.891794829984049131e-02
-3.888081032505887741e-02
1.576600932444320868e-01
-8.728404056898281249e-02
-3.770525560499356915e-02
6.229932056422111258e-02
-7.918919122046609582e-02
5.758071151041287833e-02
-1.096147038349533226e-01
-3.834955197256752907e-02
4.738097782891526055e-02
-1.439783281480587762e-01
-6.589049563476223614e-02
6.297250291947195655e-02
-2.739996785129329010e-02
1.067701959886652313e-01
3.400961011008758988e-04
-2.451048861973565210e-02
2.909028915831810697e-02
-5.559976939888266328e-02
-4.031400231856591826e-02
-4.665317284983928892e-02
-2.082466368335991747e-03
-7.265841820586815825e-02
-2.544740376751599212e-02
1.077509650098823490e-01
-1.184064741991681241e-02
9.430970200551526406e-02
-1.646975393512008093e-03
-1.241240711034668348e-01
-2.885371528972398639e-02
1.351224193774429837e-02
2.683924782321121458e-02
-1.395708276156897298e-01
-6.610234878705607831e-02
8.031713316365717004e-02
1.300841680754727392e-01
-1.269514099043244915e-01
-2.439267578136763981e-02
-3.940069037525310153e-02
9.255517456409960431e-02
-4.478174689791877827e-02
1.430916333047624160e-02
-8.535623106550071712e-03
-5.899195963520406649e-02
9.952187878545565650e-03
-1.454170738367346546e-02
-1.205959507914888679e-01
2.056529934617664507e-02
-9.397685279932982416e-02
2.694117844795617181e-02
1.244119150603878281e-02
-3.815388580985112736e-03
2.121542032087888469e-02
-1.378962192023133228e-02
2.479938236049952435e-02
1.156980318845163280e-02
-4.572963398005704116e-02
-4.845510988415958203e-02
7.165374120422912663e-02
5.506793535847748222e-02
3.557077414044221286e-02
-4.475414774204929808e-02
4.628388598510713159e-02
-8.395504054720430431e-02
9.374637444982344275e-03
9.607655594108612668e-03
2.766244767601029261e-02
-4.309325424662028420e-02
-1.509023637358006611e-02
-4.722107204484692761e-02
-1.798885888376931114e-02
-3.238999682448054362e-02
-9.041625691621217598e-02
5.549861764602113251e-02
9.152896006168390053e-02
-5.052860229383862589e-02
-9.012871773524556984e-02
2.220015142950303860e-02
-5.156053981139782638e-02
2.232649799459388365e-02
-2.002543953897260517e-02
6.115024748819253286e-03
1.010189382734042185e-01
-2.569826824197135942e-02
8.599693784961190066e-03
3.246033234195405421e-03
1.071517754835576430e-01
1.743636780645567777e-02
-8.355493744708412940e-02
7.714895325381016010e-04
-1.438044703980785044e-01
7.454278020385263735e-03
8.994114506731788750e-02
-1.202866031977861336e-02
4.068582898291796951e-02
1.699942067984962571e-02
-5.373030755866819649e-03
-3.329054204170403541e-02
3.194096025168380315e-02
1.188555107719648646e-02
3.313053466565090560e-02
-4.021325693364356801e-02
2.677375485701295743e-02
-6.379641391616461266e-02
1.850592822238419574e-02
4.828369034181440728e-02
6.727577007544066623e-02
1.013783707156112046e-01
1.808049485405497855e-02
-3.392020916346742774e-03
9.981040002227527241e-03
3.562461789238390020e-02
4.385316229289168422e-02
-1.174223865064476929e-02
6.280772072013343643e-02
3.195101785817857504e-03
7.126606619024894451e-02
-1.059472670478255885e-01
-1.880074816226114456e-02
-5.513532470839192096e-02
-3.021917929336727024e-02
-5.496773179747404398e-02
2.824436656491972897e-02
2.583318239777997183e-02
-1.531641399573009654e-02
-3.920986676381196107e-02
3.375437718028600348e-02
3.015656476673822528e-02
4.113225802810494686e-02
-5.572151046066277369e-02
-5.449898637962695414e-02
1.250279011281987297e-02
5.577670877240173582e-03
-6.982972484521322853e-02
-3.716143371038250348e-02
7.144754333908889810e-02
2.458597146443881540e-02
4.665760903317536790e-02
-1.808835130087917478e-02
3.231390442786860606e-02
9.185100665348606974e-02
6.992610177478937594e-03
1.339536713203589857e-01
6.025264843852810859e-02
-1.388264631430920909e-02
1.047904052529626956e-01
2.850599978976343929e-02
6.589388203425543267e-02
-1.076055530156448496e-02
-1.443422306375967759e-02
1.118414308216991310e-01
-3.190912809644783771e-02
3.187011677428631257e-02
-3.680217058815018344e-02
8.592751666000153499e-03
-9.734235820764490510e-02
5.817360233368024276e-03
-1.596236969905571665e-02
-1.904734577335509896e-02
-7.801597311605108775e-02
2.948615925907178970e-02
-3.314245479186692794e-02
-1.024047206740066407e-03
6.605893514555341572e-02
1.036698795246616955e-02
-9.227362931023594395e-03
-5.287588510254191687e-02
-4.483995910520668232e-02
7.239173924577958254e-03
-5.508811829945688132e-02
5.667352895018272496e-02
3.473429960162983509e-04
-4.921068333907970688e-02
3.600961765076445692e-02
-1.690439831007076871e-02
-4.797606981185319891e-02
-4.877962854759179678e-02
1.170583485609299687e-02
1.004264876820709779e-01
6.935701733995912333e-02
-2.724629304229241392e-02
-1.716758927868134235e-02
2.613538468855207408e-02
-1.635475180833141640e-02
2.859021954515902214e-02
1.222818697791725438e-02
-3.494086997071430695e-02
-1.168395871536700298e-02
-1.125232823596525496e-02
1.116631368883827698e-02
-1.296554160356402051e-02
-3.757907835987738671e-02
-3.836438440234769126e-02
-2.703250964228745210e-02
-3.991149487480558783e-02
2.297675442527585474e-02
1.680334814919403827e-02
7.068394411736993177e-02
1.840071279013084232e-02
-1.714263151441654731e-03
1.233915928930902524e-02
-1.087457537250012714e-02
-8.798963076738347544e-02
3.048301367788155188e-03
-7.012454478509019297e-03
-5.905511598575202692e-02
1.010752202329810202e-02
-7.161567807392568707e-02
1.356412157797994011e-02
