-2.175062933064459969e-01
5.548474689133636728e-02
-2.137993041371305802e-01
7.206383436883038660e-03
-6.198354003587917133e-02
2.939576192743867389e-01
3.119219658744470762e-03
3.867357411582076493e-02
1.258270008554383118e-02
2.067610813413285620e-01
2.407847860312930383e-02
-9.187869015400267070e-02
-8.305475989656251057e-02
6.559749268601674892e-03
-2.540787533419509858e-02
6.317361812147562206e-02
-1.525893367835524234e-02
-2.212228290076422368e-02
1.417076397725345292e-02
1.779611849232290433e-02
-1.727371067847384978e-01
-5.328253402640276831e-02
-5.468304061331586557e-02
1.056512321918455372e-01
2.467404051251463615e-02
1.051838906629514875e-01
1.230253130150480850e-01
-9.276722601881205732e-02
-1.142511731500323174e-01
-5.447379277848623386e-02
-2.808319812714508631e-02
-8.692535570765186348e-02
-8.128197229962523529e-02
1.081203768828321692e-02
1.584940522851507050e-01
1.305729428000105240e-02
2.808727985985738640e-02
-2.351482842222193947e-02
2.967514135159779812e-02
6.615233846826371056e-02
-9.464640853289468803e-02
5.798219384468348073e-03
1.125366092775696575e-01
-7.148264285725858258e-02
2.932485447156056926e-02
-6.336805702522508958e-03
-6.446745992461776209e-02
2.379117184684298794e-02
-6.539256271719681712e-02
-1.399227419107731685e-01
8.308609815846104696e-02
-8.181300235216242001e-02
8.064120773045080348e-03
-1.881341447087478760e-02
-7.314937287033250468e-02
2.107098372738592379e-02
3.825787831240216874e-02
-4.581863036203472767e-03
2.314376181201300859e-03
-4.575581890492481929e-02
4.526270511328534668e-02
-7.080372589388905791e-02
3.121968924992837152e-02
-1.074923297783894477e-01
-6.998063268578924578e-02
9.646476985623124445e-02
4.088732377899904902e-02
1.012956523212131116e-01
4.521510738719400346e-02
-7.980661145743453422e-02
6.806893124332102918e-02
-4.388348425646695916e-02
2.727116945069514228e-02
-1.281940684952892762e-01
-3.709704702235582657e-02
7.648995062873070738e-02
1.264102163667021606e-01
-1.671057999082077930e-02
5.713380064043305229e-02
6.928238652536063136e-02
4.377864107241883490e-02
-1.285634484390881654e-02
4.882096403856339001e-02
-2.691612617138159844e-02
-9.056025675460213642e-02
2.860157818160696114e-02
3.637903313160154722e-02
-9.315596889299820882e-02
-2.551373051808924694e-02
-9.690316818952900146e-02
-5.146002350369750789e-02
5.489522324769897932e-02
1.745777321046875982e-02
8.387849403789812697e-02
-1.155801650811597026e-02
4.068586834298379418e-02
4.560988852712810626e-02
6.380692762511766709e-03
-8.805073326975913772e-02
9.924918623258265765e-03
6.802183951715271015e-02
1.131888094450041486e-03
-6.267541059727782526e-02
-6.097805072219757497e-03
-1.152806131267365003e-02
-5.034736340632191970e-02
-2.168223163438463483e-02
-2.712874733903131511e-02
-3.156241986444861813e-02
-4.645409879868162006e-02
-2.208433290653830788e-02
2.097663160840824992e-02
-2.667827247423767284e-02
-9.880792056638783294e-02
3.085054543942688729e-02
-7.675748965469133926e-03
-7.648033663019347672e-02
-1.399183903114352423e-01
-6.573175133225598633e-03
-1.194409444937426235e-02
-7.324736818875587918e-02
3.229021642038113968e-03
7.321204939412961910e-02
6.672003664855517824e-02
-4.829900825131222541e-02
5.261964039392861420e-02
-2.424852831058959407e-02
1.118437267163249760e-01
4.266068484251572812e-02
-7.474111369481602207e-02
-2.027069424914985842e-03
-1.139437613301383240e-01
-2.321568126773713991e-02
5.050000671643060240e-02
-3.078520398270191694e-02
-3.024476233159670985e-02
-4.444028657174955987e-03
-1.255493755643456374e-02
-5.602329947606232707e-03
-1.642367803447287306e-02
-2.639663291708909537e-02
-2.400379301449270461e-02
-6.806441097734212964e-02
4.903807173886381293e-02
-5.003678065357704957e-02
-2.614106922263974286e-02
-5.075853894376162285e-04
2.148769153065055101e-02
8.413291079918865101e-02
6.000683446996800396e-02
-2.426596844126941571e-02
2.446914427702290805e-03
4.089029231188072433e-02
6.081275741401359278e-03
-2.924210661748397749e-02
2.899689905479227794e-02
1.441118140734063899e-02
2.575131434860756380e-02
-9.867410045341522273e-02
-1.057525333764325753e-01
-5.914127100166337303e-02
-7.049331180778518890e-02
-3.340695825046901407e-02
5.722353129344721900e-03
9.813935973477594735e-03
-6.850695851000856984e-02
2.901808358490238875e-03
9.139809142712569667e-03
-1.317671026183192887e-02
2.454868746492042120e-02
2.455216199772510335e-02
-5.374643475582033258e-02
1.751461386848712776e-02
9.665273196096616642e-03
9.694958524913330461e-05
-2.757335260471801761e-02
1.915277175257495620e-02
3.119860591980286660e-02
7.748714154367490441e-03
3.908862898600355684e-02
-4.573395970825068838e-03
8.689158864612284150e-02
1.751589573495876059e-02
9.267611229934166750e-02
6.228865798945552174e-02
2.187103707232457631e-02
8.613845836071151729e-02
2.714743560285456589e-02
1.973345726422372909e-02
-1.392106988191104192e-03
-8.545427899814266037e-03
8.326582933111498219e-02
1.748378160651158780e-02
4.849098462210305049e-02
-2.127965809563614388e-03
-8.597869731835247609e-02
-4.160128967036922504e-02
3.269478022549347773e-02
6.982900137552659585e-03
6.061221277785976830e-02
-1.024406626803332776e-01
-2.872207362994026389e-02
-4.709651630093788371e-02
4.643571413481217824e-02
6.658982600170003374e-02
3.842529682026279113e-03
1.077682346697438898e-01
-3.794969062595954928e-02
-1.223291920542961438e-02
-4.869692659076899771e-02
-3.874218770538122303e-02
5.698746546269792962e-02
1.139181240007056985e-02
-5.172722519637613231e-02
1.003600247302353834e-03
-7.441686894414981102e-02
-4.710994216556180225e-02
-2.774097351254785002e-02
5.221328872242163299e-02
4.340835032875852567e-02
3.479086803990732307e-02
4.334203060551572451e-02
-1.094781433429148493e-01
-4.521514112052221063e-02
-6.191404937978550044e-02
1.010819179537327840e-02
2.428934563771257757e-02
-1.699495194755362357e-02
-2.945810111795377911e-02
6.617838059763472836e-03
6.060833344511667303e-03
2.859506764926420669e-02
-1.647562735990212510e-02
-6.252765861975827233e-02
5.622634037850302025e-02
-2.711360107466915040e-02
4.219978637930803245e-02
-1.217219921466815118e-02
5.928514364643983764e-02
4.479398051793506697e-02
-6.711012885586935262e-02
2.867117003768523964e-02
-5.388777740098173175e-02
-6.170324981185863061e-02
6.226103039365905173e-02
-9.406538568796390292e-04
-3.435989103881375434e-02
-1.813051697477755311e-02
-5.785778533027888249e-02
2.327947099136487563e-02
