-2.653517788246707587e-01
6.995397158816236624e-03
-2.441695813039015950e-01
-4.952475004970589845e-02
1.041106830468733896e-01
1.057944832600259399e-01
2.235555755660924571e-01
1.452593236889878625e-01
9.065385879256161392e-03
1.222030780586008808e-01
1.222671701702389702e-01
-8.945177999429380911e-02
-1.364058441941522759e-01
-5.730557820601860086e-02
1.520798825402012652e-02
1.109045450307582191e-02
-5.044713335925801734e-02
2.149372640643424162e-02
-1.091554421862480362e-01
2.737286080007440836e-02
-1.504503594139336708e-01
1.801750637286093568e-02
-2.810646846687422581e-02
5.095218181630608439e-02
2.701343459361395249e-02
-1.060508517065782835e-01
4.650290022870521428e-02
5.434710072817410670e-02
-8.464938653282366721e-02
1.743549830672340151e-01
-4.298130206402316945e-03
-1.269792981207292781e-01
-4.183117746344872795e-02
-2.774929971610699819e-02
9.536300951887678734e-02
3.311307987670828595e-02
-1.633766488635883876e-02
-3.238827301543713288e-03
-1.090124699923437773e-01
1.486889550717328812e-01
-1.204391545267134433e-01
-5.595532525072736962e-02
-8.192280537314700073e-02
-1.157290222979229510e-01
3.512322966290316179e-02
-6.418182096433155959e-02
-1.120834276538594104e-01
8.969584694315554940e-02
-1.220905651581805779e-01
4.811240070447639350e-02
2.754161379233028423e-02
-1.599970086735861066e-02
1.343709605455794664e-03
3.213887323645952393e-02
-9.729967748641972503e-02
6.840813790628996749e-02
3.703372423110435057e-03
1.758037788710468952e-02
6.178960498124562439e-02
-5.008698738431566905e-02
-3.913845813917044003e-02
-1.313732884022207337e-01
1.425550553522500312e-02
-9.193491582334310797e-02
-1.283165952433463486e-01
1.271111139031641003e-02
-3.060952879617242703e-02
6.910893067366508102e-02
-6.526477807884525917e-02
-4.471136376051223701e-03
-7.029952589297169818e-02
2.161422219365377942e-02
-8.716451934256824741e-02
-4.130905086333017118e-02
2.202520999681746236e-02
3.770212741679405261e-02
7.858186909742133353e-02
3.890417349831268301e-02
2.711302437810927946e-02
-6.969505123517419354e-02
5.532536424532084884e-02
-7.800454934144088193e-02
-4.143664618512116204e-02
1.117329331199243096e-02
2.536922164696579773e-03
-1.581347713104212446e-02
-3.216743495849119783e-03
-7.749986076863375761e-02
-3.308402740343895782e-02
-1.874038294593063925e-02
2.856888699974443127e-02
-4.573147199985657871e-03
-5.872885494547328868e-03
8.237043593538913300e-02
-2.846344091714639313e-02
6.521616098956797836e-02
7.512632604932800717e-02
3.394002842891059163e-02
5.062982368666336941e-02
7.158359286467750118e-03
5.471516415641733758e-03
-2.543036925117794084e-02
4.581175890233737946e-02
7.109303792751492379e-02
7.115627940367440230e-02
-3.313372414543908767e-02
4.131471086093782552e-03
-1.112889668335900403e-02
-1.039294976899301920e-01
4.546672806551487617e-02
-1.746897735615640657e-02
3.464677564463593956e-02
-1.147667572711238461e-02
7.263442213149920446e-02
9.114955025934499966e-02
-1.792001046031295453e-02
5.643308793896166520e-02
-3.992945098402701787e-02
2.545264935736759986e-03
2.098671494443554372e-02
-3.855891364424594153e-02
-2.611876237061490184e-03
1.204365699035284294e-02
7.362672113404296337e-02
-6.237765583095619681e-02
4.828445808839915837e-02
-5.402114375612190184e-02
6.201175170815865362e-02
6.114596837468304694e-03
-4.153172105823003946e-02
-3.962080117228954090e-02
-1.219723595434034358e-01
1.622668967314985777e-02
1.043324371727962913e-01
5.690267143990167947e-02
-4.212386150158774212e-02
4.429556659521950712e-02
6.080744817094680538e-02
2.075838475192803498e-02
-4.332070561998719455e-02
2.106261780252659255e-02
-4.026420876160788365e-02
-9.099463645199107331e-02
2.391921532343335710e-02
-3.723689524349461238e-02
-1.283183619478019122e-02
-1.945838472337294359e-02
5.067291164532971431e-02
3.270025993559068367e-02
3.091212600931213250e-02
-2.106176716704798516e-02
-5.348239704742134733e-03
-4.329054077724583949e-02
-4.843806322578599749e-02
1.269589810194902448e-02
3.938733445016120993e-02
8.299584931266002288e-03
6.980285292371299355e-02
-8.408747636570568229e-02
-6.436840458488900241e-02
-1.508808136828577832e-02
4.011151969319800420e-02
4.743369174279587347e-02
2.911443879227383971e-02
1.996778450806157429e-02
-7.505418561739233066e-03
-3.202112565617086515e-02
2.499245556344143956e-02
4.679934669299961117e-03
4.674863573177498455e-02
-5.296988917156088272e-02
-4.289375204322504881e-02
-7.086689975720228407e-02
-5.667911789277402940e-02
-2.861472316534165519e-03
-4.404250254033405254e-02
-2.138864020807714969e-02
3.094873605164139008e-02
8.536100854417642825e-02
3.122718830388833411e-02
-5.818968291903342527e-03
-2.140359176245112266e-02
-5.043990295768986665e-02
6.061775645921754080e-02
-3.715085019315863928e-03
3.324944328727875292e-02
6.479221735373012769e-02
8.608274003102493743e-02
-2.495273742994034896e-03
-3.787847069485903578e-02
2.847109663645385185e-03
6.713558723029454389e-02
-6.863110255193242970e-02
-5.045096121891174540e-02
-8.499065494349079819e-02
-7.240445610153284535e-03
-9.160925330203349704e-02
-7.105089875457472337e-02
3.810038840452781989e-02
4.780273667351441630e-02
5.902101551562547246e-03
9.505949623676013260e-03
-1.437210802929245884e-02
-8.734053545314146572e-02
7.707022441843909555e-02
8.806105642027040742e-03
1.430199603580577065e-02
-2.271523895371328414e-02
1.816581139688107707e-02
3.170442752413579757e-02
-3.091255132705143099e-02
-1.761643174469793710e-02
5.976041404702964795e-04
-3.961949250232245368e-02
6.104585512220089306e-03
3.107135842755744462e-02
5.480186354173684909e-03
-4.749523194799813719e-03
-2.914440733452013012e-03
1.110519994192997462e-01
9.608264713377794031e-02
-5.469618844189457624e-02
-1.937139088731083467e-02
8.004420963539356226e-02
-5.356598834156903188e-02
5.941525234321043403e-02
-3.120572611642810634e-02
-5.764717378417749671e-02
-1.042450507357440583e-02
-4.721347530408430415e-02
-2.082509420350029186e-02
-2.216088635565521131e-02
-9.718824423872225726e-02
-5.043515902905916851e-03
1.247980397363377758e-03
-1.223161471437572007e-02
3.671293650542213627e-02
-1.422416288951326886e-02
1.282804105187563756e-02
3.275456973922478976e-02
3.470632012813840844e-02
3.248534361024581207e-02
1.224898730818880024e-02
-5.271466581122973005e-02
-1.852638268956273426e-02
-1.951397048022496597e-02
-1.532625930229561916e-02
1.431590065420607072e-02
-2.736510693051941862e-02
-5.586188621507735645e-03
