-3.288165305245208669e-01
-1.209550658245336051e-02
-1.641356261768713853e-01
-1.136017401417008105e-01
1.425533922354723371e-01
4.247105902967374114e-02
2.358982782251882737e-01
6.316987303350825311e-02
-9.506551415624987138e-04
7.431309190502552453e-02
4.212308852890344485e-02
-1.039108416578297389e-01
-6.901557087644677457e-02
-9.935137525708166717e-02
-7.074989263507343827e-03
1.269563242063553588e-01
-9.172427768562099737e-02
-2.948743470798896593e-02
-1.822503827219983108e-02
4.226625486764434836e-02
-1.798252175764057381e-01
2.119808037247131963e-03
-1.118276703164886449e-01
2.727010563897674239e-02
1.589116374055887099e-02
-6.979510609346349648e-02
-4.795422651844896667e-04
9.526535397467386646e-02
-1.613500630126238899e-01
2.023310859703472964e-01
-4.304209181526374994e-02
-1.121721424543155321e-01
1.382026614903471805e-02
-1.226703631522966242e-01
7.572782987933691923e-02
-7.964369745172615589e-02
2.759295456203918195e-02
-8.208558810396240912e-03
-3.755609231839148170e-03
1.577507139922566526e-01
-9.102753705826478747e-02
-1.005882964406413366e-01
4.513421280864453322e-03
-2.051273441298789510e-02
7.985589815255016155e-02
-4.115820671137112446e-02
5.185340190193682940e-03
8.841819143313772722e-02
-5.834489754422719776e-02
2.779899148053434268e-03
7.654937876941675379e-02
-3.548266257845115318e-02
9.950823518791530875e-02
7.101010420257783916e-03
-8.510810705157628719e-02
5.011728098522499897e-02
2.166842694077601023e-02
-8.882196915229084722e-02
6.949101505932614442e-02
-3.083157238632828773e-03
-1.022106705850791414e-01
-1.557964284988458750e-02
1.155832462305854749e-02
7.065360435977410987e-04
-5.986575252782175283e-02
-4.616463062531657446e-02
-6.792454808649810161e-03
8.653983707446989693e-02
-4.788902369673243842e-02
-1.177542636377755386e-01
-5.602281749336684297e-02
-8.619773049634760209e-02
1.843170822779903462e-02
-2.787275696202663050e-02
-1.260833327221363639e-02
3.506139304458102957e-02
3.853550067157450465e-02
1.421206280805024647e-01
2.625528052570957199e-02
-9.881326040090193663e-02
1.732409320217594487e-02
-6.113349262302565645e-02
5.902444621654727441e-02
2.602375553434105662e-02
5.100699797608768127e-02
-1.703669435693996870e-02
-3.063919574218354827e-02
-3.375053979081749783e-02
-2.359196015802718718e-02
-1.765980277377317276e-02
1.651044061702549443e-02
5.656796239317568586e-02
-3.926475941543319109e-02
1.520923618143728007e-01
2.000807057009555343e-02
1.008502738484885891e-01
-2.128070837342022244e-03
9.905164884718799245e-02
7.356557503837650967e-04
4.865006756676260036e-02
4.242058265006180828e-02
-2.697894188885881575e-02
2.790454208819810253e-02
1.075369448252784105e-01
4.335501205111538803e-02
-3.467154214171687399e-02
-2.714323167622939570e-02
-1.028372107293711035e-02
-8.204873868095857725e-02
4.956034160463555077e-02
6.418496468871397534e-03
-1.963814367713763095e-02
3.633599659470246584e-03
-1.702669903424453490e-03
4.905264584719225968e-02
-7.540171581752730216e-03
6.942697835859075461e-02
2.812887044722590588e-02
-2.211585090236584811e-02
3.790306328689223292e-02
-2.641560550174429020e-02
2.396958344946058944e-02
-1.533229193091497147e-02
8.493348876408708670e-02
-2.870080281185850152e-02
6.540615989789948237e-02
-2.785806383766434302e-02
3.904269666288302104e-02
-5.250196507390107042e-02
1.730137050191499562e-02
-3.387478165192170376e-02
-8.368660557557430768e-02
-2.598164190805097098e-02
3.732043592697552314e-02
-1.880166843849927563e-02
-3.012317054916073197e-02
3.263329593766446657e-02
9.332499529755206025e-03
2.512734167727243353e-02
2.332461859366670789e-02
-2.680668916107421113e-02
-2.372056664337507045e-02
-4.861964846802616091e-02
6.535914856348863655e-02
4.907650135069202557e-02
-2.435736865230101952e-02
-3.058075642215759074e-02
7.080629957281797671e-02
5.759491516464664701e-02
-6.926925216645683607e-03
-4.697615087495866926e-02
4.301510444398608246e-02
-6.291259342732784254e-02
6.957284343445942210e-02
6.736847496720892517e-03
6.210860298744964002e-03
4.606274496930781032e-02
1.096306983880327920e-02
-1.145874788659242693e-01
-3.583349840506079576e-02
2.962580329183605535e-03
4.438596295166452599e-02
6.561659475838063638e-02
1.238064315298593593e-01
1.079894664014429198e-02
-1.461166248231667193e-02
3.479438465764373312e-03
-4.316280199568224389e-03
6.376765996617969612e-02
-3.198503262538109499e-05
-1.429604350933726120e-02
1.542601474005580141e-02
-3.240916748509057449e-02
-2.401796081130647825e-02
5.287525705883312083e-02
-4.569578335541620018e-02
4.438736229684188406e-02
1.858163806823051253e-02
8.188967977913194640e-02
3.172425465625728497e-02
-4.014298178519613153e-02
-4.981505574465746461e-02
-5.569810277673459264e-02
6.190996260774909998e-02
-1.194860865657283375e-02
-1.125306746794006718e-02
5.855186735950727167e-02
5.722105677809519175e-02
-2.717088540235342367e-02
1.254676208440977728e-02
2.448244345696318908e-02
-6.459810469345847635e-03
-7.030819932516231552e-02
1.061240060090522068e-02
-7.419008280038708047e-02
1.580040621048435165e-02
-9.914084044337356794e-02
-1.093595252833057252e-01
5.767434466233301200e-03
5.359258805094192779e-02
5.641726624467090223e-02
6.795353452231485403e-03
-4.458956767497047197e-02
-2.903298070277000875e-02
3.814108523801277434e-02
-7.657250128258552210e-03
1.065901212240824916e-02
3.347766748123221317e-04
8.754903148928532344e-03
3.931480266439499327e-02
-9.329301026492665613e-03
2.557746437599003539e-02
5.297720935032652553e-03
4.725771911528897640e-02
1.702549959552108333e-02
7.654348152902644420e-02
5.196275073222485219e-02
1.161399857047210049e-02
-7.846228362686846064e-03
3.293532127177809660e-02
5.971682221965982085e-02
-8.283347146577690889e-02
-8.680537948074520255e-03
7.925744486503236153e-02
-1.492075117780173633e-02
7.850992799838334146e-02
-4.321844262535347661e-03
-6.106782335291666836e-02
-1.486214526906418781e-02
-7.003989154627460537e-03
-2.135204165972328511e-02
1.373550581257745699e-02
-3.662952590452497187e-02
-1.258191230255538071e-02
1.823733251911520761e-02
-3.706032431269807356e-03
5.597650583154467618e-02
2.236646696008263643e-02
-4.834537681326352837e-03
5.553927709910418120e-02
5.144929100536053262e-02
3.114979014320851114e-02
-9.699294554935226909e-03
-6.455922288817324273e-02
1.976181913662243550e-02
-6.930356944104448629e-03
-1.142265477633922378e-03
7.561261712640090712e-03
-1.935167772868656016e-02
9.463005126415223803e-03
