1.728637526366062771e-01
1.790321641565682520e-01
-3.487401772689120993e-01
1.020794853797901691e-01
-1.745777807672671544e-01
-6.402806706181196628e-02
5.041828924851651794e-02
1.047579209626068042e-01
3.001026892413104913e-02
1.880202858067825944e-01
2.665832162031183533e-02
-1.602265743444097890e-01
2.218226789014586964e-03
1.267526986710901804e-01
-2.908592532612774492e-02
-1.083396171584483786e-01
4.886742240043017577e-02
-1.631770484430763307e-02
1.049033070012479751e-02
3.081250432467898606e-02
7.007223735504658491e-02
8.053700261737502253e-02
-2.063341350880746050e-01
9.151585884772443780e-02
7.204899904777663233e-02
3.296844047625747953e-02
-3.533007484197977621e-03
-6.351181215105128341e-02
-1.412890458520640879e-01
-1.832091919135732383e-01
1.882559082576698919e-02
-9.012323804084670931e-02
-4.466430367667774404e-02
-1.600266569487277662e-02
-1.657481215525354046e-02
-1.112033789801877975e-01
8.358813096690609346e-02
-5.398539428759887432e-02
1.520305793908021362e-02
3.403823193983736978e-02
-5.308238098231561619e-02
-7.103247148906145780e-02
8.276558541807253755e-02
-5.447116851919728275e-02
9.801226226009186748e-02
-3.042661150725230190e-02
1.026616478037090524e-01
-7.187959324472463496e-02
-1.833601423764022464e-02
7.030683966149944841e-02
3.401470679090989359e-03
3.014124928681925428e-02
1.188366251675985891e-01
3.122235507958108849e-02
-9.826906043636067511e-02
1.203822985531096193e-02
1.189737263968934228e-01
-8.713736802165192308e-02
-1.760654914008215333e-02
-8.913110120815490034e-02
-2.149493784907682489e-02
-1.928137899368648212e-02
2.680624256330524022e-02
-4.389607309061105411e-02
-6.217223885476429179e-02
-4.730261357840652436e-02
-5.447398164475890370e-02
-1.838470294928382445e-02
2.106709545596737246e-02
-5.875089081593563162e-02
-9.019381348762915696e-02
-3.163115477658104413e-02
6.443182786357516678e-02
-2.736274680902462796e-03
-6.921627434761828956e-02
6.667843321594771333e-02
8.689466638665898452e-04
1.893718844420088504e-02
-7.349438914403570722e-02
-1.018926443809495958e-02
3.385698627865234983e-02
-1.405227319009954255e-02
-4.339289457669179284e-02
-7.299785702567414269e-02
-5.903943712354283585e-02
7.750485513701804718e-02
4.199084516216245594e-02
-5.990489056555816511e-02
-2.934661859932803651e-02
-1.283938946718257978e-01
6.171391578249255799e-02
-2.340950164477391404e-02
-6.733800296301299670e-02
8.178006406747070911e-02
-2.672531110483988403e-03
-1.510243460168344404e-02
-6.170083938565114334e-02
9.285169161441848840e-03
5.126061941668461075e-02
-6.451918932332423307e-02
-2.189823494882436189e-02
3.018384804532393828e-02
-2.579895813143541494e-02
-7.903259871125714597e-02
-4.979816508624949900e-02
1.957100727266353722e-03
1.155107070035913813e-01
1.614901005101296305e-02
-3.782540995554878327e-02
8.287947063311698614e-02
2.100669054006160108e-02
-4.357086341029953180e-02
-1.336689069749624065e-02
-5.406515103429123531e-02
9.984710022256431880e-03
8.405903582053587952e-02
2.589908685334881694e-02
-1.166609043966855552e-01
-7.345689110770320732e-03
8.337022193301672768e-02
-4.396442276771835717e-02
1.125608820877467206e-02
-9.359299657010959270e-03
2.089113599776079577e-02
1.246641229656522687e-02
-3.415106609697967505e-02
3.524289886303695607e-02
7.573904694794253434e-02
1.536575551963910435e-02
-9.142287113685209493e-03
-4.483717178811329890e-02
-5.556405234315670710e-02
2.665977455329421666e-04
2.807017060410531978e-02
6.583366088383053871e-02
-2.648050735404264625e-02
-1.310851593437421803e-02
-7.559177518777103998e-03
5.473526227384569592e-02
1.537097989568213079e-02
2.548388806853284574e-02
4.813733903351789800e-02
1.195535084837986116e-02
3.508193243666983541e-02
-6.356733273905884607e-02
1.702284104277776433e-02
-6.405882596218363811e-02
7.778508572181119275e-03
3.122377709909576055e-02
-1.231063933277342509e-02
-1.151900725165009610e-02
-1.134599075556953496e-01
7.490982409008357761e-03
9.169453869108952493e-02
-3.779928807533364243e-02
-6.104819425535296801e-02
4.680753439302733770e-02
-3.548587871923929073e-03
-5.366352326180005849e-02
-5.282876689322097558e-02
-2.931205734242800856e-02
2.373532959443963933e-02
-6.012137757993284148e-02
3.980180068666631238e-02
-3.092889353060796626e-02
-1.766240977623452155e-02
3.015111068301881345e-02
5.836459612342871639e-02
2.684615185011913693e-02
-7.414443754304622658e-02
-1.157045653596021767e-01
-1.410402233504645143e-02
-4.993266958425666979e-02
1.133145524305218844e-02
-1.077723859394335432e-02
3.061363798689913443e-02
1.906362452713568703e-02
7.278835645500197904e-02
-1.592108505358550558e-02
-8.839025995447946649e-03
1.789036568712968830e-02
3.907712717660332541e-02
-9.025186897998895008e-02
-2.148887880940562184e-02
1.428226938986358260e-02
6.869618616686153090e-02
3.166157362880790260e-03
8.478707889857926838e-02
-3.551864699501212225e-03
-2.294549049444350591e-02
-1.932830563767059737e-02
9.340068388748429262e-02
-2.795974769744441132e-02
-2.432580774117255970e-04
-1.148790830313361523e-02
-1.014082303419304443e-02
-6.042238201502726086e-02
6.432990616053455013e-02
9.964028912358292422e-04
7.793269753012749268e-02
-4.063603152629432363e-02
3.096336204710486290e-02
-2.106666266741942864e-02
-1.891462161277242260e-02
3.255914616377415804e-02
4.443987190110154639e-02
-2.181374844157233164e-02
-2.696220100790330462e-02
1.395990374858140266e-02
-2.690927715118340488e-02
-2.522353484347737013e-03
2.911353105279297290e-02
-5.187177867331567438e-02
-2.332538609913440558e-02
1.908047236703775892e-02
6.453820110596603099e-02
-2.139014119353917567e-02
-3.883080866588828339e-02
2.659782396400293611e-02
6.945792492470907915e-03
2.214399701712061602e-02
-3.440570033050876358e-02
-4.517156276833475537e-02
3.580267993633363260e-02
-3.641631227038150814e-02
5.522629179495483834e-03
9.323288558475321952e-02
2.302725661653703612e-02
3.120612550903321958e-02
-1.205362476223065249e-02
2.669993114784979110e-02
-5.237789396666740066e-02
-2.246302400389009121e-02
-7.152949822290637083e-02
2.289306125320697202e-02
2.199415943912917670e-02
-2.050202817969224919e-02
-1.858189995980732284e-02
-2.495520594375265355e-02
-1.165790146207211844e-02
1.482609911382178416e-02
3.441750927517406994e-02
6.027591400501623731e-02
-2.414388198369791377e-02
-1.746490363103392340e-02
1.622669559536874667e-02
-1.497269077770364831e-02
2.194129740934469899e-02
-8.100750559592457753e-03
7.641469169821711073e-03
