1.002230658942215580e-01
1.887037015433485898e-01
-1.961881871436094715e-01
7.304325817272652732e-02
-4.067470824951347624e-02
-2.270069140984808942e-01
8.961673688888791012e-02
7.929900550558711958e-02
5.359012356079881356e-02
7.220213594549834690e-02
1.146735872828392143e-02
-1.813408287582121969e-01
-1.410733081819350726e-02
9.997755029130513116e-02
-1.896946185159949921e-02
-9.381789021156951291e-02
4.836190223029446927e-02
4.713108772100903926e-02
3.149594820505006304e-02
-6.781848706770775281e-02
-4.876020480958121600e-02
-1.556378396764213946e-02
-8.675469851617630124e-02
1.920487714840415361e-01
6.467917880442480838e-02
-6.156609836142604153e-02
5.850147374006991335e-02
-9.326756398013490157e-02
-1.401710589509712057e-01
-1.060485731623270894e-01
5.413541185236509651e-02
-1.657514581626327588e-01
-1.684937767642915862e-01
-4.346868863454934895e-02
6.996956525960740247e-02
-9.145488268254227393e-02
8.147078505040027119e-02
-1.508511861421336052e-02
-2.831361898858850146e-02
1.710152504019043784e-01
4.861825703717001512e-03
-8.788286118402345581e-02
5.178440378011513884e-02
-4.742252490914948548e-02
-1.648755894167975786e-02
-8.289847614314607704e-02
5.400430328391302159e-02
-1.452028922255175526e-02
-1.151714884066743355e-01
-1.245783297288128588e-01
5.963842990295997043e-02
-4.353445664955767763e-02
1.948852232288158376e-02
8.151957673470078269e-02
-2.812370392203705424e-02
8.445089441384411033e-02
1.322434178401110105e-01
-1.825022723621591916e-02
-1.484122125864857818e-02
-1.174813685698174043e-01
4.006701056951775253e-02
-1.143438312187305961e-02
5.472778198197355420e-02
-3.831295257221108835e-02
-1.891077748537572240e-02
-1.217865171845688294e-01
-1.218655670410481867e-01
1.152393326635677839e-01
3.295020298073796788e-02
-9.387712417123347808e-02
-4.493937014750488262e-02
-1.544785028473284185e-03
-1.980750024896887548e-02
-2.327418300478632796e-02
2.207258854673720128e-02
8.344855811082950436e-02
-6.731817383932961994e-03
2.604480566861450477e-02
-1.081531801755625660e-01
6.330205030817562251e-02
1.285389137895396813e-02
9.000661236875855814e-03
-1.465142832397272818e-02
-5.190455101273249577e-02
-5.305335396755534588e-02
5.598033596511502868e-02
3.399391145661065372e-02
1.388575306289385400e-02
-1.332266405045948870e-02
-1.026509865151279677e-01
-5.649521341965794974e-02
3.439538946466290012e-04
-4.466759619133536807e-03
5.839589073361735327e-02
-2.118072052519897751e-04
-3.528194474961269395e-02
-7.965685190108276470e-03
-2.985748802799481280e-02
2.521314866174500374e-02
-4.902782628198047721e-02
-2.043412836968194757e-02
3.739421553804179316e-02
-1.140957508464266607e-01
1.961440975365193878e-02
-2.445843473650085361e-03
-2.507425418622370034e-02
5.518711996608930553e-02
1.284106753201640951e-02
-1.147042423836137498e-01
6.776587876229486773e-02
4.280810785242064598e-02
-5.914202489460090861e-02
3.238207602843528460e-02
-3.386686377302213641e-03
1.840591484463164826e-02
-6.696735002668072027e-03
3.847596809316256028e-02
-5.259673341767160532e-02
3.122295293012458325e-02
6.699397477556059965e-02
-3.511889869569232575e-02
-3.140761632602541431e-02
-1.164222104116818595e-03
-4.834193366863455063e-03
-2.030253127372749072e-02
2.258978650691644691e-02
4.186112782201982518e-02
1.059962396536343054e-01
-5.541987278800596800e-02
-3.770705633738039714e-02
-3.325064739470360436e-02
-1.889215237434736794e-02
-9.846119145687675864e-03
1.753957238509295039e-02
1.788206069723242628e-02
-2.646075630392484557e-02
-9.955332522142316953e-02
-5.365555571314925554e-02
5.523777416149264902e-02
-9.743186400935548164e-02
-6.726535180313444884e-02
-1.805170187243497438e-03
1.949011003726432850e-03
4.230684810200664725e-02
-1.106118780291191067e-01
-6.853326386963207173e-02
-1.043397039589908683e-02
2.200245431717631761e-02
3.790139868442219534e-02
-3.798576127748997527e-02
3.362724103310320983e-02
-4.829839365498465875e-02
-1.632457395369718220e-02
1.134641458517830631e-01
-5.369283646817487460e-03
8.555124154702433911e-03
3.993049766557055930e-02
3.680706654611506229e-02
-5.678350571200180275e-02
-1.763196514898116019e-02
-3.629826515238301909e-02
-2.861775789179090215e-02
-9.223750374136006902e-02
6.555978016043930573e-03
-2.264517331249913529e-02
-5.113399047662978841e-02
-5.193526717944483423e-02
3.773578786111430466e-02
5.181414289182270649e-03
-1.796578209795333947e-02
-9.351176666538868476e-02
-2.530877792033650858e-03
-5.650422064548314693e-02
1.377977312784561120e-02
2.551560825165796742e-02
-8.839593719340134437e-02
3.577728110406030310e-02
1.375861378039864268e-02
-1.616781769136999350e-02
1.835217681936950063e-02
2.551371520758623224e-02
7.656264083286354674e-03
2.224201599115744818e-02
2.676672718526118978e-03
8.171956768098886936e-02
-1.840814375136127362e-02
3.493469329432498383e-02
8.713776514398247075e-02
-2.993519443384263373e-02
-1.428591815328344311e-02
-5.886698391075919495e-02
7.462288131871350205e-02
4.807113676746979647e-02
-1.304521096207476513e-02
4.297133710415441260e-02
1.893862355301156528e-02
-1.217090550424722029e-01
2.052911643592656918e-02
4.659911180388270381e-03
4.924867124602656104e-02
-5.602097534671952005e-03
2.779556610528007704e-02
1.017605840760968904e-02
1.953410804544770951e-02
-2.152940703002494474e-02
1.777382132248566532e-02
5.470588984327300758e-02
4.360532367037212725e-02
-1.257118661991862493e-02
2.665613677190920364e-02
-6.533102715744840139e-02
3.804988051217776581e-03
-4.166864798608087284e-02
3.558736603750885935e-02
3.408267079719988490e-02
5.350511977538415648e-02
-1.154115691411267478e-03
-7.880983681085709791e-02
6.293382270325434402e-02
-2.342150457972374394e-02
9.048695703547678104e-02
-1.640542525534158941e-02
-2.984677095591128579e-02
2.349869192510027974e-02
-6.065291832759635293e-02
2.714982434603626510e-02
4.204698200370771133e-02
-1.916591097349532036e-02
-9.831799183274071707e-03
-6.790349085312240296e-02
-3.677711370362519300e-02
-2.713590131221834539e-02
-1.296898235192165405e-01
-5.495149704509613708e-02
-1.512395655065281938e-02
-2.142999168328997908e-02
1.205380546192598261e-02
-2.156992427975384929e-02
-2.980271188179010530e-02
-3.264493435768631071e-03
-1.119033310146378215e-04
1.915769760486149900e-02
1.296914722995371194e-01
-4.349580191093160852e-02
4.413418522467077443e-02
7.189506587728165636e-03
-1.586993804679187256e-02
1.167122736162218679e-03
-2.906140192989259061e-02
-1.933152179680320409e-02
