2.022073523442013965e-01
1.345978562471385476e-01
-3.872011783670809559e-01
1.584782376322736441e-01
-1.167150641695986202e-01
-6.166289670876782397e-02
4.700520165002552292e-02
6.804109593268294759e-03
2.284920406659862041e-02
1.627416161139734196e-01
6.877789719118271305e-02
-1.726928309073751944e-01
1.894549211458221652e-02
7.531161874435042536e-02
1.684654037017078998e-02
-2.295164521327458171e-02
1.447178790423728906e-02
4.247706308674861070e-02
2.911361396517568936e-02
-3.151410742173296059e-02
1.087421844357499418e-01
9.088906984441304238e-02
-1.204237965749546807e-01
3.824456149224864793e-02
9.378562325170081149e-02
7.529900965694809670e-03
-1.984984046617433578e-02
-5.525323627409031019e-02
-1.714148845222137063e-01
-1.704884856446033936e-01
4.044272522680617682e-02
-4.362070731413948688e-02
-3.172135776320678113e-02
-8.468847422964042096e-03
-8.516620487282998420e-02
-5.409975080775127759e-02
5.172967293031814628e-02
4.194871157071947826e-02
-4.620071111988546808e-02
1.313090679600233124e-01
-7.714282728162856484e-02
-1.348551431378893772e-01
1.389312612947288250e-01
2.451870874640988199e-02
4.434705225625684005e-02
-1.356285722575993266e-02
9.823503190339248625e-02
-2.268968373402335120e-02
2.102632982855468999e-02
1.819153019566660534e-02
1.868014770944255443e-02
-6.955089575668867152e-02
8.136121284901227241e-03
-6.992015749434651352e-03
-6.293764469127118011e-02
-1.604921549213986567e-02
7.333005452826747705e-02
-2.434907039004104157e-02
3.985861694136139111e-02
-8.519000836953584399e-02
-2.138525826531697052e-02
-4.318252614997283856e-02
1.814656803522221237e-02
-2.172499628613034847e-02
-3.697697916185443273e-02
-2.697492821851108641e-02
-1.005683281502568749e-01
-1.229933440643182427e-02
7.443175047464184457e-02
-1.095901916943638546e-02
-5.831226238563779612e-02
7.542017991149727214e-03
5.931625328157999477e-02
-4.398264963032964825e-03
-3.066634619409273552e-02
8.304375717042984661e-02
2.392196061969106488e-02
5.641969987429223260e-02
-1.056858646649131983e-01
-4.364066657688121798e-02
6.272212155830654556e-02
4.509944572771508453e-02
-6.840488348117589046e-02
-1.724422791145295286e-01
-6.982251395165776919e-02
3.341137527545060687e-02
3.266531710156523466e-02
-7.801559140697146566e-02
-5.360061546984948300e-02
-1.148587912268743821e-01
5.583137830842277438e-02
-1.221488427470796001e-02
-8.937514900159780618e-02
5.322175852421718451e-02
3.906735057605793121e-02
-6.947145850605401796e-02
-8.469213394037426734e-02
-1.162597838527595559e-02
2.195838741856021015e-02
-4.556392145219635009e-02
-3.547945013266219638e-02
1.976742008998352840e-02
-9.060585743980814621e-02
-7.728580203122226155e-02
-6.496755399368694690e-04
3.131654454984873076e-02
2.074191802295297440e-02
-4.949199047060943990e-02
-3.719173344802622488e-02
6.256423118093207281e-02
8.479346794766856599e-02
-1.950247548517613713e-02
-6.546078458821982804e-02
-8.199787950121455171e-02
5.291105215830087249e-02
8.384806317733961567e-02
7.254933674096156193e-02
-1.115097561050734237e-01
-1.940935276162920886e-02
9.804094421901181355e-02
4.341493315850788320e-03
1.007893562262581096e-02
4.088345896232500193e-02
-3.812231485218952470e-02
3.214966693455356683e-02
-1.423335313684649488e-02
2.729218515910226961e-02
1.114742661371166399e-01
-2.889839837092820357e-02
3.231795212056703948e-02
-5.404952973524396881e-02
-3.280779978921150725e-02
9.503961237079789834e-03
9.303722778356525447e-03
4.535827031205160072e-03
2.360713323496520938e-02
-1.117183596169026190e-02
-2.706276127612337878e-02
8.334492983611511974e-02
2.196902825817290822e-02
-1.869414072107196401e-02
1.308980117107075292e-02
-2.257306505248770148e-02
2.628373495176168292e-02
-6.680605119856106167e-02
-6.165896021318855585e-02
-4.114089962243442505e-02
-4.816425356714460967e-03
-1.347665412334842763e-03
-4.380636843767080069e-02
3.776304812283839268e-02
-7.368636888593414758e-02
2.156353845963716181e-02
8.843368072684809622e-02
3.519223972473460582e-02
-7.778530641558459302e-02
-1.159380983546417013e-02
5.135321478667946582e-02
-3.709021491750164740e-02
-7.103495459007060087e-02
-7.791954706561179597e-03
-4.162536536352912380e-04
3.162838880901842203e-02
2.040473257349177671e-02
9.719668893274687610e-03
2.282841444932064146e-02
-1.667410341147606417e-02
3.419147798532225918e-02
4.225929492114893771e-02
-5.750238992794796944e-02
-9.653369696635827335e-02
-7.825537934471762588e-03
-4.813989650074792376e-02
2.673876923762705249e-02
-3.681527530438753748e-02
-1.543167774814306918e-03
1.703500009602797877e-02
3.353214572966751322e-02
-4.511962026755880935e-03
1.245181210238481898e-02
6.504062519287701072e-02
1.439235065360264243e-02
-5.820803751440247614e-02
-4.629964632518615043e-03
4.042731753707796277e-02
-4.496431321540822132e-03
-1.247847570915997829e-02
3.038863873252445683e-02
9.087338536983943782e-03
-2.042893587052989693e-02
2.190973479351026459e-02
1.259506363682391661e-01
-2.468828559503529613e-02
2.744933744355563740e-02
-6.810817012688898109e-02
3.290661197902533530e-02
-6.589656695039287915e-02
8.831297178037463003e-02
3.490438348550103237e-02
5.926538637776671004e-02
-1.299043541156608833e-03
4.626424861884450429e-02
-1.342750943635107226e-02
-4.948174943132901266e-02
1.511140692812401251e-02
2.252225965641784303e-02
2.496590079498843887e-02
1.788153116879968169e-02
6.702698701294716732e-02
3.902709375798563141e-02
-2.923010963122448999e-02
1.160312825859320489e-02
-2.378553644477224976e-02
-1.697481476908566447e-02
1.353763905095528228e-02
7.854907881957664401e-03
-3.211162439524460621e-02
-6.895568532355550451e-02
-2.867115801284093532e-02
-2.652090881041224528e-03
6.473625412453355710e-02
-2.396763011918484967e-02
-4.775980940024710658e-02
1.187483871517745239e-02
-4.218111857925452984e-02
-3.545613869790375009e-04
3.483186585600180768e-02
5.335363112612247216e-02
3.567415289447711801e-02
-4.681009908787833046e-02
-1.719824164708052064e-02
-4.747751961179359076e-02
-7.066664622243587490e-02
-5.507664754271433816e-02
2.742009051155658642e-02
2.276530750456558921e-02
1.821072061161550792e-02
-1.443202314811239603e-02
-2.899558060554124211e-02
3.271719888314505043e-03
6.824253379240302099e-03
-1.541230280896388602e-03
8.035371601169478961e-02
-4.658596487083407336e-04
2.210526790986144102e-02
1.155346075577672917e-02
1.822265311384014402e-02
-1.102830764240574773e-02
-2.861281791820139558e-02
2.945104544561059218e-02
