1.033747517815672562e-01
1.616049248975510166e-01
-7.228729055623606126e-02
8.972026248655436131e-02
-1.790394000252299722e-01
-9.386519849583224370e-03
2.267452309242016031e-02
1.981760174164615140e-01
-5.803518227573995630e-02
1.252860754314043257e-01
-1.558985589689622087e-01
1.465610891028222562e-02
1.765080156698346225e-01
2.537785361895589786e-01
-6.090749832817960591e-02
-3.535360069136526950e-02
-3.142741257627071350e-02
6.664317660530176546e-02
4.444082087515449642e-02
1.244268020705512623e-01
1.746081375969448998e-02
1.442425705649814406e-02
-1.824760686519967881e-02
-1.127515662047130079e-02
1.872555826949086344e-02
5.977742069497860716e-02
5.928437196067357778e-02
-6.043621327740102828e-02
-1.654910495351629152e-01
-4.587307385605689236e-02
-1.355305615137008396e-02
5.095404432619327767e-02
-2.255884225205432095e-02
-5.659603419390051363e-03
3.718880859954200313e-02
-3.980675751599076911e-02
1.056425210693831690e-01
-6.946431859107110585e-02
-3.567593849062195011e-02
3.455912820803918456e-02
-1.319699444610844541e-02
-5.635349656757416420e-02
7.441228877299027600e-02
-8.197654128298005865e-04
1.217249028493285201e-01
-1.058933916376002607e-02
-4.798826861176315114e-03
-1.556194871111304771e-02
-7.418605757020701325e-03
1.340045874451800401e-01
6.080890818824069566e-02
1.306834362677616324e-01
8.755804379602141752e-02
3.169426278599598613e-03
5.635421548805101023e-03
6.499923422217058523e-03
-1.331107405450311990e-02
-1.992899846953403650e-02
-1.623394328774671047e-01
-6.699400979800450295e-02
5.106230721436616840e-03
9.443533511217766518e-02
1.513571383167016393e-01
-7.119694961848276049e-02
-2.991464050196113861e-02
3.522203824410174294e-02
-6.693509099710630295e-02
-2.921676478816088302e-02
8.969457741860872857e-02
-9.818401522589730035e-02
5.815870588494416460e-02
-5.037475781286975679e-02
-1.432050376040731182e-02
-4.699387087946581970e-02
1.108069189930376286e-01
1.007415748222906804e-01
5.734599896406888768e-03
4.343250222816907175e-02
2.414504224961306136e-02
8.697447643804029349e-02
9.486685078930504056e-02
-5.516057874905579139e-02
-1.634625827315275282e-02
-8.441237457136135935e-02
2.551007616592998808e-02
-4.562230132245025799e-02
-4.985465152607237993e-02
3.133058705932043053e-02
3.504436685170934929e-02
4.978458945778300310e-02
1.317235508067459045e-02
3.580054048054143179e-02
-1.139682083989674299e-01
1.425958178563498380e-01
-1.030098996395659577e-01
-5.814491568307003644e-02
5.476455160092199431e-02
-9.309023489999158907e-02
-8.339189963267647221e-02
-3.846489244595051316e-02
3.132676370951173461e-02
1.833381196601467644e-02
-1.576494571121265717e-02
1.927059802555353835e-02
-6.324846679182022369e-02
-4.094359953731485646e-02
2.701154158183092027e-02
-1.633475554552315523e-01
-2.561588818884088722e-02
-1.213952778106928629e-02
2.135468313153429665e-02
-4.423386981243221730e-03
2.486379933544545506e-02
-2.267867322426379368e-05
-4.622420115259106427e-02
-7.568729423868349009e-03
-5.886020887933215984e-02
-1.254208730208136446e-01
3.106488058671742422e-02
9.590683461547534761e-02
4.412812314592830243e-02
8.398853827205487663e-03
-9.861693606577487392e-03
-6.511785610085081815e-04
-3.221188552932788274e-02
2.239126842454131419e-02
1.017492725834097250e-01
7.576356516563657884e-02
6.178510416119233073e-02
1.699237171261981996e-02
6.067067938746456557e-02
-1.106008829200131605e-01
-9.123558346073640593e-03
5.010179677909126772e-02
4.774501206495995048e-02
-3.921998769406731533e-02
-2.494853391710325635e-02
3.812778409871490914e-02
2.503470633971476011e-02
3.643966078446095325e-02
-1.244441541966061389e-02
5.569467130694824575e-02
-6.596699921862098082e-02
7.290330737028589969e-02
-1.907740448650188311e-02
-2.343167706735703806e-02
-4.579029996660867463e-02
2.670835320982123742e-02
-6.009034717162926170e-02
1.020604997934787261e-01
1.704972195975034549e-02
-5.245864684962955882e-02
4.267348559563308857e-02
6.625113619799413711e-02
-4.721052736862556970e-03
5.179305720088056564e-02
2.506091425891629129e-02
-2.966925987193088504e-02
-4.079412943453707141e-02
-3.137836259282746065e-02
2.971353883766413712e-02
-4.416792519778298814e-02
-1.176104229257062816e-01
-8.514528131930629296e-02
-2.247146073591357179e-02
-1.397924528132808188e-02
2.800554717568633570e-02
-1.474891500820284425e-02
4.424243150174743400e-02
-2.729332573055257352e-02
-6.659615267047508391e-02
3.040412731208541348e-03
5.449070825564918813e-02
-3.240890241818823736e-02
-4.419762968475828696e-02
1.549345519659135230e-02
5.087996283887424864e-02
2.327253421634527253e-02
8.551068899076698718e-03
1.774880676707984647e-02
2.224937966497395059e-02
6.099233094444788533e-02
-3.599357062857561768e-02
1.323911665041114898e-02
2.985578705746993328e-02
1.456327013415811313e-02
2.793192318321621043e-02
1.533950817993500436e-02
2.008536367324888217e-02
1.451346855203451344e-02
3.890013343827611325e-02
1.178963898844750668e-01
-1.917785728403990572e-02
-4.445202949895265404e-02
-4.018546521627318346e-02
-6.185235590398128341e-02
-1.561276658536528694e-01
7.423252597557430943e-02
-3.625156504515424268e-03
2.985330351400444782e-02
-3.232652066718193912e-02
-1.967691880778767860e-02
-2.021316812711069014e-02
5.942642411125841767e-02
5.987748135407471722e-02
4.201070627238449873e-02
5.088104121958952203e-02
2.480474982173328652e-02
-1.374912537232913720e-02
1.493341614512531251e-02
-2.285183502457413182e-02
-1.466940893910394748e-02
-3.427535068890445041e-02
-5.368564803439131172e-02
4.048989536001561251e-02
2.752145226913842863e-02
-1.438906263133599497e-02
-9.263290344210459160e-03
1.675208888233450238e-02
-2.714869200189178045e-02
5.167074268520560620e-02
-5.462949258588469664e-02
-3.815438415635834940e-02
8.504430567051238232e-02
3.687313715379793300e-02
1.000410521740074769e-02
1.538712032242455993e-02
-4.790846843883281303e-02
-5.184710694945826592e-02
-2.829517409324634747e-02
-4.887711574677752746e-03
-6.136398015277576973e-02
-8.866606364186452316e-02
-3.011201685105992232e-02
3.493460076617577181e-02
-2.455116696262624534e-02
2.198344444494648720e-02
-8.421467144022764389e-03
2.147474285116822423e-02
3.370580228022189428e-02
-5.650035241407249526e-02
9.851138546849191532e-03
3.378749778895483169e-02
1.097347144582230469e-02
2.271625315828094960e-02
-4.922451772811346771e-02
1.317637449970425305e-02
3.287273683857037249e-02
2.535773038124480155e-02
2.442176127679327249e-02
