1.019249095608788236e-01
1.859254595635131402e-01
-5.897383055021987452e-02
1.086245045731599607e-01
-9.889587843041651449e-02
1.975357087490815788e-02
4.352511363302561526e-02
1.960911405993553125e-01
-1.022974415319199831e-01
1.542051556178727356e-01
-1.418023593896858836e-01
5.188439327201858908e-02
1.070293428685056975e-01
2.904629614421148642e-01
3.408111562014107254e-02
-9.829106995048721152e-02
-1.614293787858868401e-01
-2.039465283733557510e-02
2.536213646828977542e-02
1.016230612939267725e-01
5.507558820659012866e-02
4.478275464013523749e-02
-1.492477997115265569e-02
-9.712647177835205536e-02
1.856802604386563471e-02
1.197140925455718874e-01
-3.113641207202319863e-02
-1.351385570183784302e-01
-6.749079615662596787e-02
-5.965280883529031769e-02
-6.581055555474538132e-02
3.004724591403077141e-02
-9.340830458561603933e-02
3.762912501842442803e-02
9.680049127739338843e-02
-9.479745574965339761e-02
8.785750008035488057e-02
-6.972268219739262418e-02
5.590143352477433200e-03
-2.685983760646400847e-02
5.982197489409886437e-02
-1.346864457750464317e-01
3.499065741616890629e-02
-8.380472729181598357e-02
7.366666459103245190e-02
-2.607182850573227378e-02
1.003682151781778026e-01
5.968466458628286786e-02
-2.324369897468996776e-02
6.065253846974139051e-02
5.542945751596490417e-02
9.990357200261573700e-02
4.437449013331092040e-02
1.203687582810640533e-02
-2.594720039312274282e-02
-1.854536638702753912e-02
-4.529169534113412776e-02
-1.493950574283788892e-02
-1.547997161628129337e-01
-8.232430639592544508e-02
-9.050576482867037087e-02
7.974068478004858740e-02
6.463507834312030853e-02
3.450428621422228087e-03
-3.685713395097480610e-02
9.684337633085222941e-02
-3.588412107372408039e-02
2.498981486541553693e-02
5.353545280388619793e-02
-5.619366496123805177e-02
7.883279587676093880e-02
-6.694738512884551573e-02
-2.952682512163645398e-02
-1.118266085998166973e-02
7.726915934455116930e-02
8.750961123744001313e-02
2.111898048867748290e-02
7.274233691812881375e-02
5.613217735130338060e-02
4.512974190519181833e-02
3.412309909574161998e-02
-3.615949300423797197e-02
4.898933661129665183e-03
-3.177755413964116621e-02
6.915009009959918740e-02
-3.949722439337524649e-02
-4.066416666794192558e-02
1.456679345622506269e-02
4.312607527295102272e-02
1.477947567299324298e-02
4.192745756296344106e-02
6.308406390092646809e-02
-5.046077178119966894e-02
7.806191675533652452e-02
-1.915029507733793587e-02
-5.081214672516654041e-02
5.505491202104024345e-02
-8.875240626248330489e-02
-5.019270263133783494e-02
-4.845740567491162859e-02
1.290722903989434747e-02
1.655504310708928034e-02
-1.129490730333749041e-02
1.994230117324137432e-03
-9.836548017639057395e-02
-1.421184225342034604e-02
-3.034383497680951183e-02
-9.050570472347982398e-02
-4.568778854687167990e-02
-8.419874686847947376e-02
-1.838452489711043733e-02
6.567306493135773027e-02
-3.177821529673723663e-03
-6.626543163684275872e-02
7.443336640171350008e-03
1.070792001240685604e-02
-4.921671454715478844e-02
-1.567353737719441586e-01
1.867254897023552795e-02
1.079428215545146924e-01
-2.333466818059038925e-02
-3.511191963810752353e-02
4.432823918918116918e-02
-1.020886661525376751e-04
2.633118240296406735e-03
1.075456164027519326e-02
9.865590845713773094e-02
3.784914006843995756e-03
4.768000514031232179e-02
4.922576037833286539e-02
-5.016920150183201178e-03
-1.170563912823397307e-01
-1.287074518922929657e-02
1.217427629370823050e-01
-7.804658993174575475e-03
-7.018116459092313408e-02
-3.214386522346020930e-02
5.075092958858935105e-02
4.577797638529491897e-02
2.988126543032148044e-02
7.315733320629495828e-02
-2.009358593786070984e-02
-9.878657714139772728e-02
7.850888900487630606e-02
5.046485893415720431e-02
3.734933535640496544e-02
3.596998133842758266e-02
4.935754100861807631e-02
-2.440129489212582506e-02
2.439877047412264063e-02
1.503795804496203467e-02
-2.839366196415998161e-02
2.008925836414096611e-02
7.710014354871902453e-02
2.563056624929491503e-02
-4.536950151030366696e-03
2.180727507828348136e-02
-3.168850829983840822e-02
6.016027695912068429e-02
-1.174515528576237228e-02
4.296736751729852283e-02
7.798648474119378074e-05
-7.968421595352501163e-02
-1.291952055136222875e-02
-2.142013754593817890e-02
6.866537179039275407e-03
6.257611493557167955e-03
3.611237053484522147e-02
6.615934597551852148e-02
-3.912427168600020669e-03
-5.995658046834002192e-02
2.925007077173986253e-02
5.068529472050659068e-02
-2.180523150180471367e-02
-5.441070458870412435e-02
3.153301617188043748e-02
5.204550523529316575e-02
5.327525743398667246e-02
4.536012510057756131e-02
2.709172343161354510e-02
1.057232871304064487e-01
8.829915302053081838e-02
-1.734323252339266611e-02
1.619621511949395978e-02
2.279468314867140466e-02
8.099685320998969290e-03
3.610560870090812752e-02
8.192986608292807116e-02
8.673993421982663377e-02
-4.310233372268298946e-02
1.576955842436073008e-02
7.768334421264486145e-02
-2.748682490170698337e-02
-5.371327401013422514e-02
-7.500505692164864679e-02
-5.035279280637303817e-02
-1.125628070262926078e-01
1.335645523407984550e-02
-2.522518679161708799e-02
5.568180915849738760e-02
-1.826632803988997161e-02
-3.675883191182704318e-02
-1.179834837940087373e-03
2.058209087407192328e-02
4.431255173444709899e-02
-6.386600237741245356e-02
2.150179044730304509e-02
5.679441634080509282e-02
-4.901187605775364498e-02
1.032613184202068116e-02
-5.797334960088689620e-02
-3.139402291872897544e-02
3.690016926741002817e-02
-3.398960546752567702e-02
4.114377603595145011e-02
3.441091280069977915e-02
-3.500736665914235685e-02
-4.905446058525972375e-02
3.920361053752882056e-04
1.534608730432675781e-02
4.287336299927522326e-02
-5.956637757127657140e-02
-5.018744342716454504e-02
1.362109838808021195e-02
-4.715546714236519554e-02
-1.541163201462369091e-02
3.048114528462551268e-03
-3.092382001304084735e-02
-1.333719152050793534e-02
3.193301621500385656e-02
2.759660703225017345e-02
2.466025810561902915e-03
-7.535042134656032287e-02
-3.740941049436167370e-02
2.442650901956237852e-02
-1.900108394179264582e-02
3.430140114351407088e-02
-2.043798867972355243e-02
1.967408176040316703e-02
2.205058088963789478e-02
-4.527615814937644562e-02
-4.900496396084016125e-03
5.671396554325126849e-02
-7.194098446509454570e-02
5.445677521726221409e-02
-2.945746373173946733e-02
3.722227298357808772e-02
5.919829338433624938e-02
4.731844236654689229e-02
3.614010908028496283e-02
