-3.294776658699754557e-01
1.297861424967547417e-01
-3.192595099229730837e-01
-3.858943950593230962e-03
2.312312762426111182e-02
2.510695055481781957e-01
1.366065962556553548e-01
1.034036231612134454e-01
4.224433059721472566e-02
5.225271837594674951e-02
2.065101155743459538e-02
-1.727398245831229459e-02
2.642605366035904665e-02
-2.055476575455543811e-02
1.223092120213037370e-01
2.766503466606877286e-03
-3.383142846763623202e-02
9.351421178556550140e-02
-2.529837421427340305e-02
8.122665677048204746e-02
-8.460077922676204065e-02
-1.285748562453176884e-03
2.981046367276627557e-02
2.062948933683827341e-02
5.184853172632596791e-02
-6.696934501666407247e-02
-4.499639882633515303e-02
-2.389662120939512954e-02
-7.989234441132668507e-02
-4.883679251699103718e-02
-7.168499745084266038e-03
-6.766364074907263437e-02
7.974965764078748021e-02
4.275498528802521014e-02
9.557685045962009684e-02
-8.815259880332217482e-03
-6.218484760370393549e-02
-3.827865733416507127e-02
-9.286266656417453691e-02
3.274362554863421287e-02
-8.853140948116246245e-02
-1.029477701185981531e-01
-3.086400739691921510e-02
-5.685984525771018566e-02
4.060792333591068531e-02
6.715785223560487294e-02
2.274594989183784371e-03
1.765563446117819624e-02
-3.375043437495204440e-02
4.170232335439746224e-02
1.282267776002256887e-01
2.355014285081183378e-02
-8.964958518492104067e-02
8.303677676524867657e-02
-5.427910566174349791e-03
8.388296908034841015e-02
7.119093348546910727e-02
4.975107865598051016e-02
-3.805327820770797870e-02
-1.124012503857184514e-01
-4.564996890004321961e-03
-5.272320260949854565e-02
3.779324797950171788e-02
-7.594584192747284856e-02
-5.857793244877356614e-02
-7.532613914171377122e-03
-1.317512616705049100e-01
8.737427169975377217e-02
-3.105166548424315165e-02
-1.182045424443573522e-01
4.906955255673305788e-02
-1.195433617328636733e-02
1.494145056573264194e-03
-2.679588313840572736e-02
-1.218611317988734788e-01
-2.875917341328882923e-02
8.509125071221815273e-02
-9.041292184956119466e-04
-7.016482324432210538e-02
-5.204069674300087350e-02
3.962760088425692356e-02
-5.477205922423348389e-02
5.380813154456659531e-02
-2.652285466467999009e-02
-8.226811669854902989e-03
-1.232263068264105067e-02
-3.173884157463349037e-02
1.488753070806264275e-02
1.844728639934947734e-02
-1.254799347964397349e-01
5.232763791167962392e-02
1.175730497926874042e-02
-2.171490815553143994e-02
7.271479814863213154e-02
-7.711316928828373940e-02
5.173690357761848851e-02
7.022331534915975115e-02
4.449472533531827201e-02
7.454369701569449336e-02
-3.984138609825317590e-02
2.693033986404315405e-02
3.766564962461578514e-02
-4.565160184546023653e-02
8.667847365756156663e-02
-2.029140431769846029e-02
-4.520113752272111179e-02
-3.964242802864346299e-02
-6.019154379205600425e-02
-1.010146893339299162e-01
-5.343911853922842826e-03
-2.922841660832368321e-02
-8.902491824509422332e-04
-4.543366895010475526e-02
-2.251642308402151613e-02
9.002362766214362655e-03
-2.622510339734057064e-03
-5.331677826858529506e-02
-4.436653912008220457e-02
-6.468812026908719870e-02
-2.389430242690295664e-02
-6.005150239309237775e-02
5.563379717970325794e-02
7.896597447625126193e-03
8.609267081865981663e-02
-1.020952093163720320e-01
1.272524970466149159e-02
6.077770587894949783e-02
3.086658745067810683e-02
-1.179019249996752193e-02
-5.882519304381873121e-02
5.649112618254707729e-02
-5.373099120306657622e-02
6.697842419318271456e-02
-3.539628006076645655e-02
8.944435660490997198e-02
-8.333152341302077493e-02
-2.050754097309522017e-02
-9.065623071669717120e-03
6.787703405616879460e-02
5.433678129387264910e-02
3.011892706204134795e-02
3.006438668511288159e-02
-1.150999866175190095e-01
5.474900203494516282e-02
-3.017921540683772552e-02
5.287754861031526699e-02
-1.332251582039071201e-02
9.689891572814779419e-02
5.652538537739615343e-02
3.355565664560989508e-02
4.477993558185498248e-03
8.215740299927507331e-03
-5.153425505136630808e-02
1.403043031757720584e-02
-9.285156253533878926e-03
-4.640961510804090737e-03
3.971979698250187318e-02
5.639964858028562178e-02
-1.312106261018379239e-01
1.409751171530838551e-02
6.132232583443399110e-03
3.478536252135094875e-02
-6.693149334189756397e-03
1.096273333469183070e-01
4.253708505157806352e-02
-6.802641590291778895e-02
7.940033795717857260e-04
1.891773797399292842e-02
4.510848419975940077e-02
5.533937712101456158e-02
-3.294232234697720002e-02
7.992470938949201853e-02
-1.554808978815555749e-02
-2.296463394208515460e-02
-3.300463554409067968e-02
-1.363940520801760516e-02
-2.100878989830366750e-02
-6.141929013329663900e-02
6.773457589798797455e-05
2.233173695735655995e-02
5.926461865553880187e-02
5.485991168766915504e-02
2.321715262137312441e-02
3.854286790263890261e-02
3.083631264264655517e-02
4.467461060245719179e-02
5.258531669848537371e-02
5.700279329951610935e-02
3.513869925068572719e-03
1.551546353872349827e-02
3.237219578407884990e-02
6.542291304783783012e-02
5.929257468107818063e-02
2.085754649377927900e-02
-4.125528821703407928e-02
-2.533723831519847647e-02
-8.562293773999984925e-02
-3.576614219772147885e-02
4.508794174641328478e-02
-5.622916907874872874e-03
2.069095340233490302e-02
2.306728089099903053e-02
-5.658717603197618851e-02
-2.301509195547107173e-02
6.141497915739570906e-02
1.710036770157473060e-02
-1.126297974262845634e-02
7.261055091320957507e-03
-9.497994359188263389e-03
8.180419690557366730e-02
-1.225682298233514607e-02
4.444338553140717019e-02
-2.382937651712224367e-02
-2.887050763182124821e-02
4.986574408316364615e-02
-2.374998271094673485e-02
-3.511727500681442737e-02
1.558554955602199470e-02
-1.801550297218105709e-02
2.555236254443668878e-02
7.181654753363779509e-02
4.199886624212828545e-02
-9.851755654331465981e-03
6.865568774882059577e-02
7.642021257111715309e-03
-2.138031763958404829e-02
7.097502544243072808e-02
-5.530224394223152290e-02
-2.492763028679318912e-02
2.034313602850965075e-02
9.404132656617954829e-04
3.511224553493000420e-03
-6.345073954988615650e-02
1.443853603619883567e-02
1.668932268120246892e-02
-1.172861412829169780e-01
-2.575285558273839558e-03
-7.563257767867173631e-02
9.933468242999144229e-03
5.538297676364899169e-02
-1.270006968633104237e-03
7.882015245051139651e-02
4.516041186402064075e-03
-7.083949097281808105e-02
-3.484999450095659871e-03
-1.904840626626286629e-02
-5.385914475939430207e-02
2.320699570087925850e-02
-1.455826359417473903e-02
-2.968864594465658868e-02
