1.192250640240315740e-01
9.327544572503321252e-02
-1.198900838889459253e-01
1.575473954119038442e-02
-2.405200552408733594e-01
-1.626514096593053293e-01
-2.408235564570450002e-02
3.807810310679876631e-02
3.936902402104425214e-02
9.527969031194864769e-02
-5.976740485664944202e-02
-9.311279206868518232e-02
1.073248493993936153e-01
-1.077478876719673191e-02
5.557614094649572685e-03
2.222074275378286765e-02
4.790039496990091544e-02
4.256632640416681268e-02
3.854002891817433218e-02
8.668914554661435925e-04
2.172147895804026341e-01
-4.427645300432412473e-02
-1.342920194571177450e-01
3.636658884595353469e-02
-9.838623307817336017e-02
-3.898540191991545223e-02
1.024908012348724334e-01
-8.717443031290321442e-02
-1.771464506517283696e-02
-9.338893654558075297e-02
3.583181084846229908e-02
6.798149710107583704e-03
-5.373633415109850542e-02
6.636021382448542560e-02
-5.959143626560542417e-02
-3.986960609444037407e-02
1.644121528350314387e-01
7.947499498599322476e-02
1.551520287482367928e-02
2.577842722546562215e-01
-3.161223205236703289e-04
-1.406502476896153153e-01
-7.532436971027139938e-02
-1.639805242820087383e-02
1.227280482329782402e-01
-3.762437110138994872e-02
-9.506324828417371531e-02
-8.617964279736732569e-02
6.529392874398162738e-02
-9.006836363801484779e-02
1.119667065586382390e-02
7.091405364866786021e-02
1.351684923792385584e-01
8.522440361143712728e-02
-6.693054236721950045e-02
1.055826744452534466e-01
5.517570171941097584e-02
2.644947350251035390e-02
-1.051254732881248405e-01
3.271363816409122299e-02
-1.967279949352529825e-02
1.475902691852923505e-02
-9.591345477184464938e-03
-9.241436922864024184e-02
-2.951494812028074982e-02
-7.633719681475019392e-03
-5.083883255564649456e-02
5.626224003805033874e-02
3.274168873371127025e-02
-2.162510592326439759e-02
3.968035560824059033e-02
9.961021588399693316e-02
-6.678017941982158576e-03
5.447562690235661920e-02
6.395348155899355236e-02
-1.323699442066511404e-02
-5.846974387620548948e-03
-2.168523788640748517e-02
-5.470399620413960579e-02
-3.418056070892091375e-02
4.562724156539119807e-02
-1.520927325244816330e-01
-2.212195452861922141e-03
-7.348869285739774437e-02
-1.569933223229424968e-02
-7.885613135872224233e-02
-3.247522484209093476e-03
-5.901162537483725656e-02
4.310576297682462699e-02
-6.096971372410934370e-02
-6.541498561923232528e-03
6.415793023368006331e-02
2.805430308808688072e-02
2.596250371967189288e-02
-6.559670309026913518e-04
-2.375741176795050091e-02
-1.446963358601806998e-02
-6.713931922167069508e-03
1.236428800612579017e-02
3.103278459654093199e-02
4.666805316040965879e-02
4.059819403467741783e-02
-3.096677159524428846e-02
-1.500087635270913253e-02
3.806759653301881874e-02
2.436497587247702518e-02
5.414073812300587707e-02
-2.174857468494886120e-02
-9.963846469085811675e-02
3.817656093656052185e-02
1.815096523290231009e-02
-9.726176536739758460e-02
-3.469221102828019127e-02
9.292866271121460672e-03
3.083269714115930912e-02
3.872032568898303717e-02
-6.911095378242007592e-02
-5.310709610820831678e-03
-1.921959612075949814e-02
3.037212595093147227e-02
1.587421051851203857e-02
9.879318109467525102e-03
5.717912031782169252e-02
4.479044913103678166e-02
2.740828095878092979e-02
-1.655472592777479032e-02
2.012947201801089381e-02
9.354742721986503140e-02
4.964633643162257720e-02
-5.245433391270391127e-02
-1.664158687893038668e-02
-1.202731443178915172e-01
5.143152886708819010e-02
6.066687329874145655e-03
-8.713253617594417244e-03
1.163457672152234425e-02
-1.121295914917675995e-01
-9.628168044724561003e-02
5.941229587870332923e-02
-4.853528277416334358e-02
-1.567227284887985975e-02
1.204720753893665430e-03
1.447931417129330427e-02
1.658201658797050018e-02
-7.477858954589738927e-02
-2.884484016617738095e-03
-9.389011333070027346e-03
4.205563423147300195e-02
5.492493160938017455e-03
-4.554223082848615767e-02
2.875464222146274437e-02
-1.155774327081396380e-01
-5.353294274169803635e-02
9.583234270068187455e-02
-3.369124511872906985e-02
2.510188977684156553e-02
-2.811704517490486166e-02
-4.723187291372659552e-02
-1.148217193054078267e-01
-1.563067606778252572e-02
8.590610844414665621e-04
3.256994920381139219e-02
8.077870220229169118e-03
-2.303311896793797109e-02
2.095043851261501125e-02
-2.030190537825473512e-02
-4.748723551984359442e-02
4.678752413773131641e-02
-3.284265756852735446e-02
-7.402786511373404821e-02
-5.832341175271057304e-02
-9.638000611884661728e-02
7.103124489771650563e-02
-4.063275339371459627e-02
-5.546810165007929304e-03
5.853241988394309453e-02
-3.322783252804501625e-02
9.419734801491323750e-02
-5.483324688535706065e-02
-4.934729555337637186e-02
2.545726307110918532e-02
5.326707356180108988e-02
-4.676948454878838979e-02
4.228714228957389243e-02
-1.561448669309015548e-03
1.102025933498128885e-01
2.601483835133049441e-02
8.787546327662301704e-02
1.231882559882640019e-02
-8.147144224142417734e-02
6.107193806145259397e-03
1.035891346693590953e-01
-5.693452860180615860e-02
-8.794980224204716757e-02
1.194713077170565622e-02
-9.647281418723613680e-03
-1.282387461805601370e-01
8.542036112429517158e-02
-1.504042468231478122e-02
-5.702459438836003126e-03
-4.091762030921994309e-02
5.440558307715698261e-02
-8.596792542383935309e-02
-8.593970965651837046e-02
2.581038967664399039e-02
-6.618414611482085000e-03
6.542965517507602635e-02
4.068135455733189881e-02
-3.642896749782944393e-02
1.402062623485620871e-02
-1.322721471676931507e-02
5.656237122112276611e-03
1.488236352205294516e-02
5.838615383952856612e-03
4.815985447900129196e-02
-5.371419765917220812e-02
-2.984835012032301116e-02
-5.536898302951376825e-03
7.463632128584566055e-05
-4.137326860795968730e-02
2.504601991438279440e-02
-9.701456352770715386e-02
-5.604748302682502348e-02
3.286314208344423560e-02
-5.011992520068469376e-02
-3.624338440059057809e-02
2.719874419490539777e-02
-9.182461343627533468e-02
5.500653927364580059e-02
1.847799060168818855e-02
-1.729028521099160512e-02
-1.659100334290177642e-02
-7.310398045144271550e-02
1.132998520052446410e-02
2.269106060836631814e-02
-3.146880740840870411e-02
-3.941636968213439035e-02
5.393176303131354613e-03
1.643697300654294036e-02
-1.897576431416829121e-02
2.191506092795876895e-02
7.401312947880997473e-02
2.476280497588688109e-02
-2.337098130590567827e-02
4.583588626168164093e-02
-6.404747905082986553e-03
-6.434215870977119667e-02
-3.583286811374833403e-02
-3.031100280158272736e-02
3.907751615796102584e-03
