1.695249320777575397e-01
1.005852342279343198e-01
-2.683692566635734189e-01
-4.718764169276900428e-02
-8.235681077438937459e-02
-8.973213772196217408e-02
-6.204564707032413778e-02
2.046937299345094607e-02
3.085263380684036619e-02
4.602206310130065037e-02
1.601619321937002016e-02
-6.542122854675679056e-02
-4.808695081042053954e-02
-2.868568963184348064e-01
-4.651349733168348016e-02
5.223113650309883088e-02
1.045319620383182851e-01
3.692928117375170877e-02
-7.003356254625218991e-02
1.273225366386887270e-01
-1.423279520367294951e-02
3.143650302946454644e-02
-2.109600057137625898e-02
2.066646977519142614e-01
-4.389588954117298186e-02
3.779615873698777967e-02
-2.343954316583271233e-02
-2.109492064448625220e-02
-2.127909880080504912e-01
3.839585563809359836e-02
5.795137424859326397e-02
2.066031756668992858e-02
-4.851406189541745961e-02
-4.603066876870537394e-02
-6.311744076093864231e-02
-1.912422280880397146e-02
-4.258995420171930897e-03
-1.061720672547978445e-01
-3.924369948989334111e-02
7.872285678952305188e-02
-4.740619189713373566e-02
-1.177172619064018461e-01
-3.521462725414650774e-02
-1.136895733269828318e-01
4.617699886230103475e-03
2.961800738984232684e-02
-3.588924408324641740e-02
4.713273415995531887e-03
4.001557723452430632e-02
-2.908735831426619012e-02
-7.189957496903461032e-02
4.281076550300998151e-02
1.482208430937634880e-01
-4.841008518453917761e-03
2.910710072772409313e-02
1.092347736625668975e-01
1.387217724215655257e-01
7.215899365664298071e-02
4.671453247180094165e-02
2.864303589445982377e-03
-1.039485652837084939e-01
1.011587091542422157e-01
-3.493013401406085822e-02
3.509826513174849061e-02
7.264124850846076509e-02
1.094033435005535917e-02
-2.053545102003311723e-02
2.638490876745968466e-02
-6.771951545497898600e-03
-6.995000320313805864e-02
1.094167750912480308e-01
-2.694552581423345465e-03
4.005134981275572381e-02
-1.456360380825368617e-01
4.864132452986146687e-02
2.986068721065560094e-02
3.698854216184072063e-02
-1.399014913057498692e-02
1.781859119878810918e-02
8.166916732717878491e-02
-4.451222406592792759e-03
-3.893811392773728424e-04
-5.107018134862830600e-02
-5.733703083904174991e-02
-7.370237792103645491e-02
4.723377481960139290e-02
1.804673587861622686e-01
2.775293990308863937e-02
-2.418813498689794880e-02
1.918517118265861826e-02
4.028977742143959734e-02
6.298994189248743880e-02
1.867453450226288711e-02
5.128815784183272247e-02
-9.914336309120128088e-03
-1.931334500541606949e-02
-2.786326118444569858e-02
9.370795606294562638e-03
4.356290083418304891e-03
7.627672114051613217e-02
5.428991587574713562e-02
5.090269143753161502e-02
-7.415962571580758667e-02
-6.659267924068955000e-03
-5.386091491869270803e-02
7.505205029953532225e-02
6.421947240447327399e-02
-6.134717060649819143e-02
-7.817826990752280159e-02
-1.018378819249093209e-01
8.584065492154500931e-02
6.316755611817792548e-02
2.081488210282186890e-02
5.396978504829132162e-02
-2.931842892101191658e-02
8.057638255763981822e-03
-3.680927429809991575e-02
-1.014731366178101835e-01
-3.376101191248467165e-02
-3.955006124950159047e-02
-4.208313101315390437e-02
2.605586854316133474e-02
9.832447477913978939e-02
-4.731034838564580208e-02
5.462762926288083909e-02
8.293649528031478424e-02
1.924233981239825003e-02
2.801907438604420847e-02
-6.108525458795670271e-02
-1.616431194187724699e-02
-6.534907593141834215e-04
-9.994838109226927836e-02
1.951934105968449514e-03
7.288230843893903077e-02
3.885475707091503618e-03
1.644451922211818962e-02
-6.321048321205561399e-03
-6.784090598695859120e-02
-2.526023240695026220e-02
-5.457002191284214543e-02
-2.745207902107635062e-03
1.842719749673646379e-02
2.888399458179215316e-03
-6.396795068224807312e-02
3.085722349612288716e-03
1.445380899125550504e-03
-7.057997180487931774e-03
4.977038809336153252e-02
2.100505047860866392e-02
9.929495782838571039e-02
6.171950914954267564e-02
-1.763270878284602453e-02
6.632462113796115666e-02
5.676919178119107373e-02
1.011858423173535720e-01
-8.483011333422296740e-02
8.830899656722766139e-03
8.102499093729088886e-02
-5.178384428434494591e-02
-8.050156387279167047e-02
8.115012746567021318e-02
2.879911907778083882e-02
-3.751615394303871309e-02
-7.960913928906390713e-02
-7.224788513877650198e-02
-1.402521300678483129e-02
4.041008802652920617e-02
-1.795020728850744984e-02
-4.223084476307737561e-02
-3.934426768152504694e-02
3.234212296987955260e-02
-3.458442241839805587e-02
-1.959287733135076093e-02
5.786349519791911429e-03
-2.999928907744466369e-02
-5.014853124343979923e-02
4.755424312421033771e-03
3.230145697292780699e-02
-5.378710866530393535e-03
3.060803036625427132e-02
1.261891196199133210e-02
2.212371974579243478e-02
8.616129196473051302e-04
3.719909415767635574e-03
-3.216703982283751484e-02
1.529412710254052796e-03
1.930895780242542284e-02
-1.050816110776154298e-02
2.346043300161124515e-02
9.486651512962896576e-03
6.626350402552994012e-02
7.013429947646043772e-02
-1.057288922573120932e-01
5.083657966323412714e-02
6.447838487635193299e-04
-2.226309781003368155e-02
-1.174133974777267359e-01
5.496851493525392596e-02
3.504960092626764612e-02
-2.274771500192335899e-02
6.543590880291778877e-02
2.086962089705899151e-02
-1.150061391967599836e-02
-4.088734821648072615e-02
2.883779395952913716e-02
5.615420716504862519e-02
2.670348720001111675e-02
-2.980247240174127912e-02
-4.153240204696673904e-02
-3.104337589378747264e-02
-1.392248496137312060e-02
-6.693292370647170586e-02
9.304211363982703084e-03
-5.673986501658438014e-02
7.730943497679859666e-02
-1.701502434947856773e-02
-1.235122508413137934e-02
5.649165057045982784e-03
-2.454491583318330408e-02
-1.893422317159374271e-02
-5.560442313489021710e-03
-3.304552660014114379e-02
-1.866829117493004966e-02
2.743297781420939163e-02
-3.207069009561989981e-02
-1.597977943454766819e-02
-6.628007415374845279e-02
-2.914955535358740996e-02
2.075248257720878082e-03
-5.261478053077305039e-02
-4.645204274209913456e-03
4.226992461740942952e-02
-4.802529373454432482e-02
-5.480780831493508448e-02
1.222409744054862163e-02
1.259565978614091489e-03
-1.103999135337361930e-02
-3.958856739267332947e-02
-2.443020734883559822e-02
-1.980248439115764141e-03
3.658437952325641063e-02
5.297007647758464333e-03
4.300359994830647153e-02
-3.429257217637424887e-02
-1.496177960214153599e-02
1.301558260777623682e-02
8.963595673332111838e-03
-6.612388972728150405e-02
4.266382795053869775e-02
1.760749586473594197e-01
