1.383177475589484340e-01
1.348894187883585005e-01
-2.696164135971350628e-01
4.842022874627562729e-02
-5.084356354350540175e-03
3.561591062983786304e-02
3.928108130216750177e-02
1.180980390439567290e-01
-5.042507713924235940e-02
9.941755647331239343e-02
4.118408908548307906e-02
-1.147563786387180568e-01
9.354998141031041492e-02
-2.313841180825019772e-01
-1.227219829082873935e-02
-1.980896664378197641e-02
6.302990312471119794e-02
-1.779517683538095127e-02
-1.094058215618711194e-01
-6.953182584962603122e-04
1.648425972544546869e-01
6.772453345436488248e-02
-8.687327865535132698e-02
1.035247991732947404e-01
4.334967174172918609e-03
2.785067855181167992e-02
-4.975778000942993051e-02
1.590977026355018878e-02
-1.803515879324955606e-01
-8.665284108271546770e-02
6.619016544438735550e-02
-3.428547025612341953e-02
-2.028388253206534278e-02
1.227484903327835386e-01
1.990197144526775763e-02
-2.209050608129005736e-02
1.638574222452264528e-02
-6.302958630290447437e-03
-1.150616892531337032e-01
6.611761325064692552e-02
-2.561000912737134913e-02
-1.250102460085826817e-01
-2.808811889474188001e-02
1.412880928067034025e-02
2.634964723638637957e-02
1.443545758715884288e-02
-6.967763428556626726e-02
-8.612043963772270105e-02
4.996209487234570118e-03
-5.960643228849107911e-02
-3.429831914050733566e-02
8.338890762739374976e-03
1.137678946017306597e-01
2.258397364647842312e-02
-4.608130935932703426e-02
8.819217263433173914e-02
4.699027112282602031e-02
8.922874318109566549e-02
5.693851105646826477e-02
-6.238372744868055098e-02
-4.370500499918469200e-02
-1.044842764137551561e-01
-5.983866267282177132e-02
-8.798620325753640781e-02
3.200709903668259859e-02
4.682165151680146159e-02
-2.045714885792189464e-02
-5.478391155618869690e-02
5.397661439022601731e-02
-8.438365769566974484e-02
6.716073144808319684e-02
6.236640785657949354e-02
1.019497371623642908e-02
-1.521036852398945094e-02
4.130933930640904445e-03
1.136293378649221725e-01
6.278721762075853419e-02
-1.064338218002365902e-02
-2.256503474292076081e-02
1.638113070711362182e-02
2.318540704291466303e-02
-2.084053844648420424e-03
-7.473185736585478967e-02
-1.071825773368007551e-01
1.508029557111664407e-02
2.462620701263891487e-02
1.375377322707872219e-01
-3.216364421162857395e-02
-4.822020857896214957e-02
-3.016284409730334449e-03
8.954313602063748712e-02
9.663276319703038506e-03
2.365293042237440538e-02
7.169343063207657407e-02
-1.143867531975368721e-03
-1.626084402782637314e-02
-5.838920290704698209e-03
-1.628956920496959712e-02
1.143054356004770226e-02
3.110746591527057195e-02
-4.948594689925839979e-02
3.469814826059646612e-02
-8.647450560795129360e-02
1.271881143104451779e-02
1.003934380428766690e-02
8.700588618267796059e-02
-1.667637342855996310e-02
-6.441075336811816210e-02
-7.745205419598751029e-02
-2.664594603052181099e-02
1.279160652150343191e-01
-1.513260637164952349e-02
-5.951856704075886989e-02
-1.600985075205286351e-02
2.502082617412854093e-02
7.634736696077734988e-03
-3.759372356196391367e-03
-1.628501753167962418e-01
-1.814526493181398484e-02
5.240486140705472029e-02
7.422536490416767503e-03
-3.545165612426153488e-03
-1.054819482831376339e-02
3.415194746579958140e-02
2.319272914689234424e-02
8.543318273408648245e-02
3.585148524435066708e-02
6.606938593117851755e-02
3.550854323978046984e-02
-1.689219948378680586e-02
-5.335029288075024412e-02
-9.230321719599479668e-02
4.700639383254611586e-02
9.836320870294881780e-02
2.418216364929991896e-02
1.461249057227314435e-02
4.616656962775950342e-03
-1.737609198992742798e-02
1.586224699254117770e-02
-1.334756190770519657e-02
-7.118672695585161192e-02
-7.082382517745763884e-02
1.097399981631218685e-01
6.993718175012139660e-02
-7.105683001509364993e-02
-7.374027551564607368e-03
4.622697698557538815e-02
2.418983777750730035e-02
3.731492037204438977e-02
1.412126188118565107e-01
2.168771995767147798e-02
3.497219912341508613e-02
5.026898959579499671e-02
3.224320168753995464e-02
6.323580209666060381e-02
-1.948000000113072130e-02
2.759201114783079497e-03
4.744089733926033607e-03
-9.153756449640521042e-02
3.778100045216238254e-03
1.951143576484260997e-02
1.308051632705753420e-02
-8.130488898516829988e-02
1.770470660834898421e-03
-7.552521437232150026e-02
-3.390764265039031278e-02
1.814037179502120747e-02
2.829683406052885264e-02
-7.706303221975006890e-02
1.120109416713161062e-02
6.860385477772344698e-02
-8.420785679535935930e-02
-2.617303668034771241e-02
1.352019458994829218e-03
3.639754522945566877e-03
4.317858796609674865e-03
1.498718516236195557e-02
2.638488486177898926e-02
-4.755164416192281251e-02
4.507934279434227393e-02
2.351430328071997533e-02
2.716356245786734347e-02
-2.993086012993344085e-03
3.766043215349137996e-02
1.987560483046350163e-02
1.157072312855508961e-01
6.258966162305291958e-02
7.845018369686859727e-02
3.481174647951947726e-02
2.134498916763909529e-02
-1.219387289972129890e-02
6.864109894122531752e-02
-8.186580439276647247e-02
4.344521111766877497e-02
-2.237441362254017491e-02
-8.574979332627538642e-02
-1.481858667779117900e-01
9.939104904881625180e-02
-2.068360604488556770e-02
-2.945207197512341238e-02
-4.474551821732121459e-02
1.781770638608151831e-03
-3.479280757596182189e-02
-6.288015201739836912e-02
5.085806694176888548e-02
-6.063568073127730690e-02
4.593264952712626525e-02
8.628222997369114355e-02
-1.267709655982549900e-02
3.698845310142398479e-02
-1.373942119923400040e-01
-4.676546844974192180e-02
4.070561775247978631e-02
-5.347170603757252227e-02
7.539535263398650100e-02
-2.136706108684105834e-02
-1.801645926616808613e-02
1.269068469509177823e-02
-4.257757699873614826e-02
-8.440168133623018529e-03
-3.093229865857366132e-02
-6.559707502219491726e-02
-2.664735412744059437e-02
1.145416438586032521e-03
-4.422494478644622973e-02
8.116376247148301623e-03
-3.218979961189501887e-02
4.348724281069451386e-02
-2.292864056977413773e-02
-6.789417393065556861e-02
4.152312362110365668e-02
-9.572594878133255589e-03
-9.385772099191097562e-02
6.173941750106729832e-03
8.432156062155130027e-02
4.143187894076635208e-02
2.452352154483648794e-02
-3.953232099490180083e-03
-1.809358777489455949e-02
4.312976220543786321e-02
-1.200152686061520431e-02
6.910911515460663179e-02
5.306004890336559615e-02
-5.721368839682192120e-02
5.543607164412418103e-02
-1.087768950730956009e-02
-7.677331627870995559e-03
-2.202728252963659025e-02
4.521430888400785469e-02
4.713463625942449116e-03
