1.301008266373211986e-01
1.137080971773427873e-01
-1.574277423205347470e-01
6.005969155914685220e-02
-5.070919256360302552e-02
-9.224889966753789527e-02
1.328121748185766005e-01
-4.442389784238065520e-02
1.145884212882023259e-02
2.090742252133316603e-01
-3.705420222813385345e-02
-8.826791977806090761e-02
1.163931203103337891e-01
-2.728704262512898215e-01
-6.316469640706455502e-02
8.943689688997738529e-02
1.025295393859259746e-01
9.011330895614551306e-02
-1.536837208129321619e-01
6.419160392183943450e-03
9.991940590838553626e-02
-5.852934632537299536e-02
-3.735435390484070223e-02
1.753571099857745008e-01
4.871273912232403080e-02
6.620512416537244205e-02
-7.950230470841171404e-02
6.209462767423414020e-02
-1.583320522075350734e-01
-7.752578450142555595e-03
2.619678366754708485e-02
3.635014721391335857e-02
-4.581929013786786853e-02
5.427612128719910833e-02
-2.963561253175390348e-03
-2.494497655395761307e-02
2.799515677069637585e-03
-3.471196482999005378e-02
-4.927561412175979552e-03
1.660538576976288705e-01
-7.738720733872203605e-02
-1.159437494301356897e-01
-4.060129655992120862e-02
-6.711226753691687530e-02
5.654893831401235776e-02
-2.152542197414964234e-02
-2.768248504600394691e-02
-3.883428947172525708e-02
-1.247190181157316613e-01
-6.198230966480564041e-02
-3.348045337313509257e-02
4.585026078288482326e-02
1.920038646298812823e-01
8.959675813425639623e-03
3.581221346796464866e-02
9.715596773801118968e-02
1.124134253731500638e-01
5.740893382064268108e-02
1.311616700716359066e-02
6.067379991283938963e-03
-4.790545960721193097e-02
3.732183472757290288e-02
-1.203059647807734750e-01
-6.539326494849720395e-02
2.800207574458313947e-02
-3.492006120650821555e-03
2.050497216833574790e-02
1.326522147318135066e-02
3.200954541979803003e-02
-1.197200265350484988e-01
7.660144253764830657e-02
1.873845929256028053e-02
-2.543602601494980575e-02
-5.923053490755468553e-02
-6.278112167378012247e-03
2.717189772065531014e-02
2.397678147473615226e-02
-5.646413146265742700e-02
8.151440820967267506e-03
3.565373601846300727e-02
6.276533982381936327e-02
-2.392950181984325117e-02
8.608959616604407172e-02
-1.039308622304589980e-01
-1.572916691674283718e-02
4.947735163180107948e-02
1.116897007045943441e-01
-4.841634346001284957e-03
2.415341299381687859e-02
1.356336335271156844e-02
5.640367280988497350e-02
2.233210843435716464e-02
6.010983764607855107e-02
6.467454829913570069e-02
4.628104927607275265e-02
3.375846433340429220e-02
-1.008944540665043625e-02
-9.305327980311649955e-03
3.207982242599075745e-02
5.592985488862029647e-02
1.212332720190736207e-02
4.626230215158909365e-02
-7.140601799357038093e-02
-1.352066339958181429e-02
-2.467339035515469722e-02
6.385142103907343047e-02
1.974876127000691622e-02
-3.570740748732748743e-02
-9.118808918071787117e-02
-2.299567097759272830e-02
4.675565793721020436e-02
8.681747221893186539e-02
-1.793856001626072810e-02
1.135943953731369423e-02
8.160438781769534244e-02
-1.790492062417316232e-02
-2.752740118845629219e-02
-1.146527018503598477e-01
-2.876075770501438852e-02
2.016156043108925655e-02
-1.412363550006612636e-02
1.045753481742639094e-04
2.196049364164842990e-02
2.678707098257232522e-02
1.130125755642493041e-01
8.019374083216253279e-02
2.200207337995842630e-02
-2.904147035984889352e-02
5.267889263918652115e-02
-9.489728518642374933e-02
2.136414398759859442e-03
-7.333703771037738961e-02
4.684115668595381643e-02
-3.310597214838755919e-03
2.810671698774680136e-02
3.030958648331431513e-02
4.455166822682293110e-02
-5.155861192443500496e-02
1.571552665393749493e-02
-2.578437987640112752e-03
-1.549626107671641002e-02
3.960848970215968129e-02
1.584046684858514131e-01
4.711590584424782402e-02
-6.920127049080503426e-03
8.755862611218329095e-03
9.060475378707409655e-02
-5.089168873674014895e-03
1.271941327599960571e-02
1.866653491163261167e-02
8.341211800933910625e-02
-4.632391396667600442e-02
2.720408742297612380e-03
4.609960742276598966e-02
7.553285644207934080e-02
2.078446576586639311e-02
-1.197713916792840678e-02
6.551622499871344318e-02
-7.528014915773888205e-02
1.664771012145307288e-02
-7.598370995953888929e-02
5.064494494894020149e-02
-8.733527504561955368e-02
-2.540456115751237379e-02
-7.666628320721570466e-02
5.667206310170209982e-02
3.087453717491610988e-02
1.799796434920282115e-02
-3.371639038267381511e-02
-3.805751933670432213e-02
-2.546212043075132478e-02
-5.202778424894714121e-02
1.238348062004976553e-02
-4.518122895552924637e-03
3.256728061006077327e-03
1.152536312061728250e-03
-5.944159655859574537e-02
-9.710648060097346046e-03
-6.688107496661478690e-02
4.008448215807448867e-02
6.466341204592747707e-03
-2.580269868345370921e-02
1.491816433472975892e-02
1.442111842970236627e-03
-6.414551037675568501e-02
2.235105324380902425e-02
2.456624510239392017e-02
1.041739817938420604e-01
-5.052218258369214898e-02
9.689858190942347849e-03
5.449047768771006495e-02
1.008555760227596854e-01
-7.306825204862388290e-02
-2.271993339445774890e-02
-6.277815639925722613e-04
2.839546883128783727e-03
-9.617360523606918732e-02
-1.503918048275876621e-02
1.482858009664348754e-02
-1.614466777239048634e-02
-3.489034256628981839e-02
4.953599817236509217e-02
2.761046182259218468e-02
-6.706969937376591750e-02
6.096620892829199972e-02
-2.563667625766602454e-02
8.433616344566406686e-02
6.861256465552534323e-02
5.559283496534538765e-02
3.069879523819225506e-02
-6.842855289763206950e-02
-7.285524649539558417e-02
1.800465269062669071e-02
-5.359275729964951829e-02
5.260130128917064884e-02
-1.058398730208071417e-02
-2.114118829097123495e-02
1.605020730508878099e-02
1.696005237119851527e-03
-1.436685390593330121e-02
-8.300297602016835571e-03
-1.915797974256119515e-02
-4.180035473449776606e-02
6.213386814042051037e-02
-3.398319919474539902e-02
3.007295757638691475e-02
1.150345303664252264e-02
-2.559163703241264590e-02
2.948939155028024867e-02
-6.904434157355424095e-02
2.712152100126071289e-02
-4.597789937734830107e-02
-1.035247184633058259e-01
-3.387420888228147992e-02
1.060227316163859547e-02
4.707686306302964752e-02
1.911264398985552601e-02
2.778435869961290439e-02
-5.863290030121159208e-02
4.096012772468677482e-02
-8.945343653231623005e-03
1.147202112669978499e-02
2.435491987139526415e-02
-4.849571397474247009e-02
5.587608457727170908e-02
-4.312672202859081649e-02
-3.620504644725946325e-02
-2.747646436165181172e-02
5.619725675559645445e-02
5.503104723323468811e-02
