1.332346289993187050e-01
1.065179078745128460e-01
-2.917771207851825310e-01
-2.971834134646361356e-02
-4.138420771829953021e-02
-9.166636055336573052e-02
-3.697658988019426191e-02
7.672597367349129338e-02
-2.386005462051960999e-02
1.691025791491241881e-01
9.428121747317544030e-03
-1.170667095330374802e-01
8.121262288124997397e-02
-2.979766193194869905e-01
4.416995347082043610e-02
1.431854140528644563e-02
1.824920461316830583e-02
5.492658185360074774e-02
-4.406184333548308213e-02
7.434528726782173302e-02
3.215533052979795831e-02
2.674231043860773524e-02
1.350543624375676001e-03
1.787062737681658076e-01
2.618063443160789216e-03
3.667313331246775665e-02
-7.569202707528091545e-02
-2.098606660283675648e-03
-8.819617924790362773e-02
-7.701739006039946822e-02
4.825673035479571826e-02
4.854217380604990140e-02
4.165575623503230823e-02
5.318044126990979781e-02
3.338418344934929866e-02
-1.327057412654089608e-02
9.804511003029700578e-02
-1.241308062215097825e-02
-2.083033016478463839e-02
1.412147853980935397e-01
-4.545586364411917379e-02
-5.780405932316567269e-02
7.565977322274931860e-02
-6.410104245464406936e-02
7.654599969128532411e-02
-5.611459875518081536e-02
-9.469401019987352952e-02
-5.856296795276118988e-02
-5.780563114833777577e-02
-2.657271050253765324e-02
1.156869928334675474e-01
4.485105675439678141e-02
8.690222132972370839e-02
5.514116742609646155e-02
-2.257810544665457900e-02
6.988504472295439807e-02
6.319054700545077841e-02
-9.785806283481655876e-03
-4.850643050163624959e-02
3.849399846484055903e-03
-1.936282074205197545e-01
2.754155210211945912e-02
-1.075527346948196017e-01
-5.525084938660591860e-02
3.209604128430617286e-03
5.667467150050510896e-03
-3.904784678248331836e-02
-1.592865623858346485e-02
7.261851157025110692e-02
-1.057470848101127597e-01
8.159008097807915472e-02
6.425376098836572958e-02
-3.453900340329452145e-02
-1.265028161522293026e-01
-3.539552237607773016e-02
4.654032870336098637e-02
2.533222607671273968e-02
2.913874653250177887e-02
7.462262010118785038e-02
7.920260428766610905e-02
6.616868415903727485e-02
-3.110789767161092553e-02
-2.138226085571743457e-02
-5.615838980447564882e-02
-2.464219482615883847e-02
5.755533370793184528e-02
5.885740224399981652e-02
-4.489142122481642322e-02
4.143865574226122429e-03
7.816089287310552802e-02
9.974274408917681300e-02
4.560273498820061749e-03
6.675912456668663120e-02
5.646175206269182095e-02
2.545891518558436595e-02
-4.529861825390182895e-02
5.862043388105333402e-02
-7.822241411034171199e-02
9.407188179675454731e-02
3.991998969747725251e-02
4.209995402866905517e-02
4.656286867632896537e-02
-6.663026633907749574e-02
-1.108778051003930093e-02
-7.696190463182418090e-03
8.474894658995422991e-02
8.668933332841387285e-02
-8.089027297495476887e-02
-1.011238125583947545e-01
1.312734941685872979e-02
2.635265497844301377e-02
9.309489814278124054e-02
1.653346312830585724e-02
-1.621718046717498043e-02
4.038458978184791826e-03
3.289298808306662103e-02
-5.621928231164297074e-02
-1.430454273030368206e-01
-6.367536076153471059e-02
-4.306577772392042314e-02
8.415174733406482338e-03
4.391211126958840388e-02
3.558979996734985829e-02
8.137370352488723646e-03
1.750400229907353791e-02
6.638883399264222662e-02
3.898924914006726000e-02
1.165351182598317083e-02
1.022214495125788047e-02
5.133128326443911482e-02
4.205063015476841887e-02
-7.827013472256680315e-02
5.000623464435496879e-02
6.793321509724184470e-02
6.533520814327711812e-02
3.009822005405784345e-02
1.114062527232545681e-02
-9.470215225426502695e-03
2.260158851472582331e-02
1.379443201989990347e-02
-8.868970091544101098e-02
1.510621443553148043e-02
5.438744581956888452e-02
5.554993628035397035e-02
2.560952747357542539e-02
-4.171117879060072531e-02
7.329106412489120714e-04
4.137845483816962600e-02
7.112886141814417536e-03
2.111662240163176066e-02
1.645766971850697730e-02
7.105309944484873748e-03
2.700502529787329048e-02
1.736238085106691850e-03
5.488998976359415333e-02
8.788891886326062955e-03
4.116814463014203951e-02
4.470314800570173580e-02
-7.426402390642392048e-03
-4.836100523671313378e-02
1.273203538607443376e-02
-1.092732859647086710e-03
-6.881878139920555304e-02
-5.197554296598132922e-02
-8.921651384012357910e-02
-2.853375102375873759e-02
1.261572032333869650e-02
-2.041357643865283900e-02
-4.666462863797101596e-02
-3.849041470344816140e-02
-4.708493468899176831e-02
-7.164055338467109624e-02
-1.687832157106559927e-02
7.422963237165827732e-02
-7.336802068531744769e-02
5.010790029648670013e-03
1.795068357648221119e-02
4.156132097869226494e-02
-6.313550168792367301e-02
4.204302252093542608e-02
5.763445938709559069e-02
1.345252860846372044e-02
2.120423593672486791e-03
1.230820215936747342e-01
-1.355510591919526463e-02
3.702707690472226143e-02
7.701075695817317934e-02
1.271691442791879068e-01
4.035525952413644007e-02
4.493232011579458007e-02
4.513096738104516170e-02
7.435776755968823148e-02
-1.008558163665509155e-01
2.261545201274378289e-02
-3.788120670324387346e-02
-5.677869489039498452e-02
-8.581706466740617045e-02
6.843440727161910486e-02
-5.079519657124113852e-02
-8.725735950910902192e-03
-1.222571906163611583e-02
3.546065881120974428e-02
-2.146993726381742421e-02
-9.058044941496558311e-02
8.619860950968283309e-02
3.133213425066336440e-03
6.067798446784163774e-02
5.180129042740181516e-02
-2.034630232128676122e-02
7.504742157220083316e-03
-5.286862259226769722e-02
-3.358415104774443993e-02
2.008204707335254496e-02
-5.533506777932727799e-02
3.391608908758948077e-02
-5.811949319870360516e-03
5.024527781652863082e-03
-8.080438844755098021e-03
-3.771607075066257114e-02
-2.913469122355775293e-02
-1.740771228903040951e-02
-2.842548370590417678e-02
-4.777990147058608361e-02
3.030485219118270873e-02
-3.935909960306346184e-02
2.378665038498233020e-02
2.911878435281605240e-02
1.737536412698850036e-02
-1.598225547695223542e-02
-3.686788245129151570e-02
4.283286466991797527e-03
-1.795778822626012058e-02
-8.008930230375373160e-02
-3.108850134898715270e-03
9.016646210113668514e-02
-1.757115067042584397e-02
3.679457252526455863e-02
-1.740582609882388582e-02
7.127566988921874187e-03
3.578426617764263185e-02
3.405582434538957648e-02
8.609508910384801317e-02
2.148153733358755882e-02
-2.832218335559346517e-02
5.866208724811410036e-03
5.533972038183670311e-02
1.772672992596075305e-03
-5.634037572290190310e-02
6.775361835307718017e-02
6.840344231572864642e-02
