-1.786377194251661527e-01
2.053206799726632337e-01
-1.245719971696180595e-01
1.620185120342249319e-01
-1.093671001076553795e-01
4.429265348340175046e-02
-1.964772890114477866e-01
6.282404824586962366e-02
-2.900053281257408341e-02
4.786307727463799677e-02
2.670553477848269450e-02
-1.494655566003497658e-03
1.439510415001161170e-01
-6.999262883820775438e-02
5.215170552980866875e-02
1.532814797269400620e-01
-3.475773004267411248e-05
9.372162137708860141e-02
5.192036539606147832e-02
5.212408228119580489e-02
1.036042318794957590e-01
9.280185866599094391e-02
-4.970724925653377535e-02
1.404276686992323719e-01
-5.588377105928547806e-02
2.309621891668290489e-02
1.470211003270748829e-01
-1.980769860963486895e-02
-2.274545853992593868e-03
-9.433756494052904229e-02
-2.607587105844645994e-02
-8.257595155201493536e-03
-4.621819514068164353e-02
2.640113023747738333e-02
7.557062252962461549e-03
-3.198142891520232289e-02
-1.198563610541020751e-02
-1.536296424207148903e-01
-2.396388161980081422e-02
1.056300587347198255e-01
-4.263774648835939873e-02
4.078665954753934314e-02
9.929555390215309696e-02
1.125607866923132860e-01
9.992452246758848355e-02
2.026104917064410621e-02
-6.725258551123311501e-02
7.704442345760249833e-02
-8.073404796934299799e-02
-4.859372134721926667e-02
-8.298550737317041126e-02
2.653251445703869171e-02
4.088460317209116623e-02
8.762935962937720702e-02
-1.306089392459352377e-02
-3.435783321176207744e-02
6.566905991757314431e-02
-3.851943111039783652e-02
3.880100531082775195e-02
-7.436789530889532929e-02
3.180884763876938581e-02
2.177147376996169809e-02
1.664760628574029899e-01
-1.029868248326850921e-01
5.473460732990616251e-02
4.712046922550520295e-02
-8.394847943077375640e-02
6.550800357268066199e-02
5.692441749676314250e-02
-8.098430362565024743e-02
1.133723979823518654e-03
5.082363095842021283e-02
-6.631087054958217930e-02
-4.031241776142024252e-02
-8.405187453087964444e-03
2.717491048239581777e-02
-7.253074804717658808e-02
4.533388531422750251e-02
-1.349777663897938351e-01
-9.671466439168965173e-03
4.795161801853618094e-02
-8.913967446744202466e-03
2.737990791547908337e-02
-1.033363412485773652e-01
-3.731242320081065711e-02
2.919477364288624796e-02
8.732674785550040286e-02
-4.954015604273915435e-02
-5.504658539735236139e-02
-3.465803023807802197e-02
4.926289911825138673e-02
2.384687612435189979e-02
1.735870553791230356e-02
4.380425249567579393e-02
5.918553589083398736e-02
6.123411991246494740e-02
-3.816658526983831429e-02
-6.518863491421486578e-02
-1.028915520652839144e-01
-5.420094811895621867e-02
-1.638918439222723095e-02
1.046736357651981975e-01
-1.115171035268424371e-01
6.218139611092270841e-02
-3.632962094354085653e-02
7.377423327976645462e-02
1.668810087059422777e-03
1.380386784456887408e-02
-1.470505163428162676e-01
3.368759441528655640e-02
-4.110412567762384770e-03
-1.792972016188705553e-02
-1.288538568142014694e-02
1.141597520355290725e-02
3.632782817641233564e-02
-2.712200555856243960e-03
-2.664443434777609768e-02
2.217689525059630008e-03
7.663413589476193721e-02
-6.315849078304866526e-02
-1.648756706179012668e-02
4.126953588554271857e-02
-2.016094690812120227e-02
4.028241635233077711e-02
-4.310946376566486722e-03
-3.550070396264946165e-02
-8.343055266605364784e-02
1.025563411993355156e-01
-3.140371885480882502e-02
-7.004674113582155803e-02
-6.970896917397527426e-02
-6.536707012412867890e-02
5.953186923039604367e-02
7.733869337626905760e-02
9.329951618603352093e-02
-2.860553865095228146e-02
1.646993208717899976e-02
-7.440397017397118451e-02
-6.972093315052681206e-02
2.212256343047696444e-02
-1.071600208370298291e-01
-4.147266737732895753e-02
-3.272893963362535213e-02
5.726504325118135508e-02
9.250532034810054691e-03
-7.968926719134447612e-02
-4.244899372068555027e-02
3.092702573404461711e-02
-6.288284369026812815e-02
2.145356859486612436e-02
4.518757356428997063e-02
-1.169776892648835553e-01
4.542648722447803489e-02
8.270810410034561133e-02
-3.043547825707269491e-02
-6.101459740693226247e-02
3.618722401161866137e-02
5.305032090620669105e-02
-9.464335979073605631e-02
-3.662213468216315299e-02
8.283425636685838242e-03
6.268037076599848600e-02
-1.066316667532969248e-01
7.700516551619641936e-02
4.352962984125441359e-02
-8.660012836218723697e-02
-6.896994665909952221e-03
1.721067419501477042e-02
-5.635457365948456920e-02
-5.927766216898919943e-03
-2.934104880573952176e-02
-1.334737079431366942e-02
5.140364600512180998e-02
-4.644693759144669087e-03
-6.404162982280663108e-02
-1.565850373256170991e-02
2.832129359337171720e-02
2.038668921797730585e-03
-3.781362966802602477e-02
-6.643405926227026470e-02
-3.309594467579173721e-02
1.262507223565107195e-01
-5.594457879331802413e-03
-1.001095799397525412e-03
7.766479405823785431e-02
4.787460220617846540e-02
1.000140876498458245e-02
6.347643254522848666e-02
2.285050005882332397e-02
3.342478938907968850e-02
2.190263846701747188e-02
6.402684864076742255e-02
-6.212969856086976439e-02
3.292885146199710927e-02
-1.782705680346627700e-02
-4.520634273851301121e-02
-4.353186165339400365e-02
9.093807600693423754e-02
2.252257002264175870e-02
7.526329102187885112e-04
-5.757160643015773321e-02
-2.162735724507949472e-02
1.681787525844829698e-02
-1.341026399214878106e-03
4.912723420983219208e-02
-1.048110202665774020e-03
5.106397151489424496e-02
3.804529908553150319e-02
2.371201613178632039e-02
1.764576780098053507e-02
-2.397979700145193641e-02
-1.650882415774253958e-02
-1.231631017291093255e-02
-7.684656050594904086e-02
1.023068172847133583e-01
-1.558657352491550109e-02
-4.662917785812306648e-02
-3.956505339133423865e-02
4.395590595991462346e-02
-2.189755286230596690e-02
5.051501890272552808e-02
-4.600039222810897027e-02
-5.862897316514013163e-02
1.509440406751123669e-02
-4.946581108753208417e-02
6.288588041826132305e-04
4.250906971303299552e-03
-2.763052944262888930e-02
-1.071192994122535137e-02
-1.350498795328613187e-02
-1.503085230215952563e-02
-3.303081966581703811e-03
-6.021663309932098057e-02
4.087765162608263808e-02
9.977297876460242913e-04
-7.714167192755348214e-03
4.932048718886946140e-03
-2.557360356578769478e-02
6.244690858136447975e-02
5.594348118079037202e-02
9.091048934540563869e-03
7.508072147144417841e-02
3.910255605926114125e-02
1.139534008803283656e-02
2.025914664226282150e-02
-2.008308959282560993e-02
-5.421408288220392474e-02
5.799491899499324352e-03
3.463596822627198341e-02
5.857101922367950741e-02
