-2.135468450845008082e-01
1.029295086975449414e-01
-1.180770049038324249e-01
1.791360360340208124e-01
-1.619744100963690092e-01
1.388091732822243629e-01
-4.305316380377494090e-02
1.111035514511842827e-02
5.501650206840346530e-02
3.427321420849949868e-02
-9.730714218245319069e-02
8.031660939900991947e-02
2.006026496629739753e-01
-1.057569340908214167e-01
5.107345699701065778e-02
5.460578059091860531e-02
8.544349461527991907e-02
3.899228020189311056e-02
3.261141119322044646e-02
1.204826243050350215e-01
1.527557305182907221e-01
3.814576596313686702e-02
2.637523531189600590e-02
7.889712716007772630e-02
-9.424624264434729171e-02
-2.095148091940888732e-02
7.351424910057031969e-02
-1.764333026881401145e-02
-1.329068615816444698e-01
-1.333915730681841383e-01
-9.356617095904139203e-02
-6.790331676929753715e-03
4.959292251053130929e-02
3.901923969952131050e-03
6.807972489580110809e-02
1.457190568688698264e-02
-5.000846942338930956e-02
-1.076575611901479587e-02
-1.826569604110327982e-01
4.878871824859752626e-02
-1.461935580138953167e-02
-5.686516832016124540e-02
3.887493120832601762e-02
5.993173249979213968e-02
-4.456527342171764938e-02
-1.432035364286977919e-01
-6.901064928666433840e-02
2.301362023604365190e-02
-4.067702151865608927e-03
-7.235953640254694230e-02
6.947882141862796179e-02
-4.074090608696571275e-02
3.461879230844696481e-02
1.135275634538816109e-01
-2.284326138721799043e-02
-1.263536755764584768e-02
1.310489640622163332e-01
-4.196296507867507825e-02
1.729394077426023302e-02
-6.634361716916029050e-02
7.751012919260671756e-03
-2.914272739916115920e-02
4.412605390199287464e-02
-7.285253504983615902e-02
3.746768739244162039e-02
9.345445164007629146e-02
-1.009653816660617265e-01
5.412886672820654138e-02
3.857897117210672133e-02
-1.171112184907444065e-02
-3.553233813858227164e-03
2.510904806336848854e-03
2.605735101495961241e-04
-7.464948522248615603e-02
-1.149348072697659873e-01
8.174196608100509076e-02
3.776312292481600469e-02
-4.558578306929091800e-02
-7.137846944411066485e-02
-8.543013725069629680e-03
4.547787514493213668e-02
-4.699169814210155116e-02
7.099684044655663051e-03
-7.329451695647744291e-02
2.663598365666056816e-02
5.331004629246136051e-02
1.485531259775151394e-02
-2.377019954885991812e-02
2.848769203071880793e-02
-1.109677399222764732e-01
1.123923972658117665e-01
9.676302189374709484e-02
3.852473747454337322e-02
1.213532307537339705e-01
4.143615341685089742e-03
6.253533461898548584e-02
-5.182944187213602699e-02
-6.219346301287536488e-02
5.536977289140954453e-03
6.361812035641065122e-02
-2.407832807428104266e-02
6.111001290391331053e-02
-6.429448554787921266e-02
4.214713586208328894e-02
-2.779349370852343334e-02
2.920045778902388006e-02
3.963081118268240062e-03
2.890533695895643532e-02
-6.395527142791661290e-02
-6.984128854238140505e-02
5.299370054013669007e-02
1.519452671771410329e-03
3.814331827852730176e-03
-1.041790516907274179e-02
6.335513412857449178e-02
-5.949184860853048290e-02
-8.386253512596246462e-02
4.044452644767049937e-02
-2.427159025766762943e-02
1.007395652773679373e-01
-5.503237705144263525e-02
8.175724662635337758e-02
-2.289878886093209970e-02
-7.204252627868540371e-02
3.319756172336505579e-02
-6.514484614816477837e-02
3.354338459177347298e-02
7.933491303595975597e-02
-2.920367474593930229e-03
-1.420870775444296186e-01
-4.701176915589997535e-02
-5.863113779903875861e-02
3.143054323679773943e-02
6.548280145889957826e-02
1.885014368209809998e-02
-3.015071888830265362e-02
2.637282259420943228e-02
-6.869098167665525778e-02
-5.508014186825212904e-02
-1.548335350164266799e-03
-3.829839658200468594e-02
5.815873466939288500e-03
2.653849587535392959e-03
3.687143142155179659e-02
-3.650088693858678790e-02
-7.970710096430547176e-02
-9.358267534669445845e-03
6.588817299716638945e-03
5.080823288610288729e-02
7.421386729582973851e-02
5.778927416104068238e-02
-1.448346035186653114e-01
1.003159060383753722e-02
7.775122612664878141e-02
4.193618041566185041e-03
1.654998452064471853e-02
-1.717309508839375345e-02
1.762287461886265227e-02
-6.580267887044662090e-02
-4.195261486946893006e-03
-4.491329920627468164e-02
1.460568373449896908e-04
-7.374737357616981126e-02
8.658932571486285812e-02
-1.005029790763920655e-02
-6.702889892599224464e-02
-2.417092048636855506e-02
2.999252852867882214e-03
-1.893752602265953711e-02
3.217191193811171079e-02
-4.263359569477265243e-02
-6.362965944099860383e-02
2.866714227952285240e-02
2.510862846029256537e-02
-3.917389839992276718e-02
6.509368953982488937e-02
3.276572022439196152e-02
9.422606672977987610e-03
-1.204047529675278914e-02
-9.819411315111323431e-04
-8.863401653692373761e-02
6.816189716483647687e-02
2.937728551860338891e-02
4.187261054965917689e-02
1.277764796730750975e-02
5.750775546401781096e-02
4.163728315791108414e-02
5.976403113711400983e-02
1.187515168483822998e-02
9.600203674863361236e-03
-1.979302676062518959e-03
1.422065944872223375e-01
1.662680685046203852e-02
-4.082423226445987263e-02
-1.141100074901888785e-02
-2.007069909611873884e-02
-1.138581407438647303e-01
1.506717718417078383e-02
9.666850630089492136e-03
1.134013678287970894e-01
2.901485336177292776e-02
-3.512850514492718568e-02
-6.295839942028713665e-02
3.366209729533733291e-02
5.238775873157759666e-02
1.791712127585525643e-02
5.599284849223559735e-02
-2.031927895168146939e-02
3.443567053272857115e-02
3.602019664819139377e-02
5.568342619066369778e-03
1.306616004892913185e-02
2.361155461923717183e-02
1.452945584237254166e-02
5.147400309990432521e-02
1.552181711693581805e-03
-6.986356247232844430e-02
-1.655697790524347443e-02
1.443574448874923111e-03
1.307867820736090085e-03
7.668574901610551720e-02
1.853977727360537134e-02
-1.641396319019894356e-02
-5.703000239515389203e-02
-8.056099322381340966e-03
-1.949147201672688651e-02
4.575495304273479585e-02
3.527113522381879196e-03
2.710548453169795563e-02
-3.623814547921157952e-02
-1.370448122818045816e-02
-3.016253770827454633e-02
-6.339373761155961406e-02
-4.970135493873500260e-02
8.715120920044979250e-03
-5.066427406413752388e-02
1.342201842423675941e-02
4.011055736615697087e-02
6.013321191008225847e-02
7.952198607397643892e-02
-6.491409942332886096e-02
7.029750198668117955e-02
6.126872776738204879e-02
2.462104968606739289e-02
7.517353449739382076e-02
6.346356655677817642e-03
-1.139326202898414825e-01
-2.836163627332626003e-02
-1.126239132629535365e-02
-1.678167535240145981e-03
