-1.348868174165447353e-01
8.333311061642471873e-02
-3.260185245742788229e-01
1.085079912904798882e-01
-1.955324323400600139e-01
1.284327385062414839e-01
-1.356123032193923827e-01
1.000722919998973254e-01
1.048652544154424909e-02
1.202865713828192296e-01
-1.880770057354391386e-02
-1.078692974983953834e-01
1.635054683749254945e-01
2.690591493302113557e-02
4.204578085975241297e-02
1.013601458888917228e-01
-6.334777275163978871e-02
-5.466565250186828512e-02
-1.144914068807257809e-02
5.853971607335320404e-02
1.652888341580185383e-01
1.882720919614367522e-02
2.692353677277821780e-02
5.562317699468900811e-02
-8.191079675013233918e-02
3.974095101855479317e-02
1.027106552081335361e-01
-3.377067170885510172e-02
-1.921567998361284890e-01
-1.741694938023865269e-01
-7.950283464676043133e-02
-1.585417343122798653e-02
6.226347781159690016e-03
8.619461259556476795e-02
1.514391004995634116e-01
-1.164301652507676588e-02
-1.064209602687445598e-02
-6.592771689110557554e-02
-1.078929356834432696e-01
5.148222265015590243e-02
2.286674006296378694e-02
-5.902995921536288021e-02
7.365704740500117476e-02
4.628837228005616700e-02
-3.838001099416384803e-04
-5.733918819026611463e-02
1.734558626917390850e-02
-3.283714139784503494e-02
-1.026899717962166392e-01
-3.565588816577648645e-02
7.466725941871177330e-02
3.325554439312785465e-02
4.213962160641841759e-02
1.151614995872865255e-01
-6.816455135061423587e-02
4.476588092472048343e-03
6.376154778900661180e-02
-7.306488238981063976e-02
-6.790460251444005273e-03
-4.536267389782702025e-02
-6.683298105915175258e-02
4.087992706135906706e-02
3.466781915071014825e-02
4.501468706221998378e-02
-2.527740774173273253e-02
3.095131974642694253e-02
-4.621040898900968114e-02
7.572809417208815896e-02
4.570713636548264652e-02
-8.759706184249464733e-02
-9.238222792893515528e-03
-1.893269103695223443e-02
-2.063257557917588803e-02
-1.171672209484053290e-01
-8.879951210810067830e-02
1.076433107533893985e-01
-6.692119705696600307e-02
-2.477730348939434848e-02
2.602752852056403748e-02
4.005184299148127625e-02
-2.858654005037896935e-04
-4.604497729335076117e-02
1.267583433322320985e-02
5.400043695095746790e-03
7.348844733815361463e-02
-1.558859984620204926e-02
-1.100122556115617871e-02
7.709643892914472794e-03
4.201050158056197220e-02
-2.405274327812988860e-02
-1.494538489523038367e-02
2.520150923191031081e-02
4.067579851758711812e-02
7.983323524228666535e-02
6.014127430969996163e-02
6.600361540092798684e-02
6.044301716582326650e-02
-4.734625226030157730e-02
4.482721916694563935e-02
9.350012896338347201e-02
-6.243659903733164013e-02
1.005925812686847276e-01
-5.780711033525015238e-03
2.060224465498794108e-02
6.277999351469895628e-02
7.927691910110700509e-04
-4.843602955049111647e-02
-2.080626639973105763e-02
-5.937670006230022501e-03
3.070436479209384326e-02
2.426833491766300713e-02
-6.920512988818905420e-02
-1.905237714859529113e-02
2.725002140391399180e-02
6.658531411129310629e-02
6.460522451709370395e-02
-8.764120544107804889e-02
2.736607634857679897e-02
4.042695678041133972e-02
1.717221584570523610e-03
1.212393255190188403e-02
7.982511851609552789e-02
-1.023828889886518011e-02
-3.662889851777767491e-02
-3.348993266173519445e-02
-4.646708265496637957e-02
6.090008140954283888e-02
1.214333437547281472e-02
-1.279712243029872826e-02
-5.255847206336021482e-02
-9.317147275199481882e-02
-3.625478151978336894e-02
6.436716948182984177e-02
9.740929381567746403e-02
3.344375988160400853e-02
-1.558849304717321860e-02
7.698486954369281043e-02
1.462181943754931913e-02
-1.806363173967969219e-03
-2.790857981536101415e-02
-1.338166911476600454e-02
3.576428918003975166e-02
-1.899588046234379490e-02
2.787130695429906185e-02
-1.729560432368109149e-02
-7.962138156876262529e-02
-5.327114198274817553e-02
-3.952731736121690986e-02
4.923655947093055762e-02
5.035179052965810254e-02
2.304217526765652696e-02
-4.854514255827992175e-02
-2.223306582523434591e-02
7.037119728464005797e-02
4.330665019412890601e-03
1.794569001217420634e-02
-4.765308587013247776e-02
-1.697616842844815177e-02
-5.751914455384602581e-02
2.126838579748195276e-02
-3.729500406059541723e-02
-1.242129664784312471e-02
-6.226853296562822465e-02
-1.052739386991016941e-02
3.364340286616505915e-02
-2.436844120735374986e-02
-2.717839485524480014e-02
-7.002847920112201252e-03
5.920219044919069334e-02
9.547551940031434592e-02
-1.016664811032547550e-01
-6.114084202020374920e-02
5.488402091615100353e-04
4.634835773458281100e-02
-5.635293475868990293e-02
-1.763422844442729884e-02
5.262757103501373990e-02
3.926921970820913127e-02
-3.033234817499987079e-03
2.904282110122044860e-02
-7.482393359400657529e-02
-6.307301445013440561e-03
2.153705655434398625e-02
8.886352032604662166e-02
-5.097745484022524198e-02
-8.063077478991884442e-03
6.017965076072650382e-02
3.717282597161297025e-02
2.375929514657910968e-02
-3.915964390462872702e-02
-2.145848806880078577e-02
9.745123023433169274e-02
1.087812188059053727e-02
9.074535481372167714e-03
-5.657094717620985563e-02
3.872874542297270045e-02
-3.681675800949106570e-02
6.152692050942711391e-03
4.502337338323154914e-02
9.623375690533678140e-02
-6.053988388497280604e-02
-6.177166828383103686e-02
-6.579667448273017472e-02
-9.962035410956162490e-03
2.629235451238815663e-02
-3.753295229683044354e-02
6.964475029053292243e-02
2.505911052680256934e-02
2.230248519397436732e-03
-2.635159237371297730e-02
-2.280800059710684675e-03
4.001987448218458782e-02
-3.227844007835481421e-02
6.294902077766184600e-02
3.691821708688032555e-02
-2.206667293831594823e-02
-2.732015276617955069e-02
-8.235899667445895078e-02
-8.483730373815406844e-02
-3.153219966423769643e-02
7.685080116283386775e-02
-1.102358215785809344e-02
1.984062518071919023e-02
-5.753352682306191179e-02
-2.869187949248241942e-02
5.435654051275565224e-02
8.666513351691702838e-02
-3.202379559394589320e-02
2.236948378472755974e-02
2.649883263479438020e-02
-3.378597956965418564e-02
-6.466837834280898811e-02
-5.834409585221144584e-02
-5.958015221222291713e-02
3.220727632547722152e-02
1.880403380688739148e-02
4.531707071251626917e-02
4.965158049696706544e-02
2.980760894667784785e-04
1.227248288107027907e-01
2.023425080131326104e-02
-7.187859437723433456e-03
7.940568313020067437e-02
-3.646225643312534653e-03
3.159503309286648687e-02
-8.577741998927537748e-03
-6.327408142174653638e-02
-3.274468903855383417e-02
-2.786137464461779963e-03
3.104220571996195790e-02
