-1.483681215876417880e-01
1.440807027914094429e-01
-1.899768323784865320e-01
1.690130113411121571e-01
-7.154217223907635703e-02
7.150524296830987336e-02
-2.354124989769479925e-01
8.269883799646615685e-02
1.656729802295086457e-02
2.129484491896050935e-01
9.814892492908304511e-02
-1.732908775707736049e-01
3.424950134430478771e-02
-7.629594660330331346e-02
7.045892582988341757e-02
1.114998994075173250e-01
-3.960801539225289325e-03
1.046904932369477764e-01
2.390396194838858429e-02
-1.163841889150081937e-01
8.688882793364955531e-03
6.201749477056425763e-02
1.623892397209168725e-02
1.173639674862855253e-01
-7.606232962084297222e-02
1.309543417269433668e-03
5.082880412524515279e-02
6.493073477571784449e-03
-6.045244764742680604e-02
8.900356853314167482e-03
-3.480929638530914222e-02
-6.239333885530265467e-02
-2.764618905251233286e-02
1.247810413303297589e-01
1.397575625201839533e-01
-4.698336538230921816e-02
-4.019741972963990218e-02
-5.720530701075424163e-02
-1.305984445724009402e-01
6.602199655686109836e-02
-7.016488245888445607e-02
-5.771400863055937969e-02
7.345026996171261091e-02
6.280025623130046364e-02
8.648187395777982844e-02
-5.052678198216780520e-02
9.058651299364763043e-03
-9.797932112260940643e-03
-9.153466927558674693e-02
-1.298139263178126335e-01
1.803707567948260870e-02
-4.391754051112443935e-02
9.160362343428254603e-03
1.439703907774449454e-01
-1.390088755402045344e-02
-1.382779760979778536e-03
9.619251537551344253e-03
2.619379633514221355e-03
9.792427491524292871e-02
-2.128604630975113043e-02
3.204187026988170733e-02
-8.395505540034929604e-02
6.532890478232694642e-02
-6.441533537935148490e-02
-1.016447982953185697e-02
1.170338732414461513e-01
-1.299850307190349441e-01
1.722734011314194791e-02
2.412429317734224657e-02
-2.955370117719786568e-02
1.399091591896733378e-01
2.327481015009731299e-02
-6.326635560019164273e-02
-5.122737673044537587e-02
-5.582728523312396191e-02
7.824737857429189813e-02
4.612890477248327709e-02
-3.081998354585879091e-02
-6.926921039327749163e-02
-9.589254282526357698e-02
3.773252815549667238e-02
-4.934420352058611903e-02
-8.715637299737901203e-03
3.931697321075131035e-02
2.328308172115105962e-02
-9.505685794973219027e-02
2.167407815183862354e-03
-6.965281365086276044e-02
-1.482807210934987191e-03
-9.061586609092683875e-02
5.485332604148178415e-02
3.211349621922760661e-02
2.560300120262227683e-02
1.107982798628260185e-01
7.252960018358480671e-03
5.589020041295308938e-02
6.978933117312141610e-02
-1.122521731749448297e-02
6.759524205130844343e-02
-2.821623205765407330e-02
-3.969351269305617519e-02
4.627680485490881512e-02
-1.106597493476118022e-01
1.601097996977882956e-03
-4.078440847548023274e-02
-2.579068534582400207e-02
4.561262697919086367e-02
-5.459192975623476662e-02
-8.375445150236010550e-02
-1.019315216919336881e-01
1.494255650871316975e-02
-2.350407174779926313e-03
-1.603806387499904498e-03
5.275234699383130055e-02
4.741795226147794973e-02
2.567012536772211515e-02
-4.969289050036046484e-02
-7.659068537186873582e-02
3.761442036881337218e-03
6.250075947938553422e-02
2.975346327813292724e-02
9.914806483260563130e-02
1.015739775431549058e-01
2.962002014511547904e-02
-6.000794220296796350e-02
-5.364772626046291487e-03
4.105795591820442930e-02
1.139478086410900259e-01
3.902311283911195222e-02
-5.192994787180658239e-02
-2.067779303832573481e-02
-3.385894411105486862e-02
1.376206423983088005e-02
7.058929457365965832e-02
2.013007595505471314e-02
-1.682503432100596052e-02
-8.332949038950611051e-03
-3.693571234394349423e-02
-2.878858085472672454e-02
-2.559798702016934796e-02
-3.548749201197216180e-02
-9.663936321177511724e-02
3.817256841558136753e-03
3.057494740335965980e-02
-4.908705282048173024e-02
-5.732319519820602838e-02
-4.349005400710802965e-02
-7.784060759778176119e-04
-3.242148414142777962e-02
5.361310278162734894e-02
3.850895783839084624e-02
-9.198726329173974314e-02
2.612118218925449376e-02
3.522924331571019446e-02
-2.315523836853724399e-02
-5.282975572294042882e-02
-4.086679478717038239e-02
-6.938310919469007493e-03
-1.128025620488659481e-01
-4.692228019607604800e-02
-1.825568671445606736e-02
-2.145059933389991194e-02
-4.405987741301826272e-02
9.665627235260178252e-02
2.667848843896834798e-02
-7.736473606308816309e-02
1.560472139147556572e-03
-2.905894410859394608e-02
4.289278069725840220e-02
5.384778116037333001e-02
-4.460426390794462737e-02
-6.292129200773730058e-02
7.957445333021063993e-02
2.021286486533597354e-02
-7.936195447384768176e-02
1.335598866088721220e-02
3.505199013600544811e-02
1.856195444267604022e-02
-5.912423829547856780e-02
-4.064580476052216673e-02
-9.679440026922489504e-02
9.453161318781957284e-03
-2.189279898642784022e-02
6.241994696218791661e-02
-2.186677647749327852e-02
8.888059296349311647e-03
4.915871536969955435e-02
8.793075308744570384e-02
9.879000828561999153e-03
-7.772385400635947739e-03
2.083195169884945880e-02
7.784598777895389288e-02
-4.969384209703036487e-03
-2.526353739057157766e-02
-6.300382471891512182e-02
7.364077229505210098e-03
-5.632833747969798882e-02
7.248996252229629456e-02
3.084959284224143145e-02
-2.574068992078236071e-03
-5.349730078687495866e-02
-4.024434076544033262e-02
-1.834034221820520644e-02
6.414896151152345641e-03
-2.294079971896257827e-02
1.100532528700385107e-02
3.469898437134463776e-02
-3.199352183907643032e-02
2.722408272966805182e-02
-4.619613873719887603e-02
3.089567208098772250e-02
1.759319243284639686e-03
2.087535914694564274e-02
-1.704741514278709791e-02
-1.098054717371454471e-02
-2.597569769837562367e-02
-3.197412390695924395e-02
-6.711735752365928509e-02
-3.216338184465349775e-02
-1.048674170178052686e-02
7.859456495931754771e-03
-4.422629703063491596e-02
1.745447891827258194e-02
2.647894593726479728e-02
1.468529600899302207e-02
-2.179138074133970052e-02
7.402250895916949111e-03
-9.317009795242485806e-03
-3.265052613989821717e-02
-3.080530699721918675e-02
-3.483575809270673517e-03
-2.527155276252188859e-02
-6.991907771907503177e-02
5.480790560043004994e-02
1.079747827436183388e-01
-5.295137709732797293e-02
4.522353374081771425e-03
-2.366547718296298924e-02
3.498237717961510257e-02
5.301260868304882162e-02
-1.227303505066962633e-02
2.754579560383792897e-02
1.603744167717641861e-02
-3.769838047499604605e-02
2.470952512933045561e-02
-5.398407908340048522e-02
-1.066158660991299023e-01
-3.899255194605941166e-02
-3.140027451513791035e-02
-3.591047673174250360e-02
