-1.612629217244099522e-01
1.442731753680139180e-02
-1.888250027942119935e-01
-1.838439503724973445e-01
3.321958020196984912e-02
1.942934341604463377e-01
2.259719475660893206e-01
2.553109909300081415e-01
2.395289592487561195e-02
-4.669229557879136551e-03
1.435876889248763055e-01
-1.670913133295873904e-02
-8.309584212181772567e-02
-2.854364271524360494e-02
-1.847935375571010605e-02
5.264430472986547649e-02
-4.596020500142550952e-02
4.778463387776515914e-02
-1.477627357818336040e-01
-9.360445151117623153e-02
-1.367420558812943165e-01
9.340621624248507393e-02
-2.049247986477068795e-01
5.412071986911358434e-02
-1.374886803044955974e-01
-6.801443763738682091e-02
1.567829515875741597e-01
-6.426125561987586221e-02
-1.389585791700065076e-01
2.046145090247507639e-02
3.134500157186850128e-02
-5.223112825540204146e-02
4.394875268032486307e-03
3.211401770041176496e-02
1.101156989431453237e-01
-3.010483329811181052e-02
-8.867080178664782375e-02
-7.367468382613012734e-02
-7.188737215607779452e-02
7.604753379949820424e-02
1.303015178550409603e-02
-5.257712961383945172e-02
-1.171517413384301314e-02
-8.988519244812062658e-02
7.397465601566906301e-02
-6.458013778025997742e-02
-1.548161229645659415e-02
4.377348408230546939e-02
-9.532921973035886343e-02
4.907520744543009995e-03
-1.661898954626095729e-02
2.069095789660107057e-02
-5.816055404602422929e-02
8.439788305355939990e-02
3.491611123495800412e-02
7.603657751571459011e-02
4.775879238044463543e-02
-3.397339169179301038e-02
-2.018802294565969283e-02
-6.027495710366879283e-02
-8.494959422997472309e-02
2.342769703866550562e-02
-5.971720879129106124e-02
-3.481098840716835563e-02
1.564937440267089377e-02
5.986254724964502894e-02
-8.266979281247151257e-03
1.185770165058486481e-01
5.760539307763037908e-02
-2.262552457610654804e-03
7.510966951911778045e-02
-1.698297454251227259e-02
-8.792114282420620056e-03
-3.654208124497827087e-02
-1.180368365785466611e-01
7.392060927467236642e-02
-5.826583658640548113e-02
-1.469771095437641655e-03
-3.967327854577087920e-02
3.461022967952995244e-02
-4.284603306289722080e-02
-3.447626275769774540e-02
9.147698396353897083e-04
-7.103441108939075044e-03
-7.011318886105480548e-03
8.051456721641457592e-02
8.219448813987655783e-03
-3.668374631372549322e-02
-2.173011190257280456e-02
-5.328832978422432670e-02
5.269304901282111792e-02
3.382054674163394170e-02
9.638099103106682886e-02
1.164802457183164858e-01
3.951637689578522267e-02
6.190415330803932664e-02
1.271829697915029082e-02
-2.923481492664211853e-02
3.229580257216834588e-02
-7.636609653469911274e-02
-5.982482313550963743e-03
1.128832306728698026e-01
-9.172447459547887483e-02
4.215035695641565494e-02
5.850003913072444883e-02
2.635704956619685027e-02
-1.234370706681687906e-02
-3.731061823574673836e-02
-5.921571125367405819e-02
-5.297251410559890121e-03
-6.116573811204619598e-02
5.173838296780460672e-02
-3.293145868672746942e-03
1.175861595875760807e-02
4.390051947766233920e-02
-4.399321666582568791e-02
-5.194853279582895000e-02
-1.110031259870991778e-02
3.754239314867342109e-02
3.573214675046765265e-02
-1.819062533261965597e-03
4.383720940635298796e-02
-1.297438014851815674e-02
7.602376856586846865e-02
-3.622345462474071270e-02
2.368812439052482913e-02
2.936785551544306150e-02
3.630593020704180052e-02
-4.767181290306048841e-02
-3.034900190814648208e-02
-3.730991550034370996e-02
-1.756608840868756627e-01
-1.976226111897835466e-02
6.782527404389843140e-02
3.366901143472597353e-03
4.544781506506154201e-02
-1.137498631373976346e-02
-3.389273683303613283e-02
-1.490022652052239160e-03
-1.664109376893808685e-03
-1.235942278583010076e-02
4.748702543458186917e-03
-3.391135932121643048e-02
1.602920288800870757e-02
-3.443802756326923981e-02
-4.156683103175404237e-02
-3.294417180901865194e-02
9.229630955843552698e-02
-5.017754375263791533e-03
1.304050116143963198e-02
-5.318323889895299611e-02
8.733052566047765086e-02
-1.129533445005812403e-01
2.517616660644125468e-02
1.130233305582193787e-01
3.446137754416083582e-02
6.585879678859171693e-02
7.469109475905832962e-02
-4.218466322109085814e-02
-2.897655966602852295e-02
3.645078952762098590e-02
2.918824273493220503e-02
3.538473992122418560e-02
1.245119364096218062e-03
-4.007984291894215595e-02
-7.719244948362598280e-02
-3.532420884900863006e-02
2.667449431325658038e-02
-3.928492140804173277e-02
-3.359413817178494299e-02
-2.002131494254993926e-02
4.650779559297762294e-02
3.040598736082856732e-02
7.298386298243313315e-03
2.005814466617238459e-02
-5.750867113215877430e-03
4.106498212643553032e-03
6.248617793433992179e-02
1.937642744019646077e-02
3.421720893412616427e-02
4.497171182950858437e-02
3.724286815439096371e-02
1.352602743989685455e-02
9.304887529004421398e-03
4.225643805975488887e-03
8.089442764427069027e-03
-1.741515681537584084e-02
1.208389939981295569e-01
7.741984827154288484e-02
-2.871242698204412927e-02
-2.429040057344002482e-02
3.672661317331032960e-02
-6.854257523528232976e-02
-4.036231060844197582e-02
-1.468707409577600653e-02
-2.128694140340730775e-02
-7.868314292856293246e-02
-8.387875324582999559e-02
9.198838368183501896e-03
4.168805288877674986e-02
4.138495033244250082e-02
-4.913960356236232035e-02
-1.670954658569689250e-02
-7.839930171077537369e-02
-2.859896715697307287e-02
-2.068948854075837104e-02
2.254665849837556371e-02
3.672776310396982935e-02
-2.740898057949640518e-02
4.570591061308353943e-03
-6.222316323849671343e-02
2.188825931077291800e-02
-1.783657445956571969e-02
-3.696544738278563502e-02
4.699836878932932976e-02
-1.866161776524147969e-02
-3.502117017771102375e-02
-3.860550404338482233e-02
-1.107095742437424861e-02
2.154082053901112612e-02
7.033512547833907502e-02
-2.429516000866963413e-02
-9.480616099287618448e-02
1.987843605810657097e-02
-1.068585842351370448e-02
1.094692462573941885e-02
5.715580213228265566e-02
-1.580694684554125387e-02
-9.258347279812830996e-03
-1.598186407585912988e-02
1.119326532701982006e-02
-7.544631171968755635e-03
-6.993440658602026461e-02
-1.750485140681715124e-02
4.994564106963794714e-02
1.302465767235313349e-02
-6.988288330397082575e-03
-4.473770094029953098e-02
2.917492270479295213e-02
1.796086279834710128e-02
5.422734399526425719e-02
-3.521515709146567225e-02
-6.605562658647681773e-02
-3.564775461706738702e-02
1.326294885901700693e-02
-3.935155350125632556e-02
-6.303019096384024356e-02
-2.336215099107378027e-02
9.514398506662377500e-04
-3.197356644736068509e-02
