-2.207766357428870285e-01
5.198100877389536661e-02
-1.173860969730294856e-01
-8.418999667366006134e-02
1.695168427503654651e-01
1.359941831493199638e-01
1.403658055751780542e-01
2.459713001728534576e-01
-8.429460315368605960e-03
-8.439722012107893009e-03
3.993053075504408855e-02
-3.429759222351376480e-02
-2.776511475196671158e-02
-4.847974576943479136e-02
1.729755581074614648e-02
1.071209796681622112e-01
-7.232283304689973713e-02
3.560075790194247060e-03
-1.084734294139238220e-01
-6.695732689773818691e-02
-1.116439795727900142e-01
2.368084426741994264e-01
-7.270562225825948077e-02
5.156687601263126169e-02
-1.511503950996739565e-01
-4.703120605386618136e-02
1.801660058008871246e-01
-7.137530147757512045e-02
-1.428172341764947784e-01
8.839104456902531493e-02
2.872960953426852149e-03
-1.266235088398301734e-01
2.908786142315303302e-02
3.528247078437252160e-02
1.519631982696324213e-01
-6.972309849508902257e-02
2.855020435998301912e-03
-2.758494169561228476e-02
-8.555064879606701089e-02
7.176824767448293507e-02
2.353851732594445731e-02
-2.291778938440878002e-02
-2.707737164805201768e-02
-2.193381832054057054e-02
1.509218105692467782e-01
-5.590673604382014744e-02
-1.908281181353892533e-02
4.629697118105103454e-02
-6.330870034350458142e-02
2.646973260541849240e-02
-1.558950685961086116e-02
-1.472204444783700933e-03
-5.643545775200629194e-02
4.908553491435681260e-02
-3.815955037798725996e-02
2.192687247818982804e-02
9.808415954000333781e-02
3.601070221555788264e-02
4.657037210131919486e-02
-7.145488198290020354e-02
-7.266342364819894373e-02
3.046432493543379302e-03
4.521195381765821114e-02
-1.133935639631081238e-01
3.738873639570689661e-02
-6.144895978002594406e-02
-7.377472352058729588e-02
4.273497568568447591e-02
3.259987477657858013e-02
-7.273658186712937332e-03
9.957936554312440958e-02
5.754211542825067582e-02
-2.390134160351212525e-02
-9.768018376428730040e-03
-3.394911337914285898e-02
6.196843199965457183e-02
1.874682850465327760e-02
-4.191993867698004528e-02
-2.936897606784086290e-02
-1.644845276116571262e-02
2.911424864333977611e-02
-4.860976216519617005e-02
-5.058695378149011268e-02
-4.639030375615598584e-02
-5.531473387240839514e-03
7.153816228364830165e-02
6.472083546826000455e-02
-1.563020460926395350e-02
4.017010996054909411e-02
-1.081221233673900495e-01
4.678146986281311393e-04
-3.347281707402613438e-02
3.220375234020383948e-02
1.001239684486451703e-01
6.268392356924183673e-02
5.619853123001213036e-02
-3.630103144507282331e-02
-1.403793133188450688e-03
4.321022487888902947e-02
-3.071105940567196713e-02
-9.419818761901069953e-03
6.662734703048232843e-02
-5.078639369702851042e-02
2.709855821240829757e-02
1.337755275260790917e-02
-8.620345326584558099e-02
-3.819173161742134281e-02
-4.045164345000178824e-02
-2.213947110009118965e-02
2.724585195472052244e-04
2.279115865049675602e-02
1.945631663261074978e-02
6.458551370547694834e-03
1.670611209902088390e-02
3.099800297333755311e-02
2.542185281117737006e-02
2.444098817931526779e-03
5.378839374176538901e-02
2.296176808472001184e-03
7.774830380489834714e-02
-6.200797792620427878e-02
7.428833191350775467e-02
3.857909321746424937e-04
6.929751731025182715e-03
-1.050026722698378656e-01
-2.731771873562593989e-02
-1.415304383476263805e-02
5.293709175716938831e-02
-1.015565920631487581e-02
9.205789087053072028e-03
-3.232556635931987249e-02
-1.052942231299170001e-01
-2.909934475045652252e-02
3.603237743213984212e-02
6.076603339090724115e-02
3.932184460049839396e-03
-6.483577345248610346e-02
-1.937251277590656962e-02
2.558792476044788062e-03
-4.657302478483003189e-02
-3.699488270180852773e-02
-4.297399643150297960e-02
-5.682254012220594452e-02
2.882894555100325856e-02
2.469369118745282608e-03
2.761869360291463460e-02
-2.670864864004578176e-02
8.109857327162368901e-02
-2.629193300273165168e-02
3.344293948079882228e-02
2.014325695072611416e-02
4.725277493448182264e-02
-1.103294352782490384e-01
-2.047152653519209928e-02
4.659700364761877600e-02
5.556816985888446414e-02
3.088407719729321932e-02
9.634574434341504345e-02
-3.166382653455744600e-02
3.761508708738811602e-02
8.205957768088492643e-02
6.342014795469010091e-02
4.498480034017765528e-02
2.772682535971161388e-03
6.032673504002060427e-02
-5.590013923877346080e-02
1.444592103659719969e-02
-7.612887542526322951e-03
2.675870058944760863e-02
-4.392683336784927034e-02
-7.654513731408209287e-02
-7.039000407195148377e-03
-5.562495822825460484e-02
-8.982310972384242864e-02
2.557693008537007331e-02
-1.479230565714376167e-02
3.601775276909983947e-02
3.968735646530729966e-02
3.824590220701105242e-02
6.907982274371123055e-02
2.178641986703713090e-02
1.044036893523449770e-02
-9.594372317660172789e-03
1.739427404770045246e-02
4.355374739354232055e-02
5.960984732121710900e-02
8.186851466064390404e-02
1.660590697939904603e-01
4.923893680949003454e-02
-5.773045595752004933e-02
-1.031956712430022981e-02
5.191881032631234100e-02
-1.405580204185224655e-02
-5.631099104937942190e-02
7.867998908061875222e-04
-1.582395521674621582e-03
-1.073092503899707728e-01
-4.784753450059562457e-02
6.895703142014383835e-02
2.541933974258815676e-03
6.894289540932951876e-02
-2.439966216251487213e-02
-1.846204896827284558e-02
-3.107932866518292939e-02
-2.232564759807540225e-02
-1.872850404619026340e-02
-5.808678814123224626e-04
2.322871181486311012e-02
5.013680037044728616e-02
6.131311446128680925e-02
-8.004954165427917434e-02
5.594076718096573780e-02
-1.188356838005102771e-02
-1.433426400302923766e-02
6.934254312247523783e-03
-2.481184031487625175e-02
5.871854566157614199e-04
-6.079126878799059192e-02
6.448383913880502416e-02
-4.815622309230398884e-02
1.947041773969466691e-02
5.099682828764472153e-02
-4.611086449052762687e-02
2.067428230511904330e-02
6.520889433052345918e-03
-1.201951840998138378e-02
7.553376682184535958e-03
-5.037526265657930186e-02
-1.365748067046194426e-02
8.002730797801071994e-02
-1.725092442692407677e-02
3.259966535419614453e-02
-8.960216911037408027e-02
-8.261011422057465414e-02
9.619956752047582882e-03
-5.272595909194506547e-02
-1.251302225418813967e-02
-7.109837528053597477e-02
-1.341378282476906637e-02
-1.322418576120508796e-02
1.394655336568228002e-02
-2.719691692469167199e-02
-6.458094131679380234e-02
-1.312579214519130760e-02
5.283796516281708683e-03
-1.199609800687913286e-01
-1.092274197981486089e-01
3.571356675861381974e-02
-1.640583530634030437e-02
6.442729509554773193e-02
