-1.821552746960516667e-01
1.081810956281740593e-01
-2.730002858715981917e-01
-7.076082655782933717e-02
1.237217949075791745e-01
2.104489657666061553e-01
1.651835839084221380e-01
2.530946330719647253e-01
-8.243120769598935582e-02
8.229155963599400769e-02
1.305478134725103490e-01
-1.149281197622315370e-01
-1.642300824327747391e-02
-9.119229095348946323e-02
-5.961329983668274546e-02
7.746100771794380002e-02
-1.115807189567022684e-01
5.972167730158114279e-02
-5.213063023406678403e-02
-8.947108693040650707e-02
-9.062998651006599904e-02
7.461327578759045787e-02
-8.325839987655199448e-02
5.218628182634697799e-02
-4.236549032353415650e-02
-2.711258118894484953e-02
1.040685404826567767e-01
-6.128259593027880064e-02
-1.108286517068152038e-01
7.295926893867965210e-03
7.284963309973309376e-02
-9.477538521824042939e-02
-1.294413880906594358e-02
1.091278333433125663e-01
1.642892260130385806e-01
2.719632598185037220e-02
-9.128742403153089491e-02
3.562261882383562644e-02
-1.032883171134419825e-01
8.992167921770394257e-02
-7.769736182354078369e-02
-3.042638340738806554e-02
-3.246636503622293835e-02
-4.399156126857567406e-02
1.375685968807465777e-02
-7.493847110098805775e-02
4.602842842164132919e-02
1.091310736564865963e-01
-1.373066348632693834e-01
-9.836017828795642209e-03
3.218873626184606818e-02
3.998905093357060792e-02
1.321484652617788830e-02
2.982450310014974487e-02
2.342894283774533265e-02
4.289347261479386358e-02
3.864617706806910274e-02
7.677119852408979817e-03
-1.516208598766284610e-02
-7.559210204095723196e-02
-5.803451229650111176e-02
2.425050379444242121e-02
6.939964334992699234e-03
-5.198122977519814558e-03
-4.970102454056818386e-02
9.787221229142842316e-02
-4.027784777762495605e-02
1.029284221356661921e-01
9.543939774410699350e-02
-8.522011063959086807e-02
-1.437368318713496025e-02
-3.433917167275881560e-02
-1.475103810482906487e-02
-1.618215545045829235e-02
-7.929191049867570507e-02
9.425507900867453881e-02
-2.787175825220405620e-02
6.200417906884901111e-03
7.865888543374525976e-02
1.642650023126113537e-02
7.805757139482860998e-03
-6.675366023884606037e-02
-6.227850461134943651e-03
9.096502860039048025e-03
-3.698782882869210142e-02
1.327292048850079939e-02
-9.316903928640392352e-02
-9.296521414995206900e-03
4.837441515963923112e-03
-4.972222814327979107e-02
5.261299646608044028e-02
4.641594470977437881e-02
6.213589937234090255e-02
1.601465013497165024e-01
9.268003513128621196e-02
-1.108847751893634638e-02
1.469406521979830203e-02
5.827813351222625900e-03
2.461697377661987984e-02
-2.572371375198283586e-02
-4.529920066072850443e-02
1.097390885372097197e-01
-6.005857549362667025e-02
3.848991847063795019e-02
3.796857410248232617e-02
-4.129873518355171164e-02
-6.446279028415786982e-02
-7.675389588092750189e-03
-8.902411246849756266e-02
6.147377440754658168e-02
3.954817958579526747e-03
4.423924074060615191e-02
3.083198882246351857e-02
2.904852674334751014e-02
7.526265971514708997e-02
4.643887857680223386e-02
-1.960697771930104694e-02
-1.551902378642544197e-02
4.263179373147751861e-02
4.052675416435241179e-02
3.099960424567937620e-02
5.989734631870526765e-02
-4.618254778319059312e-02
1.220294391095504694e-01
-8.714765654722199384e-02
-2.271075730910517010e-02
-1.186184274958863513e-02
-6.213347700229818714e-03
1.418237887246235826e-02
-1.154624253830832843e-02
-3.382226307312297033e-03
-1.312430965934738569e-01
1.784374400300932015e-02
4.130442932611966267e-02
2.538942668608724570e-02
3.586926013727637780e-02
-5.188811009563378679e-02
1.855526014919419917e-02
-1.625504676719837296e-02
5.756262202843846071e-02
-1.548086359341477314e-02
-1.431409917595424797e-02
7.187256857003375410e-02
7.171681332222187844e-02
-5.792975265699120552e-02
-1.962988012697768417e-02
8.973496796830715203e-03
7.291576065596426515e-02
3.869311442006573287e-02
9.107608011014121582e-03
-5.676141527197046954e-02
6.456305123644558164e-02
-4.877401183863468853e-02
5.857353682003348799e-03
6.804925069948769556e-02
4.702462023687280224e-02
3.353991539606548250e-02
9.891112590559517082e-02
-3.396411328770260890e-02
-5.279759993894655133e-03
3.246627065816931612e-02
2.897963076421036094e-02
2.110107668604103634e-02
4.942635294520451167e-02
-1.341156184925760934e-02
-4.476297601945329607e-02
-1.668808473652386853e-02
-1.747629878094452945e-03
-3.533218609351865963e-02
9.904725051825566048e-03
-2.568498729065049266e-02
1.525215411016040551e-02
-1.488801211997205394e-02
-4.912604197860943184e-02
8.556251421809712987e-03
-2.585096682760373160e-02
1.104953084214557388e-02
7.401702670421769770e-02
5.711193536308741166e-03
6.965619435899705891e-02
-4.959661095392151747e-02
2.221933078394471711e-02
-5.947412366695546682e-02
6.565975567877441188e-02
2.831001847382945066e-02
-1.642108922285401978e-02
6.188337516022496786e-03
1.094812476947402968e-01
4.923743954122342115e-02
-3.791263937604130024e-02
-3.497987281938308435e-02
6.952475718966601159e-02
-3.642885907649628247e-02
-2.549890522827778436e-02
-3.230667736951053221e-02
2.600470867693854826e-02
-7.431887917902178786e-02
-3.310646845517432879e-02
6.051741013093960182e-03
3.697964939737901496e-02
-2.008207684118652747e-02
-2.506671666143479860e-02
7.647296387467419736e-03
-8.292766771734247366e-02
-2.149302874269387945e-02
2.594436964132893278e-02
3.834957830491611541e-02
4.680874616890973866e-02
2.702987455462906984e-03
6.903971691280000322e-02
-3.748664830138553460e-03
-2.349887697547221963e-03
-4.314099479006832522e-02
-1.251603995787949931e-02
1.907430798471191485e-02
-2.047157506844544603e-02
2.381158292644173949e-04
-1.128547597617690357e-01
-4.282514290397839568e-02
-5.999833083607067005e-03
5.614427717939812768e-02
-3.312713724891547251e-02
-1.708997794815723297e-03
1.872860117432921523e-02
-3.816283559616812093e-02
4.053474483955826768e-02
5.596303985711086060e-04
-1.954792851709080334e-02
5.040823075563807820e-02
2.017746159403759412e-02
-2.204246631147483218e-02
-1.600551119344683845e-02
-6.669184261372985978e-02
-3.558880002129113235e-02
3.696741170976058921e-02
-6.222030481162171660e-04
1.001307105737275251e-02
1.630056844839081545e-02
6.116298747700051747e-02
2.295176739868037136e-02
5.716519604467608373e-02
-3.372750750729599373e-02
-2.070591577556536375e-02
2.882620350838758670e-04
2.808156066538471368e-03
-3.915484331768944587e-02
-1.408991983927328218e-02
7.571951241333415216e-04
-1.052393631564226412e-01
8.854171477713270941e-03
