1.530052327903284881e-01
1.029580305892446729e-01
-1.050942963416178627e-01
-2.231152604219949209e-01
7.327483024673801804e-02
-9.619891741183972389e-02
-1.891344105497424488e-01
5.640895027904346132e-02
5.069653570137606924e-02
1.437783850258716467e-01
-4.316671379237192741e-02
-5.115441707933296271e-03
4.630190934932686825e-02
-6.171553570245674053e-02
-2.355450504493055916e-02
5.619772585053528502e-02
1.577329042787617153e-01
1.709715084180253933e-02
-1.950179909321467231e-02
-3.520118153157000829e-02
-5.312441726922696728e-02
3.142028482173064158e-02
-7.995567661773272938e-02
4.977378239007362870e-02
5.819500291341640069e-03
-1.167148610478349743e-03
5.042164239094573674e-02
4.176476476266287319e-02
-3.539797937273198719e-02
8.916844046912714150e-02
8.342038776594895566e-02
1.139105175118479973e-01
6.720747364595450191e-02
-9.281799012600221166e-02
2.136120458476875594e-01
4.995234995933971189e-02
8.788111598733500118e-02
5.808298269005603837e-02
-7.544443820692080249e-02
-2.760474374180338364e-02
2.406625482029414037e-02
-2.992255832971134344e-02
-1.930194459744156987e-01
5.202977853719172735e-02
6.640849428594530757e-02
2.986762764202500683e-02
-8.907362249481141914e-02
7.963065005958865072e-02
-4.974499775023798892e-03
1.263323917632038773e-01
-2.196439356601021398e-03
-3.386290138378311720e-02
5.967946791065427588e-03
-3.721895051661982395e-02
-7.443567365039521766e-02
-2.273750101759570985e-02
3.198048874081754755e-02
9.477976613308604359e-02
-1.435855964738295965e-01
1.928845351089003568e-01
-8.125067700348102828e-02
-9.580898834435197173e-03
-4.528307016885879666e-02
-3.694063046335190059e-02
-6.711258713678203147e-02
1.173375687562792785e-01
-6.512230062928957286e-02
-1.195357557517274551e-02
5.910562555507381521e-02
6.227522561011801343e-03
-2.431058158461330346e-02
-4.270735891499487930e-02
5.266944862268201771e-02
8.418294084959472567e-02
-1.377598937779519472e-01
-5.018365510087608589e-02
-3.472215715030527259e-03
6.241904600701107114e-02
-2.878436569621051211e-02
9.331020746719163265e-05
-4.935798141416217893e-02
-3.989122738364662968e-02
2.784115473016774908e-02
6.252966126580801476e-02
5.298378374317284922e-02
7.076515232735416938e-02
5.583466244689411564e-03
-9.083418016247278570e-02
3.518887952478311123e-03
-7.515275385658636009e-02
-8.231378970141057247e-04
6.582550252698851634e-02
9.046361219201732445e-03
1.364439902608944287e-02
2.888195933222467270e-03
-3.823713861594874724e-02
-7.903933131553655955e-02
1.133109745849857214e-01
8.174988490005909159e-02
2.594294480272095471e-02
1.645306025805177291e-02
9.177005789884314091e-02
7.055742317654031814e-02
5.588962740200883322e-02
3.141476776576214436e-02
-4.479232632708955199e-03
2.001858618054949343e-02
-3.653219698454122921e-02
-2.753922441874893587e-02
-1.837758757049114816e-02
1.041616054760864524e-01
5.236830646211584894e-02
-9.528613592219463413e-02
3.976474630551170286e-02
3.207462136656576146e-02
2.390382720979304654e-02
-7.810413892773372668e-02
4.972217564293973657e-02
-1.680752253717062578e-02
-5.193376120288285130e-02
-7.287561470616041315e-02
-1.298152989158876322e-02
1.518208819308055069e-01
-5.319692714767007558e-02
9.438654739247421405e-03
-3.200471581267921167e-02
-7.381546746422234899e-03
5.856303509417204965e-05
-5.937212334555208582e-02
4.363326482970787679e-02
4.498765066883138319e-02
-5.786404809016331557e-02
-8.738673979815793358e-03
-5.612182349668298070e-02
4.294657983248605093e-02
9.678458203020982864e-03
-5.752970079150103444e-02
1.101490847013260610e-01
1.588936106127054187e-02
8.764285455783835110e-02
-2.200362977150045751e-02
7.518650727353646916e-03
-8.996532951600541561e-02
2.779030186645812042e-02
-3.953625109310214547e-02
-6.094307933201038169e-02
4.986318611070598983e-02
3.100784205380000685e-02
8.928943875872194513e-02
-6.767553245013899210e-02
1.941763828912381005e-03
4.217600817060036117e-02
-2.234681806668368034e-03
-4.743365970629305484e-03
5.591615039157167566e-02
2.942393297941567690e-02
1.032968669210241747e-01
-6.128489693005858413e-03
3.873716893080781515e-02
-3.494129735476825260e-02
-6.939329009975903073e-02
-4.600631851215757073e-02
6.097611313296461694e-02
8.333728925213773620e-02
-8.061395391683104372e-02
-3.298925329734313933e-02
-6.682988085268201650e-02
2.881339020804478054e-02
1.584046144097833253e-03
-2.605798055977837698e-03
-3.435076676156879893e-02
7.829483716664481507e-02
6.064426735657376527e-02
-8.846236010744464029e-02
-6.140311955795494693e-03
-5.272523599607775203e-03
8.864743848810210936e-03
-2.687899387623318703e-02
-3.787774182714378352e-02
-2.848438862820911952e-02
2.188270001676240542e-02
-4.847024941465975616e-03
-6.330016439283696165e-03
1.018109284243661448e-02
1.867598833678725881e-02
5.960476491679512134e-04
-9.053540245446453638e-02
2.074755718438701241e-02
4.088488000425850866e-02
6.681004001165244399e-02
2.869999928754939436e-02
3.070872167150800677e-02
-1.910642150461516406e-02
-4.528759346940439828e-02
2.140134545036811650e-02
3.177738569283442699e-02
3.060012819098522838e-02
-5.233040668633225784e-02
-3.100256486983013829e-02
2.546830665228832016e-02
-6.299795994199114402e-02
-2.256914514198560956e-02
3.972955365656979931e-02
1.454892206549597902e-03
-2.142036387311666706e-02
-7.818884801067858825e-02
1.025488774944381259e-01
-7.652704907159616279e-03
-1.017356771516529784e-01
-1.851715880626561561e-02
-2.788162456307952120e-02
-5.514948521652082020e-02
-1.857054745967504777e-02
3.210107582127184195e-02
2.740229177495940444e-02
6.643940350634024508e-03
5.470154139279290173e-02
1.658673749614561141e-02
-5.744105095429295066e-02
3.197877536939876253e-02
7.532631838130955659e-02
-4.199401385849670099e-02
-4.551355289211415217e-02
-6.906185553250869524e-02
-1.198448479556767955e-02
5.505607220676850266e-02
-2.934011484960857147e-02
-6.559262108374686040e-02
-1.989645706581828766e-02
5.553704983145064944e-02
-7.029349544319023202e-02
-3.433959557991829448e-02
-4.138943361966318513e-02
-3.277614416027430089e-02
-6.370578794252082511e-02
8.267839513932864065e-03
-2.709785994126916175e-02
6.792688403727518975e-02
4.442744674974447028e-02
4.535578565187215611e-02
-1.723432335759070635e-02
-7.874175296752146391e-02
-4.899601456822903073e-02
-5.059119762654899072e-02
5.033244427488362677e-02
-2.533898137759820271e-02
-4.400523776472674287e-02
-3.740975155781604746e-03
-4.248078267857435808e-02
2.229109922814469930e-02
