1.316342692642842593e-01
1.378535375745587044e-01
-4.698336346177768574e-02
-1.940067428891752432e-01
9.218470970879356907e-02
-1.665096913855091398e-01
-1.969970036220400067e-01
9.508486180859418435e-02
9.559337650250927798e-02
1.142085070351601117e-01
1.279700156519756292e-02
-2.314721727148673011e-02
1.177212665339565263e-02
3.176682199958183808e-03
-9.287797172033529502e-02
8.555202495960835540e-02
1.507904783393018144e-01
2.254222561124172991e-02
-7.504949447830361678e-03
-3.678654580368845989e-02
-3.531184990868864448e-02
3.171827166504562895e-02
-3.690442562202485288e-02
3.992350798688611840e-02
7.547131449100835622e-04
1.789613257636509663e-02
8.860288333787802451e-02
1.037620441477619809e-01
-1.481858628600755609e-02
6.397026874538824792e-02
1.670292357700288097e-02
-1.391710603784433210e-02
6.997659180878208762e-02
-8.607314501421438335e-02
1.493277641022504321e-01
2.453508717943564399e-02
1.076420004296023553e-01
-5.367684281512858334e-03
-4.963757972226438830e-02
-6.138810656489275021e-03
3.445353645559987715e-02
4.716239897534123954e-02
-1.263211425595119064e-01
3.822818545333467322e-02
-1.858072840243180784e-02
6.846092849153671833e-02
-6.812938124419680441e-02
1.135504021624204746e-01
-3.967031749988287476e-02
1.337399553759541504e-01
-3.094619332272536757e-02
-3.450412203066430955e-02
5.132666522839062634e-02
1.719000259245135470e-02
-3.165629530831515909e-02
1.798624120942925869e-02
-5.207753767746518131e-02
3.592580319254987109e-02
-1.277652441936680816e-01
1.027107767620134143e-01
-8.839837449125152735e-02
1.230128919073419924e-02
-2.833803258580479614e-02
-6.299890096360258145e-03
-6.267858036562803936e-02
2.878220741785987233e-02
-3.242200531736968289e-02
5.436570608101255059e-02
-4.264813700435738167e-03
1.041524492381197542e-02
-2.900168513030686526e-02
-8.254042702765733430e-02
3.470400234641210502e-02
-1.057927874509489823e-02
-1.275670052009268973e-01
-8.291747174874111725e-02
-8.988869578127450452e-03
8.346521406251475317e-02
-6.720134438978626022e-03
-4.449544604832306183e-02
-7.024609704647126474e-02
-5.106989665723292438e-02
-1.961430232616887329e-02
2.665262364321341337e-02
4.656748503835696218e-02
4.420102552739319651e-02
1.957310511870237902e-03
-1.391431907137906654e-01
-5.334500012964748378e-02
-7.106892509615661546e-02
-2.155680810451928320e-03
9.595233384405996158e-02
7.307353853707802827e-02
2.303390033110877186e-02
1.811948381110774220e-02
-1.323977142475896429e-01
-6.242023612438397234e-02
7.994240966691774919e-02
3.310289175344140883e-02
-1.589056716809984088e-02
1.374217383179736351e-02
1.788815574655286053e-02
3.298363322377943774e-02
5.550846081115085734e-02
4.374178335013722413e-02
6.889102077219488862e-02
6.700740566332247239e-02
-2.921433493904626588e-02
6.905603938728178959e-02
1.467165505045375275e-02
8.707481161870250785e-02
8.638781946104610865e-02
-8.238003694344912808e-02
3.116445645614745324e-02
1.069377743803763027e-02
6.602113466863657187e-02
-7.724164548596293423e-02
2.154059183321374582e-02
3.162297645128050311e-02
-6.661365227403116818e-02
1.116339277669552675e-02
-3.884834293816096656e-02
1.103337373340207012e-01
-6.778696843855298859e-02
-5.536904683496742322e-03
-6.974966248988498374e-02
3.507618875139625197e-02
1.008419007337405665e-02
-2.007643323191652188e-02
-7.642459489326092550e-03
7.312750523753612985e-04
-1.288625014500625054e-01
1.655980021082446851e-02
1.949271311783748462e-02
5.257551507767770083e-02
8.942912533941719307e-04
1.648971571844122779e-03
5.401603862767940384e-02
-5.110019547993537720e-02
9.281021790662147275e-02
3.739649425941349303e-02
7.158105070068631996e-03
-8.772382356198540898e-02
1.254771742695010885e-02
-9.474786536887225274e-02
-9.102055212664875161e-02
4.465022280784857085e-03
3.380823390231196129e-02
3.385314049977344864e-02
-1.089167175294739748e-01
-1.192234053496272345e-02
8.666842004226012024e-04
-8.142527935049059806e-02
1.009558085504009065e-02
-5.969767517390106581e-02
1.904965438542691528e-02
1.522519123444080469e-01
-1.182258092261955634e-02
5.833990712989380739e-02
-6.512264162834542625e-02
-8.928698676704274750e-03
-3.347724470479430947e-02
5.297878814040747619e-02
1.041808769525946476e-01
-7.602608166725038571e-03
-1.041996208613303887e-01
-1.371197348847531285e-02
6.279219274414718499e-02
7.594276811143367556e-02
-8.837851448287127598e-02
-7.092672087086192290e-02
-2.588530513761238758e-03
2.786418263378978230e-02
-1.122234581644777907e-01
-1.131659386613467072e-02
-1.170148411119015762e-02
-2.357304211232765304e-02
1.001144663772007316e-02
-6.702536173701505173e-02
1.860991112548974688e-02
5.966987116216869447e-02
-6.802338460442843016e-02
3.848669382687940066e-02
3.752136611375814224e-02
-4.204675625472697673e-03
-6.879733405497624743e-02
-7.017227033763290267e-02
-1.158445778081721150e-03
1.265730856410300920e-01
4.293494178653646520e-02
-8.028039090044366763e-03
5.196957145008885420e-02
-2.113485678597401204e-02
-6.761932370665546532e-02
1.872664201772150303e-02
-3.347553772886741053e-02
9.407232964580214407e-02
-1.346295196190892308e-02
-6.115356150724485934e-02
3.528647505500610328e-03
-5.281971111460459500e-02
-3.635047910728614329e-02
5.053581015087448003e-02
-1.201087021529450571e-01
-1.580439771025159840e-02
-2.357287798002698914e-02
4.975230820042805119e-02
3.629841634151573931e-02
-7.951688026421802058e-02
7.389662919844445371e-03
-3.580473920758060064e-02
-1.612993771538722559e-02
2.178193196810909379e-02
-5.070069746012085404e-02
-4.997290201251954750e-02
1.220399156290098361e-02
6.052815178879733526e-02
-3.920326262511533016e-02
-4.699275182937562995e-02
-4.706428068600470270e-03
1.280424308230282970e-01
-6.227277966546804211e-02
-4.629056102067780759e-02
-4.366733293855634690e-02
-3.386078906498436042e-02
-1.534965275803379901e-02
-6.588296809793818543e-02
-6.899563870063768478e-02
-3.652271954360223564e-03
1.095613635535592489e-01
-2.405263669486587541e-02
3.971870370211842693e-03
3.518008449771613255e-02
-2.187637369391076669e-02
-5.219256159377004545e-02
-2.022077117711984853e-02
4.745665536397043749e-02
6.315508926091378816e-02
8.403298051696930782e-02
-4.388346235206980195e-02
-3.012175677649350444e-02
-1.880775620070931561e-02
-4.280189614361878253e-02
-4.149376170733211355e-02
4.603845380685894079e-02
1.961564821103431097e-02
-1.349082162656155444e-02
2.142034850974779484e-02
-2.588556774929344842e-02
2.246547734745155817e-02
