1.439032106808282863e-01
1.450455673576843685e-01
-1.333924422655377862e-01
-1.681023537467104811e-01
1.373240446696220030e-01
-1.230619100835924490e-01
-1.754913939146102997e-01
3.720621388454693756e-02
1.112363275175119182e-01
8.236741514463861991e-02
-4.860406658815432518e-02
4.183114492768287562e-02
4.772217946223885634e-04
-8.317372262125272142e-02
-8.259418806092440335e-02
1.039723928994444463e-01
7.007649971753367180e-02
-4.416096829230387044e-02
6.402003916405740735e-02
-5.704405451773268687e-02
-3.796027799009341758e-02
5.988387916532475486e-02
-1.413322457744588256e-02
2.388099520280059437e-02
4.258177822667678913e-02
6.952852178381253856e-02
2.242578973040945320e-02
9.932103445533931041e-02
-5.249460121875298979e-02
8.137047710987653504e-02
7.666358036167804715e-03
1.507010991018555013e-01
3.935478196437151160e-02
-1.866467123728191291e-01
1.206485244999685874e-01
7.764013736741504079e-02
1.091736654750281033e-01
4.091841451117610856e-02
-1.017957329679469725e-01
-2.526510485227589226e-02
6.449264125876745524e-02
8.610651872958090258e-02
-9.256795032978561155e-02
3.425735073167066741e-02
-1.570983304606311803e-02
8.854881140603865219e-02
-8.374333841412216761e-02
8.800069759879067255e-02
-4.496622274908501637e-02
1.495546322508126830e-02
8.490397008033740561e-03
4.832114393690442600e-02
9.452605769337074637e-02
2.341440551165295883e-02
-2.681199098689820981e-02
-4.041761865964802955e-03
-3.627531038382614259e-02
-2.498442411421874718e-02
-1.078109219376474359e-01
9.129267537530426357e-02
-5.771054813523470578e-02
8.721721687468465822e-03
-5.120241001018083216e-02
5.621142154529450846e-02
-5.394810827205871046e-02
1.057904486252455277e-02
-1.609326813878840176e-02
1.561417808317204850e-02
-6.235501099785301093e-02
-3.876814801226611401e-02
-1.032903757315016546e-02
-3.464605092356076027e-02
5.471328003842385046e-02
-3.312939664865899303e-02
-1.465026410910694743e-01
-6.816455538469035069e-02
5.391121860952329849e-04
5.096187989930311274e-02
2.613017762924566695e-02
3.274674282871300329e-02
-4.590952470912941508e-02
-4.994513829800498184e-02
-2.032141451518761771e-02
5.736315349550211856e-02
3.968964227125366950e-02
9.596414310138080828e-02
4.711373780907662095e-02
-1.310629585847338796e-01
-7.447370672969597094e-02
-5.642430139346153034e-02
5.118168929733865613e-02
1.094133803447448067e-01
-4.514635707728507225e-03
4.057098590306180280e-02
1.380869065860309587e-02
-1.999348375817398132e-02
-5.326891047979771115e-02
3.523815378512122620e-02
8.252577574016353723e-02
3.366511199658337589e-02
3.189114723023989129e-02
4.175525956294613705e-02
6.957060860874933472e-02
4.098336205700271045e-02
4.605103698732693207e-02
6.330123423872434374e-02
1.111577926190019175e-02
-4.403796878213748003e-03
-1.825593309702198616e-02
-5.085640807409828879e-02
8.073414741533163630e-02
8.263389709914162329e-02
-1.401009259059082523e-01
3.170894083075562198e-02
-2.056955354356803951e-03
1.246772085389756257e-01
-5.163890371513475686e-02
1.053819788352011039e-01
-2.949175661987993302e-02
-1.104290349578282565e-01
4.307839596725471926e-02
-4.688625155677494938e-02
7.784489877235374611e-02
-7.872077349470681107e-02
-2.307234390784859788e-03
-3.611701772506463459e-02
4.396449517250203970e-02
-3.398190112439662680e-02
-8.767646939538327813e-03
-3.791068415279903736e-02
6.746090035759925996e-02
-6.690045602779111367e-02
-1.528332604533148495e-02
-6.637262134442309391e-02
-1.971008554958016135e-02
4.733443038503659661e-02
3.581150609997860168e-02
1.365722564456499921e-01
-3.425663739565478622e-02
5.905409953695008041e-02
-2.414927748153414266e-02
6.704601054341192967e-02
-1.564084326281320048e-01
4.598184339378676155e-02
3.820389922370661176e-03
-2.383914615653575167e-02
2.217727704983023847e-03
1.050182114354850232e-01
1.665140261864038115e-02
-9.916216433408878150e-02
-2.631910976830821244e-02
-4.644914642095027829e-02
-5.344357589854270563e-02
-1.835722681127666470e-02
-3.348691386614070786e-02
5.485231262475664948e-02
7.706104439604893885e-02
-1.038056760820192312e-02
3.086061446596812669e-03
-7.272667889004731656e-02
-6.411382586595451571e-02
-8.545154039347805514e-03
2.870667938183361911e-02
7.508537537912052251e-02
-2.438607107042393279e-02
-8.826531129229971129e-02
-8.902199096323773486e-02
-1.447803762016862915e-02
2.839515535318518427e-02
-8.509694445682325359e-02
-6.744109679106322086e-02
5.329829312997554774e-02
-2.096317915080586625e-02
-4.518980263749021453e-02
7.197295446831793175e-02
-1.039102986976813379e-02
1.635781389553401686e-03
-6.315958608699999421e-02
-1.523308680878464674e-02
6.851320685454615964e-03
7.993769076941298346e-02
-5.287599820857576821e-02
-1.300679907161108803e-02
-3.014727845009011580e-03
2.930357178521497338e-02
1.085564939477667856e-02
-2.221403083883881358e-02
4.334807094963831486e-02
6.639011506100295223e-02
6.914858543440322025e-02
4.434983249460299620e-02
5.024103687106751953e-02
2.692079171351046199e-02
6.796798035974341290e-02
3.093317092929743009e-02
1.397496588706608964e-02
5.934721270271253041e-02
-1.143633888008308529e-02
-9.872332681079695402e-03
-2.771898074689624694e-02
1.473548398513717340e-03
1.948103675171990526e-02
3.203374649665207546e-02
-3.158026860084391096e-02
-3.671652569383754283e-02
-6.519143880727423096e-03
4.725314404760820597e-02
5.321744838150937323e-02
-5.362968866192344836e-02
-5.746668912294955467e-02
-3.135213694928978487e-03
6.670286195139289720e-02
-1.917511750605336435e-02
6.067758437232501773e-02
1.537330828847723908e-02
4.389632063041312704e-03
2.487677831258458538e-02
2.253136346075940155e-02
1.523318871392977461e-02
-1.101842587992369997e-02
7.680611169132681160e-02
-3.376097076976469769e-02
-6.526708639333901607e-02
-3.414148458166305078e-02
-1.581058326621045951e-02
5.871540080293486535e-02
-5.977382160858928789e-02
-1.576791897878461121e-02
-9.451386304433741226e-02
1.563035042970345456e-01
4.010884606991798121e-03
1.428356863488759905e-02
2.342554714085334083e-02
2.975324522227178713e-03
-2.446861423797553128e-02
-2.668838004586106608e-02
1.376616224470408358e-02
8.670269779694636525e-02
-1.672603115325390450e-03
-5.483165984867789666e-02
-4.850868337231691724e-02
-1.010036242748870057e-02
-4.916580171646740827e-02
3.038363045001769847e-02
3.548112961948195893e-02
-3.001480176142705836e-03
-3.847051705173644420e-02
-7.185630704553101766e-02
-7.065294315512653245e-02
3.801014357444146285e-02
