2.332888245845161634e-01
1.116744174604989148e-01
-1.994987380180636427e-01
-1.315751027325045598e-02
4.505430386804162857e-03
7.297207449821405123e-02
-2.073044761467857100e-01
4.866989168884156697e-02
9.679659131338125277e-02
1.484525368005846224e-01
7.404709784285257168e-02
4.385482496744783076e-02
4.090358647478611193e-03
5.102164726503786996e-02
-1.521847375716348094e-01
9.461836255033226339e-02
5.723009581592982536e-02
1.919899194754280322e-02
-1.598250480267461304e-01
-1.201142339252452562e-01
-7.108929941364314220e-02
2.520690433760221227e-02
-7.892142387931688763e-02
9.218869398474817400e-02
-5.405618595754833888e-02
3.231230510639924308e-02
-5.703025596121128610e-02
4.556524596495817314e-02
-1.189530152132313584e-01
-2.055807153900387346e-02
2.156877818732272703e-02
4.476698597679031576e-03
7.732171555393284323e-02
-8.488447949655848757e-02
5.520512769334168235e-02
-2.574243703465009178e-02
-6.304773339841567015e-02
-1.319820753322935858e-01
-1.672592885198030954e-01
4.676245270875890869e-02
-5.530165770935646652e-02
-7.759855220578392755e-03
6.229176484475087289e-02
3.951474895887401029e-02
8.876360085766306363e-02
1.913383235434830756e-02
-1.144137590083627865e-01
-1.820381292556618735e-01
-8.022901346603203421e-02
-1.146302735621271829e-01
-6.328583344171410940e-02
-4.396857939786161240e-02
4.846030354852700478e-02
1.488031819005198979e-02
-8.563583044125674948e-02
5.438883704159019547e-03
-5.851617320849132609e-02
-1.416975612455816103e-02
6.369203644000867581e-02
-3.094820478137931888e-02
-3.939941867778117002e-02
-5.755655344032608450e-02
-4.797365887022009973e-02
-3.307061911223752038e-02
1.351416559438027055e-02
-1.233744490940727684e-03
-5.983746903134524314e-02
-1.179126239358418982e-01
1.283794241461379618e-02
-8.656070819910233194e-02
9.455891999681062532e-02
1.059707541945681258e-01
4.451851463716226601e-03
2.474074571812304515e-02
6.311828020207112255e-02
4.830345143442552058e-02
4.688969348917019359e-02
-8.082585774880228502e-02
2.906608935523219417e-02
5.835045235335887572e-04
7.875170842595148601e-02
-3.010545449729576037e-02
-8.216785951662519683e-02
-1.882122755685166834e-02
-2.338038345750460822e-02
-1.716977269289022417e-02
9.995056482828815203e-02
2.748433839805135975e-02
-5.176368969642262952e-02
-4.750522809394787382e-02
5.777427736786741597e-02
8.491966127916070195e-03
4.585494595607316620e-02
3.105825779508182907e-02
2.127347109960549959e-02
1.835701126495366958e-02
-1.249066890217790521e-02
-2.210416429360976751e-02
1.398739721807008493e-02
-4.965025404966603301e-02
-9.996705628888293005e-02
-4.222004480253222641e-02
-3.477041227958677788e-02
5.430648968168692164e-02
8.821674402434009910e-02
5.696993386312459474e-03
5.145977040150590681e-02
3.499649188049613197e-02
1.211961470356433673e-01
-1.230795817786380780e-01
4.947265934290533823e-02
3.592492446429212949e-02
-1.153693841782950785e-01
-6.935098952388251380e-03
-3.250408246927145167e-02
4.704273424348977273e-02
-3.734931023970853442e-02
6.997150821452884084e-02
1.118579124453835186e-02
-2.944370715516248307e-02
3.570753036596269886e-02
-5.561715767437975383e-02
2.876293966180989634e-02
7.309345164819164471e-03
-1.403368325080610671e-02
7.752635625606899006e-02
-3.277314981079786776e-02
8.002972332666663524e-02
-2.069828560174972673e-02
-2.202152375218480521e-02
-6.886870592071067665e-02
-1.093933552787189128e-03
6.714787697918052356e-02
1.116329322751804798e-01
-4.714879265895932647e-02
4.302255592276451462e-03
-1.604996587081433321e-02
-3.803674761267946541e-02
-5.117347864558049325e-02
-2.295277820812702263e-02
-5.397339882536253408e-02
3.746064592256842518e-02
6.496323487034467992e-02
3.212650131703136819e-02
-3.969139082568923227e-02
-1.137379389531886255e-02
1.363114502153258724e-02
2.621863712124696683e-02
5.283475509051838853e-02
2.850461009351519179e-02
-4.349084010827589108e-02
7.538649762467052734e-03
-9.306570985917864830e-03
1.619937850380305565e-03
9.889690708704243494e-02
4.982128881987902408e-02
-5.020040917510794343e-02
9.127437076168326557e-02
-1.023062783550271887e-01
4.967312220835746334e-02
5.749458219617991500e-02
-1.677097252801819025e-02
8.504133161065997870e-03
-2.750028014329298012e-02
-1.436922950237459924e-02
5.083862870012600260e-02
-4.591966577698514129e-02
-6.645618847414516001e-03
-9.490699975843115699e-02
5.588384291604247406e-02
1.850411509345912045e-02
-3.495108539232516520e-02
-5.488647602696028471e-02
1.176489804524666512e-02
6.581030958187307489e-02
5.450783209170410176e-02
-9.532097206705038295e-02
9.005154728242530104e-02
4.864119654740664545e-02
1.971883943318053500e-02
2.482514534867811726e-04
1.847776540419767896e-02
-4.203592680691402989e-02
6.528401210275829036e-02
-2.626521633550467361e-02
1.632368746899749701e-02
5.288470589227547286e-02
6.529980725723906476e-02
-5.291629620123702860e-02
-1.066268211447187440e-02
4.768516825288204863e-02
9.003091463283671367e-03
-1.067323664925253629e-02
-3.992326076165186172e-03
-1.444083908904616152e-02
-4.842743057040806848e-02
-7.080088209168551583e-02
5.600492688449838080e-02
-2.219871533435317790e-02
6.046275192171893936e-02
-6.266755026017062791e-05
-2.731883742906017487e-02
2.413983354173941177e-04
-1.726908793336101935e-02
7.379426542808945055e-02
-4.091546032641435460e-02
1.836181211237125979e-02
1.376505568156221812e-02
-2.863701819824618702e-02
1.222728195263413434e-02
-1.609636917615902552e-01
-2.076560740866664756e-02
-6.075930503090332634e-03
-1.908663012935702188e-02
7.134326790680278751e-02
-8.684216245991992211e-02
2.812208150309667559e-02
-2.963665724412143515e-02
-4.098102304420116887e-02
3.269563994600239304e-02
2.497595059389484673e-02
-2.193730736008078341e-03
-3.281632078986598117e-02
5.772058850170884436e-02
-1.006264215311525184e-01
3.035348606464127741e-02
2.977646818227496980e-02
2.392251273879039686e-02
5.444428499687887363e-02
1.970396047095501757e-02
-1.716856331911327180e-02
1.757535268045122209e-02
-7.037796774665489030e-02
-4.197311266589302120e-02
7.957019793911560002e-02
3.365503982802637174e-03
3.143627871960443659e-02
-6.528958255167029157e-02
-2.274868722134404560e-03
1.262644859440827452e-02
-5.806324440517819652e-02
1.420552427020373328e-02
-4.625708106075436706e-03
-6.759677453657048085e-02
8.052926799192767701e-03
-6.802837438418101249e-03
-3.835503280215875332e-02
-6.289143099966734707e-02
-3.483740425729180135e-02
9.651946148000849213e-02
