2.470964703204991675e-01
1.200051357794221646e-01
-1.157288758166101841e-02
-1.062173935324696034e-01
6.293207966866007363e-02
1.528445946758748980e-02
-1.771561233220041720e-01
5.215235777279288165e-02
-4.674451802954714477e-03
1.758424120489822514e-03
1.010589133841270221e-01
2.118829010096183810e-02
1.234892444242692011e-01
2.096205109691727519e-02
2.688253135396589943e-02
1.570988183720591624e-01
-1.858192443191786572e-02
1.549674216943449680e-02
-1.235800478340557951e-01
-2.000261653268717577e-01
-4.810590459052709739e-02
2.363151744055871223e-02
-8.538756003531862426e-02
5.706231780305619228e-02
2.605102955988004496e-02
7.223414746343535808e-02
-1.289775690080075844e-02
4.701140170314949823e-02
-7.998608632465423196e-02
1.221400302772359878e-02
3.100814020508647559e-02
8.861401925162636084e-02
8.941106751773078565e-02
5.831075975301885234e-02
4.713396531944079315e-02
5.556028389586980393e-02
3.893927239000978535e-02
-6.729393128931017432e-02
-9.081148975102268373e-02
6.246550544556941226e-02
-1.040343340518837673e-01
-3.694572480242232400e-03
-3.871964426595354142e-02
1.445288771709964289e-02
-7.645430239184913823e-02
1.113258548533873488e-01
-5.635586307753238239e-02
-1.903393023429353348e-01
-1.778264805440997187e-01
-1.640316027441438840e-01
-1.878248943643108515e-02
4.492127930261103491e-02
9.920167584582244725e-04
2.567417442234509045e-02
1.639830530011609361e-02
9.314831340318859010e-02
9.485434017858583589e-02
-1.157981326545830109e-01
-5.790574716368181163e-02
1.596985731611148124e-02
1.171937628743384245e-02
-7.269491530516060396e-02
4.562493577205513351e-02
-7.888644164173015672e-02
-8.470635957091418936e-03
-1.016788320403858026e-02
-1.676365260952324132e-02
-7.661712591748726098e-02
1.487892920087570403e-01
-9.355234660289772630e-02
8.694496443468227587e-02
8.436958945172109980e-02
-2.625264391042315612e-02
-8.875491144523975362e-02
1.257679692845801132e-02
6.404011911982328276e-02
-2.462010633531929327e-03
-8.777265360485951573e-02
-3.126404072357596292e-02
7.910460068134455777e-03
2.906415672831087760e-02
1.493611156386458021e-02
-1.224177222149462063e-01
-3.371408881236713506e-02
1.345174164818136418e-02
-4.820387853151795327e-02
9.747126926433072325e-02
-8.109769355231906396e-02
-1.470868330098614243e-02
-1.987090611683532335e-02
-1.135252491538384957e-02
2.081916514584707806e-02
1.122062211942651405e-01
6.256613772983599109e-02
6.577517780204751585e-02
9.953921548543747874e-03
-1.518984343389229441e-01
-5.428127099823631951e-02
-2.094494675663004842e-03
-1.224112162695608769e-01
-3.993118421386502442e-02
1.263468585110701266e-02
-1.416606646892935861e-02
1.107644197491945010e-02
1.726227036254668334e-01
7.101291855384787854e-02
-1.128557663867678362e-02
1.924297745254837863e-02
2.327613891843553079e-02
7.399988202793342153e-04
3.279731016425211157e-03
-5.254096558586261734e-02
-8.444587690809418623e-02
-3.938443995409066783e-02
-2.345463267812003885e-02
-1.294704118600465206e-02
-8.914974537808684207e-02
5.171722895239795614e-02
8.702576407898390907e-05
6.623965333307839376e-02
-3.011951900877353830e-02
-6.565607702765485776e-02
-2.618894860640875663e-02
4.882379718777672684e-02
-1.268099698922621563e-03
1.597055688013140906e-02
-1.962368019219293616e-02
6.761380693742204129e-02
3.229418372112023705e-02
-7.989084068334109667e-02
-2.672278591001545078e-02
-4.647070867214751072e-02
1.289625283815791501e-02
8.966941651029000648e-03
3.068301782682515688e-02
3.698699907959805168e-03
4.153594909737776814e-02
4.332949133166795475e-02
-4.021289864468984010e-02
2.880213502464702355e-02
2.757936707421570349e-02
-7.068359879146699637e-03
9.325940416955307011e-02
-6.197871382230284165e-02
-6.365074178633162161e-02
-1.060694707204559301e-01
-2.809032863437076893e-02
1.489634134933169943e-02
5.605473574515458524e-02
2.430145492424230606e-03
2.249748918605520148e-02
-5.554779667811410304e-02
-1.042172000866928294e-02
1.118383204761852628e-01
4.690485810291453866e-02
4.374104484459131331e-02
-8.105148734880286351e-03
1.178586634970785335e-01
-1.329325192164668434e-01
2.278588445327032336e-02
4.854998783037709625e-02
-4.651051386488138924e-04
1.177397725918918545e-02
-3.948989923009474379e-02
3.185387812697785398e-02
4.937180066278695073e-02
-7.825949236707110956e-02
-5.207229267071217249e-02
4.153486477314688279e-03
6.104045855877605203e-02
-4.581682618272125973e-02
-5.483917330412851898e-02
2.056742703327615884e-02
3.956978944117046579e-03
3.991268074553794287e-02
1.961024856301032612e-02
-7.820954349604829214e-02
3.299122931057602015e-02
-5.671855204366380541e-03
1.822756027762357720e-02
3.983982115286249098e-02
3.116931975527777524e-02
-5.306973105032483651e-02
2.346334225016813782e-02
-4.052126646467388987e-02
-5.626687853419760216e-02
1.344999273813154636e-02
6.579081305789290235e-02
1.165823439209217683e-03
-1.974869228255398334e-04
1.443571342041042281e-02
-3.001014217425787209e-02
-2.731577135150701358e-02
-9.104605356690438633e-02
-1.114150142877271162e-02
-5.264254228155609318e-03
-5.573713368010749236e-02
4.726600802820211944e-02
1.156120486252822793e-02
3.703992109770556929e-02
-6.593436359478202502e-02
-5.402418122091295211e-02
1.078953328124667710e-01
2.335721838834513286e-02
-8.797227419794583989e-03
-9.102762005497930242e-02
1.403234480652021214e-02
-1.798299269625691513e-03
-1.444963474440698163e-02
2.753959685968282792e-02
-7.272289786595771688e-02
-4.611200722092967386e-02
7.777567389088924088e-02
3.973278785781357743e-03
3.089939297818874043e-03
-5.213759697197241361e-02
-2.594536041466999343e-02
7.473218564399354558e-02
-2.601916441877234407e-02
1.070232912834261085e-01
4.413738284008125040e-02
1.253772627794505837e-02
-3.463905235951530298e-02
1.937421566268678064e-02
3.122469024745503936e-03
1.686970651494425558e-02
-2.058085866245876888e-02
6.006771478906682699e-03
7.470784081610007225e-03
3.299273337321886879e-02
-3.015575642500578288e-02
1.993593059248758778e-02
-3.930238109455317513e-02
-4.256756117936388861e-02
2.301009472165709349e-02
-1.040951261652154670e-04
-3.670717347162703956e-03
9.807887559383877268e-03
2.470073108861594105e-02
5.337082340450163831e-02
4.727370323242131855e-02
-5.982741454822172733e-03
1.631628141877959019e-03
-2.257167795036851485e-02
-1.402237601923624587e-02
-2.580268433280577187e-02
-3.863720064620508599e-02
-7.159282214816679868e-02
-5.366960719741268454e-02
4.838163774898153469e-02
