1.203315833720769168e-01
1.288876753724383928e-01
-1.709238691513589314e-01
-2.315470603437816757e-02
4.486116842873866251e-02
-1.731360371729341874e-01
7.702351367350924495e-03
-8.758571034669486444e-02
2.210033062187482245e-01
2.217896672973045102e-01
-1.257646330234828413e-01
-8.489097968100224600e-02
9.311948201249119206e-02
-1.556700410478680831e-02
1.128779459168121058e-01
8.609196814155600785e-02
-1.065993870521923376e-01
1.506478677517168185e-01
8.022334787550522081e-03
1.946921806437492634e-03
-7.512802955786906933e-02
7.028771159528614254e-02
-1.340579794932017510e-01
5.819228274097480724e-02
1.882709785677152275e-02
6.443166421516960396e-02
-3.935796068455045538e-02
-7.623961854771906096e-04
-1.364429725987793274e-01
5.161951139914776332e-02
9.462558871318969833e-02
-1.347420903612872242e-02
3.653708437876611315e-02
-8.088978029347870802e-02
-2.356711058571324055e-02
2.249164259412737843e-02
-4.703683340302968613e-02
1.886238529353726628e-02
-1.418630673152309063e-01
5.820308430872494360e-02
3.993315285017788770e-03
7.163241995085628533e-02
3.753565632212427228e-02
5.415301737835753401e-03
4.271144805608545481e-02
3.428587789368229416e-02
4.112931360038673580e-03
-3.541844484790877823e-02
-6.431413204389471727e-02
-1.220267001425383857e-01
1.313790517642497158e-01
-4.809128869850995414e-02
-8.014728538877590597e-03
6.480631537697281730e-02
1.162762719506153786e-02
-7.550271545140138651e-02
7.159862597844185439e-02
1.711774107737899439e-02
8.145844289403532390e-02
-9.538534528725528538e-02
-2.675267004704905485e-02
5.171870521745776383e-02
-3.166325029760155840e-02
-9.512978922453645125e-02
5.117004809286284511e-02
-3.559818154600201401e-02
-1.799796812700132087e-01
-7.312550225314223828e-02
2.138814609715770660e-03
-6.006279474339198954e-02
7.078215249075574256e-02
4.986729566604566205e-02
-4.883447823779477059e-02
9.156739050246411049e-02
8.557759123358292183e-03
1.498963078657188919e-01
-5.361189703897734082e-02
1.471607674183335844e-02
1.175583937303470716e-01
-2.149025738071211940e-03
2.944615037049407372e-02
-2.303557620356468452e-02
-3.724005457575296774e-02
-1.015834654672791021e-01
-8.922338083722470073e-03
-7.843393446053685547e-02
5.929480674952967295e-02
2.790173457259811137e-03
7.318461565607067842e-02
-4.254362434107356733e-02
1.269618357255646859e-03
-1.783762562643761290e-02
3.866058229594872969e-02
5.763278931690064139e-02
5.909912818777948024e-02
-6.637830816777429144e-02
-3.007812891320023677e-02
8.379074796656799107e-02
5.283942865206110034e-02
-1.157308448768267772e-01
-2.428814128183216098e-02
-6.380444391935015391e-02
-1.592731106247166975e-02
-1.141986199158449497e-02
2.920636251278670159e-02
-2.297503879974313948e-02
6.855036104223889704e-02
-6.712424151365802005e-02
-7.349907673134335739e-02
9.638297947392772402e-03
8.039759696040063575e-02
4.992234545666938625e-03
-1.609991386340772768e-01
-4.261562321549815929e-02
5.439409031004160955e-02
-6.190326380013755347e-02
-1.746915671241422094e-02
-2.640969422218516355e-02
-5.789741036091461401e-02
8.244166341313120816e-03
9.543931839427689974e-04
-2.628868887800027074e-02
6.027691585329435697e-04
4.201337503290172165e-02
8.038085626697434594e-02
2.686693743578851684e-02
6.513522485155115449e-02
4.415823296348091176e-02
-1.994254206855164760e-02
-5.662629853930765261e-02
-5.245515680129714947e-02
-7.487716227857874052e-02
3.330647786478742323e-02
1.281322949962394441e-03
-5.303003638136268016e-02
-2.282027421487290916e-02
2.599548362093688503e-02
1.836711083656925730e-02
5.484011517514561507e-02
4.665721560396515061e-03
2.134108460422701539e-02
3.163292949809713706e-02
9.813964086835465228e-02
1.966899497015893797e-02
-7.328290644942409005e-02
1.052035883231158819e-01
-3.451837208827863296e-02
4.946492858442052415e-02
1.151025826291343090e-01
-1.551799763502650920e-02
4.629937459904639313e-02
2.051387901224896101e-02
9.102897923795372215e-02
1.090755162149286833e-01
5.200916666792224086e-02
4.693447899737156898e-02
1.713048762195874472e-02
4.695219217921264149e-02
3.396183086117797456e-02
3.651009782525531377e-02
-4.759042243315682319e-02
7.207104695766196334e-02
1.716539300970438761e-02
-4.071808992784107205e-03
-3.990981312822259458e-02
-2.303085268840706495e-02
-3.983284761653667350e-02
1.548458571163217369e-02
-9.052998848597200790e-03
-7.793709707575935397e-02
-1.765570082941107788e-02
-1.188575340573378401e-02
1.418290996841709700e-02
-7.190700900112201310e-02
-3.337816415365011530e-02
5.841807371185481733e-03
9.056228899403512972e-03
2.002496046170627875e-02
6.882140745613639365e-02
4.471237770127366173e-02
-8.796834980619111510e-02
1.272709481145559499e-02
-2.601986529476518414e-02
1.678778965092765640e-02
2.972792888868351462e-03
-1.340089035599832668e-02
-4.730933854954939149e-02
9.036758292069974052e-02
-3.508988269062145171e-02
-2.531811070829683916e-02
-3.939977768638702749e-02
1.532676473460113306e-03
-3.599172676843570562e-02
-4.594344383922814579e-02
-2.839273702688679957e-02
2.823342258550445502e-02
-2.682807263092545913e-02
3.031260281635528298e-02
-4.517368452718172750e-02
7.631297195957856272e-02
-2.951700309785836029e-02
-2.743219632689330653e-02
3.158399249179503956e-03
6.004619297688212204e-02
4.982127612498797598e-02
1.892945226242963991e-02
2.645085132116883203e-02
-4.362100257775993611e-02
7.516154567645069555e-03
5.848128545881707552e-02
-1.627591342744977992e-02
-2.332454418967785589e-02
-7.311654146703440958e-03
-2.691715951606732035e-02
5.807068695739521502e-02
-4.896114485382298265e-02
-5.009853951839439434e-02
1.827139019116926985e-02
5.161989344816786396e-02
-8.095966053242821460e-05
3.731792311239548465e-02
-3.652371266306256303e-02
-1.207643059849355764e-02
-6.401436249003140955e-02
2.511819487559642863e-02
-4.019068862145543097e-02
-1.001450161748676793e-01
2.402105428505207918e-02
4.655500012522342801e-02
2.266175860325986714e-03
1.756553726066710855e-02
2.420853615873464273e-02
-6.646975681049496765e-02
1.307337015058399835e-03
4.596039292302901702e-02
-2.173462982666071047e-02
-1.821644459573284677e-02
9.206954184179394485e-02
1.112057868192858207e-02
-1.177259743232552530e-02
-6.354409487801550294e-02
9.934906913907975631e-03
1.093137064130974417e-01
1.381867832534391938e-02
-1.503470562459804927e-02
1.667814158215851286e-02
-1.108846572520259255e-01
-1.745272860454985184e-02
-2.155527517758758227e-02
4.059267365406046130e-02
