1.490083116623573956e-01
1.797931214938319200e-01
-1.947042242803522227e-01
3.971582621091156173e-02
-2.356788432524233590e-01
-6.089000423864283744e-03
-3.511590921303389679e-02
1.082724927861382913e-01
2.231133617777832923e-01
1.668534930676660866e-01
-1.068469285775668770e-01
-5.819824339388611489e-02
3.258552604248023121e-02
7.438281268482963005e-02
6.237201880657322617e-02
7.557446804530351843e-03
-3.075227968373712290e-02
1.067344633809092780e-01
-3.499399653783668435e-02
-4.425745025609806316e-02
-7.236735059638120526e-02
7.429858941869997568e-02
-1.202558152728965685e-01
-1.361438610441449704e-02
5.756790896579175310e-02
1.613213913521840959e-02
8.670353076156067651e-02
4.394069171144580899e-02
-1.733614657135738313e-01
-1.778816151710160831e-02
1.722663957454037276e-01
3.725723717691948526e-04
-6.742337117083789522e-02
-2.604452072338080820e-02
-7.902819148546699757e-02
-9.557464610685299095e-03
-8.946520964784984709e-02
-4.730717673275423862e-02
-9.693913672188649022e-02
9.206273021908918663e-02
-1.719941274542996779e-01
-1.274601206898881012e-01
-6.662613128854390221e-02
-4.969618274218336185e-02
1.481180375676361544e-02
-1.738560512656311258e-02
-4.984312118500142802e-02
-7.495837183841246032e-02
-8.358402025015984615e-02
3.397949815082879771e-02
-3.695806702316541993e-03
-6.676811148021352671e-02
3.236933959206870289e-04
8.673368228881472852e-02
-1.156944587282071196e-01
6.759268874721785156e-03
3.107500153044628899e-02
8.198133256981937622e-02
2.998803897293783518e-03
-1.252675351296706450e-02
5.682943105994620048e-02
3.388850754191546910e-02
1.036643008691142493e-03
-7.139814650364829235e-03
1.215498518192464385e-02
-2.956451052010929809e-02
-1.683504828941326525e-01
-4.124259904596573774e-03
1.017041835840254843e-01
-4.922987262235102579e-02
-8.287304723750939239e-02
1.315202918482213414e-02
-1.081742323089870533e-01
9.728055251549315441e-03
2.514975740126843690e-02
3.314610993752689638e-02
2.151090358376510012e-02
4.533831550476180583e-02
5.829258417249433971e-02
4.566649812807365566e-03
5.801304601315235981e-02
-5.607778698719971533e-02
-2.108084230003151940e-02
-1.158285660210937457e-01
-7.752215620082421321e-02
-5.015053275620492967e-02
-4.310897858299135924e-03
-2.080110313050784546e-02
-2.237494584977528858e-02
-8.858719717421194642e-03
-3.602102455950348370e-04
8.349098603773263960e-02
1.211287354885982187e-02
9.394951228955671085e-02
7.297487036885333400e-02
1.136086095744689821e-02
5.548949718877627807e-02
5.261605664146543765e-02
1.853762797954641023e-02
-1.188334002238383424e-01
5.226264724035104003e-04
4.018943970067876542e-02
-3.950878572376709252e-02
-4.314338482575792028e-02
-1.472791550760346214e-02
6.464748756504237748e-02
9.727489072870879050e-02
-3.953401250156964725e-02
6.434000899044497969e-04
1.046539409969860120e-02
-5.351561070624150096e-03
-2.016286230193353388e-02
-5.417837477698244503e-02
7.437493978604661771e-02
4.412072983084942834e-03
-2.663043190132087165e-02
-6.631918874109768436e-02
-2.466666293126468235e-02
-2.586468361415888290e-02
2.413964773656086110e-02
1.335910317366355120e-02
-1.769703690140048483e-02
7.997169977664007889e-02
-2.701576841962761684e-04
6.049843640470359274e-02
-9.469633211794255268e-02
-3.789162531034466486e-02
3.692178468536971847e-02
2.232965155550031833e-02
-6.736427417741995549e-02
-1.114806822893629756e-01
-6.815575176783873756e-02
4.882805326914541055e-02
-1.149744737590774118e-03
-3.904927644841538897e-02
7.393690509843918457e-03
-1.532334116747702778e-02
-7.754148667996374478e-02
5.972029248967049286e-02
-6.351499620138031932e-02
1.505740469709631810e-02
3.430232050262881083e-02
7.336761076218580035e-02
6.166168232616478506e-02
-9.604953266110424770e-02
-7.366922653981713108e-03
-6.404070482990312230e-02
4.193501211850649002e-02
4.432130449048275050e-02
-4.119388757860197731e-02
6.184647768653515898e-02
-1.069835819994216231e-01
7.233683055046072341e-02
5.834059210422217617e-02
-2.303040655058135894e-03
2.060887039341481250e-02
1.906001994007127873e-02
3.854969914351275007e-02
3.119262598843403067e-02
1.545929105369583771e-02
-2.711580448671715993e-02
-2.643283889271600545e-03
-7.895612933532981589e-03
-1.914531526050328863e-02
-4.527660537898185733e-02
2.841948952178832049e-04
-8.175888130207840249e-03
8.978448081977326301e-02
-3.192785422967553410e-02
3.486635507246121923e-02
-1.326595840563640494e-01
-8.716605518963780469e-03
-4.004099368149800081e-02
-6.858658359060215703e-02
-4.814096696641953499e-02
-1.884373298456890403e-02
3.824151703327943047e-02
-2.587999388966455080e-02
-1.853642191845624940e-02
2.541110413916714342e-02
-5.397599102571388335e-02
5.036286651146733295e-02
-6.760702747351200748e-02
-1.453759236723651746e-02
-5.922744902585459076e-02
-1.297788736408152926e-02
1.788581896370777455e-02
1.772966755422875421e-02
-2.784862060577833909e-03
-2.373484673232677949e-02
1.028358039035668844e-02
7.789603513877441099e-02
-6.973264314152853582e-02
1.016387882715811403e-02
-3.126877534559897864e-02
1.128936833615785430e-02
-9.456507246929658772e-02
1.434681025362137263e-01
-3.812868331795538773e-02
3.845247721896691978e-02
-4.923272026659168688e-02
-2.458448326864892675e-02
-1.027681304757300206e-02
5.814963243161319628e-02
4.493763520925245225e-02
1.622718344946256011e-02
1.635750505059394705e-02
6.594239515551292632e-03
-5.608840702513253479e-02
7.136196467094343271e-03
-1.418428347121296557e-03
5.253233590079003229e-02
-2.691710592211297992e-02
-5.629186283070346242e-02
4.673520226074494299e-02
4.914806147840170697e-02
-5.377568437965615095e-02
5.435523023517591784e-02
6.100826522887259698e-03
-1.765566230566854161e-02
1.635539444368616646e-02
-1.042645172716515078e-01
1.531855042481332883e-02
1.661195043892117057e-02
-2.107926772027491832e-04
-2.474488939364046652e-02
-4.660226752725152993e-02
-3.954446503101771704e-02
-2.229866248582254573e-02
-2.888928381810335067e-02
4.326476147380393933e-02
5.393300834852838427e-02
-3.520093651989031347e-02
-5.727708073457797588e-02
2.535760192913968231e-02
1.053501062595850642e-02
-2.236687194081059260e-02
-2.748676877703280438e-02
8.360013456639230024e-04
1.569584653585232373e-02
-1.781600142726617875e-02
6.819839942805474599e-03
6.074035215837191026e-02
2.753514522742707762e-02
-7.022357700861834619e-03
-2.920081609803157341e-02
-3.666760731061808470e-02
-3.413685562139798235e-02
8.020038236001355778e-03
8.787223745962455257e-02
