7.354116996004728124e-02
4.469443347649799253e-02
-2.025814196153132019e-01
-7.165398581873097528e-02
1.025871692208546182e-01
-1.087872349808638589e-01
-1.653187533792050690e-01
3.835869383741039029e-02
-8.645966131758336948e-02
8.747076102224896066e-02
-9.136390981018148449e-02
-9.942764729654052225e-02
8.757057352892045829e-03
-1.320940315733371562e-01
-8.007044246014059785e-02
-1.003128534964205232e-01
1.221858538036821318e-01
-4.171609545574923514e-03
-9.236674394600030702e-02
5.620422163034125007e-02
-1.950147358985679889e-03
1.211917462644545168e-01
9.175265499040481665e-02
7.849208104649345319e-02
-6.210511331476141483e-02
-9.698173045951483107e-02
9.574271839632948755e-02
-7.480270652160389555e-02
-1.337329522742719545e-02
1.399588026574167046e-02
-3.177884000764125139e-02
6.330806642222083780e-02
-1.599921046810394432e-02
-1.521939521060316214e-01
2.437085850580921476e-01
-4.501870063360592644e-03
1.974838687755815780e-02
4.625185105832624322e-02
-1.065086053539639199e-02
1.621451042475791776e-02
-6.106585798713173863e-02
1.298654563872622403e-01
4.263413341714407390e-02
-1.023794432914307551e-01
-3.476570704166217357e-02
-5.138730496476154319e-02
-2.368605777338242055e-02
1.416990836010221799e-01
8.108714035884584392e-02
-9.213316753233456724e-02
-1.101764103665242925e-02
-2.050496633673911176e-02
-1.143498640230769803e-01
1.111425927966600523e-02
-7.319474054065300272e-02
-5.721561770998541407e-02
4.001207105118872315e-02
-4.697945163071375746e-02
-1.110121878060895849e-03
-3.156913824502691202e-02
-5.166872947218963813e-02
1.162603629960407281e-01
5.118211468793210095e-02
5.239165390602639610e-02
2.238345681201737991e-02
4.493637425067002408e-03
1.443049770653689152e-03
-7.458427816239834862e-02
-3.332107660445611519e-02
3.239474014366132415e-02
-3.825901305295160287e-02
-6.539339370198726797e-02
-1.241211824137393449e-02
7.188904410728957917e-02
-1.297309350775449899e-01
7.615190421571065016e-02
-5.448353436587452525e-02
1.234778181963718524e-01
8.070191874781215344e-03
-8.317832927707730084e-02
-4.053915748529755489e-03
-1.700530472868703319e-02
-2.283075251578473193e-03
-4.874640632239046062e-02
-2.445205537077124042e-02
9.437228049542527308e-02
-1.191223244418712982e-02
4.128035837614607573e-02
3.038238696972927685e-03
-6.990287072313114414e-02
-1.510349942176131555e-01
8.083999655727225342e-02
-1.132274919792352341e-01
7.852296990537101229e-02
9.996922317404607905e-02
-9.061697900308061937e-02
-1.638451769857587614e-01
-2.877633096086249995e-02
2.548320978232001405e-02
1.816581035310470271e-02
-1.328737941419528591e-02
1.070697090495018738e-01
-1.665485778180548007e-02
9.199986465308473971e-02
-5.881327642779272946e-02
-2.790851209305855729e-02
1.603411685446876761e-02
-7.285157124602298362e-02
1.983466492687498833e-02
1.381344500115570979e-02
9.690144577087574096e-02
-6.980753677169136695e-02
8.541823257344418815e-03
-1.222128568572851057e-02
-8.817913015158263673e-03
4.110622161096005867e-02
-1.348174212514100245e-01
-6.109934835971006853e-03
3.833659743623039212e-02
-1.735407221735669331e-02
1.038494631851342442e-01
-2.581656577210407390e-03
2.170426415279617938e-02
5.118415638222890973e-02
2.955978175143373059e-03
-8.823978823052981701e-02
-1.299650383800615185e-02
6.174689475733071559e-02
4.818088993272715698e-02
7.310121776963780793e-03
-6.436161360992817548e-02
-6.142595358609338752e-02
4.562959532554351078e-02
9.290789172631458426e-02
9.975389028683893239e-03
-1.158332207908160721e-03
-2.821651155689835697e-02
9.780440153891673330e-03
-7.589603381754586597e-03
2.924433998257652476e-02
-6.191055960660728913e-02
4.111936090167662983e-02
-3.135630807986101304e-02
4.952521390496410908e-02
-3.432977237873997226e-03
-3.892569210196654417e-02
3.291474650883766551e-03
2.579944188445340916e-02
-1.894978803252672303e-02
3.925101303677605569e-02
8.896333834487689385e-02
3.144940275368493521e-02
-2.842469851406666942e-02
3.931950858737873200e-02
8.522427161524719769e-03
-2.470008829728052857e-02
9.439954699345363964e-02
8.559414758850163174e-02
3.244054654312686359e-02
1.209964022230242131e-02
1.638788978722093004e-02
-4.540619445280863475e-02
4.292504192388638118e-02
6.057466585598296482e-02
5.537601821800606800e-04
-1.070269981220347139e-01
-6.088299462535451054e-03
2.356632228204044027e-02
-1.813228704997319959e-02
4.345647519101422662e-03
-3.558811467663867273e-02
2.596620220572837603e-02
5.226865828992015295e-02
-4.904683175900015346e-02
-4.771146489722663531e-02
-2.827087990018923224e-04
8.351422091945580328e-02
-3.784836905486731878e-02
1.365481852651481004e-02
6.031326312488488606e-02
8.064264375209830027e-03
-4.207912187394338699e-02
2.397014965561763186e-03
8.458271857830429452e-02
-2.584630206162052621e-02
-8.318619967928597703e-03
9.634551217218616237e-02
9.497764285442955590e-02
1.157062405777757597e-01
-4.017738242812401994e-02
-8.137745611563100556e-02
-1.021808720557893652e-02
-4.104315960163115728e-02
1.049190475522374967e-02
4.530256200196892567e-04
-2.348185541314820601e-02
-1.757062353503129407e-02
1.149401441887274063e-02
-5.035414178946913399e-02
5.117401377185120531e-02
-1.367497202505751908e-02
6.555452289866941888e-03
7.764339483008381171e-02
1.755089813367985072e-02
6.917688374784916605e-02
3.475296291758369488e-02
1.200430627086264586e-02
-5.336399434960575894e-02
-1.851573041113546703e-02
-1.014374977484313184e-01
-1.949584246526398293e-02
1.238653120155745746e-02
6.708875737106291363e-03
-5.074693742773291050e-02
2.664608640656623839e-02
-3.939330595704246957e-02
-3.853026201944881324e-02
-5.542557870053348157e-02
-1.126498242154505905e-02
3.155846874579842226e-02
6.163697257083469022e-02
-1.385500335926175344e-02
-5.923712557769992768e-03
-1.077946422470822535e-01
4.174935531445533366e-04
-5.617590135461129723e-03
1.838545714277769116e-03
6.133002688469647162e-02
2.364775954004063631e-03
-5.490840436293013740e-04
1.546968717306021306e-02
4.263657027807898209e-02
-2.250697931697440840e-02
-1.334118793808219267e-02
-9.694952437851031210e-03
-1.152875615247169090e-02
1.050249522112462475e-01
9.942260892190483978e-02
-1.389610068962335646e-02
-7.590360784477596587e-03
-6.268001491207941117e-04
-5.543374547772072364e-02
2.278679022729696024e-02
4.647041113974447607e-02
2.224590589140807567e-03
3.082253674345779293e-02
2.960726760911116390e-02
-5.406785199315455870e-02
-3.588264554423015867e-02
1.425402287207548808e-02
