-2.122838595996751343e-01
5.585420835234102682e-02
-1.280584958517712590e-01
-1.089005292712611900e-01
1.329252840859850293e-01
1.433164929424595169e-01
1.159234155460106275e-01
1.805388668853805112e-01
-2.908564209608352491e-02
1.938991379294593420e-01
6.179338315364611700e-02
1.953487259426447270e-02
-1.946076503315561090e-01
-2.650671472588657721e-02
4.679582608326157515e-03
4.793488188166585874e-03
6.236156519441210522e-02
-7.319506908914885646e-02
-3.621166708318415695e-02
-8.219580922618224816e-02
-2.092511153299698307e-02
1.047327339526445827e-02
5.651069183684498398e-02
7.462069425700759706e-02
-1.399117665313272252e-01
1.532236851491510302e-02
-2.869862573115019785e-03
-1.202564560199346627e-01
-1.093056326605438139e-01
-2.860605693139514974e-03
4.555451786952503107e-02
2.851164988597120961e-02
-1.233131303091510901e-02
2.597677476019670528e-02
1.539875418762077230e-01
-1.691320601226572670e-02
-1.017764410072759945e-01
-4.135031872150120996e-02
-1.974951403676032113e-01
9.828170620999890361e-02
2.744540174638135724e-02
-4.890087998066992847e-02
2.572710160738220925e-02
2.922219748862997860e-03
1.028371415840436537e-01
-1.655931089518801816e-02
-6.974796455018544838e-02
-9.292341704006447378e-02
-1.374858731130657596e-01
-6.799920205438746146e-02
9.467270474891070764e-02
-2.643945462989434961e-02
1.364729997495048829e-02
-1.266616917499355406e-02
-9.260914268231455748e-02
1.977158283253170890e-01
7.237977430917862109e-02
1.366975283276341407e-02
-8.234966382350562830e-02
-2.161862253740295947e-02
6.540881847457544196e-02
-7.352450897366717697e-02
2.476356544454183517e-02
-3.256009053937174852e-02
-1.643581689463537443e-01
-4.505011638830658249e-02
-6.407664840349068525e-03
-6.133076893557950181e-03
1.819781147666783491e-02
1.124737177676214499e-02
1.641157174729527546e-01
-2.055953042559558949e-02
6.697585725567699322e-02
6.525870602022090620e-03
-1.395345650852331809e-01
-1.839466789231712987e-02
2.302149941510912151e-02
-5.646660676660703038e-02
-9.091601994381614746e-03
-8.951934714524249770e-02
-4.782097630182543212e-03
-5.380837222612348814e-02
-8.686728385807597139e-03
-9.497709853619032416e-02
-3.915568317354976152e-02
-3.405107190592277649e-02
7.590316604340116569e-02
1.019832436450266149e-03
1.543952385049161304e-02
-7.623178528253157782e-02
3.619968566052082781e-02
-6.767928165636878657e-02
2.827290772972353497e-02
2.374340474993641079e-02
3.380133310147725306e-02
3.023878016934416005e-02
-5.812017439740868596e-02
-8.601020181495389050e-03
7.090855408356820655e-02
4.870461442969992172e-02
-5.161961249914940458e-02
-4.317415385738421901e-03
-6.894964071683697127e-03
-1.410515444976728761e-02
1.365186276330720809e-02
-8.297732624198655982e-02
6.875820056074781472e-02
-8.462495240017980924e-02
-3.343233810926219546e-02
4.989911303051068614e-02
6.284049384279015438e-02
-8.691941125311533622e-02
2.208143371036266900e-02
7.618215264947141279e-04
-2.398424775837710785e-02
-2.240762383914489744e-02
-4.165924247132202912e-02
-5.261768141991257641e-02
2.240680319375699947e-02
1.104759386353193137e-02
-4.216265917807500430e-02
6.697326401625122716e-02
-6.168216929067800447e-02
4.936618591560885255e-02
-9.185808802330906742e-02
1.069064594561123377e-01
1.631554638916639724e-02
1.709174562285711158e-02
4.731053487055204149e-02
-3.081575952866842660e-02
-2.427757924582784818e-02
-1.057055926470914925e-01
-2.786468588796688767e-02
5.528284220746998434e-02
4.908595192854899036e-02
-3.196577914945504528e-02
-6.359808083908331799e-02
-4.893242558938078191e-02
2.331538894142362942e-02
-6.787492351684398795e-02
-3.908464810877319839e-02
1.729497024671650118e-02
2.749743066397417751e-02
-7.310762111661431306e-02
-7.540185018884121293e-02
2.890963007328687523e-02
-6.542345878829557149e-02
2.355505022050575353e-02
-2.450388041799496722e-02
2.224569409120459931e-02
4.130423127651678544e-02
-5.976084148271255253e-02
-9.788930641132094490e-02
8.059295748035278859e-03
3.495043359942942574e-02
-1.097130666827280873e-02
1.032966045238207370e-02
4.872289840894231810e-02
-8.006856507748509599e-02
3.839310665329817573e-02
3.294037761212430249e-02
1.546463559936133055e-02
2.589539956353260550e-02
8.359842349736429368e-02
1.586740835574232747e-02
-7.700640887707750973e-03
-9.486890464824968006e-03
1.214735716076359266e-02
1.131794728012148858e-02
-4.577408974951138743e-02
-2.717639418822795708e-02
-2.970004288509600285e-02
1.502214360620600722e-02
-2.287365194202517493e-02
4.406350367715848593e-02
3.257469802727635394e-02
4.437932084823766749e-02
8.918577120796918056e-03
5.402187133023938354e-02
4.084739440198097149e-02
-4.060517270928860195e-02
-5.820837736370010687e-03
-2.728944629686496856e-02
9.249510579921205178e-02
6.614204871575574997e-03
5.834125626490876265e-02
5.894078695949250823e-02
9.690354717137626694e-02
-2.647868147943593584e-02
2.127723405603683393e-02
7.348222932328259127e-02
1.569078577277708275e-01
3.636969055907805781e-02
-4.615769222963105045e-03
9.055066861712335671e-03
-6.825406168605348267e-02
1.587633697756267101e-02
1.039390057334683287e-02
-4.848766861495485553e-02
4.654638271115569409e-02
-4.923182985270197799e-03
-6.616263050208426311e-02
-3.879745504882393947e-02
-9.824326718002969472e-02
1.115397904903764892e-01
7.183831248224263957e-03
6.642024750225362928e-02
9.517976512118594967e-03
-3.572174178660825900e-02
2.489086395711278057e-02
3.179728423841154950e-02
3.144463650232345170e-02
-1.254917796849462641e-02
-2.586940151764395221e-02
-2.003809234612434834e-02
-5.203216734855416192e-02
2.947571126185984103e-02
5.801470505215585924e-03
3.106822287580178130e-02
4.248264522772471352e-02
1.789551854158123734e-02
-9.014756760258719331e-03
-5.051633683965753296e-02
5.165923325847718989e-02
1.479082008426494364e-02
3.409528827942279877e-02
-1.149809535567315050e-02
-6.985008566225563154e-02
-1.562968379977564687e-02
3.284288494004185960e-02
-4.892359544500698423e-04
-1.309109935684783267e-02
-6.634898265676844598e-02
-1.737591870777889166e-02
6.334791529903607311e-03
-2.661156038064459856e-02
6.858428939014418052e-03
-1.051273002551465774e-02
-4.059598148094413494e-02
6.712226039287823298e-02
1.101919953311061330e-02
-4.484104876928535037e-03
1.887953801330357478e-02
-3.260880404959744933e-02
1.152205820099981223e-02
-2.354464443698718948e-02
-1.994217531318667400e-02
-1.774156546681131957e-02
-2.007833679594692861e-02
-1.585851255973749763e-02
