-2.301779674416768451e-01
-8.945412017087485401e-02
-1.123169102590839963e-01
-5.963842652406302347e-02
1.447391854102312858e-01
8.363856013341040840e-02
2.039209374819096754e-01
9.714656317817431386e-02
-1.145401864044202390e-02
-4.549493156112646708e-02
9.481111461941874041e-02
-2.783168129432002716e-02
8.961010391404365671e-03
-2.349817694324088380e-02
1.347382250292900215e-02
3.164253154053812966e-02
-4.825760187177160175e-03
-1.267069183715861247e-01
8.535861885494953893e-02
8.544949847181594615e-02
-3.053943860332873281e-02
-4.808694430992572350e-02
2.172810816663999986e-02
8.889676020847446514e-02
-1.252638411104695371e-01
5.344628516861607559e-02
-9.210318220517522969e-02
1.466418788916772943e-02
-1.274632329017777177e-01
4.915302000049628223e-02
2.881027440957948174e-02
-3.986957082971268745e-02
-7.387238085130244658e-02
-4.998571543411199636e-02
1.643788484623387725e-01
-3.690447886762712737e-02
-2.866826406414852910e-02
-8.445010285466106673e-03
-1.176293229148452357e-01
7.965505612566957383e-02
-1.838177708732599905e-02
-1.318206216068849509e-02
-3.619887481343655317e-02
-1.025120327200830239e-01
6.380074799759186122e-02
-3.214448820664462386e-02
-1.260462112996008355e-01
2.117113343575618978e-02
2.970961489556389959e-02
2.283176144060078752e-02
5.266640147381906542e-03
5.002336305959615564e-02
-2.847155084336291594e-02
2.914307941885945982e-02
-6.155603897151485510e-02
1.425065936664031141e-01
1.745946279453449920e-02
-4.097133296713752204e-02
-2.661757163824105682e-02
-3.370730242732433019e-02
4.692105863551344208e-02
-3.492719055615203100e-02
7.095947024919029011e-02
-9.538230789536913945e-02
-1.018939812832974634e-01
4.374794165447355027e-03
5.860824740662853166e-02
1.096561862161452572e-01
-7.358941079184941336e-02
-6.395494566736559250e-02
8.171467891855237198e-02
-9.549826258186033812e-02
5.538799209637777082e-02
8.346678189806172599e-02
-3.387015029569767632e-02
-5.832233557923068024e-02
8.756466464518047887e-02
-2.195122725683497020e-02
-1.461081581359762425e-02
3.305923795329233222e-02
2.302780926149412127e-02
-1.248265683181018840e-02
3.965702809570024329e-02
-2.831192491131007127e-02
-2.035202616836173303e-02
2.160066657674524285e-02
3.038152870257702920e-02
6.081937124866897137e-02
-7.628126854553736458e-02
-8.458283262264708682e-03
-3.481536835320233475e-02
-9.688782768321899108e-03
-7.606606421195582016e-03
1.617727572526607704e-01
-2.968380438395289839e-02
7.432492282014555030e-02
5.006223642172398514e-02
-6.727963373965707358e-03
1.006592792516048385e-01
-1.959637703806243938e-03
3.513479532254282223e-02
-1.035905058612781107e-02
-1.193990064599295339e-02
6.932013504089859501e-02
-3.088380055810617877e-02
-6.281644645167759611e-02
2.786239475250571352e-03
-2.427550410160966149e-02
-7.502551886462055508e-02
6.767502135985815903e-02
2.796959417725642175e-02
-1.165013650342928107e-02
-7.884428386745209391e-03
9.688814287264164993e-02
4.344378386160848565e-02
5.136389869520798651e-02
-5.587369899669388656e-02
-1.326590254711554687e-02
-4.185015111960221218e-02
4.387251151851741943e-02
-8.506881969133889276e-02
7.053473499163502580e-02
-9.950372478604634086e-02
8.356119864067132474e-02
-9.761097728193753043e-02
4.450033382740537641e-02
3.354315878021339042e-02
1.686737946407127209e-01
4.032340857729337785e-02
6.297165973181323428e-02
-5.943561964110602100e-03
-1.453069466235793750e-01
-4.632314430073104783e-02
1.010882170347955356e-01
-3.009792826427866788e-02
7.929465453138353354e-03
-6.277592710034254897e-02
2.751239440916737958e-02
3.234214699569821355e-02
-1.620953010951808604e-01
-1.552849682187605052e-01
2.753186611127825603e-02
-1.194386502850905418e-01
-3.249813073886700411e-03
-4.284453872704153260e-02
1.140565457458748901e-03
1.232401148907228197e-02
1.036649956281663204e-01
-3.675844110179554442e-03
3.804648018801132237e-02
7.974173321690054828e-02
-7.418249222215105021e-02
-3.892753968748157573e-02
6.269691961839626848e-02
-2.556567947169011840e-02
-1.755885252581268399e-03
5.612819694496681833e-02
5.982841570383192614e-02
-8.821584599239210012e-02
-4.482564433263548642e-02
9.772010286427117165e-02
6.614516194436971530e-02
3.517443914770382145e-03
1.498203891139493309e-02
1.558471610856416740e-03
-7.832348587808003748e-02
-3.280421468931497136e-02
2.885804311763565978e-03
3.087259382307833491e-02
-4.295912759270122810e-02
2.331039408943058264e-02
1.977354851464324659e-02
-3.444274441352654370e-02
-6.663339036006710181e-02
-4.834011145841410340e-02
5.629591273886788705e-02
-9.550239506540186612e-04
2.597248395320082837e-02
3.055656389529315398e-03
1.955340621344004923e-02
-5.533934786214753793e-02
8.709209063747511137e-02
2.316670273374545411e-02
5.823870531908539872e-02
-3.873958172843645908e-02
4.781864806914976757e-02
1.272712475223319595e-01
5.292552220029098087e-02
-1.988484540188851721e-02
4.730555471010935292e-02
3.797160518960654429e-02
8.160467781004468457e-02
-1.042541547012082242e-03
-1.430357616859991021e-02
-1.611658074877621652e-02
-8.521286125749365226e-02
-5.895148868790319602e-02
-6.060133021028349387e-02
-3.623921905953678135e-02
7.011724909080091495e-02
-9.400034236120125009e-03
-9.669521192492794293e-02
-7.243798880983244592e-02
-6.569293516494927043e-02
4.929156326227798757e-02
-3.622633131425476161e-02
1.123352612876920946e-02
1.198956049058508451e-02
-1.651848228371224567e-02
6.080567801930682886e-02
-1.368482431087511379e-02
5.773061996976055349e-02
-2.595549874542425403e-03
4.273712917600903938e-02
5.089808374956628773e-02
5.725590967819050182e-04
3.368362819957800708e-02
2.728987067677076522e-02
-1.532969284458680914e-02
3.058388031192352404e-04
2.945420640006995994e-02
-3.236981362279819918e-02
-2.690110203444549125e-02
-2.371845932863192452e-02
4.173598250650605718e-02
-4.855629638131058606e-02
5.416257064213007150e-02
1.655619995129033097e-03
-1.046505929528181687e-02
-1.884202368650074108e-02
-3.256579140159760605e-02
-4.497255762464111295e-02
-4.591451872477830820e-02
3.525992552333809260e-02
-6.122939766650018628e-03
-6.010382121714117828e-03
7.814067601293833709e-02
1.020177106422142516e-02
3.853673982443249491e-02
1.433709131054255320e-02
8.434749118706237614e-03
6.331244953980055303e-03
4.263910526556237424e-02
-4.382593352605794468e-02
6.799938629682031332e-02
-2.879304405447416851e-02
-7.670379747713402217e-03
3.978271863324690100e-02
2.816389094580165620e-02
-8.107386380124151359e-02
