-2.615973159196111619e-01
5.367386383572705227e-02
-2.113413663345160842e-01
-5.901563440668591148e-02
1.341002955423693244e-01
1.063425460413429946e-01
8.650730253884943155e-02
1.371996110631425736e-01
3.002535881765254488e-02
1.797670915271124548e-01
1.942578940843592283e-01
1.945403933099552202e-02
-1.161388635679917319e-01
-8.219171394888333260e-02
-1.504716350148275865e-02
5.517151523266664720e-02
7.340941336480454049e-02
1.873870869766816258e-02
-5.665505650373914293e-02
8.329780935301117628e-02
-1.115392262759909575e-01
-6.069651963439485348e-02
7.441588073068391984e-02
9.301398268343821774e-02
-1.270645845805160878e-01
-2.323449810069387264e-02
-2.813357995636469461e-02
4.521019494909083586e-02
-1.787848883029110603e-01
1.479538676723147483e-01
2.705893562718357861e-02
1.554108384199849764e-02
-5.593158287721278904e-02
-2.530697228879835725e-02
6.502592164197383562e-02
-1.032730661839101755e-01
-4.922014106963219782e-02
-4.237521351523888813e-02
-1.995817962248976341e-01
9.717290931517906516e-02
-8.856853478087756137e-02
-2.399288439846613760e-02
4.311520390124985030e-02
-5.449574569990122373e-03
1.204595951010308946e-01
-3.278207520755946347e-02
-6.440659261267676905e-02
-3.021050476828239170e-03
-1.648709525270248832e-01
-2.846035464700626474e-02
-8.837148753249533806e-02
3.725040261327843688e-02
-1.064787021624436295e-02
1.628700839309375065e-02
-6.908179160675084751e-02
4.952697037207379888e-02
6.587058410655491358e-02
3.710303751368523167e-02
-4.076609871746604552e-02
5.239135889067678131e-02
7.315365084967163922e-02
1.781963839644684980e-02
1.125684742422772451e-02
-3.322163200238634900e-02
-8.972859811968866839e-02
3.487113209031616253e-03
-2.241498990255342324e-03
7.766239651313137926e-02
3.190177478488884916e-02
-1.191687823248626099e-01
9.199647117698528387e-02
-6.623813969835906645e-02
-1.010449850002620963e-02
4.391770082614867426e-02
-3.535671163213009033e-02
2.516003576779457865e-02
3.826943062858623873e-02
-1.564743726734249551e-02
3.097291311127845295e-02
-3.872372393337244340e-02
2.876978838856818904e-02
-3.450311495233877868e-02
4.315601776999624523e-02
-2.784102561770919818e-02
-2.522000380272970688e-02
4.286840856891098971e-03
5.213493702386785269e-04
-1.302809679913688630e-02
-5.466803429284844418e-02
-8.511643314584325937e-02
-3.525045710953749606e-02
2.358111927678401346e-02
6.677003869541427161e-02
9.887983893409128811e-02
3.471845920973089944e-02
1.021195633942756087e-01
-5.440729367256150195e-02
3.648285132720932578e-02
4.187901841144083676e-02
-4.052283091659395625e-02
-7.079195204887562577e-03
9.025898060788897434e-03
9.197692139979094655e-03
-1.291086407113835668e-02
4.293797017073238895e-03
-4.057224932471258094e-02
-2.527149916862782633e-02
2.503558313894349552e-04
-5.090616924041419661e-02
9.380563327326631173e-02
6.771479074441703883e-02
-7.301528590045627647e-03
-1.680476429669805136e-02
4.879832083489058642e-02
-2.643581532574932474e-02
-8.618774774906041991e-02
-8.189823651788138981e-02
2.407058899348653649e-02
8.145630605702077962e-03
3.505357469907428164e-02
-7.623246053332029259e-02
2.230537268641306914e-02
-2.209223725713565373e-02
1.351154004152047283e-01
-8.586895121369883532e-02
6.706368096433522330e-02
-4.119916089828401518e-02
1.600137395027821097e-01
4.397770182866760080e-02
2.346365577569887312e-02
-8.451233514026254556e-02
-1.132711123558409888e-01
-1.019235711085750458e-02
1.927990455335541059e-02
1.083776349894164477e-03
-2.250795848887396713e-02
-8.605703127928703011e-02
1.649331953252423238e-02
3.370229937421383853e-02
-3.922562242916816794e-02
-1.095709296526995724e-01
2.114346316290908676e-02
3.078051429221225453e-03
1.941487384143920913e-02
-3.142466791211193100e-02
-1.485443500657854070e-02
1.125282537900392996e-02
1.521470476236254712e-02
-4.155458441924918256e-02
-1.548737964798567283e-02
2.291629498184072355e-02
-5.567736983851856447e-02
-7.870127101388775526e-02
7.783191582903926931e-02
3.837970719640262235e-02
7.832095696715236921e-02
1.490807326542376021e-02
5.050831643909636098e-03
-1.300713271259744119e-01
-8.930522840850836641e-03
3.877983476100278076e-02
4.886224497988191258e-03
-1.642412057412465098e-02
5.592080247730966264e-02
1.299110717011147872e-02
8.957028778227332094e-03
6.798123475670166116e-02
3.022606546783675532e-02
-3.693407864670197882e-02
-3.671688820461695840e-02
-4.203887822529485396e-02
4.890777321311193249e-02
1.097622735090841156e-02
-1.230622539718328884e-01
1.012970221784254138e-01
7.176832001074413825e-02
-2.000792770644639271e-02
1.503562484715219479e-02
1.727339850043795380e-02
-4.410324238778413897e-02
-3.129283054448928764e-02
1.999958690774458411e-02
-9.590270127888678511e-03
8.026825323956211788e-02
-1.730303635827560443e-02
7.818058099532509964e-02
6.556306248485348209e-02
7.706825471785874737e-02
-4.001625102389839983e-02
4.475194553424843846e-02
6.476679643329316845e-03
1.011359755315545395e-01
-2.901542985547399256e-02
-2.031215256976766012e-02
-4.926102087354620324e-02
-3.048288294565130660e-02
-5.499497382140901974e-02
-8.395294117831681238e-03
-7.647391511708330133e-03
4.395726192671060156e-02
-1.559389791124867787e-02
-3.418731846710314215e-02
5.199644020431727631e-02
-3.136753508938373847e-02
8.326480880162576148e-02
-8.106583799447451832e-02
3.459242413685734152e-02
3.357517637107482623e-03
-1.403713563655279752e-02
3.472281093079271352e-02
7.593060933603274984e-03
1.712214322595616289e-02
-1.686516091022260619e-02
1.156539104102700249e-02
1.616127002847440527e-02
-6.756739267724003010e-03
-2.225371248259594426e-02
-1.170299773581492779e-02
-1.551569880247125749e-02
1.827686581619139550e-02
-5.341177154450424576e-03
-3.542149293430025409e-02
-1.441326280014538011e-02
6.207156458717625475e-02
-3.448392781856624012e-02
1.166960157342389684e-02
-2.540897399308054277e-02
3.278791046989235503e-03
1.194880404063974194e-02
8.793773303241752409e-03
-1.428379909855645273e-02
3.123876370705464846e-03
-2.327867466298803173e-02
-4.696499349968299292e-02
3.720052265898660115e-02
-2.784834442131315507e-02
6.432783305497472015e-02
-3.667429408634528126e-02
-1.491097441279830467e-02
4.508455548722289236e-02
3.101359510968964336e-03
4.535307645728701986e-02
-4.198586635054186132e-03
-5.407221115080192153e-02
-2.095538309732089544e-02
-1.380992304899209336e-02
-7.346661212270033138e-03
-6.534867428739161120e-03
-4.558747597811647206e-02
3.613906536332612499e-03
