-2.825427356242256050e-01
8.139061981112222233e-02
-1.865101336080128014e-01
-7.658879637176305155e-02
1.541602569314643456e-01
9.084131067988568398e-02
1.406266594069963960e-01
2.001604067435037437e-01
5.451215680964213717e-02
6.136632778376174824e-02
1.221860622727716089e-01
-1.354005335078393470e-02
-4.731502006248676506e-02
-8.701973049359625068e-02
-6.365108506589701141e-03
7.228669423817422890e-02
1.886896810956550236e-02
3.983426407066897879e-02
1.329436208572782885e-01
-1.147099464061184307e-02
-9.234346714168689685e-02
2.724251108232891849e-02
9.790818768147825646e-02
5.259699558409599435e-02
-7.297208779871940110e-02
6.247558669086465677e-02
-9.107943652347776087e-02
-1.799561585575856770e-02
-5.117496534162263577e-02
1.597801546117999516e-01
-5.782409658201949354e-02
7.038975727233252877e-02
-2.474629186425033114e-02
-1.084837054135128070e-01
1.663188306988221121e-01
-3.073309567354343391e-03
-5.040167839571318281e-02
-5.747820551268431610e-02
-8.033314201092862927e-02
1.783145629721786252e-01
-6.018934994853197828e-02
9.523789652153632698e-03
2.995399175913053894e-02
-1.143785809459941794e-01
-3.041844138883082263e-02
1.560729635980466143e-02
-1.378880777093058341e-01
-3.788359580038501429e-02
1.868857483776777476e-02
-6.533249158025250525e-02
1.309964494929154698e-02
7.047519609873290070e-02
-1.295203517050458851e-02
6.711335816878838401e-02
-8.277051906206481235e-02
1.170529406214789736e-01
4.825770520099955524e-02
-2.261519669807324218e-02
-1.959437434363152722e-02
-4.369081331616988563e-03
7.335937012948665417e-03
-3.272498708478247843e-03
6.757787504667946143e-02
-5.087251660353864918e-02
-1.099743288105933239e-03
-7.652154818097173239e-02
-7.830796274524788603e-02
4.243088483759901997e-02
-5.432846837649563283e-03
-7.584597285628207064e-02
6.078453006113059692e-02
-4.932775841287112550e-02
-1.330293623005372218e-02
6.921301480577052301e-02
-3.430242789617458932e-02
-4.520164479458319007e-02
2.175949709434902776e-02
4.020073308638630327e-02
1.304460230512884816e-02
7.620958382389077246e-02
-3.933541699137893533e-02
-4.006838864690898117e-02
5.465307539344535503e-02
-3.058851206334208418e-03
-2.079371220229941225e-02
1.578399098110886550e-02
3.701767447166052355e-02
-1.723120567103357537e-02
2.818973547372012611e-02
-4.079712366641917443e-02
2.587303530095898252e-02
-5.133414180922570014e-02
-6.028023587838645531e-02
9.185558151749584344e-02
2.472642002387149401e-02
7.583349831689029097e-02
-4.800293543018662595e-02
5.533026467471399701e-02
-1.278626838020397415e-02
-6.711234944592650575e-02
3.055482071975563346e-02
-1.676305739083976815e-02
-9.022864603768131209e-02
6.965631487946694067e-02
4.028674352240841500e-02
-1.079121630399773255e-02
-5.297476229586625500e-03
-1.339694920077999334e-02
-1.253798805980240183e-01
1.083011938237051462e-02
4.310709902010119617e-03
-9.529549459694909574e-02
-9.878776039293338251e-02
2.229902932906783000e-02
-2.131700399894210889e-03
3.872793045986550053e-02
-1.479103781997955815e-02
-4.893496173045899789e-02
-6.530969444357424825e-02
4.823662289318648294e-02
1.794265790551040005e-02
8.585347874479772046e-02
1.234367441251086640e-02
9.689233651138449976e-02
-3.851596416249124244e-02
2.888494727012084345e-02
-4.502471480461121833e-02
4.193200413421357270e-02
-5.572924819067893304e-03
-3.299011307697728018e-02
5.096599158873858781e-02
-1.679001719052800878e-01
1.002401531935490434e-03
8.914063755886847407e-02
-1.476460928099856615e-02
-1.593466055257683131e-02
-8.720745381819024547e-03
-8.596904476067260270e-02
-9.386905959797889679e-03
-8.577459661699948779e-02
-9.888641348882426518e-02
-3.155197689280939827e-02
-1.052579778217299367e-01
3.382382252231273118e-02
1.346201182537060115e-02
-2.824827502380397592e-02
-1.063203983639466818e-02
5.534724484288881113e-02
2.137113879252912352e-02
9.147300656008399214e-03
3.255797620295221989e-02
-6.126481663976224984e-02
-3.918807620535513792e-02
7.667732861493983809e-02
-5.228960410398884873e-02
-7.353717434593889934e-02
1.352347667175387257e-02
-9.604420232912429592e-03
-1.364992344489880105e-01
-9.428502328211864347e-02
3.759143603549210816e-02
1.858511349623532052e-02
2.004497084602880133e-02
2.625594649932478514e-02
-2.740491546308997106e-02
-4.641268383844876499e-02
-1.082399979700850341e-02
7.703414751527860350e-03
3.152006762627890951e-02
-1.292089925816820514e-02
-3.047469450042776876e-02
-3.085582362173759988e-02
-3.732550306500781456e-02
-8.687198621842771862e-02
-2.425581718471380224e-02
3.531273109052806419e-02
-5.374559468281182167e-02
3.481751541354074359e-02
-1.356597752833399104e-03
3.882332201850299119e-02
-1.331857143441270500e-02
-3.383935685438552859e-02
1.313666507832217042e-02
9.489533423764531794e-02
-2.734334974442051078e-02
7.108365772901281687e-02
1.093044695821209361e-01
7.205233429326646233e-02
3.216504502415851174e-02
7.186380399038297395e-02
-7.115766436297866690e-03
1.299276739966689354e-01
1.037895127035151632e-02
-6.950433396827854216e-02
-5.008988215910921415e-02
-9.522928875311503782e-02
-1.287445765760771577e-01
-6.534906825928257779e-02
4.547252050709064963e-02
1.334281440719297697e-02
3.177130686707530655e-02
-8.349800999004536317e-02
2.638751758460801487e-03
-3.998910302996601385e-02
7.181467918700990688e-03
5.776787709451795295e-03
-1.707925838394057719e-02
-9.096595520151740111e-03
-2.086422193034411648e-02
-6.161988708714043889e-02
-2.846710063663894855e-02
2.634525209669566492e-02
6.036379175544467207e-02
-5.852135944823935038e-02
5.034468555401754378e-03
-1.100493105433256527e-02
-8.293349505244759431e-03
-3.512036764076947393e-04
-1.019596894320832191e-02
-3.124095401039951939e-02
4.745375308008926984e-02
-1.686826718533279701e-02
-1.746065649801357891e-03
6.675983442979838145e-02
-1.199004980123468365e-02
-6.345438410783239142e-03
2.058164503263897049e-02
5.195326227774603976e-03
-3.500019512382537834e-02
4.353829441945516326e-02
-1.145764587473976394e-02
-3.615814172106120161e-02
-7.402115957506408273e-02
1.121292970845013358e-02
-2.401332020872028010e-03
2.346928234521846596e-02
5.243812173335148791e-03
-4.849794936260156536e-02
-3.357732427896712585e-02
5.128784142986587274e-02
3.509131642234762649e-02
-3.258820426471292775e-02
3.932724633619778809e-02
-5.326466924636766298e-02
-1.849701836629868631e-02
-2.686565222113433335e-02
-1.158743488296702130e-02
-2.397162633042966128e-03
-2.458728351712424244e-03
-1.757168326101005151e-02
