-2.627614307532663007e-01
1.208594134722431046e-01
-1.788873388351219229e-01
8.929123297922360314e-02
-5.739212556337813798e-02
4.473951424009738054e-02
-6.663736883116526399e-02
1.111650603594136755e-01
-1.080432181166210981e-01
1.007120075264127113e-01
1.102691991685563616e-01
-2.012636739569216848e-01
1.229655164306424214e-01
-1.368146238931562397e-01
-4.806241854201450531e-02
-7.249565980239477958e-02
-8.718767277780367642e-02
1.024251992541694474e-02
-1.545596035636114252e-01
-1.893775380309523776e-02
-7.606897038945693076e-04
-3.064291176492219340e-02
-5.713280120303000642e-02
4.947202719736142756e-02
-5.326626282922775762e-02
3.908007423496684396e-02
-1.079116580816000953e-02
-9.180679351440677871e-02
-1.826983050708816947e-01
1.835457801760296062e-02
-6.867894472476854251e-02
-1.099458636651181806e-02
-1.031235361347431351e-01
-1.664838808442717019e-02
1.850408475768145489e-01
7.162942725807999733e-02
9.434623385426601713e-03
-4.623609255444978416e-02
-1.984640248195040663e-03
2.679303029191251739e-02
-5.052251749380647083e-02
-9.262508219161726120e-02
-6.264299242893503483e-02
-2.787849270971188773e-02
8.800960975850635748e-02
-1.079778803177157132e-01
-5.427463180353582495e-02
-8.592569143346352745e-02
-1.080896879217083523e-01
-4.409077954639715330e-02
-6.975987440186551258e-02
3.419311642986720690e-02
9.847659247756838929e-02
4.893517381075469363e-04
2.173246483275575666e-02
-7.943351694335548663e-03
7.660961948575753522e-02
3.389181815358380256e-02
-4.233192874766253389e-02
6.577776956592716606e-02
9.458945408707796626e-03
-2.663689027275733742e-02
-5.174532564004373503e-02
-7.129149854067308445e-02
-1.277403349677955768e-01
-2.014471578264930007e-02
-2.872482541679660314e-02
-2.743664262010352128e-02
-4.436867708816001621e-02
-1.102841608980293375e-01
5.645303750387104663e-02
5.359626846329305916e-02
1.196322936946059984e-02
-1.073009910394899930e-01
-5.658695603811932789e-02
8.785870265951167823e-02
-1.298995041588083856e-02
6.158933289915334564e-02
-5.732037559469860787e-03
4.949516997102899191e-02
-1.393025457655198800e-02
-8.450381121182472255e-02
-2.358057008662227394e-02
1.972077554654799378e-02
1.097840853587478058e-02
-4.502846724698805758e-02
8.461720343248570197e-02
-1.265360631514226078e-02
7.006124638124976156e-02
3.388868577179759024e-04
1.016550755533658090e-01
1.296772893097393117e-02
-5.528712815149161575e-02
1.317340111905676847e-01
1.595119360191668903e-03
-3.773598763627744124e-04
-1.137496807000952818e-03
-5.409498049520881924e-02
4.753300916859384134e-02
1.088093618499787370e-02
4.860771093366879347e-02
3.048994097910364895e-02
-2.909927402067571597e-02
3.843852559359969834e-02
4.988159532879657410e-02
-2.390773815130476168e-02
-4.650378221674462964e-02
7.291005548693572924e-03
-9.057020288831016397e-02
3.481060100880613989e-02
-2.322565280446896308e-02
-4.029263765018566146e-02
4.650462980240443328e-02
-2.267744914033100953e-02
5.397097502802515601e-02
6.760022614069714775e-02
-1.126452397338264903e-02
-6.648646173217057087e-02
1.113224901828337859e-01
3.201489498728411764e-02
1.121348457604256707e-02
-1.621228683668526904e-02
-3.034883639252229648e-02
9.557504880322273411e-02
-6.449131879210411034e-02
-6.945640188410696914e-02
-5.521136136381565168e-03
1.362512373902427520e-02
-6.070430606412127728e-02
-4.218669678743346141e-02
-2.403060122042522187e-02
-7.441256690090672365e-02
-4.142641245059357907e-02
4.797261131362621014e-03
-1.415877104074393829e-02
-6.144211095520127341e-02
3.770827527035704868e-02
-8.429139887516896856e-02
3.536783330279847509e-02
-7.282610765506518369e-02
-4.789791322091260795e-02
1.936773769346641222e-02
-1.198367092448193033e-01
6.185046298547235838e-02
3.993860480524257656e-03
-3.131099352259609364e-02
-3.827726320893529849e-02
8.632018728077441028e-02
3.958593546766525986e-03
-1.435062021226196464e-02
3.758920791093046943e-02
-3.367494677932648950e-02
-4.581775375401324346e-02
-2.635048002284606089e-02
5.517299889982212741e-02
2.062279094632647053e-02
4.557431241189874305e-03
6.545108057140021363e-02
-8.371585136061487908e-02
9.405178996636186922e-03
-7.730043865004430914e-02
-2.617344517459930554e-03
-1.064195388048492542e-02
1.977081995202657067e-02
-2.624718512700183540e-02
-4.463824617952658752e-02
4.313422385198811826e-02
-1.490914231051921127e-02
6.309611909297377537e-03
-1.701472934721255659e-02
-8.267564264673871177e-02
2.631937731428647242e-03
-1.971506355623195428e-02
-4.042051253016405721e-02
-6.980402255927592448e-02
7.383871455767225533e-02
-5.545237050360202723e-03
-7.158782185764897858e-04
-1.258624168096343643e-02
-3.613991013577469436e-02
-4.979418345118597107e-03
1.220328036893590477e-02
2.734259746341623568e-02
4.776484227232413032e-02
8.230458438549878575e-02
-2.109239025340565662e-02
8.108653008926648698e-02
8.604453768358755195e-02
5.255572808546304930e-02
5.615955175627796760e-03
-6.832343781780841896e-02
2.751517327406144062e-02
-5.772297878310323621e-02
6.083748756736104268e-03
-3.914633332263288412e-02
3.926171552701684941e-02
-5.834823903918205656e-02
-7.977255120727517329e-03
-1.016413667766073031e-02
6.915764636480296879e-02
2.662329205065012278e-02
-1.817164692128803855e-02
-1.172346949723366144e-01
-4.625713478974306098e-02
1.457409906951067369e-01
-5.502253401943255073e-02
2.771955197272432322e-02
1.112801846029446706e-01
-7.232374731965723891e-03
2.797345915515982509e-02
-7.364546502723803845e-02
3.556410466036762780e-02
4.935388112669550353e-02
3.702132551886500728e-02
6.537395027635849176e-02
-3.333838156928535523e-02
-6.855626591340022169e-02
-4.676351194414744318e-03
3.113808604799705570e-03
2.441949563207135299e-02
3.075342956464992283e-02
4.294222727426838526e-02
-4.691898863539495368e-02
2.440398112934198324e-02
-1.953729167697668134e-02
9.647035722082366108e-03
9.218297414115590727e-02
2.984363848773154831e-02
4.368570730411399511e-02
5.171462829853883808e-02
4.413441178210160409e-02
-8.234696366848874571e-02
-3.415526988757965760e-02
-6.918465855126526565e-02
-1.020128304049019129e-02
-5.165754524692887928e-02
-2.345516426052241671e-02
-4.737502657191734745e-02
3.089154917564676788e-03
5.621195466098381777e-02
-5.004145735454478688e-02
2.339299569495366729e-02
6.144299539241149938e-02
-7.164438898755295937e-02
2.612126337919601707e-02
-4.192070229645822321e-02
3.026695224747560573e-02
3.332765776811136976e-02
3.782048824140437498e-02
-1.888092871233826298e-02
