-2.534847745435759303e-01
-6.203212199556532719e-02
-1.760952271320495588e-01
-5.035471499410744400e-02
-3.157008369169533174e-02
1.036935351360945973e-01
-6.761219717931675477e-02
6.310982254148948811e-02
-9.054665990191834712e-02
-7.913509132799853574e-03
6.468228711183371393e-02
-8.145700377721991348e-03
1.729345201412795241e-01
-8.159533516049369967e-03
-1.042346787012197046e-01
-2.471288327552292451e-03
-9.571643759819833952e-02
1.860472711880699001e-02
-1.582445344764457640e-01
3.077906301248681947e-02
-5.585857949269716627e-02
-1.179266970020533684e-01
1.389924384995222806e-01
3.378184473174220513e-03
1.180660190875415690e-02
-2.445511723639871501e-02
8.763362846475518386e-02
9.881685852458674257e-02
-6.886099566694002527e-02
-4.992038380476748055e-04
-7.794312979334372393e-02
3.140085707640125762e-02
-3.284592468050501202e-02
-1.328245833612184401e-01
3.460827384194784667e-02
-6.953291192436956980e-02
5.781173056210384131e-02
-5.148558322553922761e-02
-7.286288222310832730e-02
6.403517510243945943e-02
8.696938097631878861e-02
-1.383736165422511377e-01
4.769335861208349320e-02
8.717273177899871606e-02
-4.411538252566638008e-02
-7.339441230748601497e-02
-1.439787528227601254e-01
-1.763579099895713209e-01
-4.727678667725400408e-02
5.515239227718334546e-03
3.071433713447755450e-03
6.663191568447797419e-02
1.560433042340115400e-02
4.498466867981466832e-02
-1.368611078022170975e-02
3.018812748791807610e-02
-2.407765969270180342e-02
-5.142698502418956152e-02
7.779944127957712230e-02
-1.898112057494025229e-02
-4.268723024455711029e-02
4.459124982266308990e-02
1.996587857608126890e-02
4.893437825268977942e-02
-1.028506677076643783e-01
1.206124907053665422e-02
-5.107965216634617611e-02
2.976326300862708069e-03
-6.411006485131526267e-02
-1.319892012384083491e-01
-4.370343386783755169e-02
5.003024167254511295e-02
-3.702877950784207867e-02
-6.706932905848504711e-02
-5.253473687061803454e-02
9.064672082557553856e-02
6.861453097159521397e-02
7.971043246585871045e-02
-7.833981429853545397e-02
8.042260058733370631e-02
7.816390961646264846e-02
-1.130726597707789188e-01
4.932588909076170841e-02
-3.536891298658057653e-02
5.641131794299853938e-03
9.086008872842356310e-02
7.182737825298385337e-02
-1.974862124972475916e-02
8.657148561286499844e-02
8.355611830621892389e-02
6.569309691194670509e-02
-3.152579563344295316e-02
-4.860858399484153242e-02
9.872787878866129407e-02
-4.076809328451246051e-02
6.444532581921247338e-02
7.612603516138510829e-02
-4.753114029763962772e-02
8.891515681812917765e-03
1.660504973799683398e-02
-3.694288195658373963e-02
4.088881218397418665e-02
-9.464398410474317291e-02
-7.704360887531809055e-04
-1.175163628219073018e-02
-5.009452723845907868e-02
-6.773394347366752839e-03
-3.174679561260952687e-02
-8.220274569596162928e-02
-2.006208676890457090e-03
-7.724483150287071720e-02
4.680976231483791744e-02
1.842739142242445435e-02
-2.961076825295444470e-02
-6.439601086453874100e-03
3.731740408631197686e-02
-6.674360818598602807e-03
-2.396622403991600925e-02
2.328443745301679232e-02
9.271915978013420268e-02
2.400922785455708933e-02
1.818863218874740631e-02
6.568098832932592335e-03
1.141458104250516331e-01
4.465344390612437792e-02
-5.869536355202402411e-02
4.991928302452922593e-03
-2.422765934650106603e-02
1.166427102394806091e-02
-2.160240855629180431e-02
-6.840725405273218387e-03
-8.496009011476123030e-02
4.215192081469474467e-02
6.937006983445737074e-02
-6.112008887549821856e-02
-2.698012363957774662e-02
6.176734765559089776e-03
-2.090755937723198787e-02
-2.577832846812787640e-02
-1.072915821155225186e-01
3.342922812875520622e-02
4.067570112984843222e-02
-1.135781380561846354e-01
9.215581714687100245e-02
-4.976216499185592834e-02
8.358749054300912418e-02
-7.565735962861164579e-03
1.025039586252893264e-01
-1.547443835528731527e-02
-1.614822593912189352e-02
2.560906516015919523e-02
-3.683170315252020516e-02
-4.013052137051639767e-02
1.804479690428236610e-02
1.961333535844348493e-03
1.666654666064056045e-02
1.258134938677382686e-01
1.084356597098133299e-02
1.596810159946911514e-02
1.979467055635833819e-02
2.728129711276372840e-02
-3.553766259710474523e-02
2.252735749782108082e-02
2.196885829760618358e-02
-5.165649770386528811e-02
-1.246861114403943066e-02
-6.758948441373413552e-02
1.982292391580682892e-02
1.655338645214816592e-02
3.187224786709574181e-02
-8.484916815941995205e-02
-3.144778700722544035e-02
1.099635426805083138e-02
-2.296047782889897027e-02
-3.778644654583152018e-02
4.385688263304999418e-02
3.842122981655734376e-02
1.064832058012242233e-01
2.297324687966270304e-02
-1.195373953393395750e-02
1.710436365406833512e-02
-1.652814189201756712e-02
6.182385437448788441e-03
1.589225784105349412e-02
2.847457958370444575e-02
1.217088678226663917e-02
9.602894910783832394e-02
7.758644030347519593e-02
3.987701168164675680e-02
-7.768096063326650723e-03
-5.921614268274145304e-02
6.872424206867441820e-02
-4.207328841300888439e-02
-1.262258461449878022e-01
2.133994585481771220e-02
1.363965785416743765e-02
-7.049070080967338725e-02
5.184564844147174223e-02
-3.106401832349587754e-04
8.020710450935840397e-02
4.828851379423220597e-02
3.296220376633911958e-02
-4.863852521732201645e-02
-4.853486841155320308e-02
8.560125791086890812e-02
-3.303382786717477121e-02
2.596461717711487024e-02
-7.791432604377611371e-03
2.385592586004307153e-02
5.191852009324408185e-02
-5.044134639885794469e-02
-1.166250977556685699e-02
7.005431483055535313e-02
4.385585523816096232e-02
-1.537830354781323169e-02
-2.344328004139667812e-02
2.959818266556375407e-02
6.899609809484825995e-02
-1.013282886381606553e-02
7.175912987821216754e-03
5.705633846994011271e-02
-4.445273497601626850e-02
-8.767802660103139745e-02
8.627379794376681399e-02
-8.149039411111358780e-03
2.267599952265982391e-02
7.562686801601205266e-02
7.623761758486934104e-02
2.665521000592011025e-02
4.901018531843078646e-02
5.767673821221942776e-02
-7.344332364273905601e-03
1.019340846959458299e-02
-1.265641892975521432e-01
4.993784951788108467e-02
-7.071327857384811233e-02
-4.330337363658184890e-02
-1.150561189894121379e-02
1.451547530439602739e-02
3.981048786258167133e-02
-9.513742719287732186e-02
-1.657565890563548333e-02
8.544527735110848954e-02
-1.032855859797980752e-01
3.132215128936617632e-02
-1.293504842366177861e-02
-3.317208586509933638e-02
3.873902507134094949e-03
7.694072261571606453e-02
5.022640071100177572e-02
