-5.162124135677566977e-02
3.410021887003786972e-02
-2.042036063828263359e-01
1.090652594141202358e-01
3.778214955308005496e-02
2.847172690364029313e-01
1.643041749004364172e-01
1.760410349534983487e-01
-8.867287065580481409e-02
6.035490361769551074e-03
-6.846064829032795507e-02
-3.288279684438269457e-02
4.066675595957324613e-02
-5.790802612730999721e-02
-7.622419413421828438e-02
-1.022102214607408521e-01
6.861822265548779554e-02
-9.103041913467130319e-02
1.978699615904895223e-02
-1.062515128689220656e-01
1.291017734575022613e-01
3.809914184648922203e-02
8.540835617555679604e-02
7.872674722990703755e-02
-5.753324651087688736e-03
2.225075398346860744e-01
8.305369035897572361e-02
3.476856076897889836e-02
-7.552779655698779737e-02
2.742511267419474666e-02
5.455478598346314573e-02
1.864519373939262786e-02
6.309594673850915658e-02
8.689527360556954794e-02
1.444231570238223850e-01
-5.657596799681615524e-02
-6.985441550532707489e-02
-9.696126215161444961e-02
1.668964592395909829e-01
1.309218730167829858e-01
6.705581969679179355e-02
-1.409447892251911305e-01
-9.546304870776231479e-05
7.921120209050159372e-03
6.826683953062701038e-02
3.693116083096183860e-02
3.889904711136352861e-02
-5.574693443512757085e-02
-6.803552264188675314e-02
-1.011656921335529064e-02
-4.712572952266788628e-02
4.106540133818328830e-02
5.982972277248722187e-02
4.315127565631367984e-02
3.189977548572660304e-02
3.178574272880813067e-02
3.749103418158184018e-03
4.783255161118635246e-02
9.806750056330765502e-04
-3.597468678079470544e-02
3.112688679994585206e-02
-2.610887566694179100e-03
1.134552188815212900e-02
-6.568682326584991682e-02
-1.448346738247301320e-02
1.780777028968032749e-01
-1.863748429374558271e-02
3.353719470250124401e-02
-9.048428870890039277e-02
-1.256644333174448125e-01
-1.011612340628091772e-01
-3.457686372699867242e-03
1.004721772186078187e-02
-1.302484026605202176e-02
4.471857243702911239e-02
1.240973376527027827e-01
-2.288977987735352909e-02
-5.518830129967688264e-02
9.553109294542972210e-03
2.781661843574905271e-02
-3.184738477465559169e-03
8.941381542114369002e-03
-4.990961034581599225e-03
-7.232127051573709886e-02
-8.193210009464621524e-02
-2.626738857331082852e-02
1.365141708118341318e-02
3.111833937107630257e-03
4.223036561410965783e-02
3.707137218375135962e-02
9.596536937066066364e-02
-4.833688343381872463e-03
-3.315390117652749352e-02
7.456331138721350449e-02
-4.272668631713488069e-02
2.496227998325273659e-02
-5.250782760618589312e-02
-2.028811012610690426e-02
-3.008373176524280559e-02
5.949335630697373534e-02
-5.115220538747521084e-02
7.724582975976740373e-02
2.551042156875766784e-02
1.406561878033604218e-01
3.306125375144734757e-02
-6.397603023811274103e-02
3.047654478062421929e-02
1.322578864280870431e-02
-3.620037242227973351e-02
2.797704194386539667e-02
4.473747733852882075e-02
7.589945887583318673e-02
5.435427335798216977e-03
-3.486382270171325959e-02
-3.952686414166423079e-02
9.924805132717262612e-03
-1.978652688844435154e-02
-4.353926188833346679e-03
-5.557330431142454980e-02
-7.302879651016247475e-02
3.361402100434050105e-02
1.863711558112767994e-02
1.245420721085506097e-02
1.048297905336201957e-01
1.161149776297519705e-02
-8.265735781405979254e-02
-6.474938819449810312e-02
4.783999290220219275e-02
-1.381120372205065297e-02
-3.110027245279909161e-02
-7.832813537062588427e-02
-4.520661386581598801e-02
5.750163778372400364e-02
4.698702653967887222e-02
4.036739483316557908e-02
3.246253149863202042e-02
-1.276831684197880963e-02
-3.823368843269461109e-02
7.916518005192162144e-02
9.214812115684839489e-02
3.547853367441398172e-03
1.782316571744418585e-02
-2.285890857543644572e-02
3.895271155693274395e-02
-8.000426941228025793e-03
-9.446749112009755756e-02
4.914664338138969440e-02
8.986330962169532255e-03
1.496782168508086798e-02
2.484238134377673296e-02
3.061021986427820557e-02
1.243332466895023716e-03
-3.598899953423509435e-02
-9.502729743205973884e-03
-3.362692594596707746e-02
-1.645296259066191327e-03
-1.740494505075642143e-02
4.326591176115235360e-02
-4.266058620054368616e-02
-2.064126977539938387e-02
8.843428007269321656e-02
2.529090348379027520e-02
-7.703200996071304929e-02
-3.066659937548833759e-02
-2.505328496121677490e-02
-5.286913245240111581e-02
9.731066763607010284e-02
-2.784417132410501455e-02
-1.026057830610920957e-01
-8.604914518614188018e-03
1.513518369427955222e-02
4.527154080589566865e-02
6.717940546244681455e-02
-4.211442225544386603e-02
1.249064272136957664e-02
3.504512875173443343e-02
-2.658364344148419003e-02
-1.885619791481937119e-02
-2.144492920511051684e-02
-1.495639159392589922e-02
-1.941791482852887885e-02
1.041563872160152227e-01
1.323165452536624077e-02
3.940200464151098758e-02
4.101203856657417712e-02
-1.471069491308745099e-02
6.066160547713232015e-02
1.002199107493049468e-01
-2.718873436679055192e-02
-3.896940418272504952e-02
1.076258723924879493e-02
7.166258218351932718e-02
-4.176377655581890724e-02
-4.258583809709624857e-02
1.294717598099026385e-03
-9.331663848163816721e-02
-1.148780808740057779e-01
5.484325332797825026e-02
-1.339901653456492588e-03
7.403648809488910798e-02
-6.595165948349038243e-02
2.534295900157227614e-03
2.035390856873799462e-02
1.424594941788621602e-02
1.594745759151803763e-02
2.872472409431320317e-02
1.008772918276956143e-01
-4.677471511042501778e-02
-2.201586393426758353e-02
4.693128389571784437e-02
-5.285448450567173384e-02
4.453538930458953576e-02
2.638148836888709950e-02
3.533483631141883657e-02
5.155115244004535718e-02
1.336010059371179649e-02
9.689288272065803287e-02
-6.135052824401807797e-02
-2.537212081771545325e-03
1.720295757480383436e-02
7.701095982216371594e-02
-6.952277526518851718e-03
1.093987096980194099e-02
4.155478354012617781e-02
-1.177587655190176497e-02
6.476044957303515870e-02
-3.419997239284484902e-02
-2.612563533139189084e-03
6.878467964280617249e-03
3.658936423416652654e-03
7.399861125323187357e-03
-3.860685912134051434e-02
-5.958231660587486739e-02
-3.834741951565298623e-02
7.234674520570125167e-02
1.870113749932705849e-02
4.681222323946434422e-02
1.586121235825782919e-02
8.643920961655346402e-02
3.436368079519341607e-03
-5.874212110766251910e-02
-4.728280109789421287e-02
3.543666803261763532e-02
8.564892439907351163e-03
5.360947386981977647e-02
-7.270510035097325907e-02
-2.555309167444761928e-02
4.441344598605061200e-03
1.901156000427178458e-02
3.558277878729359557e-03
