-2.004082354330167237e-01
5.461154033603311114e-02
-2.519525806079189190e-01
-1.601610526463646544e-01
1.692442323235284485e-01
1.227222722968534518e-01
6.229114967244989143e-02
1.144461181722400134e-01
-2.082245460325419378e-02
3.369385638553702017e-02
6.144278502041690404e-02
-1.044751937852228391e-01
6.672804699643844484e-02
-1.509381833374551403e-02
1.863837550099844143e-01
-6.552944554011411182e-02
-2.707282683273916357e-02
-1.176102360895073078e-02
-6.562480770373989303e-02
-4.694770294520207027e-02
-1.566706712820963299e-01
-5.767192865749018460e-02
-6.024554493202734229e-02
7.104780026984490807e-03
4.242241631774142790e-02
3.481781503412083052e-03
2.083978050053132691e-01
-6.262966543086384563e-02
-8.549838885645996700e-02
2.259651624683424107e-02
-4.300850181570754771e-02
-1.058976904606727526e-01
-1.382262276240201482e-01
6.077163062857570547e-02
1.740749966339128763e-01
-5.858666829736715320e-02
-1.950607821852434060e-02
-1.018214892312060832e-01
-5.112726852542327782e-02
1.220751908745904869e-02
9.917296451616063047e-02
-1.850472237390007879e-01
-6.080692658259179151e-02
-1.140866174251730508e-02
6.053614717995661060e-02
-3.551121617026192084e-02
-1.935101509034453529e-03
8.089344560276735818e-02
-3.347929151737900899e-02
-4.661098020797050517e-02
4.062979358451416362e-02
3.762751243100455334e-02
5.515612071403674932e-02
-3.312912112127960190e-02
3.187350823217481588e-02
2.480372532234268249e-02
9.083000375045560681e-02
-4.758874122199849982e-02
2.016046454190070433e-02
-6.774654943622160364e-02
-5.882211854189028227e-02
-9.037401190049987321e-02
-4.703413320701193417e-02
-3.007567245588025490e-02
-1.029061674342574007e-01
3.024468130436745381e-02
-8.560331379972510590e-02
2.505285565440544190e-02
1.130061561423098895e-02
-7.405011462745048414e-03
4.159898794178189946e-02
1.286990759796417631e-02
9.475017893295932525e-02
-4.913137031666779675e-02
-3.223334102020148501e-02
6.935664925390190583e-02
8.546568282192953947e-03
2.115565770631294001e-02
-4.925379381850911176e-02
2.822102447138106346e-02
1.984711748823200436e-02
-7.647537500119377940e-02
-4.001661354423654421e-02
-5.645310590672013296e-02
1.429682041817808939e-02
1.556608019072653736e-04
-1.894479618024780265e-02
2.236920100582375989e-02
-5.813920990007571260e-02
-3.453475011597675892e-02
3.671167705596057457e-02
-9.551357430340513821e-02
-2.088514393644551326e-02
1.373300158696944273e-01
-5.798680309957349871e-02
6.664573404252886746e-02
7.089130936553839080e-02
-1.587318487435288028e-02
-5.361100131216971036e-03
-3.353945733927660849e-02
-2.303368137437499658e-02
7.070832159264783812e-02
-8.597327383702262071e-02
1.081480648609421669e-02
7.875812339503391810e-03
1.273270827341621905e-02
-3.653134561074761200e-02
1.778384816875342583e-02
-1.588699777827639117e-02
-3.984880004320427022e-02
5.307336059022379343e-02
-7.963570765152049036e-03
-3.571445844169417183e-02
3.061945593558061327e-02
3.692268908584979414e-02
-7.743660037542872757e-03
1.719005932052227945e-02
5.717612509646643852e-03
-3.689559454353828760e-02
7.263379391385099693e-02
3.709568242585339209e-02
8.088272067976903790e-02
-1.265321766766408854e-02
3.025517379869396839e-02
-3.859710523742393342e-03
1.194477507604859920e-02
6.791675363216372052e-02
3.125252522934424820e-02
-8.329712331413014620e-03
-4.018728259752223780e-02
-5.274092118137235774e-02
-5.312061001878907313e-02
-5.597579702715167402e-03
6.113016845685954881e-02
1.615143519858130983e-02
2.036583187547503018e-02
3.707326966107365313e-02
-1.283092598929541986e-02
1.235082796566548159e-02
-1.523779129387134793e-02
-1.019581572902185027e-02
6.414533279960550442e-03
-8.594471831448843857e-02
1.135520314800563674e-02
-1.461812317324119592e-01
-2.334676279527593892e-02
4.517560034328425150e-02
7.766381600415128705e-02
6.296183920694752023e-02
1.451715283780608545e-01
-5.293745622541867063e-02
5.598379921428043443e-02
3.044294296140420339e-02
-5.150649250549642344e-02
-2.703613630669233353e-02
6.155176086339037705e-02
7.692283339848522694e-02
1.311660739020193145e-01
1.441339999912868812e-02
-1.923320695784305062e-02
1.239814380242270329e-02
6.070100551644755371e-02
-1.366524530873310279e-02
4.414756832795770081e-02
7.075958871682548439e-03
-8.732099488834813017e-02
-7.421298071818323294e-02
-2.781334458106165045e-02
4.334031034673554994e-02
-4.225231173408722229e-02
3.448776632017923338e-02
-6.974719583070079949e-03
-3.957506547602775149e-02
-3.315578401034349754e-02
-4.941476727577157058e-02
4.411814949892830379e-02
-5.076474620562303891e-03
-4.459203835661185167e-02
5.610187297954968844e-02
-4.164716708503433951e-02
2.026887591524268936e-02
5.452965903537114467e-02
-6.331941411644823048e-02
-2.441165135712916080e-03
-1.772580740899790466e-02
7.021192035789663999e-02
-1.323930316563020140e-02
1.404314112496744260e-01
3.190535096021002159e-02
-1.661765391009579693e-02
-3.804492112144317300e-03
-1.796733400308353837e-02
5.789024558849280300e-02
-6.145390839256684862e-02
-7.553380645177305841e-02
-2.341818480570736355e-02
-7.657697953486192199e-02
-6.496696815438265937e-02
-2.975561817482562030e-02
9.741367869528722023e-02
4.975803121990921701e-02
6.729753044641957616e-02
-5.035434357943408684e-02
-2.822620431035238048e-02
6.829036612001793127e-02
-7.995616038172677353e-02
-6.987977978590893813e-02
3.270274732492908787e-02
-3.056832162778684581e-02
-2.169957400239717893e-02
-3.774332831774784153e-02
7.257037409054833965e-02
2.435314574003005772e-02
-1.007990022999065254e-02
6.393365668779688038e-02
2.561712606131927653e-02
2.084822098172689833e-02
-2.037253910286096481e-02
-5.922813822741119366e-02
4.121939871665309535e-02
5.843987298908387418e-02
-6.443716359908566171e-02
-1.672490314007883325e-02
-6.612761732901329889e-03
6.974184997124963092e-02
-1.663525208095988778e-02
1.858761971989873057e-02
3.382089525671815727e-02
-6.037573819232563976e-02
4.029253958174707634e-02
1.395398812728804692e-02
-3.565631806965072897e-02
-5.539602030741985761e-02
1.890973265490350681e-04
2.373050253240099536e-02
3.632345476587956618e-02
-1.828280611889431320e-02
-2.944954281817434641e-02
-2.930593510310418814e-04
6.415977658135245398e-02
-3.514364682787424893e-02
-1.886958890287579807e-02
2.526383448019869221e-02
-9.437892393591898466e-02
3.851861075455090266e-02
-5.920937791318815757e-02
-4.717890306544104267e-02
1.281478879865400981e-02
1.035316993982358762e-02
1.228292558940687236e-02
