-1.920066308013715639e-01
9.323877790019180489e-02
-2.691494634325367064e-01
-1.287309580758711214e-01
6.116072844999129871e-02
1.790893174073017735e-01
1.849737584175580873e-01
1.144792659778130356e-01
5.060150268331474466e-02
6.806223248832426152e-03
2.808926916083880343e-01
-3.128587938787308342e-02
-3.046867530531909701e-02
-5.604287252678269438e-02
6.945353173623895759e-02
-5.870198822132946526e-02
-9.398718147048627791e-02
-6.918370149896889421e-02
-8.116032800920211510e-02
3.981538673882140111e-02
-1.532004904158105474e-01
-4.346759891663369395e-03
-2.961703653194452945e-02
1.495811978024227107e-01
-6.117429571817460665e-02
7.669418304446380674e-02
1.343991836624650327e-01
-6.409325558965346670e-02
-1.153246720721490676e-01
7.732010241950948437e-02
-3.537981977953175844e-02
3.754149193048444966e-02
5.092357034655962261e-02
-1.794381408253142504e-02
9.079646301905139327e-02
-9.849692075380345191e-02
-1.816113141630009906e-02
-1.303781070765827055e-01
-2.898030466398119481e-02
6.662289684671486578e-02
-1.978445161096385047e-02
2.146834242678099733e-02
-1.295726107889077217e-01
2.327371883181314927e-03
1.317473336876814061e-01
-3.668461908410515504e-02
3.116632214134403694e-02
4.318340941329144866e-02
-6.050774340796064715e-02
9.910035427574327704e-02
-4.109801010250634101e-02
2.836902003253427128e-03
3.627942607721939411e-02
7.978535080473639352e-02
-2.135019700257559036e-02
-6.836229638413479637e-02
2.559602881544384076e-02
-1.762494540206377691e-01
2.411981361996560699e-02
-9.448793074439913731e-02
-7.568321495666241461e-02
1.456973090247695723e-02
9.493678693924537809e-03
3.125423390700897419e-02
-2.218327547759786633e-02
9.525544556809903418e-02
-1.024645891342230580e-01
-1.925312433160231195e-03
2.793018433271680923e-02
5.902071571956474423e-03
-9.274088670561704897e-03
-1.125759573120871555e-02
1.100890839410249150e-02
-2.880320704909095780e-02
2.402560030588049914e-02
1.050093127858638675e-01
-4.215150503347114830e-02
7.503215825731772599e-03
-3.162867673499195065e-02
-1.795951630154560968e-02
4.293034887045101000e-02
2.202057156347062700e-02
-3.733157805524219691e-02
-1.300793516990233489e-01
4.515520867905945673e-02
4.372344866943059238e-02
7.684039274168799616e-02
4.224750895147891955e-02
1.414198317310372179e-03
-1.354151103457445875e-02
-2.014326108931428425e-03
-5.933675731191602465e-02
-8.789957578438853392e-02
5.542680147331170704e-02
-4.168915043982323460e-02
1.958238884522868831e-02
3.969782670435994393e-02
7.838354897612141714e-02
3.712162974530912318e-02
-1.691049788038747823e-02
2.986882299122460560e-02
5.133344647139698180e-02
-6.959306110344393170e-02
-9.083630395633080640e-03
-4.055318442434313608e-02
-5.263803916782545250e-02
-2.718494875397783547e-02
-3.981235648602919272e-03
2.426144350331064722e-02
1.866639163471045873e-02
4.474633116025589913e-02
-9.890893182947167739e-02
-1.817483642324668747e-02
5.771698389040679639e-02
8.359534273588857534e-02
3.448520651201311682e-02
-3.010301332349536729e-02
-1.021477555439829175e-02
2.044821471122133458e-02
-1.340425435696362966e-02
-9.750206810130609969e-02
5.113128040158936016e-02
-7.228251376060364219e-02
4.461757985127776105e-02
-5.774008956794740403e-03
7.087010604721594165e-02
-2.427025878416071841e-02
-2.061477531072047550e-02
-1.506128611394072850e-02
-7.876969959898340312e-02
-7.115174738343746363e-02
-6.591615925231329720e-02
3.322878794804263319e-02
-4.573264400942975150e-02
3.618490285091690434e-02
-1.377515041179208817e-02
-9.965055176567449036e-04
3.004426774095545621e-03
2.884308242106118844e-02
-1.304653990178128720e-01
-3.178659422709512877e-02
-2.351145593723842978e-02
-2.475389401673575365e-02
-1.051983248037780330e-02
1.705192115558759949e-02
-3.201169380098925488e-02
-2.377953000527664035e-02
5.331736674833383732e-02
-6.050949957719249650e-02
1.207879423789788922e-02
1.934592582336376945e-02
5.923741322889865268e-02
6.391870614188395472e-03
-6.180121369925407199e-02
1.914768530830969831e-02
3.420470152058867341e-02
-1.837331798113650896e-03
4.862130135298651373e-02
9.651251839119509568e-03
-1.900467803733182914e-02
6.033336613364523489e-03
7.443850418757093357e-02
3.371751951485911503e-02
7.172229577564363974e-03
5.178257814376979740e-02
-2.152588279514218439e-02
-2.127599024385724152e-02
-1.086015052975758920e-02
-3.869650032998831618e-02
-4.055449294259431958e-02
-2.648971234631033664e-02
1.075288646785148433e-01
-1.870117067243924278e-02
2.506835161330928444e-02
-9.328405951862085710e-02
4.213015552516239000e-03
-3.889563614700373290e-02
-4.390013306803098453e-02
-2.652542112069127683e-02
-1.358076658210992035e-02
2.932017506238031659e-02
9.718981432494508410e-02
6.133644867724870851e-03
6.198722989906683273e-02
-5.017499460281105161e-02
1.138601302368590223e-01
3.095847434755101893e-02
1.006671327080796430e-01
-3.640063618890783392e-02
4.129924643566180303e-02
1.693563520468650135e-02
-1.641370859591897990e-02
-5.422427320047543825e-02
6.934423602757443239e-03
-5.790923276925809271e-02
6.722787992974162130e-03
-4.209937091156878974e-02
-3.939638542091659923e-02
-2.089180239837203773e-02
-2.110178514299592897e-02
-1.424304899066212299e-02
-2.629794555313053062e-02
-6.518342346634219131e-02
-3.807688250336281610e-02
-2.257700173244036809e-02
-4.117021964915709709e-02
4.207860679300397949e-02
-5.357166694004381752e-02
-7.204271057372912956e-02
1.260202936491659244e-02
-1.958452379605956500e-02
6.570001269803251581e-03
-6.086600193125795560e-02
3.676795103589095004e-02
1.106453763712313687e-01
-2.339300060081563742e-02
-3.051137432193661708e-02
2.455716862807778497e-02
-1.087234041030807341e-02
-2.265162170744856526e-02
1.613313473511289800e-02
-4.961729035028094800e-03
1.006987437542529451e-02
6.098280440252135809e-02
-4.512046407602149541e-03
-5.253779978284674190e-02
2.673134057179834058e-02
1.320539401747478601e-02
-2.001168613568885327e-02
-1.222173263949411469e-02
-2.509841309839564664e-03
-4.270228791314631400e-02
-3.618008199420202214e-02
-1.086345281660728301e-01
-2.715932934400732204e-02
-2.327041310149437908e-02
7.033437112742936537e-02
-4.128619568784080984e-02
-5.425943101980324271e-03
5.607751382574819449e-02
1.104775072534810477e-02
-6.781977783025656958e-02
3.188153066968746341e-02
-5.910666470785291143e-02
1.365655733660601362e-02
1.303738716096117765e-02
-1.529465001363179352e-02
-7.134909259653020308e-02
-1.288807834156314655e-02
-3.425687007718185295e-02
