-9.142431487173516280e-02
1.370910240592956852e-01
-2.706691476736444724e-01
-5.304547715372021771e-02
2.362576928836468415e-02
1.389393330097273352e-02
2.456413042206832265e-01
1.326072665535380501e-01
7.500466175407112523e-02
1.347223541441266471e-02
8.324644813968994084e-02
-1.357653441903411418e-02
1.019305408987118550e-01
3.596934170153112675e-02
3.170899369463478501e-02
-2.251902797906180087e-01
-4.526178161871225597e-02
3.532904547283034769e-02
-1.402212657179296162e-01
1.831167486344279643e-02
-7.365375767773860161e-02
-1.373760163641805920e-01
2.677738622900012466e-02
9.995899760542270585e-03
-6.312271982824568632e-03
-2.633589386907532470e-02
9.955953413599280544e-02
-7.749739078182120433e-02
7.149110836642641464e-02
-3.004189352554378911e-03
-1.401979659732399131e-01
-1.019179631604280323e-01
-6.888727598383576067e-02
1.122523277962640814e-01
1.343519638074511802e-01
-9.014973636023432615e-03
2.951699632732697823e-02
3.171916585455832049e-02
-9.187460477537760795e-02
8.557363901084644175e-02
3.421464411472017325e-02
-1.012634740194015004e-01
-1.476303096060239128e-01
-1.391723304566246794e-02
-4.077335041785460495e-02
-4.636168077585035158e-02
1.385836510664548507e-02
3.896817005088255848e-02
1.432384451936296200e-03
7.026364482538229039e-02
1.371242210406677930e-01
2.066632369331183362e-03
2.394536755623272173e-02
7.926370387557186981e-02
3.161376715697216799e-03
2.402330829510634230e-02
8.878893504721944996e-02
-1.265485768952939183e-01
5.912987213501436773e-02
-1.187692801321448000e-01
-8.912770921115957534e-02
-3.398102809053018397e-02
-1.227302023639944423e-02
-5.677618553648944993e-02
1.703335052278095313e-02
4.741205938417147880e-02
-6.149864514639884899e-02
-6.888164005739164097e-02
2.418994614466463133e-02
4.074719834453766065e-02
3.775215018975240644e-02
1.900097615988334022e-03
2.055601074278963838e-03
-7.582695716843095013e-02
-1.083495861953284733e-01
9.267428775315063316e-02
-3.268455881595067058e-02
-5.444507700914617832e-02
-7.836174945208106146e-02
-6.325220867483995202e-02
5.653665866261416151e-02
-7.320827893081673088e-02
-2.838957048066605149e-02
-9.183604679080257030e-03
1.018584766441183870e-01
6.682026559504795904e-02
1.817524420500880866e-02
-2.752950748604956685e-02
8.709104347511666122e-02
-6.409240846528141411e-02
7.685788495743881010e-02
-1.038506391804958073e-01
-2.477099641489180840e-02
2.170515552550353333e-02
-1.613308000414236110e-02
2.324163278963039744e-02
4.280699199824456597e-02
8.102128815641518322e-02
4.536120073580281187e-02
-1.824971403796257427e-02
-1.705142672588832922e-03
1.012214107635014404e-01
2.009200904249348885e-02
2.310485847714493363e-02
3.000656588905257008e-02
7.256770777887477583e-03
-3.855970284530411962e-02
5.408152538809500587e-02
-1.291544712021934146e-02
-4.416133261509180147e-02
-6.170050753623292777e-02
-8.892117312622549452e-02
4.302469683985144649e-02
-3.571572501154552520e-02
2.825313982223206025e-02
1.839401437417525001e-02
-8.545439105498599600e-03
-4.622868665793106874e-02
5.285227484598321521e-03
-1.090105016671175098e-02
-3.450939619466685676e-02
7.627796874558148699e-02
1.179595968214739408e-02
-2.678611504190749060e-03
4.814631063054442689e-02
-1.094371138066136256e-01
5.161742274283245835e-02
-3.246224901005408114e-03
-4.458564227244304901e-02
-4.367908288466253175e-02
-1.448649598192418807e-02
-1.456189368081692651e-02
-6.352486379927704818e-02
4.366880762852355137e-03
1.145443628579551239e-02
1.287836684806562167e-02
2.996374659423928569e-02
-5.935146026740286719e-03
1.087575722852348464e-02
-4.985513040148399633e-02
3.884586357396402345e-02
2.309733245341772170e-02
-9.385680134426237220e-02
4.160210652838207401e-02
-8.937823301468193760e-02
8.615647628214127135e-03
6.252792339595966697e-02
1.358701586760398088e-02
6.113292850482341528e-02
2.026847539792384773e-02
2.821777782033569552e-03
1.549522371920702968e-02
4.274482498033346095e-02
-4.638484305891948933e-02
-9.075491114487478292e-03
1.098918024821149003e-01
1.952632010836706511e-02
4.917417989849420801e-02
8.230308340299688150e-03
-2.128672235243243491e-02
2.286832139351744134e-02
5.707392740668392611e-02
-4.792035809170223926e-02
1.394046405954190715e-01
-5.474567120796786784e-02
-2.496234299075086264e-03
-3.590463164363913873e-03
1.013855055730788525e-02
-2.902306235914770341e-02
-6.896899691727555182e-02
-2.843146190954036479e-02
1.058013570382658336e-01
-7.804703107174393306e-02
2.113723284004254827e-02
-4.735353509920596504e-02
4.326137138509952851e-02
-6.150015722422533249e-02
5.350006273300607004e-03
1.428315587966879491e-02
7.414834458861567501e-02
3.835217016362078152e-02
4.109531989867779012e-02
4.025075570178263812e-02
6.391944738117605329e-02
-1.367653774801217553e-02
2.813897794633339611e-02
-1.757972609921470628e-02
8.861044113288542301e-02
-2.380062046975313372e-02
-2.259556317286490548e-02
6.770122275599388742e-03
4.252760125439863925e-02
1.820771951287282128e-02
-2.757665682191138765e-02
-4.492355730125448254e-02
3.506092658187266731e-02
-3.291484139584139462e-02
-5.694811565844039303e-02
1.127085629149970035e-02
1.160701868464863833e-02
2.316506666696265676e-02
2.351514704919616811e-02
-3.816006754884849334e-02
-4.353165529658147709e-02
-6.320609030113254201e-02
2.421341771638010204e-02
7.783076957715321861e-03
1.122714349615258796e-02
-1.181474381260080031e-01
6.472792790266675145e-02
-3.701057911208312928e-02
-9.522653766261550586e-05
-5.498224265700050843e-03
3.291738443582228196e-02
-2.980903354026703811e-02
2.037926946411810006e-02
8.745961244531931175e-03
2.071934951345380874e-02
5.058278349006869665e-03
-5.419905507369808528e-03
2.510767428911795177e-02
-4.092081237134080618e-02
6.418357988513667158e-03
7.026120488161682887e-02
9.019664513826013141e-02
3.244053007400111294e-02
8.130524949914567923e-02
3.840832323563114076e-02
-3.779156730945613246e-02
4.901520553428372062e-02
2.967521465262422733e-02
-2.319427726133769033e-02
-1.555306069606960002e-02
-2.250748463947288905e-02
5.970002857180990719e-02
-1.621318576354025334e-02
1.238329882151648943e-02
-7.365128336856799351e-02
-3.874730359200214552e-02
1.155528844028070740e-01
5.065127374252687692e-02
-1.299688969387745585e-01
3.556297078566666298e-02
-8.447243396831274898e-02
3.053606805155909334e-02
-7.884489268304414877e-02
3.765967288450155961e-03
-5.558160968817108666e-02
-9.129650992999309086e-03
3.265435162482636846e-03
