-2.425998789729876537e-01
2.318728629098601793e-02
-2.644458674147484034e-01
2.737660874137022929e-02
1.756055730809862880e-01
1.428044725728725983e-01
3.788891920736570107e-02
-9.923859505644797019e-03
9.814463713691952418e-02
-4.142306821675093009e-02
6.453219279445455980e-02
-5.458201157626042799e-02
4.332664834699007789e-02
1.462875084892841133e-02
-2.161349273367599300e-02
-2.507066603717567435e-04
-4.040176281485499676e-02
-1.282702197326605342e-01
-1.023206456978165702e-01
-2.901008525155373413e-02
-1.431445506293420877e-01
8.496384828632619346e-02
-8.837147708728027018e-02
9.561759969897121181e-02
-6.230846718367354098e-02
-2.594582472113781887e-02
-2.052523530131301205e-02
-8.609346294436624747e-02
-5.129034369207528810e-02
1.338113610656291586e-01
-1.122432426794582605e-01
-1.353278054265562580e-01
2.735365375949580860e-02
5.260268000583570580e-02
1.139980745271511886e-01
1.188972415336986277e-02
3.482630378398412357e-02
6.059311790480461507e-02
-1.169424717938795238e-01
8.297078198507995030e-04
-1.741261627574832577e-02
-2.264413316153418912e-02
3.563657638584791232e-02
5.846136525473376658e-03
-7.130222908207009547e-02
3.289181094482075771e-03
-2.292999920247692364e-02
8.264214316124455367e-03
-1.029434526143726270e-01
1.008789198028906958e-01
2.335942952589258048e-01
2.606545843500665538e-02
-1.124201108148006542e-02
1.074140118510215694e-02
-3.929410842280813693e-02
-2.544754858125047869e-02
-1.511803628758160919e-02
-1.915509069153218530e-02
7.856958505199486409e-02
-1.020106386676025573e-01
2.041757643632199221e-02
-6.387877923539928005e-02
-9.541643754114506604e-02
2.564473187555172187e-02
-1.781077043636008486e-03
6.331435448941048760e-02
1.244485213169951171e-02
-4.126418148387683837e-02
-3.384914846389331516e-02
-3.946887235147869544e-02
4.689029450808393507e-02
-7.738889555928422969e-04
3.155812649791713692e-02
-2.064295610002564799e-02
4.300233271140769219e-03
5.672122459544046147e-02
-3.774043873294134765e-02
-5.054116960030057004e-02
-5.571082280993487623e-02
-1.252817489007333196e-01
3.524722163495468130e-02
-3.344437561684109744e-02
-4.703269191231156804e-02
-5.172059656900811209e-02
2.052041475511938093e-02
5.370386874465461063e-02
5.974454874151366446e-02
1.401397817602840351e-02
1.360698252156467836e-01
2.632649483722190181e-02
9.607968348410321491e-02
-2.339449326070575444e-02
5.425432921000312991e-02
1.275215047405232893e-01
4.500500184673806442e-02
-1.078631643296976486e-02
-4.614785387765903829e-02
-3.780421532424910191e-02
-8.613856948374948265e-04
-4.322698546735198599e-02
8.424860930942248581e-04
9.748284500948006803e-02
-6.727669042735984206e-02
1.042994033936944266e-02
3.738345050649104218e-02
-2.636016214397104637e-02
-2.576742625367047651e-02
6.748649896169201141e-03
-1.568781719600776184e-02
-4.699278850215320158e-02
-1.618303267164518042e-02
-4.120610537973456826e-03
-3.612479059201363640e-02
1.657024495756347429e-02
8.250154389726374604e-02
2.031994124674947264e-02
-3.676611452728172080e-02
2.646674977647459071e-02
-6.710674704488291120e-02
3.376012139252370509e-02
-6.657346455763708815e-02
7.680874665071148188e-02
4.570451666105780457e-03
5.416266231571795903e-03
2.423292397366883302e-02
-7.140055292109884211e-02
5.989987745219722132e-02
-1.248020280378611506e-02
2.501993552723321551e-02
-1.330306238737771207e-01
-7.158293025209108706e-02
-7.398256754063638196e-02
6.107742976405168556e-02
2.916946934236843564e-02
6.423790992682452961e-02
7.360094096697420221e-03
3.445443307761856394e-02
2.123764316378554118e-02
5.724234094229285752e-02
-4.755549162450141421e-02
-9.706889016967809591e-02
-5.599217437110898775e-03
-6.499351141352409378e-02
3.852450439716518377e-02
-3.099320439398773816e-02
-3.312063385580557573e-02
8.685797861569370670e-02
5.314973548220618821e-02
8.613558533610579659e-02
4.414273621092872080e-02
-1.787075945565856291e-02
-3.141886627454567454e-02
1.005990603155384154e-02
-1.625557041436833869e-02
9.331521501696718457e-02
3.164497284600868016e-02
6.200006700219075351e-02
1.335816199553693795e-01
2.340088239732746392e-02
-9.013392233729486391e-02
1.887595811193927900e-02
4.753517646554255432e-02
-2.512606406009926935e-02
1.500537323654197175e-01
-3.997032393052533245e-02
7.078742535523316511e-03
-3.737797956914430675e-02
8.404966613317754048e-03
-5.532418439856345155e-02
-1.096865550565888462e-04
-2.421176713204123941e-03
5.927879215928175127e-02
-3.895104621869497491e-02
-4.536704016920074800e-02
-1.154884267253477106e-02
-1.082216446299697800e-02
-1.641415108081743790e-02
-3.834170622483857455e-03
2.057072442372748222e-02
1.380952580413359783e-02
1.064710977122267643e-01
7.714802128281535165e-02
1.247863421335802803e-02
1.220990024055423062e-01
-3.916043391169278520e-03
2.962374843366314889e-02
7.277792835017010686e-02
3.359029278495614251e-02
8.744042302245390308e-02
-3.610596750687661283e-02
-3.430281542233804687e-02
8.939569012021361671e-02
-3.415628612137301678e-02
6.628744548348185217e-02
-5.595655589090051119e-02
2.874445785296361050e-02
-6.716421101617520151e-02
-2.995196641616418645e-02
5.243924053488985271e-02
-1.786762227480239232e-02
1.047496271048579813e-01
-4.425181063313533142e-02
6.483596372125934558e-03
-8.205044024512832268e-02
-6.436959500617743784e-04
-1.753840957642012824e-02
1.982277459765272726e-02
3.281452917251022339e-02
-2.501224560830528701e-02
4.918334416412568910e-02
-1.054157806788535642e-02
-4.435055531349844579e-03
-1.054425614910403826e-02
-6.952325624510589941e-02
5.440648248152738647e-02
-7.531219660740885724e-02
4.888875523007066987e-02
-1.826309835419547001e-02
4.116053974071384736e-02
1.004682169188542314e-02
7.796942705088824588e-02
2.163751894803787879e-02
4.351973800285705019e-02
4.766089324960810780e-02
3.048134655649136285e-02
-3.419358796691894520e-02
8.932927370599030859e-02
4.658767133037286512e-02
-4.712152769216555737e-02
1.099887956512686678e-02
1.722048307745945375e-02
-9.814785083438193336e-04
-2.511167893812463192e-02
-7.796043634965409141e-02
3.180676720992019896e-02
-4.760568651820013680e-02
-3.029108801505557211e-02
-2.007394035766197488e-02
2.051218921994771814e-03
3.698866307655419156e-02
-4.865821069544527117e-02
-3.565934007620671226e-02
4.596145942483877839e-02
-3.425533686816112366e-02
8.361581697575106928e-03
-8.366528496169044204e-02
-7.268006361077884725e-02
-3.201183171466498445e-02
1.016622585593551613e-02
-8.860699520131177370e-03
