8.523951805214584343e-02
3.125169649072610800e-02
-2.409979446643154832e-01
1.057901493581271390e-01
-9.147526939891413578e-02
7.626765464478318414e-03
2.586132888358678820e-03
1.325886943309942667e-01
-4.586154687660939921e-02
3.180392048617420309e-01
-1.070268113345704680e-01
-6.230339797592430312e-02
1.261800398883980157e-01
1.111119501774129326e-01
-8.813114382390570267e-02
1.610851811854358828e-01
-1.141666740285015164e-01
-9.635905587486662130e-04
-3.019832341155937599e-02
-6.627258481180371696e-02
7.944851132136014626e-02
-3.977980603290221656e-02
-4.407368581933461538e-02
2.356797993738290672e-02
2.321308616945944384e-02
-1.687566329271999316e-02
3.623083418984707205e-02
6.346247391588764886e-02
-3.654240823330701798e-02
-2.180163525429354709e-01
-3.476742693638140702e-02
-9.816700525862762094e-02
4.247997775427287369e-03
-7.213444730642008806e-02
-5.446006805294898584e-02
-1.137476206055761108e-01
6.089646351783575134e-02
-6.220360545608367986e-02
-9.650900088328172310e-02
2.722251798595243244e-02
3.664114167471044931e-02
-1.213305538882825940e-01
8.131112281800888242e-02
6.659488629491787381e-02
-6.995660623751204232e-02
-1.943716406645864744e-02
-7.763352419056485099e-02
-8.413588999294295545e-02
2.434107303271790257e-02
-1.305098941778746503e-02
-1.106595528656260236e-01
4.448122603473305542e-02
-2.697230216420893820e-02
5.660176379971003369e-02
-3.318769187392658221e-02
6.587402968121119917e-02
1.521957209132514775e-02
5.901191884839083329e-02
-5.387634501494935335e-02
1.876991048720248051e-02
-6.584140323258134975e-02
-1.681068028964267103e-01
8.473823231314497884e-02
-5.686977897196258437e-03
-5.480331195806325412e-02
2.664525191003766155e-02
-1.110338175198040678e-01
2.412139966655041379e-02
7.502269085994502096e-02
-8.000353675009373722e-02
6.761279732834871159e-02
-1.464121277315261899e-02
3.950943355703137594e-02
6.070306212967492565e-02
-2.799520111544076886e-02
1.423480338021454739e-01
8.204772895299133895e-02
-7.316926943102555758e-02
-3.518695865279458657e-02
-9.451875335304019132e-02
2.948378710465534083e-02
-1.495750142384913266e-02
-1.733554248120840885e-02
-6.681821518988473319e-02
-3.509584374337488405e-02
-5.826321872093197241e-02
9.041376533045536457e-02
-2.143786572578994937e-02
3.588987926070998091e-02
-8.119551244925136968e-02
1.214609230275197765e-01
3.806334736058700208e-02
-3.487203655492026027e-03
1.054773795809477721e-01
2.537517771709171463e-02
5.339637749997470234e-02
-2.703246465220597583e-03
-8.892217292503197534e-02
2.165661666880245445e-02
2.065093628313025009e-02
-1.115810535974511436e-01
5.423468932874884324e-02
-8.856762079531407816e-02
2.721216634832432542e-03
1.029065862480181975e-01
1.535188856833396079e-02
-2.198745910705532033e-02
7.100574300292998055e-03
2.224126212995706717e-02
4.676599986197767927e-02
-1.205176599420012401e-02
4.589492492929145989e-02
-3.567738029685900425e-02
-5.383008720191813368e-02
-6.856853020836976842e-02
8.881107218058771624e-02
-2.452545517225225916e-02
-2.833998239248000650e-02
3.829480724484590065e-02
6.903028840698868795e-02
-2.936277885225017144e-03
3.298855096391254543e-02
-6.617422717242639474e-02
7.375008854427803073e-02
-7.174692708986678269e-02
-4.234431322284969157e-02
2.739928159350306716e-02
3.685480220846028276e-02
7.684673140318736169e-03
-6.844089417477695891e-02
1.844771149554998158e-02
-7.528411241483050353e-02
5.851555269954987482e-02
6.757678866148392194e-02
4.984245190293911526e-02
2.551934903983304938e-03
3.358945840365125390e-02
-7.593688053417142758e-02
-1.630232605616902322e-02
1.034101267991756751e-01
1.116846041375528162e-02
2.598814498548627366e-02
-5.981811668584344904e-02
5.850455194933121966e-02
-6.855848604512664035e-02
-5.079832143824239421e-02
-9.668224561731520242e-03
2.358697502161138590e-02
2.520671591793590197e-02
-1.774219443727241552e-02
-3.611997259214668604e-02
-2.799318545002803943e-02
2.744205469683769910e-02
1.172466107791595297e-01
-2.952140147108619703e-02
2.584875659762261163e-02
9.020888489858812712e-03
1.185729186207387098e-01
-1.162735910059377459e-01
-2.496733002730828696e-02
5.113773899545451945e-02
-5.242428014990788837e-02
-3.785405979586817932e-02
3.041994411549848662e-02
-6.042613020025756204e-02
2.544654593823073019e-02
4.041456981881074578e-02
1.552919879701347011e-02
1.901629996104383519e-02
-5.255444430622174812e-02
-1.382411667694301641e-02
-3.132723269797280802e-02
5.531348029040836223e-02
6.169166060506971194e-03
1.029246589090917000e-02
1.261229179804303734e-02
-7.161860777986288340e-02
4.287289585447384699e-02
-4.427569649027526116e-02
3.226772851402642112e-02
-3.432418552850318577e-02
-2.260039221162932731e-03
-2.480542768169899728e-02
-1.029004025964977767e-02
-1.025495401593997866e-02
-9.438746179064800776e-03
4.861053869755289913e-02
1.261745395132886916e-01
6.664210069492464139e-02
5.035617327262192910e-02
2.834732761389929107e-02
1.013376811166792624e-01
-3.503615954886560996e-02
-2.920272135295084656e-02
9.432050070236057404e-03
-5.273428265762231115e-02
-2.854182224431787290e-02
6.666147158117921578e-02
-2.251043887210848679e-02
7.857962287318943917e-02
-5.105577998994350469e-02
5.534443271183103058e-02
-2.165449851192805669e-02
-1.090512568491873793e-02
2.938963161520626033e-02
-1.706537498826090141e-02
4.057090346166959856e-03
1.169803379617552833e-02
9.006915487251892366e-03
2.054700994100249270e-02
7.428717796722033445e-03
2.152942476487686510e-02
1.353819966271973575e-02
1.909118705569999574e-02
5.705211128226364559e-02
-1.346208267052360040e-02
8.885736415743947930e-03
-7.196608799872594980e-04
-3.009764263238432630e-02
1.643710232825778064e-02
5.915499692887442318e-02
4.059447649785241988e-03
-4.167596640133577196e-02
-3.196404631311463435e-02
-4.496884624551198556e-02
-4.386856624072348748e-02
2.653678177977610714e-02
-5.114487923395047431e-02
1.971354937474713125e-03
5.519643504118755713e-03
2.209736411778017232e-02
3.504114746666660979e-02
-2.215636503587834621e-02
-3.413068164888068828e-02
2.567001148847979693e-03
1.621995708481135294e-03
5.976126808844022670e-02
-1.773355099067204857e-02
1.841802313548784181e-02
3.991007268067773422e-02
-2.818549359593111245e-02
5.129400431067226290e-02
4.371944116400170105e-04
6.186384626066600322e-04
5.769616762736309856e-02
-5.179030213187211205e-03
-2.101812902645344358e-02
-1.813313103588120798e-02
3.160768350090732010e-03
-1.398209018318849819e-02
