1.030718232653841659e-01
4.585648000439763311e-02
-1.866837951704332366e-01
5.384858240410624747e-02
-1.134234430049469722e-01
-1.109185304288437396e-01
1.226974055699006985e-02
2.727810206727024345e-02
-2.774392850837808025e-02
1.939483800056572560e-01
-5.683498769880934720e-02
-1.197736315487132885e-01
9.215252936278900409e-02
1.324264007476253988e-02
-7.398678696349194131e-03
1.208163018314719062e-01
-1.273543503593328463e-01
2.341076473259892307e-03
-2.912188419862835401e-02
2.194713514470318996e-02
1.006414862305173435e-01
-4.069049962405776877e-02
3.403970803657808963e-02
5.199441248184089731e-02
6.066175512697320749e-02
-6.680631954909992121e-02
1.198416089817187086e-02
-6.134244304124402379e-03
-7.109380411404915556e-02
-1.673537742782125470e-01
-9.668884719917769655e-02
-4.058655404208034306e-02
1.763217538035107218e-04
-3.755995104184690903e-02
-1.497621688043689579e-02
-7.830993514934098121e-02
-4.742858925890131722e-02
-3.392726950503153344e-02
-1.281153998482118528e-01
7.151659058761945797e-02
5.174605292073596735e-02
-3.178068496054971964e-02
3.432647197123261940e-02
5.174608675718843365e-02
-8.590923017236472281e-02
-1.984670352138583754e-02
-5.383846530481873477e-02
-6.246764043156870921e-02
-5.240390122959182051e-02
-1.008773601406620923e-01
-3.020874488830837049e-02
-5.744776585297967780e-02
2.252854690743697277e-02
3.770483873130893449e-02
-5.309013832206715966e-02
1.303381502471960274e-01
6.656333998393719475e-02
2.314761864176608994e-02
6.060176309674990963e-03
5.535000730940718532e-03
-1.468919578874361975e-01
-1.059619976892722110e-01
1.826484936857176652e-02
5.032773034269302781e-02
5.047532494835238470e-02
1.319435545709268451e-02
-1.289830679988131779e-01
5.499032581968711121e-03
5.481278595359480310e-02
-8.718540581359542074e-02
1.036149998368306596e-01
7.674158174106109065e-02
-1.044923790492898776e-02
-4.949281587807939642e-02
1.890875705901137738e-02
1.383742061986587835e-01
8.887736378273584925e-02
-1.398115448629879548e-02
1.260042082330101176e-01
9.754609372241929144e-02
-1.555563229247514459e-02
-2.960182044041476460e-02
1.511122432577867263e-02
-8.602640580725659514e-02
-3.867053108470601408e-02
-9.931523263963605574e-02
5.446376294640170590e-02
-4.309870761901141850e-02
2.349725070510358393e-02
-6.067163537109345611e-02
1.810791590203162174e-02
1.109102743344418940e-01
-4.250633284567845865e-02
3.069050829852797840e-02
5.950701851364516987e-02
6.871970326318185829e-02
-2.750314831262567691e-02
-3.005854487580908452e-02
7.688785672507425506e-02
5.871368904911300479e-03
-4.315362418136473033e-02
5.958264298490804217e-02
-2.817700126349823378e-02
-1.795795274469960331e-02
7.329943326808520399e-02
-2.817067384688698092e-02
4.440932876885314226e-03
-1.742184799181861754e-02
-1.394948356679004756e-02
1.563352380605328301e-02
-1.078415111144350597e-02
2.606147858238077458e-02
-1.836649407178146676e-02
-7.479263591543675038e-02
5.828850018741756067e-02
1.075087296044259511e-01
-1.009339685256387259e-01
3.634214328112110592e-02
5.894174673873795595e-03
8.053518944580766170e-02
3.819827571762952900e-02
-1.855942952374608351e-02
6.055303860519798374e-03
5.369807786353476137e-02
3.415955675121482016e-02
-4.768997585420588908e-02
8.075417896617156921e-02
5.377302560574830775e-02
-8.548069150187508417e-03
-4.395094634728795996e-02
-6.291661631934816756e-02
-3.472773846103415635e-02
1.278760746199155418e-01
7.064932847444775621e-02
-2.637033772049600031e-02
-4.611289264118960396e-02
1.612645324558687615e-02
-7.314527439064731629e-02
5.542306021028260005e-02
5.507129645043970512e-02
7.286795082623097330e-02
-4.146213992255883690e-02
5.248717273911215203e-02
5.434557221793583776e-02
-1.081951697156160880e-01
-9.736550857560498373e-02
-7.374644664162161023e-02
-3.537705998386841966e-02
1.267981129172342236e-01
-3.881717826969631035e-04
4.934176995426844264e-02
-8.595318372411883678e-02
-3.745800181056501560e-02
6.779315968528863701e-02
-7.258663456042356923e-03
1.569876048640891008e-03
-1.128415236954261915e-02
1.820290497504114258e-01
-1.090428066863571577e-01
4.630484683603269119e-02
-3.383137699874116163e-03
6.987768817594668287e-03
-2.711873237615250454e-02
-1.522579455383061935e-02
-4.313619840834442831e-02
-2.237756865653095159e-02
3.545315816546582705e-02
1.051636942662274518e-03
6.083784002560944926e-02
-5.343733416082705606e-02
-6.724886651091073475e-02
-7.250204342925704870e-02
2.632141021022927838e-02
2.701417773803067510e-02
-6.764955778102033079e-02
5.885918579471943052e-03
-9.741650010947215665e-02
5.929570986799118093e-02
-2.687216614702831255e-02
1.147272291913904209e-02
2.599295976613588688e-02
1.069154074104239176e-02
-1.241034116792457953e-01
9.795409366626169068e-02
5.326162146316794355e-03
-3.905711255413705368e-02
5.916310481077453193e-02
7.436653346952472321e-02
-2.099964680273314760e-02
6.884002568815311696e-02
1.904921217320027990e-02
1.451816267246064107e-01
-2.793639025000816192e-03
-6.534109964793825831e-02
1.033162239615504838e-02
-1.776051704455692756e-02
-8.022155936789464314e-02
-6.797651942120520874e-02
-5.900336291867965682e-02
6.075741077809631435e-02
-3.419051710522177240e-02
5.875392059109580539e-02
-4.752383887259482853e-02
-5.463213313387556974e-02
7.344154636844496542e-02
-7.443207467795254217e-02
2.571489179976527498e-02
6.816414255013256152e-02
-7.632319400631143967e-03
-1.966138127122620677e-02
-2.966587284493406307e-02
1.605766373772225461e-02
-1.956159757290217363e-02
3.460613025086915762e-02
-6.228346862079294638e-02
-2.927330232341644051e-02
2.684458943826802460e-02
1.619791583319635936e-02
-2.537172249884890596e-02
2.462796343718032591e-02
1.017329486777328179e-01
-5.865971990742875619e-02
-4.280808632877569631e-02
-6.407172513365333444e-02
-8.034736329816551462e-03
-6.618410102469140729e-03
7.097398923586488093e-03
5.048195689303584116e-02
7.538233760902485203e-02
4.122295004007236335e-02
-2.902155911706485319e-02
-5.138335998674635995e-03
-4.090600398981762004e-02
-5.457660751537785765e-02
1.256980221746397709e-02
-6.378509654480868027e-03
6.073592463078001519e-02
-1.042477414979563026e-02
-3.980966909344695048e-02
-1.224263755856431178e-02
-6.826165920614133895e-03
-2.594193439581623725e-02
7.394144611718668492e-02
-7.144725969651537223e-02
1.083940603832148249e-02
3.236257043361803754e-02
-4.929676747248784574e-02
-5.945328622712818534e-02
-7.058527606992846815e-02
2.139323241782476598e-02
