1.014565176581312955e-01
9.840728434033214900e-02
-1.799251775841237133e-01
1.053592387521231771e-01
-1.956503035449551342e-01
-1.602181627999971561e-02
4.594617580313960226e-02
9.931604218809474138e-02
-2.074765895351558809e-02
3.028579272978561554e-01
-1.893089792086616666e-02
-4.636070133991362918e-02
1.124012136640979154e-01
1.034197551613390970e-01
1.551245477516789185e-02
1.547525708265685696e-01
-1.177938189565392729e-01
-4.270317380789914047e-02
-1.429895687089520473e-02
-1.316480637756287965e-02
3.301959134003489699e-02
-3.246308137362981933e-02
-2.082485018481083222e-02
9.093587031570464496e-02
3.117347032788444702e-02
1.593251450636439318e-02
-6.596651942602930856e-03
2.559766163826286689e-02
-6.030838061029161756e-02
-9.921987657592247489e-02
6.637781069333566208e-02
-7.586665420291827111e-02
6.912144148276667954e-02
2.743469075957640294e-02
2.719147369560703797e-02
-4.463493108828821276e-02
9.375500332904223438e-03
1.374061415179177051e-03
2.032059163847245095e-02
3.735717793211976862e-02
-5.779352048120765806e-03
-1.844139842419862674e-01
1.084331962631863468e-02
1.708880177738660369e-02
-2.350088474236738945e-02
7.188454976165861710e-02
-5.795692296198023258e-02
-5.178162445836086841e-02
-6.059906956278100429e-03
-8.797248888410862111e-02
-1.510832921154881825e-01
2.466364055232495370e-02
1.300571625608055309e-02
3.503403810981426530e-02
-3.870834790673326892e-02
2.913415561953137944e-02
3.444205898824698880e-02
-8.512345684635871934e-02
-2.767729690597964948e-02
-8.635104179097952831e-03
-8.839434543167605518e-02
-1.025100989053910339e-01
9.596314690360807642e-02
-4.884070323140149959e-03
1.701696505887673530e-02
4.916341145162090968e-03
-8.130895943617960642e-02
2.469842691726619952e-02
2.781414244078983869e-02
-6.609226063566712994e-02
2.805836572192692453e-03
3.531178998443294803e-02
-2.541920183630189643e-03
9.250477849814768908e-03
-3.365609557127387935e-02
1.711369487138949541e-01
8.449877566684048380e-02
-1.382420204936753161e-01
-2.863316727898809755e-02
-2.191497867705532315e-02
5.500662235356459928e-02
-2.959870452407215718e-02
1.955410571096024425e-02
-7.954254519824369152e-02
-4.090477623856064032e-02
-3.347468899046457391e-02
5.545765919899596497e-02
-4.587703430918613906e-02
7.931071995006604147e-02
-6.766433121492301805e-02
8.004899586055462535e-02
1.413659654361778227e-02
1.362852874657302822e-02
-3.992759562339293772e-02
5.069411931801794113e-02
2.488903319789467078e-02
3.616398405283861167e-02
-8.385282018149038674e-02
1.107912302594153686e-01
-2.998484036218546089e-02
2.044417666846516136e-03
7.318375580682476289e-02
2.689115380736944744e-04
4.925120389950465166e-02
3.472034990777694841e-02
-3.596813106840701657e-02
1.182021275086698846e-02
2.610691533411243700e-02
-1.052442784407109505e-01
8.956310260831253089e-02
-2.483379906265222384e-02
2.957074606134045200e-02
-8.046035900051580134e-03
-4.467690471871318958e-02
-1.977195172777205037e-02
9.962150097115320124e-02
-2.207345788097152955e-02
-1.871330345834628858e-02
7.698204593333807244e-02
6.950477428734133656e-02
-1.168972794600990107e-02
7.358448179387003241e-02
4.046574212648709236e-03
1.260342344515982815e-01
-7.416722527929071884e-02
6.560715615184288876e-03
3.923194019722287679e-02
3.169045033412902501e-02
5.636559051122794206e-02
1.820480442537251303e-02
2.704003801186487949e-02
-6.280868652677101815e-02
2.983045789959497957e-02
1.401624578309275219e-03
2.648485768957429057e-02
-1.066054746506742493e-02
4.872926468007630213e-02
-8.679593352442229251e-03
1.701779159440736447e-02
4.937935284307952422e-02
2.907302792659226948e-02
2.429277765336457576e-02
-1.230671875146055645e-02
2.112897932375479293e-02
-1.171076147844803128e-01
-1.275315574698233922e-01
-8.208432163656421629e-03
8.542424390685275648e-03
5.915317142909196774e-02
7.569024277162016145e-02
1.946778665250066976e-03
-4.602149834540907557e-03
-6.172276258483451461e-02
1.255447816721563803e-01
-7.132189468326494142e-02
-1.768739318319891354e-02
-1.108614139068639717e-02
1.009440656291414745e-01
-9.731057950017003855e-02
4.803152494691595442e-02
2.379398142879382907e-02
-5.422047925495439291e-02
-6.811367905296572545e-02
3.815740807107807775e-02
-1.339372078321962589e-02
-7.329178040704519177e-03
2.180580411435748857e-03
3.322730331251464581e-02
8.451207210798537817e-02
-5.586345220820726487e-02
-8.690040042822828881e-02
-3.798462620884925089e-02
-3.719877060085839422e-03
7.745356648539807043e-03
4.616668110818038934e-02
4.410433121395196387e-02
3.147490424227201294e-02
7.008546940209915699e-02
-5.730094124128035094e-02
1.184936429966898935e-01
-3.956205130089051475e-02
7.414810715310399258e-02
-8.980786493436090923e-02
1.936163074130600389e-02
4.109354976649076674e-02
-4.779711228316415976e-03
4.631872770948865931e-02
1.428881204566492258e-01
5.718278259672784913e-02
1.105241514740400166e-01
4.039983490200130950e-02
1.337357487806873357e-01
-2.722040243917904154e-02
-6.865714413251783332e-02
9.315774156734441805e-04
-8.427579075520781615e-02
-1.144931750921193009e-01
-4.656880861199499261e-03
-1.815779970910893007e-02
5.045510680435656009e-02
-3.612143544117493721e-02
1.195396776151917174e-02
-2.108003404581060281e-02
-7.246671826584059894e-02
8.774691655690182446e-02
1.607967376714372967e-02
4.450239791276825591e-02
4.342808140458796762e-02
-7.853057821813475003e-03
1.022083056277292741e-02
-3.994135923679428130e-02
-4.455752423902845788e-02
9.031151256313316167e-02
-1.695932318969723546e-02
-2.080695389375634627e-02
-1.468121158564729412e-02
-1.001592162383183396e-02
-3.172897407712180901e-02
-4.205290596325882146e-02
1.335929378155256697e-02
5.573605792750817994e-02
-3.784310895147463896e-03
-1.975887090459166676e-02
-2.479678464541102117e-03
-2.240065814211825851e-02
-2.086700349687289555e-02
5.269128071430894712e-03
-5.394423670608729932e-02
4.328638446557627611e-02
5.795649172605120414e-02
3.692357020548643620e-02
-1.496309613791911922e-02
-7.754851026243811396e-02
3.906961580627287163e-03
5.671823369218707139e-02
6.165071024836013547e-02
3.574672735518076572e-02
-1.003920836399911469e-02
9.675892093796647705e-03
4.527596329678194170e-02
1.934535158498535898e-02
7.262444280688101945e-03
6.287312036183265174e-02
-5.574730599799021524e-02
4.853905369904942119e-02
-1.403421394680207275e-02
6.852734211788170417e-03
-3.824742857126177398e-02
-4.131315666334608311e-02
1.062597671809069159e-02
