-3.301066052433177522e-01
-4.902275108481030791e-02
-8.782221377106215476e-02
-1.553765915301124623e-01
1.144551495349534070e-01
1.361980335734794822e-01
1.536192881254779506e-02
1.644872028256132712e-01
1.078830904449471634e-01
2.209636681625984089e-01
-2.211524321218585453e-03
-1.560112645054378688e-01
-2.096362590291633507e-02
1.045298322928069935e-02
-2.367368963550178437e-02
9.934645429661374816e-02
5.384889197845562497e-02
1.138279502853045549e-01
1.779092458137278635e-02
3.101288824985721365e-02
-5.988067753474241028e-02
5.244634607579410496e-02
-7.591510196237113983e-02
1.901445030731511304e-02
-1.188187925354476787e-01
1.330784166586103726e-02
1.406184629195346703e-01
-1.843820510328336368e-02
-1.127046563009119901e-01
6.157005385320470786e-02
-4.505259624879033239e-03
-1.486747899593196809e-01
-1.255665540267559832e-01
-9.797086968471056811e-02
1.997191838396321917e-01
-2.544150514961592002e-02
-9.914658452069413652e-02
8.521618849076824376e-03
-5.009662767746318052e-02
1.069137063159587286e-01
-1.831970813496338040e-03
4.235192705922818934e-03
3.935300732163991844e-03
3.441081413629777652e-02
3.952633489422231750e-02
-1.615767105338800427e-02
-7.699474100706432331e-03
1.217693425998490377e-02
4.313108042298263592e-04
-4.957119682324150067e-02
2.272459632248561082e-02
2.122744143450759971e-02
-3.171643125805233970e-02
5.694552893306698005e-02
4.178713691137355551e-02
1.598743425053632261e-01
4.992364934439837837e-02
9.016176929943105905e-03
3.323104812191010615e-02
-5.194396502973368940e-02
1.551852781223739437e-02
-6.711908562431992409e-02
5.732200913303439616e-02
-5.506099757217260138e-02
4.566690856023993862e-03
4.815101432494141992e-02
-6.576326796911260986e-02
4.662703784201211593e-02
-1.135150666014912019e-02
2.653490423130235032e-02
2.123323881049967582e-02
2.350975660594268896e-03
1.264505490936924416e-02
1.715876613057407477e-02
-1.592209153679429723e-01
5.619574661274227834e-02
-7.402145545006752481e-02
-8.029198114058225255e-02
-8.046380698323898906e-02
4.741530635717579323e-02
6.016499342601649980e-02
-4.847259407274290277e-02
1.116025960791892091e-01
-2.147103599803010937e-02
-3.383292750653332792e-02
2.216951503322011144e-02
5.805824096007641821e-02
-4.947281605113498792e-02
-4.048541645744171275e-02
-1.949105747697701301e-03
4.162128306446769010e-02
-3.404491589371349408e-03
-6.582466427630581478e-03
1.221562301374407716e-01
5.544114478707475729e-02
6.040027608902025225e-02
4.427784330295757992e-02
-8.178435144716920957e-02
4.655729471034839723e-02
-1.234093713744751665e-02
-4.915860525715475687e-02
8.092267278540707376e-02
-4.386025761176923915e-02
8.885795340839364176e-02
-2.843885330937501871e-02
-2.775671868360846117e-02
-1.121844640394542222e-02
-7.779795697358106443e-02
-4.907468300107668130e-02
5.063973005127516089e-06
2.823748180352973758e-02
-9.970833628474569388e-02
-8.989135314095723917e-02
-7.662070548372008384e-03
1.317401308271863277e-03
-1.387993091963340801e-02
-6.225613488552009245e-03
-8.294504898389619407e-02
-6.098745248995273566e-02
-2.469448182148021101e-02
2.079019355847865763e-02
6.663112817033618740e-02
-6.179751355101432975e-02
1.162111258294210858e-01
-6.672325755507775048e-03
-8.172913667943743077e-02
1.875234604936006425e-02
2.634345112775677081e-02
1.536723725321523931e-02
-3.725627802985480991e-02
-3.297938612553114827e-03
-4.638040489468653327e-02
-4.270326201392875970e-02
8.019101599604554209e-02
-4.911393752285436731e-02
-3.553222222729532365e-02
5.339212161339312174e-02
-5.361835897289116137e-02
1.250256518619048164e-02
3.713488237353878424e-02
-7.523659942758756380e-02
-5.647223953882223729e-02
1.749428053512759249e-02
-2.484329277992744500e-02
4.158325088100159155e-03
-9.114103690676744014e-04
-9.737112066114465489e-03
-5.271840366000060847e-03
-6.831645331039437608e-02
5.247522818389920712e-02
-2.703298963129633845e-02
-4.535224375488684442e-03
-4.770842308429328049e-02
2.917868230344826744e-02
4.611878957205611113e-02
-1.417563201918109559e-03
3.221158304609853668e-02
-3.950056101782380841e-02
-1.130931154163329067e-01
-2.071140512330922612e-02
2.805360719751597356e-02
4.062217865253190535e-02
4.633919463161031288e-02
4.614823046338936696e-02
8.278083656272303137e-02
-6.591375527724430139e-02
-5.533385840726956842e-03
-1.783608125099782338e-02
7.485041036903101672e-03
5.024512432034457243e-02
6.920683946050283641e-02
-4.466099397771106094e-02
-5.907526135926481625e-03
6.130068541328368564e-02
-2.629742135933774844e-02
2.928879752334596909e-02
-9.563236187489443374e-02
-2.078970462315402404e-02
3.413641664732338515e-02
1.870345251689676733e-02
-6.372046125884417433e-02
1.722885850175539385e-02
-2.668081650175354105e-02
3.715321744821252492e-02
-1.546125253135181322e-02
6.885267566570975328e-02
6.825669842893387906e-02
4.617658871221808070e-02
5.028877926004394344e-02
2.069534010549985495e-02
4.137943469853314765e-02
-3.270055329468329192e-02
1.031932926589709419e-03
3.808387091469967595e-02
-4.754710935111615411e-02
-3.680073000310388892e-02
-3.574134685043121179e-02
-1.239587251356520994e-02
7.293168845936407775e-03
3.228677431423673805e-02
1.250944520468710332e-02
-3.904934356109106275e-02
-1.196253612013333141e-02
-6.258082286502816838e-02
9.137188422789772890e-02
3.792014742885115031e-02
-8.703048778467428010e-04
-6.158196292075470563e-02
-2.670707931347668374e-02
-1.628975343894243505e-02
-6.836541669076121042e-02
-2.287134676777902945e-03
7.106727329468316701e-02
-4.793452074798428691e-02
1.097088447950303053e-01
-3.832453186627440139e-02
-6.060018078889162912e-02
4.711310940260084006e-03
7.496077005659104123e-04
-5.463276007569761034e-02
-3.213866183482470135e-02
2.053353743699809150e-03
1.548681686403976729e-02
-2.884330759470178640e-02
2.663517089680387390e-02
2.903654181978710183e-02
8.065180261556038899e-02
-1.120110666189683274e-01
4.276109607804249452e-02
-1.836783334048797123e-02
5.854804938350340743e-02
2.842376616221491473e-02
-4.461939955116549922e-02
-1.457750193207766297e-02
4.653654988300325035e-02
3.986726251129855958e-02
2.359015154289305707e-02
-3.918813134538331328e-02
2.307771239872591362e-02
5.321526672168301608e-02
-4.359445141492768183e-02
-1.331007679877364500e-02
1.234910934215923892e-04
-9.522050371179466288e-02
1.056145702344570697e-02
1.687906020093224088e-02
-1.961922837993437720e-03
4.394445925946139503e-03
1.304668035460349561e-02
-1.117318496246511202e-02
