1.873241258092117334e-01
9.723390532549983090e-02
-1.297169812971656622e-01
-1.118333453787632124e-02
7.720946596920752469e-02
-1.501363424954081371e-01
-1.830563099662991244e-01
-6.685117207697637010e-02
-3.267095686217597050e-02
1.992480353028830420e-01
-6.023874027990885026e-03
-1.180164654809294916e-01
1.564527759152898115e-02
-1.037906466157986485e-01
5.150613895672211118e-02
-2.204466775873337864e-02
5.216333606495410224e-02
4.806203027536062183e-02
7.048340729065479156e-03
7.619507058221146323e-02
-1.807007804975852699e-02
2.949638742624005605e-02
-2.314728364605490515e-02
-6.357223996484000217e-02
3.865047499819733445e-02
-2.609652936178804422e-02
-6.909237283047130369e-03
-2.087218432322250627e-02
1.593727551643278617e-02
1.148470194312495481e-02
-7.157360072088991831e-02
-5.965060361107243914e-02
-9.076489325191290647e-02
-1.373412116964145835e-01
-2.179544659989827819e-03
-1.876735688252184897e-01
-4.638422655158935121e-02
1.234482023878018947e-01
-3.177682068544854244e-02
1.535231815441001069e-01
2.257360475213261372e-02
-6.199781635004199959e-02
3.531083426809635689e-02
-3.150436883002814131e-02
1.147442358809499241e-01
1.151568790246758822e-03
3.273492900700227665e-02
1.027807429646982323e-01
-1.215349334463759617e-01
-9.720025239796915850e-02
8.864700468542817402e-02
3.237906421233222726e-02
-9.277645400774282847e-02
-6.539311249522500313e-02
4.849716719025152362e-02
-2.472802376445615985e-02
-4.623392885751857057e-02
3.431170376480814632e-02
-8.852253447275736098e-02
-1.340209415773635782e-01
6.036545636052748076e-02
6.189068143059345967e-02
-8.297180165633696869e-02
-1.902010826503743035e-01
-7.985134360126894260e-02
5.018735827942251426e-02
5.634840571066408732e-02
-3.907017157094695020e-02
-3.407795803980102900e-02
3.003199184010939618e-02
1.084929677232418510e-02
-1.307463608343761158e-02
-7.131525572351679609e-02
4.233415462455560746e-02
-7.290396165479548496e-02
-1.116354282658612272e-02
2.203305241044072049e-02
1.227467195709737446e-01
-1.326732453502357627e-02
-8.087324860921554781e-02
-5.792093437438110802e-03
-3.056299924302303614e-02
3.801745606209112893e-02
-4.218771701602014312e-02
3.986836707627827020e-02
-2.266073741017084892e-02
-4.108138140991002968e-02
-1.243593229408847430e-02
8.447986689161410268e-02
1.024171930906442145e-02
-6.978827606911658377e-02
2.596395296949306070e-02
-2.217598085030770758e-02
2.845830515073177747e-02
2.210000734863522623e-02
2.667954264436848272e-02
-8.518664855313165529e-02
6.017550506050293319e-02
7.276268252420267646e-02
-5.247673991873560290e-02
6.977459031130953115e-02
5.292387819047270070e-03
1.249453541085200799e-02
-2.933657988507770709e-02
-6.187587273881249572e-02
-1.895891538179655944e-02
6.617807843467617135e-02
-3.195740250512826841e-02
2.482656122066694004e-02
-7.289803115974576031e-02
4.823380408168247840e-02
6.490989996957599595e-02
-6.091439561533703445e-02
-3.712623249535853404e-02
6.820953617685635018e-02
2.996370341782087290e-02
-2.464997985326927710e-02
-4.670917557029014011e-02
-7.403903735230041305e-02
6.407173503311074103e-02
-2.090636362605344939e-02
-2.834583629490715351e-02
1.114656897773670940e-01
5.633931696381273141e-02
3.719978467064976452e-02
-8.015365848205804888e-02
3.600670241505495028e-02
-3.813697834693938887e-02
-1.214870683857379591e-02
-2.484280867160197550e-03
-7.553699618181233810e-02
-7.886147730326549532e-02
1.000624005473507577e-01
-1.697009403893835061e-02
-2.095121080163656058e-02
-8.042382937784394240e-03
-2.150169409066023801e-02
-6.719524606492034702e-02
1.651263881131594807e-02
6.605195891273119013e-02
1.512097270077212771e-02
3.956482398645518039e-02
-1.063828695112011558e-01
-1.449345263196942235e-01
-5.553824394017326666e-02
-4.914015216537620523e-02
-2.586948614893770995e-02
8.512306241685889396e-02
1.183172363275044985e-02
-7.157307434558965453e-02
-4.951373826182205173e-02
6.120025249507100862e-02
2.022190027726740100e-02
3.720196035522421729e-02
-5.003309522475635901e-02
7.701453164967372866e-02
6.682271271907502808e-02
6.274888372015570426e-02
2.945413703547161699e-02
1.620295467632302741e-02
1.773456643336563179e-02
-2.198827541823098267e-02
-5.114185215724771638e-02
-2.799081370071753935e-02
-3.235053467105752228e-02
-6.711295605964459621e-02
-8.217290431727194977e-02
5.203416356626754113e-02
9.585452130529568959e-02
1.908780714698964792e-02
-7.656430530950840418e-02
1.218600228318234974e-01
6.747440043249752772e-02
-3.185117996953353015e-02
-3.837626855844269600e-04
3.027149260173281602e-03
5.087280419543573767e-02
-8.270131493537090372e-02
-5.489129360445321043e-02
7.797362253845464830e-02
-3.062844523869009614e-02
-1.108826414030999602e-01
-1.435702668164512072e-02
1.508991655805612571e-02
-4.675826883996210548e-02
2.231311916187171326e-02
2.843623247980707133e-02
1.048143763914528709e-01
3.893517385227070887e-02
-4.192207294781658683e-02
-6.776762656643529892e-02
-2.501433683611703832e-02
-4.801763929170441147e-02
2.159724875350281167e-02
-4.527255700910315372e-02
4.392893141763076076e-02
4.623168298957074096e-02
1.733238061227171042e-02
-9.803182009733769908e-02
5.816766402346158771e-02
8.500820732633970062e-03
1.840853736783294378e-02
2.110484220594239721e-02
1.020911913213428876e-02
6.521754878674118974e-03
-3.788498494485619504e-03
1.561232649773199900e-02
-4.707714699686642995e-02
-7.411174732711121871e-02
-1.087379076963014037e-02
-5.089013948865800385e-02
-4.248673327826089918e-02
2.032861409647572851e-02
-4.999077465061454312e-02
1.425441858977890934e-02
-2.768102429066456385e-02
-1.345755656854160341e-02
-8.382059937386771020e-02
-6.281250494811516094e-02
-1.408689087754591215e-02
-5.331834384049596864e-02
-6.051449075387761029e-02
7.099574591625214086e-03
-1.292856693761234022e-01
-2.457039190786826366e-02
-2.581863829493150769e-02
4.378670481149747086e-03
3.212640406820201772e-02
-1.241919355953985046e-02
-5.826799115569328974e-03
6.149133803612100851e-02
5.473952205954166900e-02
2.575733311829325051e-02
-2.973943244821863549e-02
1.301842621970598080e-01
-3.364106654057589380e-02
-1.093109549398633626e-02
3.872293933120134896e-02
1.363719091268084105e-02
3.989050993057634970e-02
-7.496251017909628944e-02
2.359677306079987352e-02
-2.833250145396695036e-02
1.740361673624175529e-02
2.775068128873379308e-02
-5.679764948360225760e-03
-4.127926343112533342e-02
-2.211169288030124733e-02
-2.627268962894549129e-02
-1.616789808132496412e-02
