1.856021226687346315e-01
5.949141078280811845e-02
-1.745144207859898877e-01
3.519149385434814509e-02
-3.449431136143719240e-02
-2.236039063304094132e-01
1.267192556350382748e-01
-1.145843716688220021e-01
-7.444437391633965118e-02
1.691511334684611123e-01
1.077772708391149317e-02
-5.379481536040868483e-02
4.837303829510812558e-02
-9.170969897471030474e-02
3.362604114020453609e-03
4.626024394604914131e-02
5.681385306064490326e-02
5.264637159708497605e-02
-3.364454087017753475e-02
5.433506311390585292e-02
4.803225379560554370e-02
-3.942661060888077995e-02
-6.674087075722667795e-02
2.491538068934734743e-02
-4.573112384967860378e-02
3.880641759371459415e-02
5.790676286012109986e-02
-6.847869783504725860e-02
9.037326735380382670e-02
8.463278723361130837e-04
-5.662663022948960512e-02
-1.477115112565404731e-01
1.440002289612432422e-02
-1.932385816936597611e-01
-4.422941174651338209e-02
-8.990479298877335212e-02
-7.271784836528828733e-02
2.890342868174060331e-02
4.491484065158434652e-02
1.415552044990977532e-01
-7.108865504016628756e-02
1.666043257175356049e-02
1.881060889397226810e-03
-3.539273057869727485e-02
1.057603482109874260e-01
-2.262777780161494626e-02
7.064803459188084833e-02
1.409340725878615030e-01
-6.623264979189705248e-02
2.092183841624782256e-02
9.524067845062784976e-02
-4.058812936932826103e-04
-3.665582398435364431e-02
-1.136931506547657067e-01
-9.668334442316495192e-02
-6.522361470801271710e-02
1.498940621062119262e-02
5.334668374356278490e-03
-1.620907045694809090e-01
-3.581537290593751754e-02
-5.357062784323591426e-03
5.893036822005560255e-02
-2.530856949913058360e-02
-7.049864579495604411e-02
-8.131511103523957062e-02
-2.396702611073157907e-02
1.093153216975842378e-03
-4.268367584984099350e-02
-3.616509430506991557e-02
2.759432936865138797e-02
3.163825906417737366e-02
-5.041558930855535164e-02
-5.262373376961801928e-03
1.753263224690905162e-02
-4.717938842470754263e-02
-6.717700536873294492e-02
5.426040348937196528e-02
-1.748780865304590607e-02
-7.489890393603335084e-02
-1.296033009447572493e-01
6.206927165190256890e-02
5.888432753869422831e-02
1.901626190724351947e-02
-1.812531908461538499e-02
4.144155112308259281e-02
1.554102851613746172e-01
2.584353161549260078e-02
2.267381848297631355e-02
2.979551904400992365e-02
1.825290462835773078e-02
-5.678631210925652595e-02
7.955231627674115482e-04
-3.798811750776614343e-02
5.889333398618108034e-02
-7.752089292042053936e-02
-1.811596489784332575e-02
-1.137969856053284295e-02
3.863150473325561302e-02
1.439310288434871021e-02
-4.679444103598370819e-02
5.601648687966589296e-02
3.540302366153939839e-02
-7.143121301002342514e-03
1.755979068508369727e-03
-6.830155944316295379e-03
-5.130211584226136018e-02
9.496349546638956085e-02
-4.217837589450711133e-02
2.158417743278105878e-03
-3.597814966534278354e-03
1.071503664557442448e-01
4.041168645601437431e-02
-2.752342532839774022e-02
-1.756358104329244774e-02
6.061888586723386541e-02
-6.209323088865330992e-02
-4.379619814500285147e-02
-7.181678632946063290e-02
-5.703324177568182274e-02
3.122521434120882622e-02
2.308581998808923591e-02
-8.222810052854979956e-02
1.218728827649692703e-01
6.146841294099388009e-02
-7.719812131589166154e-03
-8.328348925915220191e-02
6.901922377997257718e-02
3.711386617082793049e-02
5.051803330197725261e-02
-4.401468273789823499e-02
-5.159338226755051660e-02
-7.960861526701611124e-02
-1.714114735962333005e-02
-2.703551233732419054e-02
-3.218702643016209397e-02
-3.966828941209945419e-02
4.168281263915901529e-03
1.137844669910609979e-02
-2.739100620859102192e-02
4.857764809052376315e-02
-2.764694232250316727e-02
9.504514465055610706e-03
-4.603073601781270535e-02
-4.619678152649891317e-02
-4.703052123671054574e-02
-6.518491132556920864e-02
-6.216448266819216834e-02
-2.612248807008542978e-02
2.534814222978710660e-02
-5.532504208496085568e-02
-3.140270047237833650e-02
1.595250493492972321e-02
5.359479572355777682e-02
7.386782218146689671e-02
-4.295220012587762370e-02
5.659418615417981940e-02
4.988688649932705721e-02
4.101584869013252983e-03
-1.163240765387827114e-01
-6.847539431183780057e-02
3.876041168628174566e-03
-6.982851741843418281e-02
2.950449603622042061e-02
5.849753713175879360e-02
1.021240732795092917e-03
-6.683868981815532795e-02
8.149861305604315723e-03
4.034631147039551002e-02
-3.172915811333040098e-02
8.403477998484130962e-02
-1.373917915851747551e-01
5.551111737647497490e-02
-5.960706886906787932e-02
-5.832846629129129212e-02
4.959405524725447878e-02
-5.359823834248132746e-02
6.376769986870922668e-02
-5.840170018475582259e-02
7.464376762247718067e-02
-5.747455770253766943e-02
-1.174183425214712223e-02
-1.372471320425287522e-01
1.208498337878911172e-03
8.693388240560973035e-02
-1.316610481649680212e-02
2.588293047650652278e-03
-3.474096283643432481e-02
7.542152130777052266e-02
9.129894933102411904e-04
-8.679402166509958549e-02
-6.163584940682091673e-02
-9.193249553474223956e-02
-3.363890749375718359e-02
3.431918985740708972e-02
-1.082307228670244779e-02
3.912202576896821327e-02
5.767603784438644215e-02
3.363417823947837532e-02
3.730842630090109441e-02
-7.534376680359830547e-02
4.028469206905688216e-02
-4.150059725371069846e-03
4.056778662114366579e-02
-4.137262919675461711e-03
-1.862241239281839031e-02
-1.112598797804602128e-02
2.939158509031379943e-02
1.672799831486922531e-02
-5.353724487185607117e-02
5.100403372698215920e-02
-1.003318945514108940e-01
-7.212606564972350032e-02
7.540820289314711933e-02
8.242012216184096615e-03
1.966350903879878972e-02
-5.845886852324380656e-02
-3.765279251504130564e-02
1.256222077380681271e-02
1.805006830329665066e-02
-5.615965114338549585e-02
-1.751110718515475756e-02
-8.533042178759303598e-02
-4.670569797039894611e-02
-1.530161001827263778e-01
-5.963276680224464943e-02
3.742985685929527129e-02
-3.970268082740639054e-02
8.354043381699144399e-02
-4.288651217490207362e-02
6.565282930774338221e-02
4.361951181418931983e-02
-3.359258862096765191e-02
8.576641730338521730e-03
2.355217314347996319e-02
3.403199198175486245e-02
4.774672506852230963e-02
-5.685572087058379451e-03
6.797774462077844915e-02
-2.147742147222259784e-03
-1.418372906072574470e-02
-4.554369237495217715e-02
-4.268151986627270961e-04
7.072818849712099454e-02
3.260368764169678524e-02
2.689266103896126997e-02
6.382803263469259691e-02
-3.171910844798792734e-02
-5.327571015545209954e-02
-4.934277883976410928e-02
-5.975652721384971944e-02
