1.651453146427180330e-01
1.138394850646805810e-02
-8.103975784339462196e-02
-3.528926346893851429e-02
-1.063836595630459070e-01
-1.773927856269647274e-01
-3.967050153623485897e-02
-6.847444899534443907e-02
1.114398309825803124e-01
1.755566473278441508e-01
-2.988634662851797491e-02
-1.029185295798796113e-01
1.818488710248482472e-03
-1.326724679758304604e-01
-6.851929928805437775e-02
-1.050444697703566306e-02
9.817765390229468703e-02
3.768060118097354277e-02
-8.915094235899150010e-02
-7.294891030262977416e-02
1.597567426327593521e-01
-6.939447921033495628e-03
-1.895687866710874248e-01
-2.773850787407003762e-02
-5.698670928518004969e-02
-6.958956890461652500e-02
6.630009954156189378e-02
1.330118049273135150e-01
-6.076949555201738296e-02
8.791634272258125327e-02
7.190627718222329656e-02
1.446623493842136114e-02
-8.503699024663043116e-02
-1.429106458466724572e-01
1.560706659444536203e-02
-1.043910355057981604e-01
-7.599295595869355602e-02
4.314031628681782443e-02
4.750906164100306833e-02
6.420433796909454094e-02
-1.563713626437557985e-02
4.270031130991622237e-02
7.853318937932024513e-02
-1.212036489154651696e-02
2.917898306462813479e-02
1.735466642099361967e-02
1.098977435499150397e-02
1.082823340597749706e-01
-1.520452523046648685e-01
-2.191566881939453412e-02
1.053438227766788360e-01
-5.791792483632818983e-02
6.997306614430626182e-02
2.715785092658905362e-03
-1.855349113971274944e-01
3.505077612300646055e-03
9.329249465148176101e-02
-4.965065403889545870e-02
-8.215789198286500838e-02
-1.578150336446446367e-01
6.000762163237240848e-02
2.095794256891178944e-02
1.233728051774602525e-03
3.383157448182615851e-02
-1.689922713283556824e-02
1.818779238460368694e-02
6.796537093606691560e-02
-7.106930171980573030e-02
8.153964794797126381e-02
6.312840305240062511e-02
7.006450989899742693e-04
-1.329475255604336929e-02
-9.282594265921907672e-03
-2.124404022556668908e-02
-6.818544605657067548e-02
2.643835780985296161e-02
1.437682488121339378e-02
2.554814305260726462e-02
-2.189093760535772409e-03
-1.285268846044002877e-01
2.216062041804105903e-02
9.313433835613624256e-02
-1.635187198164203201e-02
5.203447433344793316e-02
5.744559859585425532e-02
-3.713204760090597564e-03
7.952672323191796455e-02
-7.274572213444187654e-03
6.413697173996343870e-02
5.401772885586235418e-02
-2.845179095027705954e-03
5.729968080143442444e-02
-3.345799151736703753e-02
5.525465271796770744e-02
-2.825906179771707841e-02
8.242855532826345866e-02
-7.747410509891571040e-02
6.455104707395420416e-02
1.292647536305381872e-01
-1.276299876982812109e-01
3.803065136026988896e-02
-1.736269226284697584e-02
4.145445370529537293e-02
-9.885258725453273040e-03
-3.906471389842572361e-02
-4.382207705203520348e-02
2.778713503353448869e-02
-3.490609307348714607e-02
-1.445770067219720630e-02
-2.855452898920530364e-02
-1.144245362513663516e-02
-1.654165953605667150e-02
-4.280511936235416315e-02
2.605013948672007390e-02
2.234851953907843539e-02
3.324768540798794109e-02
-2.798375000092844650e-02
-1.967061206204418974e-02
1.051857391133862764e-02
-1.913709331694173066e-02
2.023968419707621383e-02
-2.860486300191458428e-02
8.457305300827470951e-02
8.840715382053644655e-02
2.747260192814122634e-02
-1.199138489187965284e-01
-3.809336913801080610e-02
3.211259168414869192e-02
-8.468243688004984879e-03
-1.886036519512016008e-02
-3.070737935530828185e-03
-6.487077337113492104e-02
-1.478465385864859843e-02
-4.876643142601990583e-02
-7.064629264329947908e-03
3.077456400430695488e-02
1.099303190256727680e-01
-6.445844120641548713e-02
-3.695043115245063431e-02
-5.410361625850120242e-04
-3.606417484209188673e-02
-2.759618536627230292e-02
-5.516985479612342841e-02
-7.617769558542666908e-02
-3.735586327213778063e-02
-3.812253090727888566e-02
2.132832972304016597e-02
5.545351927900378508e-02
-1.289999734814304203e-02
-2.582617855138232346e-02
-2.510704859491109248e-02
7.403112789190573195e-02
4.117158817499770584e-02
5.355531689061903550e-02
5.630331429877081378e-02
6.578477512572880603e-02
7.960131635031972297e-02
-2.114282745975084796e-02
7.093500505386135524e-02
1.719956067187289328e-02
-3.795976247656965979e-02
-4.312847726218346778e-02
2.302312604707811364e-02
2.176564731398181792e-03
-1.167839884921468771e-02
-8.872942223957117069e-02
1.201116259990380472e-03
2.865697649992166376e-03
-1.721804552935415206e-02
6.549308480099509666e-02
-4.429803489515770493e-02
1.919084103614067350e-03
-1.533055636878270442e-02
1.877672938612342732e-02
-9.510568122186333073e-02
1.638916854084292163e-02
8.917727147819369538e-02
-5.925736884120286901e-02
-1.522237092588159257e-02
-9.318329235983906222e-03
6.760162961478542731e-02
-1.409457309176333495e-01
-4.604661525442108050e-02
6.680703495527676172e-02
2.707334353295666116e-02
-6.998733834271517185e-02
-2.721777237029057023e-02
2.721766342221111634e-02
1.602963987863378903e-02
-6.411612634076062356e-02
-4.578357827458464507e-02
-2.886397785089055840e-02
2.718254582459937838e-04
7.841439965668528522e-02
-1.370735345935880645e-01
-2.767135954109785096e-03
2.240063303708551487e-02
-3.083833494681596787e-02
-1.072236855716882653e-01
-6.060019023654071579e-03
3.770199132057366204e-02
-2.713577078248570126e-02
9.804709778707832585e-03
1.247106875931960381e-02
-4.802612922610747723e-03
1.228607492040108794e-03
4.634288139849200225e-03
-1.048186567176681155e-01
-6.220543123926476625e-02
-4.861437622312399232e-02
-1.431091129314172039e-01
-2.702852955627322099e-02
9.366302706971608993e-02
-1.238096869760840595e-02
2.662356954493039218e-02
-3.549746324878143289e-02
-3.868248771966299043e-02
-4.402047150472696881e-03
-5.835731244077952545e-03
1.654627167142036503e-02
-4.470430228345402546e-03
-7.103414780616750391e-05
-1.973681617832774918e-02
-5.288347040063227922e-02
1.041496428777472470e-02
-1.954986127397900092e-02
4.434949470468804028e-02
-4.948973772553700440e-02
-2.299469059833975787e-02
1.578916967765560952e-01
-2.118731459219591953e-02
-6.891147605807420966e-03
-2.656807865646013383e-03
3.645275632548963807e-02
1.239938092303669373e-02
-3.967315260616832012e-02
-1.065133804096530939e-01
-2.331034950055407146e-02
7.774781899053896661e-02
-2.512288238245889010e-02
6.190429874764474946e-04
-9.161879793883205211e-03
4.670858378520371251e-02
7.481715196916376154e-02
-9.478664492918583914e-03
4.049956010487851948e-02
-4.162030899825588937e-02
-5.141510450173310959e-02
-1.861287147461963137e-02
-5.148486758861227364e-02
