1.766191308457346898e-01
2.797595829153670319e-02
-2.017580523995697039e-01
-4.542156122199441509e-02
4.472175208869030860e-02
2.201838328249412433e-02
-2.892059281342741761e-02
1.626729441720375577e-02
-4.174122954804514174e-02
2.165892759465529449e-01
-1.254313202486296089e-02
-1.048640672761108339e-01
2.436024407944363881e-02
8.846174325144112727e-02
-1.253479374446180850e-01
-1.944362336468329067e-02
1.873441471529060584e-02
8.215968776925997030e-02
-1.401496148424626609e-01
4.044978994151007812e-02
6.049117536339608525e-02
1.212839774921720820e-01
-2.008382137337406115e-01
2.452812145818687034e-02
-5.455388174749085245e-02
-5.843837495368656848e-03
-6.574472998640669419e-02
-5.126405111649016272e-02
1.997562249928781439e-02
3.702206605118847638e-02
-1.119237102790222871e-01
-8.500440583193726030e-02
-8.821280768019212903e-02
-1.535786596811791194e-01
7.418037455062853440e-03
-4.490644078832313306e-03
-9.653976823401350105e-02
-1.801637928018033977e-02
-2.932379499460321124e-04
8.479161965410417223e-02
2.366697081037315992e-02
3.214432362161168816e-02
3.351608024017242032e-02
-4.946379111036468268e-02
-2.048774452101686377e-02
-1.563553912798179026e-04
5.233839222239882599e-02
2.282085938830117067e-01
-1.554735886486267871e-01
4.743059829335605909e-02
5.677984886936979225e-02
-4.037580665358710651e-03
-8.837566524568376408e-03
-4.304216974073424989e-02
-2.036235025979224109e-02
-6.955776665631614730e-02
-5.249286097245656896e-02
1.692809050523701175e-02
-8.735249928292400379e-02
-1.393122493500559000e-01
-7.882013066604875995e-02
1.720679794877085500e-01
-3.911569876734728030e-02
-8.662762477338369072e-02
2.373381181366968420e-02
4.104152148480650492e-02
2.151064096360204639e-02
-1.483065081661223174e-02
-1.474979476423740610e-02
2.128943228031325227e-02
-1.745244200488775543e-02
-6.667568635943733890e-02
2.389737686961958957e-02
2.478625440539350064e-02
-9.507472394502530788e-02
-2.727284753609395332e-02
6.795402054748332643e-02
4.803065127204273616e-02
-5.369323645000448342e-02
-6.909742619812880848e-02
2.297676333328856069e-02
6.931011130589642688e-02
5.965027241869789998e-02
7.375884499758111890e-02
7.136708927831197924e-02
1.079536781074183771e-01
3.888913337058866326e-02
2.343114065761325512e-02
3.039715908987901567e-03
1.890801939774372151e-02
2.398901372897772541e-02
8.733363287070321224e-02
-1.023169331761947416e-02
2.924839672576368815e-02
-1.823428634133049051e-02
-4.908733880651622306e-02
-3.165871564705722424e-02
6.669633834281472884e-02
1.573388030168267060e-02
-7.581787806132786467e-02
2.633006596540349298e-02
2.969953980799338797e-02
-2.149628901430551339e-02
1.500967959257882255e-02
-1.010646413750178191e-01
5.656750066182040376e-02
4.770843990332905289e-04
-3.224128350441783641e-02
-5.589147668392321910e-02
9.358650092102301088e-03
1.522630643289970553e-01
-2.335927984106512742e-02
-1.076099051247380728e-01
-1.054156740034162681e-01
-2.629832996484637170e-02
-5.825914403758903660e-03
-6.167349298924695855e-02
-4.423776123518333853e-02
4.164821139779227577e-02
3.410946259453816881e-02
-2.653069004535852857e-02
-3.837266533604446334e-02
9.509247858652594698e-02
1.510104693176237377e-02
-5.059274374164817595e-02
-6.479487351113343008e-02
7.717369929956638397e-02
-3.938703820310846676e-02
1.086359347393527769e-01
-7.542367111597876594e-02
-1.118461558487860927e-02
-7.872448469409371041e-02
-4.696746156335743216e-02
2.035220956322356459e-02
-2.269585593132969134e-02
3.928101570443197355e-02
2.479919137377346872e-02
2.291581808381103896e-02
-2.204563851014880449e-02
1.420951462226882622e-01
2.006479998705288162e-02
4.930036081450206442e-02
-1.129889887690605915e-01
-6.638548051145536089e-02
-6.014827832128318008e-02
-6.514609198863657857e-02
2.838754928814638326e-02
1.065841450302979498e-01
1.136852941400951292e-02
7.958694925275851262e-03
6.163481684419433448e-02
2.714266929177048399e-02
-5.121712091609093714e-02
6.823132311710713993e-02
-3.186762747238067878e-02
6.789725286071182642e-02
1.056281906610747612e-01
-4.892859142368698872e-02
4.200717858031467050e-02
1.214575821746251803e-02
-3.238908163015465080e-02
-4.399556366829891069e-02
-4.018889441251397021e-02
8.238874622763349420e-02
2.830248198304370286e-02
-5.550511951365885016e-02
-1.632780169639758486e-02
8.651264072890232915e-02
8.271210305708914801e-02
2.305869746636171613e-02
-5.954647346146171860e-02
8.714577730901902630e-02
1.440106934834914885e-02
-6.598416497150164095e-02
2.235501398054797872e-03
-1.833825374867578684e-02
3.837832525971070219e-02
-3.801494468432951163e-02
2.724178533597329185e-02
1.191572274845614093e-02
2.422096952922800361e-02
-6.563968449836306285e-02
-4.855254340010040082e-02
8.041552164946952352e-02
-6.503464539644661369e-02
-1.683214132308555669e-02
-1.861222100613915340e-02
7.644582637808385039e-02
4.915808785234419137e-02
-4.818586120258057381e-02
-4.813394487895156920e-03
-6.657333607313953294e-02
-2.729787922230832511e-02
4.071715395469616139e-02
-4.717923704053582357e-02
-9.497924642317936289e-03
-3.026236531256581638e-02
-5.649826766697445962e-02
1.880448996068212128e-02
1.485537929263019627e-02
-1.633784132290079169e-02
-1.346937179483840598e-02
7.613550758707363086e-02
-6.755587186958093848e-02
1.311990519847004710e-03
-6.742953428774528524e-02
-7.561759088159106246e-03
-4.705232672832917323e-02
-7.740622783018764885e-02
3.339011324857681096e-02
-5.066955699140425484e-02
-1.689999302703676029e-02
-3.381305778254078964e-02
-3.008630125851963211e-02
-3.422202095744829309e-02
-2.547824745363471213e-02
-1.581359089331552115e-02
-4.767963493467052699e-02
-7.342922182406641518e-02
-5.280483057453609630e-02
-1.313752507988339389e-02
-4.668099530779778322e-02
-1.946579139904272213e-02
-1.288087786263915346e-01
-4.527757006872358547e-02
-2.480495236750517724e-02
1.240149917311972674e-02
3.370720373397341485e-03
4.169325495696941247e-02
9.800545263341629842e-02
-3.459527270922357466e-03
-8.655505646637726841e-03
7.183022600831061311e-02
-7.139185144435176641e-03
1.775204736895830485e-02
-1.980198412681287868e-03
2.491343423777473559e-02
3.011928378988419988e-02
1.389777411233768765e-02
1.743192478159764219e-02
2.681051936661906724e-03
-3.019299755763257668e-04
-9.136295948071531878e-03
5.885357078263129399e-02
1.743108253105207089e-02
1.058200216453340434e-02
-1.987691073534688518e-02
1.901447986670390389e-02
1.857839622422901779e-02
-2.129064512109887439e-02
