1.347917394506933653e-01
1.831160571154465400e-01
-1.595859535493051040e-01
-7.393686790831509661e-03
7.849167768200321360e-02
-1.280488524629953611e-03
-7.392526056983496352e-02
-3.555417930548959715e-02
2.761321965279074989e-02
1.695657854048712443e-01
3.998243528196231827e-02
-7.688982740754313205e-02
9.790542084254735822e-02
-1.044145833641503714e-02
-4.664223025439159093e-02
5.491146347012555717e-02
-7.616254688872828305e-02
1.304411286801702707e-01
7.608294834426422570e-02
8.616484213721065100e-02
1.181091767395821557e-01
-1.386956742928436258e-02
-1.400978708326050259e-01
1.917859125476548479e-02
4.963245344220308317e-03
-8.226184640011543429e-04
-3.122922488506980898e-02
-1.570397767957124047e-02
-1.311285535804497804e-01
-8.190874289942541228e-03
-1.625479660212635902e-01
-4.446305575630331991e-02
5.055352768017323112e-02
-1.821985139124832898e-01
-1.895639899874617881e-02
-7.528654969339940856e-03
-6.873820770890069765e-02
2.708502940564155512e-02
3.759139868346002972e-02
7.821328937949111049e-02
-8.026669892861020006e-02
-5.953572945368344055e-02
1.195923992634912586e-02
-1.410798742065453096e-02
-9.690888012235526761e-03
1.187314653132450215e-01
-4.616043179696071447e-02
-8.483086218864637276e-03
-6.280723338757651653e-02
2.295296716352424396e-02
-2.686527882276531706e-02
-4.411457265248402287e-02
7.811141526312180561e-02
-6.425638518008926214e-02
-2.594679651474703780e-02
3.859210903009643867e-02
-3.737243694883001649e-02
-3.326648182724244781e-03
-5.797422313238730779e-02
-5.353203083689799663e-02
-6.001441008233163177e-02
7.642790041307660764e-02
-5.638131313805107986e-02
-1.164320102397089357e-01
1.390378841748953452e-02
8.057164512207845575e-02
2.504333988760918880e-02
-6.330822715233214160e-02
-1.474263461684154931e-02
2.063025984882570316e-04
4.988285641407539522e-02
-5.892166744030261083e-02
-6.217288670500711011e-03
4.061287528750281289e-02
-4.069442717048132874e-02
2.513950424524391894e-02
-1.556946027148922371e-02
7.801002948138113791e-02
-4.713064001140985365e-02
-3.983751258987060229e-02
3.327185350815720088e-02
3.796238274439776156e-02
-3.168904828421306719e-02
7.439214603899202416e-02
4.102454137942429524e-02
1.163889240997843105e-01
-3.985201237192021601e-02
-1.013902143165381076e-01
7.530668410577917582e-02
1.017300952180533458e-01
-1.157743737517748749e-02
5.570095030778536571e-03
6.377913199112471114e-03
5.147741923330845931e-02
1.706984963580421982e-02
-4.016214242529221254e-03
-1.620144040931996432e-02
3.854804622091459465e-02
-9.633114269250286910e-02
-1.239081504543717953e-02
-7.931268088530970747e-03
1.804569248058352296e-02
-5.401285262507164037e-02
4.988740168254172241e-02
7.023194820942610384e-02
1.810260224691813760e-02
-2.924763809055914987e-02
-4.762276862444603243e-02
-1.401914808244900980e-02
-3.648659793252446992e-02
1.160715441553875210e-01
-3.505003014774908318e-03
-1.498127999342492300e-01
-8.088515595364856314e-02
-7.655670806242406701e-02
-1.414295969290372233e-02
-8.158185921187173506e-02
-5.774357893087275762e-02
6.322228025769610626e-02
3.083307280865736459e-03
-4.579857583715783720e-02
-4.637533659775300993e-02
5.105260567061659788e-02
2.807770101300693585e-02
-1.063063165869960677e-02
-5.282503498727172259e-02
8.222026282827886445e-02
5.819739205766383955e-02
2.645590414717809494e-02
-1.183717505129676106e-01
-2.082972576251336180e-02
-7.733451243319935942e-02
-1.144750279976399811e-02
-2.608131392282905803e-02
-2.155246101286188189e-03
8.706942569041453694e-02
-6.767893477103283095e-02
1.600543040223480207e-02
2.122009295178684668e-02
1.557344207692253589e-02
5.825880952826258813e-02
4.480507781734403144e-02
-9.347089164430708030e-02
-1.472445354297623188e-01
-1.531161958758110210e-02
-8.388942815308325640e-02
-9.213229129887207103e-02
1.172415187971419248e-01
3.140806805174908845e-02
-4.954744565262206996e-02
-9.772064253192033756e-03
7.334729775476934999e-02
2.668478283118918756e-02
1.586031988913208235e-01
3.424202415840414682e-02
1.149791395911783053e-02
1.294642716019315520e-01
-2.848422080922687755e-02
-3.412918129499214331e-02
1.537645540058014265e-02
-3.323428930595613562e-02
3.771637478418297940e-02
2.104609556719150721e-03
6.995021669291810740e-02
4.269280516337586179e-02
-5.017623283326572842e-02
-9.479596887694970164e-02
6.984270794621866285e-02
1.108130817460690337e-01
-4.267368498445551876e-03
-1.232487108847320767e-01
6.981708916031752199e-02
-2.580889832846692405e-02
-4.941465619784130014e-02
6.455900239302105048e-02
-1.737637352576492170e-02
4.352413852228766145e-03
-5.605769753608889211e-02
-2.019999947681468469e-02
-4.620126408475326574e-02
-4.856867280007107907e-02
-3.303106697204836323e-02
6.184735532873267272e-02
-7.397781288871425887e-03
5.166403818984336566e-02
-5.279802632588915384e-02
5.022048346345858033e-02
6.742150729334892012e-02
6.532835481830109869e-02
-5.273431743895614504e-02
-2.146448565130698594e-02
-9.581125413404011776e-03
-5.087763161676402829e-02
-3.096920547743402599e-02
-2.446222167955868984e-02
2.515054812069103182e-02
3.043429123809084091e-02
-5.465272124536461190e-02
-3.385278389519669195e-02
1.026175119308513420e-02
-3.822871293800332582e-02
-5.949869115031319183e-02
3.738776314332805523e-02
2.456773952354148870e-03
2.791929277232503559e-02
3.697219037437765587e-02
4.812796957984817603e-02
-4.798338496557626176e-02
-9.671256960165250383e-02
4.169457405408472789e-02
-8.960583575143493684e-02
-5.565023863481392830e-03
7.105193717927319255e-03
-9.235831510351588669e-02
9.956418088334206828e-02
-1.119495866836623006e-02
2.135866729370657774e-02
-4.282142499171231326e-02
-1.043239785084413979e-01
-1.943556796202298292e-02
-1.211137494526344505e-02
-3.785874311052501995e-02
-8.570009782757905328e-03
-1.078198534220814464e-01
-5.797020376275179715e-02
5.916023768848158171e-02
-5.678693139341819962e-02
5.690747491828142268e-02
-3.356943711799404567e-02
1.267963117048029886e-01
1.756577223326269855e-03
7.387300876457328011e-03
3.461428540221671551e-03
-7.797013629864359661e-03
-1.988367133007950746e-02
-9.309258256394012387e-02
-7.407735802454708078e-03
1.012641864181535178e-01
-7.591744046936632628e-02
-3.038943958066277020e-05
6.273003895205332692e-02
-3.027749825810358703e-02
1.140558115010760834e-02
9.321515455572219888e-02
8.448602281244058793e-03
-3.188081353644950378e-02
-1.183892178669911088e-02
-7.625983817242904667e-03
4.297667783940931768e-02
1.044401270216470910e-02
