1.745668661951699507e-01
6.617168941477991582e-03
-2.515065063123502753e-01
1.148529995198835016e-02
9.662086689612946200e-02
-7.088232509336536702e-02
6.931405547155375553e-03
-1.140101681353277580e-02
4.588416558981998211e-02
2.228637437338165384e-01
-1.477721630957933852e-01
-1.229738975586867622e-01
-3.220880650210276863e-02
-1.137593066915065648e-01
-8.752027591447314459e-02
-7.339227627106488516e-02
1.044595072508409661e-01
1.783313302442043197e-02
-7.567762093949260971e-02
1.024153240961071937e-01
1.813465346728080838e-02
2.999204685199534717e-02
-1.458320742442273943e-01
2.251285231793596214e-02
-2.761631802898961360e-02
-1.604570667740145770e-02
-1.975070295692773689e-02
-7.499605517772396646e-02
7.247088573508980724e-02
1.518947362259923974e-03
-1.524218914392688196e-01
-8.180516619945865653e-02
-8.772585959257664379e-02
-1.080559534289077944e-01
1.471455407544982469e-02
-2.973306214513471088e-02
-5.271295067478097562e-02
-3.593224293148228332e-02
3.358304324599774293e-02
2.472848088078473047e-02
7.637618728551254232e-02
3.602773411640998458e-02
3.466117505572528096e-02
-9.906336414276734406e-03
1.641786866087059649e-02
6.075107369147354774e-02
5.305032315620358818e-02
1.195795046954615942e-01
-7.597787319360842229e-02
-2.955037441517610955e-02
-1.194198500151337841e-02
-3.511443256810287822e-02
4.188323575298365242e-02
-9.711528912964781379e-02
-7.191230000617136742e-02
2.048741779139869133e-03
-5.217321640017345136e-02
-1.134048650750896919e-02
-7.974590188127612944e-02
-1.343653858189496619e-01
-1.884360525085749388e-02
8.650044651162355769e-02
1.623281593028026064e-04
-5.687295251063003571e-02
1.628011594291494443e-03
1.272251061580292331e-01
3.568138148766107631e-02
-2.156077846941699960e-01
6.703350935513247011e-02
4.308791223419471475e-03
-5.217078284879877320e-02
2.009037188823913078e-02
-2.809168315596819593e-02
1.304064775875409497e-02
-1.802990793205501430e-01
6.120861562528544242e-02
8.724974040742562720e-02
1.118730301731553911e-01
1.781866881765823210e-02
-1.309090916348416844e-01
2.234384046119565134e-02
6.198111394757568199e-02
3.775274501197405791e-02
6.492283197973833242e-02
1.284740664191852400e-01
3.850574064789535900e-02
-3.395294305494956505e-02
-3.373632270723129351e-02
-3.355435476007365830e-02
5.446870657855758940e-03
-5.717776338915196016e-02
8.656824319639995491e-02
-2.393966748167267525e-02
6.737300690958648863e-02
-7.159473868946096033e-03
-8.366011502828221702e-02
-4.289250834141911106e-02
5.007422692645209505e-02
2.420307371145350925e-02
-6.292389231535078231e-02
1.751608583828214577e-02
-4.921257836295692481e-03
4.382037692260283904e-03
-1.264109975347690699e-02
-3.736940925740426384e-02
-2.690688639021228748e-02
-7.463756906747311126e-02
-2.695504328713383205e-02
2.233019886334883589e-02
-1.613177213517370118e-02
9.779445561541323662e-02
-3.593769271554671241e-02
-1.243691793806670221e-01
-1.289797309745471798e-01
6.091251069111802002e-02
4.709093286869098921e-03
1.462913984973559720e-02
-7.120005778693312692e-02
-3.161649380765350209e-02
-7.725154599759747644e-03
-2.785439475925086117e-02
-1.298080296015977596e-02
1.644597446547961181e-02
-3.185957474215000973e-02
2.069080784572783355e-02
-4.168217642391476574e-02
6.251162814725659544e-02
-5.959462265792698360e-02
9.032574934502501929e-02
-7.635575916411378727e-02
-9.998571438914369627e-03
-7.005567168414555956e-02
3.159846496225796747e-02
3.661583094016790385e-02
1.472439110706297988e-02
6.429374181169703007e-04
-1.658893703989937352e-02
8.914647091407650048e-03
1.117068631722474559e-02
3.737345375123823921e-02
1.281333349513581223e-02
2.178751690679451083e-02
8.639594090399808912e-02
-1.315477446315243548e-01
-8.930201254982735037e-02
-3.829426160589825129e-02
-3.642025567053491786e-02
7.255407206165820355e-02
1.835507838123274019e-02
1.663500313916098025e-02
9.692252444047574911e-03
5.729241450673385611e-02
3.861086321220737194e-02
6.039522678482623502e-02
-8.619717802481799418e-02
1.461998832555193029e-01
-2.010243681899812410e-02
-2.613438806792205138e-02
-1.537192142495752249e-02
2.872923934076368480e-02
-2.455203126843447103e-02
-3.812456424172844943e-02
1.709912594429595714e-02
3.432472800933248497e-02
3.756769228138372163e-02
-2.004056977348681740e-02
-3.132439909194859040e-02
2.771074667740161188e-02
5.767465344941646865e-02
-1.205012379851514055e-02
-4.858969203715247931e-02
5.952144473982912132e-02
6.017843506025059158e-02
-5.305978315873052104e-02
-5.584102390164999430e-02
-5.184777174802393529e-02
5.115338699732387140e-02
-7.510289151060969837e-02
-4.863915139819005237e-03
3.270597076533907771e-02
-3.339531703643239952e-02
-3.885363566836060739e-02
-2.044913220146177268e-02
6.039724903174322618e-02
2.013050834823566435e-02
-1.267794577781189772e-02
-2.157452974845253113e-02
5.400989645600114825e-02
2.742187384661529115e-02
-7.076883933841358887e-02
-7.473857858720821257e-02
-4.516643931114584787e-02
6.683354683795075324e-04
4.704747169766143600e-02
-8.011871509680329462e-02
-8.408399854730623513e-03
3.351929105505533496e-02
-4.545044503918280188e-02
-5.076223645805791329e-02
4.112804649328799349e-03
2.610378016119540602e-03
-3.541547315576261401e-02
2.599228237778915263e-02
2.146817327076743984e-02
-2.597555599650963956e-02
2.323558280084535646e-02
-6.046072701971383356e-03
2.742608971730664189e-02
-4.945836705179990772e-02
2.174882001239990259e-02
-8.474914640613860628e-02
-4.307379078114726562e-02
-7.617879542119140868e-02
-3.349684068673960263e-02
7.435561986172462522e-03
-3.595188271933711516e-02
1.693066249349923537e-03
-3.475656341453856046e-02
-4.961010412131711816e-02
4.460151263850463052e-03
7.010101800060620537e-03
-7.905751532058410275e-03
-7.328074421228716309e-05
-8.105827157965980745e-02
-6.767558988896257843e-02
1.790476855080194848e-03
4.240737473357032022e-02
-2.405709490434400008e-02
6.826899939529901783e-03
7.472144090147099516e-02
-1.640110800421960878e-03
2.517981897235975139e-02
7.403182042740588664e-02
1.016472472967371726e-01
5.358755532869347721e-02
-5.767095170929723014e-02
-5.129117399065100114e-02
2.386103977951038041e-02
1.122849173121633626e-01
-2.551122753914581570e-02
-2.728734301357823092e-02
-4.001930677683379622e-02
1.128310953566080688e-03
4.346069117435039791e-02
4.127498501079878562e-02
3.063282492170943047e-02
-5.222363547161230912e-02
-3.218937236647678030e-02
-3.957636615127001212e-02
-3.389697137333185298e-03
