1.459141829983358063e-01
-1.481547617519862747e-01
-2.901013075258543350e-01
8.155386887348076153e-02
-3.689968951174098233e-02
6.669149606138723152e-02
-4.575019797480531095e-04
1.881695827039410185e-01
-2.481089369504093506e-02
2.002175821657590504e-01
-2.354996425270147395e-02
-4.555422977010431529e-02
-3.993487696705910750e-02
-1.026319727816970145e-01
-4.228097411228403518e-02
-4.029916847808712177e-02
1.181108153247986681e-02
-7.522786492337246928e-05
7.813740420674671061e-02
-1.408957712385852101e-01
2.108059616673819275e-02
1.790587674238711957e-01
-1.153110504437055914e-02
4.075245278956730194e-02
-1.368219254586446332e-01
-6.017979968017603959e-02
-1.650795360046319188e-02
8.158688171328658256e-02
6.695586717690540576e-03
1.115197500952738383e-02
-5.750844362662035220e-02
6.792428215364833266e-02
-3.872873886976322538e-02
-6.248053772030191799e-02
3.217590105172085657e-02
-2.018773113140454878e-01
7.948387563004645517e-05
-5.117066854780080894e-03
1.651775776206406143e-01
-1.236378778776550114e-01
1.155633436910021017e-02
7.679081775613057215e-02
2.923430748951075936e-02
-3.717372292183646759e-02
-3.850347704181989361e-04
-1.543666586042291154e-04
1.009655337066207581e-01
-9.811005726195290433e-02
-3.195140607255349957e-02
-1.355324692418388016e-02
2.283598969982781560e-03
6.417143927133185481e-03
-6.812665354562873199e-02
-3.694493358952363748e-02
2.137234378355875458e-02
4.420810342875377413e-02
-4.592503949572813299e-02
-7.151999772176706460e-02
-3.442249956826273077e-02
-2.415071358380208380e-02
6.677201518286485227e-02
7.017900926721556965e-02
4.922505817583002624e-02
-2.031122062404405459e-01
2.092841502714549995e-02
-1.170828545406011126e-02
-5.608988841837874578e-02
1.246543359302129325e-02
-3.848162185170453647e-03
2.685147828791651509e-02
7.515466920770542958e-02
-7.557793138960610529e-03
-8.894747968950462991e-02
5.897883781211801096e-02
-1.134652454399282390e-01
7.079490386164172255e-02
-9.571139263313474532e-02
2.421934654925205280e-02
-5.067582103266266014e-02
-5.298453430005869991e-02
-3.249751742836572838e-02
-3.132209162454773627e-02
6.012117409125258133e-02
6.004441252877724955e-02
-2.261682431965350570e-02
1.377072523705104128e-02
-3.224733301520314038e-02
-3.357240935765310602e-02
5.252718569006584876e-02
4.094240123137687232e-02
1.379476594617792991e-02
1.703700257100992585e-02
-5.629701427277021553e-02
8.567828833019701384e-02
-3.575355733116531570e-02
-2.593639764354280924e-02
2.006026552786160239e-02
7.798430284862284227e-03
3.213587154561484138e-02
2.943161767956971667e-02
7.698249160768610988e-02
8.881297441419820637e-02
-4.327841431519770243e-02
4.644036187318487802e-03
6.328036099364623725e-03
-4.211456792789696618e-02
3.998759782040754718e-02
8.422464979045446443e-02
-1.071600997765265323e-01
6.472575590904704190e-02
2.748309328225021376e-03
-8.977092190514904257e-02
-3.843706793782025732e-02
-1.591579297565352477e-02
4.512958726040688928e-02
-5.575354854523510706e-02
1.475589585954907058e-02
-7.319379854509269756e-03
4.808299029376703754e-02
-3.489970956155340198e-02
-6.031564694084042000e-02
-5.440799734046655733e-02
-5.145746999001631072e-03
1.084638577230043199e-01
-4.154660138196938218e-02
-1.549987337078284066e-01
1.119593461561028264e-01
7.726273649286700962e-02
2.859579085619326521e-04
-5.607386127896082928e-02
2.720089293269056796e-03
2.891173255189590733e-03
-1.432128431576393940e-03
-4.342610938945093424e-02
-2.163633147468893916e-02
1.322641597586235972e-02
5.168890495060626117e-02
-1.055827301867800355e-01
7.061967891633091909e-02
6.092697878504951814e-02
4.256363457110927395e-02
3.436985539979189180e-02
-1.590660229307343798e-01
-8.097140888568719885e-02
1.102510754802970144e-01
-2.373611679306996194e-02
-6.252083562347952872e-02
-1.941864315700140425e-02
-3.045681780817375769e-02
-3.814911622244078482e-02
-6.763103918171460560e-02
-1.787374961291754785e-02
5.184116277507656162e-02
7.467933799391590632e-02
-1.555522068118900259e-02
3.645023944414069184e-02
3.128953889400749866e-02
2.413135065220866141e-02
1.017362934113555384e-01
-1.736709262662934974e-02
2.448885555156927324e-02
-6.150610298066756798e-02
2.346775806391670702e-02
1.255523158468823492e-03
-2.952061048002188343e-03
-1.412468729506664022e-01
-5.661970423770146255e-02
3.697277020009161891e-02
2.539776306329635802e-02
-2.957122249923638257e-02
-7.768630541427806735e-02
2.147030871468985289e-02
-3.484664362625577300e-02
1.516915066492323383e-02
-2.998769806946964891e-02
-2.645628277121661468e-04
1.626624286627514904e-02
-1.393095828879149616e-02
-8.462291270225828083e-03
-4.884957067267274577e-02
1.330965741049469457e-02
2.394792042499489099e-02
-3.607149283368550619e-02
6.165464158857437461e-03
2.784999207911654714e-02
-1.074165723496521285e-01
7.483642696567485708e-02
3.892869468809929956e-02
2.846903075352421805e-02
-3.882727893747630471e-02
-9.734876813960144024e-03
-5.527768053730239967e-02
-5.022130976314091722e-02
6.412577342672240444e-02
2.716822517483393276e-02
3.971264419178088811e-02
3.654391002212631356e-02
4.775270852595361881e-02
-1.301925177903209482e-02
7.970200576437316831e-02
-3.889449323269070918e-02
-8.485868035843248391e-02
1.359557697661782812e-02
3.154179379886522944e-02
6.767915894240718322e-02
2.677464004056358954e-02
1.642256498925812047e-02
8.724438524293664414e-04
5.713126905615591167e-02
-2.079126412356195955e-02
-1.315774466797359384e-02
-2.768473616789344019e-02
2.959645182396603361e-02
-2.542257062119922251e-02
1.307208765969692862e-03
3.609645376134356515e-02
2.584613954261028371e-02
-4.190445136327918679e-02
3.572480050206617349e-03
-3.725466381014087228e-03
2.259462404758896120e-02
-5.394623935001182508e-02
2.811229270293957947e-03
-3.095584464914098027e-02
2.302520963530021308e-02
2.779194162677506644e-02
-1.839405650741814460e-02
3.091247935085946266e-02
4.221429661121281485e-02
1.501466897900260826e-02
-3.690133823660933510e-02
-4.514170347106733622e-03
6.784153917072037465e-02
-2.238987542440302667e-02
8.650736688434486343e-02
-5.784949961973624710e-02
-2.658469159875401222e-02
-2.945354955456266563e-02
-3.950137735399914668e-02
-4.601644786982463098e-02
1.322246670466607592e-02
-7.096640959038903740e-02
-7.110873672321043650e-03
5.636971153673286244e-02
9.074504990527299886e-04
-4.615662782607328311e-03
-2.972903997733250883e-02
2.916651805771436345e-02
1.272320980906605815e-02
-5.609717348175053547e-02
