1.346255592724119043e-01
-6.957857718507774736e-02
-1.986908058721371384e-01
1.013157407518174985e-01
-7.365800011336118280e-02
-2.172668344047007458e-03
-1.624315494302266127e-01
2.214500394201464328e-03
1.358392826158019429e-01
2.175367940327161687e-01
-6.838359846043481904e-02
4.257626719580277774e-02
-1.462464434164289229e-01
-5.273540514005702062e-02
-3.215333122098267687e-02
6.742238925830541796e-02
-4.876009836144817866e-02
5.042113140884119799e-02
1.858835172746268333e-02
-4.014830085622574096e-02
8.457056037707873231e-02
4.325077652624358809e-02
-7.681667252156344772e-02
4.874922277076915167e-02
-3.860411545203255163e-02
-1.293626270990753668e-01
-1.107584259613057093e-02
9.809942400121071659e-02
1.063739668412127526e-01
1.009558440718728578e-01
-1.087256926918658828e-01
-1.043472838150517196e-01
3.208748378799775730e-02
4.967962398565079624e-02
8.742408523930071673e-02
-1.930482673306287977e-01
3.670864475710132468e-02
1.234294912899012997e-01
-4.873378165908835540e-03
3.315061917444314665e-02
-3.914692991650351589e-02
6.945965093069009222e-02
8.950496062857224433e-02
1.625537049555667371e-02
8.664839208568240938e-04
-1.083481278168249573e-01
2.316515661854090177e-02
-1.577521131117508302e-02
-1.312123312298180966e-01
-1.107769849897682034e-02
2.331088211002838723e-02
3.672965357732086572e-02
1.785267183920950622e-03
2.718355746123965466e-02
-9.492735197445852091e-02
5.416055293569178170e-02
2.588164161459584681e-02
2.738039451711284794e-02
-1.537290725119364598e-01
7.491426074998725794e-03
-4.736672362254120729e-03
9.204906936826757992e-04
-1.462432141454764467e-01
-5.446633148863980201e-02
-1.061019657200664747e-02
-4.759396036703595484e-02
-4.050133069563925658e-02
-3.118644295614377351e-02
8.248021988329135024e-02
-1.916119469998596100e-02
9.636467449276467367e-02
1.806691726378051310e-02
9.325243677377553775e-02
1.252114549667559390e-02
-6.818000591820128076e-02
5.032725984287791943e-03
3.270100815091081124e-05
5.489163018488626283e-02
1.068665976927211415e-02
1.626424171116174627e-02
-2.944237681540955512e-02
-1.136246451989960382e-01
-1.317586347916399891e-01
-4.698641201128782308e-02
9.768730221517262641e-03
6.412051538648656790e-02
-1.766693308235688792e-02
4.817170292307332985e-02
4.200713602897200583e-02
-7.026633766184077132e-03
-8.376580378488816467e-03
-1.082106425339748011e-02
8.744227308719396130e-02
-7.799654419703792169e-03
-7.747429313610339208e-03
-7.625515055640229301e-02
-9.052273774945529539e-02
9.337581719499418731e-02
1.106496700545154914e-02
-3.755434256608015942e-02
2.167211989679035042e-02
1.232007327050726325e-01
4.824226434928772372e-02
6.092632099780707217e-02
-1.653932363103280054e-02
-1.587810256497113742e-02
1.004036758570567983e-01
-3.302152257245805078e-02
-1.359419140431995278e-02
-2.860837119436208942e-03
-2.895950801287243697e-04
-2.584693623137098578e-02
-3.799374612395812340e-02
-2.708946318693482291e-02
3.112092958567117679e-02
-5.055483064988499503e-02
5.795290481171738034e-02
-9.715391573716061768e-02
-1.038063252534269926e-01
3.440160904698587319e-02
-1.336109000683105390e-02
-1.427304354742098443e-02
5.610546488244708835e-02
6.391406475386980646e-02
3.927958985195340730e-02
-9.742844088617778897e-02
9.630194497656144326e-02
1.059843014796142679e-01
1.079100233909393719e-01
-4.021774874073238276e-02
-3.997020841909965788e-03
-8.099817010639058512e-02
-3.351055297244471144e-03
2.375277257772032136e-02
4.131031874631927586e-02
-6.952442194002418641e-02
-8.059684967491767549e-02
3.655211791104866909e-02
1.649751756351819365e-01
9.315051058945954254e-02
2.743781615117579786e-02
5.133716793569288034e-02
-6.947011822274294646e-02
2.968442366461737213e-03
-2.831280010706844347e-02
1.131310121599506634e-02
4.894865809062709516e-02
1.782965864391601596e-02
5.663053691570790749e-02
-4.917864157133428754e-02
-6.916923925330902001e-02
-2.835700771286609953e-02
-1.538959181778142352e-02
2.072379066041393422e-02
2.708515749233152484e-02
-9.107360683227899711e-03
9.797767677449677193e-02
3.391101968860836535e-02
-5.827779916398177079e-02
-7.980753419440788244e-04
-1.012658540833103089e-02
-5.404964418159993039e-02
-6.506053017811177369e-04
-1.142842701886099231e-02
3.120440809569546489e-02
-6.425733254431205410e-02
-4.664737567933500972e-02
8.675863271474961239e-03
6.285475252728768558e-02
3.703780768591208306e-02
-3.011016777754693370e-04
1.050806252657186107e-01
3.379851485806874278e-02
1.574518280312276960e-02
-9.007624464270468090e-03
1.813139132865921113e-02
5.135357411685372714e-02
-1.023426860327610322e-01
-4.317557534291356636e-02
-2.567415167638518667e-02
-5.802031120309315837e-02
-9.191811686343623333e-02
-2.943792264857855723e-02
-1.762331936547003111e-02
-2.323575516281221887e-02
4.509732562214768814e-02
3.690904514643931350e-02
5.651424604336193619e-02
3.478236607492236204e-02
-6.710796219809389562e-02
-8.571153232889582377e-03
-5.293647365441965513e-02
1.999575709188730274e-02
-4.785152256403842064e-02
-2.711514888232691503e-02
7.474927098695570427e-02
-7.835180111986693452e-02
-1.960586902194726838e-02
-2.595736245072281442e-02
5.689689609220159594e-02
1.929162755202035520e-02
-3.170327478076724603e-03
4.167333334304562653e-02
-4.830803754615878992e-02
6.590734152879836050e-02
-3.666896555424851989e-02
5.345401072212471044e-02
2.318430953591419166e-02
-9.269377289899762007e-02
-3.915182950001761669e-02
2.009894529013875678e-02
-5.338434012927651545e-02
5.445861093279940474e-02
-3.450164221039870444e-02
-1.458182866297992424e-02
-1.655572981219364387e-02
3.368827422900153717e-02
-3.406027139550372312e-02
-5.093636715701690271e-02
4.592086395114231001e-02
-9.650947203282903009e-02
-2.265084882178832262e-02
-7.766953411552880368e-03
-1.154887882538825628e-01
-4.226781614275616251e-03
3.971580125693582874e-02
-6.206658770654257737e-03
6.681621427066351468e-03
-4.624419934501584201e-02
-2.117451522565401423e-02
-7.275625403842561623e-02
-2.732137680660212328e-02
3.182869669511676630e-02
2.859760695785384423e-03
5.465893708602354191e-03
-1.659065790376005115e-02
7.350822875366885660e-03
3.029431045795178551e-02
-4.371905793240918325e-02
1.045974966367830272e-01
-3.239181473672569922e-02
-5.191676639457649955e-02
-4.806450597467398084e-02
1.014124704081640141e-02
8.676416330523142872e-02
-2.716006173120614001e-02
1.209135551554120502e-02
1.635310233944015784e-02
-1.031562767224997526e-02
-4.020928582375347948e-02
