-1.286400131640254574e-01
2.003567305239094543e-01
-3.144346256441918341e-01
1.049038195756001879e-01
9.058284208976931373e-02
1.804981608545353222e-01
1.008923320723056488e-01
1.352526681794183616e-01
-2.211806267899863732e-01
-2.329262922425026985e-02
4.771292953602478820e-02
9.263403232886763261e-02
-2.512810235179843699e-02
-9.181685961959220807e-03
-2.840453653923001587e-02
-1.644278840926814006e-02
4.560936367409438447e-02
3.117107276910282068e-02
-2.346693768983039094e-02
-1.557184428010545754e-02
-9.605313691529548947e-02
1.287685926594171575e-02
-3.795198779617013629e-02
1.970709245562503320e-02
1.107438676876934536e-02
1.845476339776883773e-02
-1.428284231628784429e-01
8.004204859523340876e-02
-3.110251254708341212e-02
1.603955261000857835e-01
-1.727969835356892858e-01
-6.135215986019491169e-02
5.764382618397796004e-02
1.124323168587637450e-01
9.071557574306329808e-02
5.085300764447157895e-02
2.796070630894926731e-02
-7.934085997458993622e-02
3.679051847995285646e-02
2.498476728753779366e-02
-1.487720261231600038e-03
-2.733575479412864162e-02
1.040410508291892029e-02
7.024481613194434593e-02
2.656992747652552750e-02
3.292738426366493415e-02
-1.171513737692396612e-01
-5.196067230753839694e-02
-2.557003828607573928e-02
1.992290926696484513e-02
1.511182945063738528e-02
7.187896215091589547e-02
-5.630396071080469300e-02
-4.501897475302081564e-02
1.945930524506919029e-02
8.319618437402155620e-02
-5.133292919860742848e-02
-2.146051265628715413e-02
-1.421679120564141828e-02
-3.349318056995694015e-02
-3.621342286416661532e-02
-7.199261991112256009e-02
3.636719317307780808e-02
-9.029321420082159211e-02
-7.960024559400898092e-02
-4.789823821173017776e-02
-7.038147131029810766e-02
5.587219415507219816e-02
7.177424413851495044e-02
-2.368913528770811780e-02
-5.409773729879287230e-02
5.380352321952103223e-02
-7.142353351177194165e-02
2.448879406726749142e-02
-3.142437670135290236e-03
-2.067211995295879443e-02
7.155227917347974087e-02
-5.655048505735824071e-02
-6.322432251033612005e-02
2.321021073146881802e-02
2.756695860633853745e-02
-8.062143730618170911e-02
9.153155205486286639e-02
-4.385458090964031164e-02
-5.296584558683990057e-02
1.836802458076900639e-03
-2.405234162142121102e-02
-1.018764686959899579e-01
-4.591434533064896184e-02
-6.592206588534697820e-02
1.190248657499096002e-01
-6.029637232101189848e-02
4.665421746967856470e-02
7.969309933144097524e-02
-1.050391454234251981e-01
3.208728060276885841e-02
-2.408740271411654796e-02
4.964647402333023651e-02
-2.785725116055062095e-02
-9.630428068543638032e-02
-4.046502069421354514e-02
6.377253842038561882e-02
-6.474703739773661482e-02
7.784489786408020640e-02
-3.387562896307343835e-02
-8.448925741258340658e-03
9.835218083147610063e-03
-2.034716510521000082e-02
-1.030988878169496539e-02
-2.728085344329196638e-02
2.432704777518389719e-02
4.585037129895368907e-02
5.166632529521367895e-02
-2.473754504245666633e-02
4.430781615341184559e-02
3.893539328806363414e-02
5.992326247485974672e-02
-1.455766478647179188e-02
-5.873999213797123642e-02
3.537597786432800789e-02
-1.253522132005732009e-02
1.044840502278895043e-02
-6.034662101499800591e-02
7.708923992502188238e-02
-4.055614630195819581e-02
5.323613171659454663e-02
1.704730146720949760e-02
1.464430390368197110e-01
7.117298794036898413e-02
-1.589736409332896672e-02
-6.842306834210536148e-02
-1.094219814099213067e-01
-5.397646912130921008e-03
4.135314642046009764e-02
5.664350496110633765e-02
5.099737293989198283e-02
-2.356577341464169417e-02
3.354196700036144591e-02
-3.471274163027986831e-02
-7.980692325796374942e-02
-2.074220890508624623e-03
1.267284026304441079e-03
-4.175310874329266064e-02
6.498754652364764628e-02
-1.460169886023607441e-03
5.715559631403752811e-02
-5.747061441608404715e-03
6.094495268598076193e-02
5.109039284364008671e-02
3.165484938177199475e-02
4.489162488836818260e-02
1.182901447666788453e-02
-4.131828472734407759e-02
-4.630842536589187264e-02
-1.794785643389970597e-02
3.417861662383492316e-02
3.668889116103121045e-02
-2.730238859785744099e-02
-5.124612391508116122e-02
-3.918281493272408184e-02
2.327092790336870391e-03
3.448572520923547796e-02
-6.986253390514393646e-02
3.009454767367157266e-02
1.082283422949086721e-01
-2.683064242647329942e-02
5.624264534016688161e-02
-3.833719455013375604e-02
-5.628711144635299701e-02
-4.440861264075303232e-03
-1.140083711336296740e-01
6.227647661008622187e-03
-7.915837612625811759e-02
-5.533630778567667774e-02
2.390844159168585559e-02
-3.517408579027666931e-04
1.481223158272417309e-02
1.559334620140771614e-02
-1.857772647167664666e-03
2.327023000484111648e-02
3.181549897616938599e-02
-3.132135358537609104e-02
7.997106234499906652e-02
1.746255109112248433e-02
1.049646032140264945e-01
-2.980641528156868433e-02
6.382049401920966702e-02
7.191953996530547899e-02
6.771071334502051786e-02
-9.345492716362350030e-03
-2.661824864124497439e-02
9.080128432890337276e-02
2.360149917260139299e-02
3.381354922738160490e-02
-4.353557481600759532e-02
-6.145691110585907446e-02
-1.599576113906578667e-01
6.737047119619130053e-03
4.955754181095799876e-02
1.440096995039738407e-03
1.014628142687114438e-02
5.285016059757690482e-02
-4.125843162028786787e-02
4.897120734799705923e-03
8.113243196142669311e-02
7.456181702400494632e-03
1.609852503558949471e-03
5.880360060377110704e-03
-3.030660912626770981e-02
4.643009234253417383e-02
5.103133733490111679e-03
-3.437220038208167044e-02
1.358884869713113987e-02
1.830946757097831612e-02
5.187287002611558340e-02
-4.851979993370254124e-02
7.717501497738839256e-02
5.094170722400129248e-02
-9.402138813517987859e-02
5.174728152441352563e-02
-1.194320396908605392e-02
-3.623788254589530022e-02
-1.557390474242499427e-02
1.185490318871495856e-02
2.821065368161430192e-02
4.992307447309637242e-02
-1.938685673125323944e-02
2.368228923548514747e-02
3.307125106013707183e-02
5.212816795415876198e-02
-1.527965742988993299e-03
-6.112604073725741438e-02
-3.754142406237093860e-02
1.857466901146056018e-02
2.617285644759296745e-03
-2.260918716616538635e-02
4.966761037873709816e-02
-2.971970969783206684e-02
-6.668320731283631023e-03
4.739156388070357717e-02
1.750422560319826390e-02
4.655514911202473377e-02
-1.777969612201497213e-02
-3.211064358681134292e-03
5.567236254334040346e-02
-3.859146224701717667e-03
-1.113814478425370486e-01
6.864044711681642486e-02
7.294917292633566752e-02
2.903603500690465911e-02
