-1.492114771707966081e-01
1.880139430023411162e-01
-2.324862917396793294e-01
3.186567343796629925e-02
1.487787652436615982e-01
2.083338759223868630e-01
7.747821100642027226e-02
1.348517392626664424e-01
-1.426635610617234817e-01
6.114230423310458573e-02
5.588925603749936993e-02
1.802938855756569308e-04
7.477126104772330306e-02
-5.190803563596778358e-02
1.660159433922533262e-02
-1.136842072225526523e-01
1.983809404492425377e-01
1.213666346548105887e-02
-2.080103569966221255e-02
5.055553441524699571e-02
-1.616966141899250919e-01
1.346942544351158177e-02
-2.534357018471889572e-02
6.831784903868734493e-02
5.522152168903544933e-02
-2.669418990571837671e-04
-1.060567063786502506e-01
1.002293386453059765e-01
-1.407349248210763570e-01
-5.849859907205735149e-02
-9.695394470940313369e-02
-9.665960553370225861e-02
3.948686960736395163e-02
5.996118453085848982e-02
1.578873694646749093e-01
-3.835559314334913844e-02
6.780911792105789870e-02
-7.021955012542932528e-02
-5.873045265175040608e-02
2.987673017993605282e-02
-2.540027924649461422e-02
-7.854208356813821568e-02
-5.739009865730054089e-02
-7.333835047049164224e-02
1.804800550217658048e-02
4.932262395751422362e-02
-8.965042491400404545e-02
-3.197701200919418618e-02
-1.610098337828787252e-02
2.248101689819261353e-02
-8.656813226528860955e-03
-5.899650331409748982e-02
5.427733891660665305e-02
1.569550368396136972e-02
1.176759904295372333e-01
6.625156623948100232e-02
2.077373744931965052e-03
-2.800344964161600655e-02
-8.319694688743401595e-03
-8.492455973680396175e-02
-3.253892025052600168e-02
-4.801445351092892971e-02
2.287494352405491579e-02
2.292260818366151365e-02
-6.599931324175688230e-02
1.486516814905553679e-02
1.842711119163766009e-02
7.806210308660112285e-02
6.245852881884777358e-02
-4.284953872332208230e-02
-8.677506422586601931e-02
-1.963090791684063072e-02
-1.855105911187504217e-02
-3.651165739892816425e-02
-8.669132098388405983e-02
4.573493407664044885e-02
4.667924888413740869e-02
5.463168803078729402e-02
-4.629654523906890501e-02
-4.540157853829761628e-03
7.425926206215684167e-02
-4.050934917521301082e-02
5.015616134282298993e-02
-3.336951985556815825e-02
1.501895599469760603e-02
-1.059016972086276702e-02
-9.133614963799950581e-02
-5.451123903985621161e-02
1.797099604867090361e-02
-2.514881845917946168e-02
1.158613334614812529e-01
6.408711536709599255e-02
2.772739732285562156e-02
6.940258314117492798e-03
-2.968145031412397147e-02
-3.808300674512801742e-02
3.312495790056449018e-03
3.437087381251124896e-02
-3.145230464831709483e-02
-1.299059366706749596e-01
-8.605616628848919078e-03
2.115525277877469343e-02
-1.214803828660324242e-01
6.350253010280729193e-02
-2.323685164588785122e-03
5.345505752085872274e-03
-2.473677002021188245e-02
-4.359474464803025917e-02
-8.444962959662406787e-02
-4.170155982318473481e-02
1.290722012327639653e-02
4.000665866195199372e-02
1.047161213228311044e-01
-2.653314013132737625e-02
-8.394921668828886005e-03
5.140125203559373079e-02
2.370366162937576071e-02
1.533600520212239325e-02
-8.895545833273163505e-02
3.271980829390838674e-02
2.040951871379387272e-02
2.719925705020631232e-02
5.619079112441509316e-02
2.593168738708093862e-02
-9.010198484711919031e-02
-3.935391029372448807e-02
1.148245941062706749e-01
9.632126567153630192e-02
1.788840811353537008e-02
-5.584337385131296627e-02
-1.377366724932462330e-02
-9.581659463225285223e-02
-6.390497299056606384e-05
1.662651595834097355e-03
-6.472028953646842379e-03
3.604557360831514936e-04
-2.670940694732408180e-02
-1.017726305395213159e-02
-3.669429490696370783e-02
5.501498583366253720e-02
-5.561267557846634457e-02
-5.119362689090847449e-03
-3.173370438733805199e-02
9.331809503741714251e-02
4.578580058664998703e-03
5.204921413260035074e-02
-8.074759734672172506e-02
5.006627847017149080e-02
9.979510831488710987e-02
2.967547572728962760e-02
1.214962930917459910e-01
1.291573638517286640e-02
2.168474641087266702e-02
1.011639488752930083e-02
7.120816269829475034e-03
9.376602400615783109e-03
6.978891775061789315e-02
1.008731416376654720e-02
-1.076859861110063127e-01
1.038432704959770143e-02
4.439778193259353092e-03
7.436218339778935538e-02
1.324311733668135684e-03
5.177444915575454831e-02
5.238389002162480851e-02
-5.230625340154535646e-02
2.266022149445593228e-02
4.028967583055793888e-02
-3.280434374629932065e-02
-1.971940442127643328e-02
-2.182424146038616092e-02
9.232350787771738398e-02
-6.177270566604560476e-02
-6.470817531896454200e-02
4.122217349945437453e-02
-1.574623815890274087e-02
-2.449554195067931220e-02
-1.347302339911900584e-02
3.409650494086993028e-02
5.266073455079416793e-02
-5.072916052988045432e-02
-3.603164390862402533e-02
6.077719426086870824e-02
-1.095362925474661388e-02
7.198367067114616602e-02
-3.365154676116289406e-02
5.756534220151898751e-02
4.927004099161857997e-02
5.757847969080114731e-02
1.982021319581836818e-02
-2.783540200861240460e-02
7.143714451525526310e-02
-2.867828087499365783e-02
5.701617534426483419e-02
-5.599702966188687542e-02
-4.289020552431608430e-02
-1.780928939981580028e-01
-2.656862455589599839e-02
4.555394700695693938e-02
-2.857516148675887796e-02
1.479073337937902508e-02
3.856797155048823783e-02
2.014822131390062859e-02
4.025752529146040676e-02
6.946199892184798386e-03
-1.876538503626954194e-02
2.175380075152156048e-02
6.542974696647164967e-02
5.651675269894083919e-02
2.182869764393663913e-04
-3.629544997481235803e-03
2.158238622427982242e-02
-3.509459102987599888e-02
3.578447426102415296e-03
4.198616141260863577e-02
3.189366487241671738e-02
1.266222905430119949e-02
2.098238586578317008e-02
-4.201355868925231440e-02
-1.927589862731917889e-02
8.987802036274884776e-02
-3.345742220219723173e-02
-4.472001351644368239e-02
4.292417154560083936e-02
5.468978346077871949e-02
-2.166263053695547530e-02
1.227124020870551044e-02
7.975683920399866123e-02
-5.737257100200199300e-02
3.030657034433850705e-02
-2.610089032693096306e-02
-6.942691060248383506e-02
-3.171413018848299320e-02
1.191329313891744193e-02
1.833716230145207571e-02
-1.071471509978358522e-01
7.551491556038056330e-02
-2.519994903932532351e-02
4.332747266130267116e-02
6.885506672227280356e-02
-3.488359899095259259e-02
5.683416500280306927e-03
-2.242503402929178768e-02
-1.026034281971657247e-01
4.921986766571689181e-02
-4.117658839217132327e-02
-7.750986641401219103e-03
3.863639872456336305e-02
1.099429605574060893e-02
-2.855641250707982928e-02
