4.527809174448228086e-02
1.269249744558287318e-01
-2.217787767154164313e-01
1.002137139673365818e-01
-7.802116121485738742e-02
1.357630660192442849e-02
-1.740661275534496205e-02
1.419487776775012478e-01
-6.506060285433275248e-02
1.512408752594248951e-01
-1.240201473992094544e-01
-5.626892965845626399e-02
2.040857110563914500e-01
5.451445290138309807e-02
-3.720662530895647857e-02
1.905958801539935424e-02
-4.418519706875675968e-02
6.237022865574400748e-02
-1.838458930663412205e-01
-5.535410959420100641e-02
2.069784693374505657e-01
-1.270948656810217368e-02
-1.446702349903531970e-01
-3.198538417623360969e-02
4.989087403870777482e-02
-1.721416220352796622e-01
3.909729699478687454e-02
2.317225537936127427e-02
-2.079058395529293779e-01
-1.003636624864757548e-01
-1.444226703634781360e-02
1.443220284658582320e-01
-2.410780898111731380e-02
1.974252254581496807e-02
7.680396846605501426e-02
6.531734800278776731e-02
4.726527925081799170e-02
4.105635840879151566e-02
-1.029969936689553722e-01
1.243703481943097960e-01
6.545677502528476910e-03
-7.054495017106228449e-02
4.238512715956743032e-02
4.772093570017192643e-02
1.810749572120902082e-02
8.478610533205005462e-02
-3.189522939127994311e-02
-3.466461796661298583e-02
-1.062937980514601644e-01
-9.687740239645964424e-02
-5.076202645350034320e-02
-3.005795602010745415e-02
-2.098381846176170656e-02
-2.891272893297862009e-02
2.482890972484283823e-02
-1.794589103422113488e-02
6.587694721145327323e-03
-6.477411556667678205e-02
7.629388218276451916e-02
-1.130690229774633515e-01
-1.158225605398812003e-01
-7.126780449756149605e-02
1.204237898181858557e-01
-1.174962349534604128e-01
1.893876272389394266e-02
-2.207437502712229771e-02
-1.859592697644313064e-01
8.367037969629051442e-02
9.255303289254360188e-02
-5.820313145784552361e-02
2.049027087090551230e-02
7.171806266269052654e-02
1.355983667744204736e-02
3.082557828329991409e-02
4.186764832144664744e-02
9.673763153420310290e-02
3.678301472519248522e-02
-5.215615914256648000e-02
-4.779984692498834981e-02
-3.668907770288377945e-02
4.231639359163365255e-02
-6.146816504656801156e-02
-1.617869220604467237e-02
-6.924626739924685803e-02
-2.647748383597500060e-02
-1.139660321421739723e-02
-2.360191754289332061e-02
3.808331354387777673e-02
-4.470322605049282388e-02
5.090527009732832842e-02
7.056348313410194979e-03
-1.734310555175632221e-02
-4.414307669821204011e-02
7.321658510275562415e-02
-1.186027112996881211e-02
-9.484785383174753129e-03
5.304835455064342564e-02
-7.650720036958853776e-02
1.762030916590447832e-02
-2.988356049406435885e-02
-3.327739645671377866e-02
2.062729101508566781e-02
-5.727067241392542335e-02
1.060155973020093095e-01
3.094640357480532566e-02
-4.713327916712724969e-02
-5.620439093558897252e-03
-3.787690653622069470e-02
8.127409164404375899e-03
-6.998847990420867249e-02
4.661064273261323471e-02
5.494432136877087924e-02
-9.905060721271121207e-03
2.764540434723404636e-03
5.096564835910507955e-03
5.596745095728396235e-02
1.898693467420671521e-02
8.508830609671741430e-02
-3.120617451314436006e-02
3.005303911154590807e-02
4.433689917066963720e-02
5.144073175487350741e-02
5.863499419583868399e-04
4.650845355607536452e-02
5.848236372657501791e-02
-3.116219740789808249e-02
-1.399200887121880045e-02
5.640680940203528920e-02
5.748526280785976050e-02
4.237935065160701453e-02
-2.230478204999587419e-02
-8.137449285383197700e-03
3.632340411860374846e-02
-2.837362257398222398e-02
6.067771182334152219e-02
-6.216863540472060759e-03
2.421130474874147107e-02
-5.346395366800993365e-02
1.907365106156489604e-02
2.671449258223191486e-02
1.488516703062248668e-03
4.547645290176591942e-02
-1.582233667924840687e-02
4.511005725399083038e-02
-1.757413148619708584e-02
-4.186197496541409907e-02
-1.365040407010717320e-02
3.771598952875190869e-02
5.488665944109456102e-02
7.751423825735474782e-02
-5.186300136357525903e-02
-2.440017592866156743e-02
-2.787024116600293755e-02
1.162009218112885767e-01
-2.646668726752516784e-02
6.238834901107222219e-02
-7.036082397982396097e-02
7.447789249270810041e-02
-7.833990067195902018e-02
-5.196360887721920840e-02
-5.603965730678919094e-02
-5.687694150526621632e-03
-7.228790829619055613e-02
-2.045231096145133654e-02
-3.400334534104893641e-02
-1.141204161942113368e-02
-4.911080477621965201e-02
-7.127179303877226313e-03
-4.805765797669795530e-02
1.618453748195700006e-04
-7.862686933527835570e-03
-4.581520383287328996e-02
1.598786113949514582e-03
-4.842432869628068154e-03
-6.406363947152132754e-02
-6.359316352853084699e-04
3.786380624138189349e-02
-2.255506301097136984e-02
-1.156522223230007675e-02
5.002954461373376044e-02
2.742833830703095971e-02
4.350322528966787256e-02
2.436218163523143701e-02
4.533657888758151067e-02
7.355574864157445047e-02
4.004172166233927604e-02
2.582009659969385432e-02
-1.578499568136141566e-03
3.870270648672879260e-02
2.773789724255264558e-02
6.909188334720950397e-02
1.148956373160898298e-01
1.053304965811085493e-02
-5.264372392160651670e-02
-9.307278107307739856e-02
-1.452110949321232941e-02
-9.248302711749946392e-02
2.923628214671394193e-02
-5.028209491712227856e-03
8.769069170083765297e-02
-1.401803754101663656e-02
-2.319233562131892135e-02
5.638765752742842460e-03
-1.160077526343741144e-02
1.005500924041030641e-02
-5.108908683278306009e-03
2.754679110419547966e-02
-5.017997450853631941e-02
-2.010262592599031464e-02
7.016858317026028469e-02
-7.486763486015654556e-02
-9.120218962920463579e-02
-1.416406628689696745e-02
-1.026292914300940169e-02
-1.415316656651927248e-02
-3.317280040185906914e-02
5.875740115023802418e-02
-5.862130937340864767e-02
-7.291569092917457064e-03
3.311967715900879239e-02
8.115302566470666834e-02
-2.705018333947930426e-02
-8.620702313838503328e-02
1.615823374035152415e-02
-1.175704699575469692e-01
3.328843371299529397e-02
6.392555342408656749e-02
-6.391152476189698728e-02
-1.160218500645156161e-03
-1.207771539390740424e-02
-4.662759403275899134e-02
-8.774491523091847156e-02
1.096157715043639090e-02
-1.002196623951767673e-02
1.417324680847691608e-02
-7.048426245350193631e-02
5.091304087589413642e-03
-7.366251088691433413e-03
8.903833725441279850e-03
1.619234264449875491e-02
-4.596405206478192118e-02
2.187542934224742316e-02
1.659484146702645477e-02
2.221892526203656762e-04
5.911898304137942761e-02
-3.321564283589883287e-02
2.197706837517001549e-02
3.096964714255081522e-03
1.241859813152397865e-02
1.329050699378755453e-02
