1.418123967183536338e-02
1.813525963512424843e-01
-7.318852792346224045e-02
7.220789242673525399e-02
-5.243629845567861908e-02
6.727053405781413878e-03
2.628009788535698443e-02
3.133409768590447175e-01
-2.792773071627837611e-01
2.308180117902156048e-02
2.203035282662802255e-02
4.069066510778623913e-02
1.505638113763834163e-01
1.163284314174961726e-01
8.659683637792256125e-03
1.045396522566443415e-01
-1.392080012879925444e-01
-1.585590159180917669e-02
-4.967160877545878650e-02
5.726305580678768201e-03
1.171716718429156590e-01
6.348639443745787703e-02
-1.437798457893052773e-01
-1.032846966884163123e-02
1.026882771743314743e-01
3.086688393279188054e-03
-6.796241158454002784e-02
6.278904393990522581e-02
-1.865827754476495626e-01
6.301773353684446410e-03
-6.436210334624842266e-02
3.727606853601510978e-02
-2.106976250526041566e-02
3.199327505135314553e-02
3.158881243430276820e-02
-2.503430870385108323e-02
6.005017459444480371e-02
4.136457920265741717e-02
-7.314790034861325119e-02
1.440287820206527514e-02
1.310883957836267780e-02
2.373086865786937921e-02
1.012292100131224337e-01
-5.834892008002437458e-02
6.915954840575155860e-02
4.137062297412254924e-02
8.789779176230194668e-02
-4.815996080250303790e-02
-6.903380438276851550e-02
-1.334541965471473975e-02
-8.301489448958335182e-02
-5.448950192841899021e-02
-4.492869196517446095e-02
-9.435300975818464858e-03
-1.976632245927870818e-02
-3.100290236726565771e-02
3.955551052060053002e-02
-1.117033345742739353e-01
9.711534908283468367e-03
-1.363434886490735021e-01
-7.508422399651944190e-02
-2.990521916316380563e-02
1.036041771633652020e-01
-1.026055110817672145e-01
-8.125941391451736717e-02
-2.425553517405974746e-02
-1.589606245319502842e-01
-1.559125155465235484e-03
-6.383565727512665244e-04
-7.196167589254710839e-02
3.093135082842003725e-02
9.352655758683499354e-02
-7.906159642121947037e-03
-1.559353475720585275e-02
7.469228541700517754e-02
7.396777152436752323e-02
-1.651796317930704500e-02
-2.531836596271262816e-03
3.844409452466955417e-03
1.313153729786508891e-02
8.509281027231450911e-02
-1.293692114138597637e-01
-5.522022747506246526e-02
-7.100256293753763603e-03
-4.656514381888534476e-02
2.906765316761992027e-02
1.961237416945835720e-03
1.068352445416449331e-01
-5.184085266032983919e-02
1.330859629823797075e-01
-2.103074660280212713e-02
4.503566672010743399e-02
-2.705255903161806613e-02
1.044147476463647972e-01
-5.408295756786395125e-02
-3.278947478886897089e-03
6.060724244098993768e-02
-5.638147100907270337e-02
3.021143691739752724e-02
-4.810573474185748238e-02
-1.199104404588516651e-02
3.358490226669758050e-02
-7.516161784778137289e-02
1.315916404876240342e-01
9.049741932850716847e-03
-7.642083763254314821e-02
-3.509749038188123699e-02
-7.593357534642036777e-02
1.974174445532047781e-02
3.058430404028848401e-02
7.661981201977879907e-02
6.245542775502953281e-02
5.517325394017507864e-03
2.540633641403854549e-03
8.359956222581929608e-02
1.002846356861374355e-01
3.288147442117164004e-02
5.398467912853916612e-02
2.435535813275896411e-02
2.176462834121073095e-02
1.385773001590971318e-02
8.547044525936130233e-02
-1.326826083900979440e-02
3.077622736081479533e-03
3.525738171364230927e-02
-3.360682772651277933e-02
3.933004426844269319e-02
1.709594919042319722e-02
1.668547637841582415e-02
-2.668392254875270962e-03
-4.690685194222268817e-02
-5.537192613883746423e-02
3.878586980102317894e-02
9.069343898302653639e-02
4.419860437218563892e-02
-2.599298516425473105e-02
3.493340198660270512e-02
-1.955193645480696185e-02
5.999527700363645188e-02
1.048634641011432327e-02
-4.496492101745715869e-02
2.520262773915521101e-02
2.343240707701591680e-02
4.635498845443920130e-02
3.193820957800409810e-02
-1.318099549435481320e-02
2.567914554267330257e-02
4.423570641367996839e-03
3.932181802394847658e-02
1.450290261981333068e-02
-2.295676226270945350e-02
-1.196337700317808526e-02
-8.609610991203577035e-02
6.753864247530934339e-02
1.518813199792756752e-02
2.756241830771884171e-02
-2.145760475078165724e-02
9.274845558720644367e-02
-1.087590105755069023e-02
-5.055611472938192213e-02
-2.668291525350851949e-03
3.026841625171053721e-02
-2.876449087562690798e-02
-7.590842654182375360e-03
3.348078151495648136e-02
-8.031836512088705304e-03
-3.948432832334444059e-02
-3.563709844419375716e-02
1.567082787894335735e-02
1.103119240769663209e-02
-4.047695063347728911e-02
-4.730990434593120714e-02
2.877040034105948427e-02
3.714679897967741035e-02
-9.018213591707574528e-02
-1.956335246757444791e-03
9.954598608357301259e-02
-6.039853086639379587e-02
1.605514459110993566e-02
4.027398064177302450e-02
-1.226284587927573694e-02
2.994285842878836347e-03
-5.184813876259614790e-02
9.300054801031902574e-03
4.689684614279707175e-02
3.111031361680443794e-02
-1.897468912686988210e-02
2.602998647622464107e-02
-2.072375658888118977e-03
-1.151657440936359328e-02
-5.029438584843325122e-02
5.599953822898403460e-02
1.372752031734410065e-02
-5.449994422245042075e-02
-7.231171098990309132e-02
-8.313536700078846819e-02
-1.397796749155784668e-01
-1.543209890607035589e-02
1.746851412474089609e-03
6.213017212068062262e-02
-1.258857158473860281e-02
-3.650814021835288581e-02
-2.792303000513882139e-02
-3.591061267949944430e-02
3.645636524280151947e-02
-5.157271066632649476e-02
2.839729818261155225e-02
-4.274722623134057792e-02
9.613189315942396659e-03
7.602349323521838398e-02
-4.803717151223629162e-02
-7.756630020772774248e-02
5.543907915511678969e-02
5.721252316203748883e-02
6.838698652996606786e-02
-7.626615065954371608e-02
8.796111705665334013e-02
-6.324743042902788992e-02
-3.324601457004396077e-02
2.770293599428333420e-02
5.354049550235956412e-02
-3.379646784448558927e-02
-3.294258366598582649e-02
5.692574620601662666e-02
-9.116418162714459705e-02
-3.546350789711170352e-03
7.249043874273052024e-02
-1.350618397568744550e-02
-1.688596170851774892e-03
-3.252418679805749169e-02
-4.378618412270616350e-02
-4.012486736912478785e-02
-2.945986035919932050e-02
-1.780773758647590660e-02
3.362089628342329606e-02
1.998436830313767704e-02
5.126293380222996833e-03
-4.006382527732688451e-03
-3.942352126710351595e-02
-3.998717010924403292e-02
-4.675901457688375756e-02
-5.863888680431850187e-02
8.586883052843841124e-02
-9.662076711793745817e-03
6.536926428440573145e-02
-1.395187854473332531e-02
1.164497097648966271e-02
6.673196686725395461e-03
3.389199301014293036e-02
-2.905133498466404285e-02
