1.489520778847084614e-01
1.054894472723505033e-01
-7.765802610971213327e-02
2.558212606844095793e-02
-7.178187737694306791e-02
-2.637025921536298445e-01
3.246930197846892296e-02
2.289612818919104301e-02
-9.828943890862340549e-02
-3.882757987439664892e-03
9.587385859808372768e-02
-1.224424119361510188e-01
-4.072424000947762884e-02
4.841196512600264706e-02
-9.072093989310225925e-02
2.801004261584652891e-02
1.778965904431461797e-01
3.814836118578058665e-03
-9.307585494470145548e-02
1.005156217002220881e-01
5.500905805443415814e-02
3.714636848787348372e-02
-1.659793502341011529e-02
1.178905219478856292e-01
-2.404176548048656339e-02
-2.298335264044280499e-02
1.103307671473194307e-01
2.016212783531297695e-02
1.813136554888984935e-03
-6.466862178482288281e-02
1.313555244870045569e-03
-1.028918711849893391e-01
-2.460030674611453708e-02
8.447963854910285619e-02
1.039327593120736026e-01
-4.202574928187863268e-02
6.275835550613979852e-02
-1.442411592900219308e-01
-4.451063021716493429e-02
1.086056532707735250e-01
-7.495802297331446984e-02
-7.939623816716563642e-02
-6.055027795629431414e-02
-2.785957680913227555e-02
-3.035715681178052100e-02
5.399099196555178469e-03
-1.123214366639284020e-03
7.702347185516052186e-02
1.705521029758897376e-03
-6.997581601672717144e-02
-9.057617052517608069e-02
-6.505695926475116297e-02
3.740085779780686487e-02
8.406514099040895971e-02
-6.675950508444240816e-02
-4.344350944521583636e-03
8.053102682662910405e-02
-6.717356724654104105e-02
-1.596004272829478626e-02
3.765400463490484878e-02
-9.571631759669639583e-02
2.360165208877113702e-02
5.061924444875681717e-02
-3.370009558718868592e-02
-5.137425842799888190e-03
9.594315922283033760e-02
-4.081171844207662908e-02
7.788686330357440235e-02
-1.119576265255334685e-01
-1.094735801003881015e-01
-2.200233154520770534e-02
-1.677935027143791225e-02
1.922943213384752104e-01
-2.714810248941687543e-02
7.012918446740987188e-02
4.840750231090115707e-02
3.489173978538405441e-02
-1.805165168890643726e-02
-7.725916654539823070e-02
-3.374980336514830231e-02
7.026502820513308434e-02
-2.029456096637326235e-02
-3.296275145310451765e-02
-2.855577596496373938e-02
-3.001943418605198047e-02
-8.526367896802938828e-02
-4.481457332371070051e-02
-4.758576380343446099e-02
-1.475598972713431864e-02
-3.983574069073670537e-02
-1.575754702844616231e-02
3.761637911246388383e-02
6.446808536965295544e-02
1.244748432428560009e-01
2.254040917085814444e-02
2.975558384932035921e-02
2.512314549093063593e-02
-8.302878824452537831e-02
-4.781068242793932305e-02
-4.848115690160044455e-02
3.761246054310648634e-03
1.712250809799736317e-01
8.737030911117773038e-03
2.363089622675321536e-02
8.572197016759718763e-03
4.400767458353267714e-02
9.561516045439609479e-02
-3.560201676446247358e-03
1.171746573791679694e-02
5.879824205694109129e-02
6.436101409026695475e-02
-1.627113359561284953e-03
1.739627096388122671e-02
-5.788307469674008193e-02
9.571468485946412960e-03
-1.273839818771800927e-02
-2.195425650448034477e-02
1.357004196772702148e-02
1.417763791642170923e-01
3.583640526491438036e-03
4.350373930756106650e-02
-6.388432738454911941e-02
1.260908539892379755e-03
9.212821425510347995e-02
-3.991004837632888824e-02
-4.879028848423980907e-02
-2.924301320754263064e-02
6.790673882992057098e-02
-2.415594823759525597e-02
-5.917112295773741676e-02
3.666391277726836068e-02
-1.299766960358941237e-01
9.650304296129372239e-02
3.174345957110971672e-02
-1.230670246351107076e-02
5.437403212023767668e-02
1.453531621943330958e-02
1.964364305644954081e-04
-2.602009876022965545e-02
8.341585581771747415e-02
-1.201922823318126721e-01
-2.194083177612628222e-02
-1.361074429277454034e-01
7.400468584492841950e-02
-6.538154742652249607e-02
2.869227279757985243e-03
-4.467905613343393922e-02
6.132815025678789618e-03
-5.396069561913114515e-02
4.278040043062465020e-02
-1.063096981747833729e-02
-9.536136052240520855e-02
2.416559952879033385e-02
5.064173993951225777e-02
6.591897195728003978e-02
6.993634005875633275e-02
-1.517001560618334854e-02
-7.584245859049959081e-04
1.768606368108082555e-02
-4.292248485288002041e-02
7.377784421879446386e-02
-2.621218122484148330e-02
-5.204368069322144741e-02
1.973289935847921325e-03
1.620255863185834358e-03
-2.023868506998070219e-04
3.154223377799728750e-02
-5.700752842670833709e-02
-6.498221618256372518e-03
-3.131415852817674705e-02
-3.507482405369369977e-02
-1.135046269115656987e-02
3.645684541316943778e-02
2.478513260080525069e-02
-5.847993086275152068e-03
-2.276754106138894132e-02
-2.244904845195135057e-02
1.089491086183397434e-01
-8.649552478518769336e-03
-6.633437659221408378e-02
9.637993457398205677e-02
6.469583407202704473e-02
-7.563002133505904168e-02
1.584488032884674366e-02
3.696930720579835045e-02
6.400366233470180036e-03
7.674935341539053379e-02
4.119359753917513876e-03
-2.654935960482594087e-02
4.055715656604403502e-02
9.125767504591731152e-03
1.119036010646708018e-01
-9.108311729426496473e-02
-6.304361284213870487e-02
-7.425899373961378225e-02
-2.729319840478950168e-02
-1.265614451426220755e-01
1.002827208048039922e-03
-3.103764540713278147e-02
1.516145280647643832e-02
-2.744141466242821029e-02
1.179351500989004632e-02
-5.837213392237341342e-02
-7.624084647516861900e-03
-7.068649210935125382e-02
-2.064592601875349723e-02
5.380192099405722156e-02
6.574815135973706426e-02
-1.463891158266709958e-01
-1.392115303876001638e-02
-9.389454567600129253e-02
5.043732123803454370e-02
-1.163169260864925329e-02
-1.251986537994372907e-02
6.676248029451006816e-02
-1.016694589607284628e-02
-1.066841392467127343e-02
-3.857994806083871187e-02
2.384522020077325249e-03
-5.832616329852316484e-02
1.902008256592840549e-02
2.116390283492245415e-03
-3.704651753535898040e-02
-5.219026421362790019e-03
-2.384663523970786611e-02
4.867737563386730776e-02
2.371264193751453780e-02
-5.040448507814151297e-02
-2.199072096933392742e-02
3.291220916500397359e-02
-4.012905286374804717e-04
-6.851037992620825912e-02
-1.293029198047188910e-01
7.625064289856211923e-03
6.379322064698956032e-03
-3.248653642703155930e-02
5.527762518761451110e-02
-6.025558702739796518e-02
-3.652810532259475468e-02
8.635793946108343000e-02
-2.170546363333502801e-02
-8.914600155887377614e-03
7.442970548800793840e-02
-4.857476716958278318e-02
2.119390891694624898e-02
-6.188407914284426575e-02
-2.796984099688356804e-02
1.131294601786442082e-02
1.914518652096837067e-02
-1.141548191604972902e-02
