1.612001257821089606e-01
1.233344415939612859e-01
-2.050584512404161897e-01
4.710028625712761596e-02
-6.338233735821198478e-02
-1.088414735430418556e-01
1.246165053587852539e-01
7.416494528879415127e-02
-1.539888394890899237e-01
-4.241814468405973731e-03
-8.084729017659604555e-02
-1.588271802994051518e-01
9.363687975460394412e-04
4.824093085647596091e-02
-3.925134071552369847e-02
-1.839732735939760555e-01
1.352597110911805400e-01
-1.695409798869069312e-02
-1.513092819134575495e-01
2.788477115729012454e-02
6.848628961493024789e-03
3.656308703502339497e-02
-6.036872370850893121e-02
1.842750912564641505e-02
-1.031458885699673977e-01
6.958133752753767332e-02
8.990707739220454853e-02
-5.730676897395073355e-02
-3.550279047685012818e-02
-1.111782128096606009e-01
1.253432748834881760e-01
-9.926266443347239732e-02
-5.310919552574733249e-02
1.020842363452557910e-01
5.542245861572644289e-02
5.814086761044554019e-02
3.209891018929134782e-02
-5.282777899140945338e-02
1.545459853713121272e-02
1.364391409795405741e-01
-7.013606966202087789e-02
-1.154505463076980903e-01
-1.682279672469636639e-02
-7.121346084459229120e-02
4.041232031294721833e-02
7.863067619128967511e-02
-6.667508605466401783e-02
3.203205268342468326e-02
4.654786867527085231e-02
-3.837263734341359728e-02
1.349473456817233859e-02
3.101497212929084715e-02
1.228448806484311838e-02
-9.436596383193331453e-03
-4.564621816712145091e-02
-7.107538124790625800e-02
1.307210387159145615e-01
3.687412984297973317e-02
-8.205585036301171753e-03
6.471952054058281723e-03
-1.324962344503208544e-01
-2.961913157035846525e-02
2.657966106131428793e-02
-5.403567787707470871e-02
3.203436723605112418e-02
4.744012871276440807e-02
-8.529014007312731016e-02
1.030309544995457738e-01
-2.504904740944791791e-02
-3.737833860013145548e-02
-1.861465723801304303e-02
-1.383427943847143939e-02
1.389633920739386519e-01
2.007061003515788269e-02
5.012907675905264177e-02
-3.451424505009656474e-02
6.141761282873758887e-02
-1.078283277283729746e-01
-1.073159849719911851e-01
-1.200475784741879444e-02
4.809230351282083732e-02
-4.672023671586577123e-03
3.434310041588991419e-02
-1.215685371350982841e-01
-2.493831259879140602e-02
-9.431725903166544855e-02
-4.979128433574213364e-02
-7.282237250530747275e-02
7.282475318800894770e-02
-5.613501017429550766e-02
-5.397824390690141722e-02
-1.376900905440576507e-02
-6.881095521834507123e-02
1.014688298669222666e-01
-5.403914970601437356e-02
-4.394912205133882921e-02
-2.676373412519150036e-02
-9.692933086571826895e-02
3.586161226402374141e-02
-6.702937793169730374e-02
-5.405244185109765731e-02
-1.438682928047828671e-02
-5.175184267048894143e-02
-4.566215551520638391e-03
2.547975258819133032e-02
-3.656536852261231541e-02
8.457914257132170821e-02
-6.779390772924875734e-03
2.671413656891058822e-02
-8.053056018218615261e-03
8.959563780379796449e-02
-4.431759882946846585e-02
8.935723888327438968e-02
1.705378907681532122e-02
-9.049864397848571274e-02
5.062776365493842218e-02
1.573105531584099992e-02
1.717351757767743292e-02
1.161241803171053910e-01
5.079811472824458107e-02
-4.613829205550310647e-02
-1.118947321727321170e-02
3.703502431555500546e-02
1.396083586958156153e-01
-1.988359418294133665e-02
-1.373720048831094179e-02
1.154535221610749479e-02
5.323454508298795101e-02
-2.151978449961099854e-02
2.624474529626806552e-02
8.631294087875221455e-02
-8.504294585262325498e-03
2.927247771699243470e-04
-3.188706249389682695e-02
4.845906090899939483e-02
-1.264109449450285388e-03
-1.514130730662347282e-02
-3.710075761014597351e-02
-6.634076546029316068e-02
4.925116694784303223e-02
-3.909557132376412919e-02
-7.198853838911282305e-03
1.117866095000397478e-02
4.244896129902894083e-02
-1.474707617076904120e-01
3.996376001394268129e-02
-5.333622007336381171e-02
3.960024299144113136e-02
-5.213338013843921148e-02
3.698456706829856069e-03
5.043737516889476580e-02
-5.690962480829073883e-02
1.832186633076807875e-02
7.350569457070831036e-02
7.915769982433059401e-05
5.634348523586292339e-03
-4.010064926927799089e-02
6.388889373302766850e-02
-4.503233268051387572e-02
5.073654762838120807e-02
5.057697575730676215e-02
1.322875940635658519e-02
-4.483096660201339040e-02
-6.173116857954549785e-02
-3.706802322300057490e-02
2.203801283267145875e-02
-2.207256579688049100e-02
-3.918689695739604323e-02
-8.339068592771857469e-03
-1.754440810354607194e-02
-8.648702830129820218e-02
1.533655635318265098e-02
-4.477839319235562415e-02
-5.115333242632845445e-02
3.628061241948486119e-03
4.753985286592654624e-02
-3.627948820820915687e-02
5.627920680292286537e-02
-4.523482297029007143e-02
-5.140135327277051830e-02
6.452823929852610774e-02
6.415361242341764691e-02
-5.150656622216108482e-02
2.640276311057904515e-02
1.303152645754616923e-02
-4.190302446452621316e-02
5.857673093504216916e-02
-3.427442433295961599e-02
6.489387248342896874e-02
1.535689135125782243e-02
4.198327331058872292e-02
5.894610046918485891e-02
-5.975708664445275597e-02
-1.833565445141417324e-02
-6.926659143537902685e-02
-7.248910999213727113e-02
-5.649198031936795983e-02
1.359346677020886740e-01
1.349810720199944025e-02
1.051851747590507730e-01
-5.017173065745422766e-02
-5.487142976544553963e-03
1.763246029846344404e-02
-1.228266948777948647e-02
-1.560527591311261508e-02
3.648161478257262724e-02
5.787366904224151842e-02
5.137698434011783027e-02
-8.504446684434921466e-02
7.162475684631111617e-02
-1.160444935766807434e-01
-3.768164418930797233e-02
8.689128145002512557e-03
-3.618174795729824523e-03
5.263864697679158933e-02
-3.993548940686256210e-02
-7.157423346897963043e-03
-5.222685499950995708e-02
5.236989435182410474e-02
-1.736291411259546433e-02
-1.190281833674276639e-02
2.224582659348846650e-02
-6.248693614215398290e-02
-6.898061192586330166e-03
-3.916811601608433113e-02
3.148535535305898442e-02
-1.713714603640476702e-02
-1.679614630445475792e-02
-1.829726594285274732e-02
1.336531801131668647e-02
-4.241907050511031091e-02
-1.163384086952014007e-01
-8.934847664833144021e-02
-1.237597902366263658e-02
3.635530633924391464e-02
-4.923985870501098455e-02
1.780654772100943167e-02
-3.357208987098442982e-02
6.937805367686099463e-03
6.917953119158727626e-02
-2.572046606134133911e-02
5.309858164870321501e-02
2.712189461161470042e-02
-7.056555143437602540e-02
4.861608677218475644e-02
-5.105116146038977953e-02
-3.963615162218851046e-02
1.630321272509756281e-02
-9.597094075318350972e-03
2.191980532353529371e-03
