1.361192530325661953e-01
1.609819036994839525e-01
-1.197754460319574166e-01
2.286675831388009297e-02
-1.062543714329555328e-01
-3.575157185942293842e-02
-4.306990051013069760e-03
1.229804928910046835e-01
6.647465417751029226e-02
4.482480550276223691e-02
1.907929415458803693e-02
-2.069164415410762459e-01
2.632592183765484345e-02
1.488887940072669280e-01
-6.240123649119855287e-02
-2.356672710566526732e-02
2.235223244219855521e-02
-6.649312363928876722e-03
-2.417047102199681649e-02
8.041749917440012274e-02
9.870638199784943778e-02
5.830710443615183536e-02
-1.264325135290087498e-01
-4.110274976888457499e-02
-4.183584794514902394e-02
-1.274697965978789926e-01
1.085306050456216337e-01
-3.505326974098425807e-02
-5.561654943504434380e-03
-9.610664368725492512e-02
2.473203789853956405e-02
-1.079102284095669329e-01
3.390656446485550146e-02
9.333880946485699839e-03
2.753153891452085611e-02
-1.342818987298959044e-01
-2.054361975131983615e-03
-5.386344717072637234e-02
-1.593428495113045629e-01
1.180819698569537529e-01
-9.627895730303719438e-03
-3.702446811750042394e-02
5.440844935502948260e-02
-5.404089686151519745e-02
-2.589530786690795103e-02
-7.294587058955680561e-03
-3.119951279899190952e-02
-5.087132633512899543e-02
3.785664832352677450e-02
8.075634406986462177e-02
-5.300259338039198936e-03
-4.610324600074744081e-03
1.413186956400134808e-01
-3.054556459981499009e-02
1.046220179519038590e-01
1.170079519469771276e-02
1.658005284541285151e-01
-3.903539454439831219e-02
-4.925812259069110161e-02
-9.526228656167663733e-02
-2.198813914622178012e-01
-1.228741999479885522e-01
-1.037317082612008654e-02
-6.413620943115570794e-02
3.869702584131851780e-02
-8.267107963505063162e-03
-1.423414548411499614e-01
1.343911848821873756e-01
7.100511451192044465e-02
-8.919818062481729704e-02
-5.180755457721495510e-02
-5.691573831550630902e-02
1.268124130107838032e-02
-7.047368381058162490e-02
-2.329941310913289531e-05
2.352740722018474562e-02
-3.142624840159844585e-02
-1.779772439236043322e-02
-6.697135684850688553e-02
-1.499070633944904300e-02
-3.953791356523674201e-03
-2.161590296046642448e-02
1.066684547252045624e-02
-6.994198099930867829e-02
9.999699941538656850e-03
7.150753149153359078e-02
1.736586892003911253e-01
-9.221584578048031000e-02
-5.287783097559740214e-02
7.188596838241273490e-02
-3.441517194546990510e-02
1.572781813724177108e-02
-9.966999130205635160e-02
8.582843922814314963e-02
-3.266700167370786140e-02
-5.748662495729270870e-03
-3.495347342264528562e-02
-3.174356259852560702e-02
2.765922650110725495e-02
-5.627685820393135696e-02
3.751344966911633605e-02
-9.894971630643735819e-03
-5.911748183370671428e-02
-1.331903297291684753e-02
1.614043883859489839e-02
8.209634944044476301e-02
8.225495551829570262e-02
2.965147938377606096e-03
1.595445169862301851e-02
7.772442715640201505e-02
5.597910190851916601e-02
4.846437791285938129e-02
8.247400401526332192e-02
1.688156425791591600e-02
4.383153621573610687e-02
6.548012638203884461e-02
1.089467291623765766e-01
1.605030242291723142e-02
-2.076198797345214558e-04
1.804997030129084148e-02
-3.058127902866840733e-02
5.095598653838246360e-04
-1.913000864355988897e-03
1.764663535143960391e-02
3.620728797159251944e-02
-1.478849464465518309e-03
-9.236261507619697442e-02
1.159277435359992725e-01
9.718535549359512415e-02
-3.715916253489045390e-02
-1.995351534543611527e-02
2.232417110524230128e-02
-1.799303129757597042e-02
8.263716793451077181e-02
4.010968456430903661e-03
-1.017044892519974701e-02
-1.946830931915614557e-02
-4.084261267186465455e-02
-3.074366063185526854e-02
-2.011361802792471440e-02
1.116205153887938478e-02
-6.643938192729982421e-03
6.410648142085295653e-02
5.355395613440520376e-03
1.019769393235363773e-02
-6.422175399169507970e-02
1.010123096070765156e-02
6.842102252253788597e-02
-1.594312512261521902e-02
1.631683410338900450e-02
1.132203857464598035e-01
-5.852696926292181440e-02
-2.735813685900207945e-02
8.702545082834256540e-02
-2.820718788094394441e-02
1.109762951197617621e-02
3.038903336021173476e-02
1.758956029275766941e-02
-6.624798660238727377e-02
-4.670093547104479242e-02
5.578148206886360261e-02
1.660795771915698701e-02
-1.731170203627809684e-02
-3.213094510348898231e-02
-1.788456147508688324e-02
-2.444941771821286872e-02
1.949259513077646749e-02
-8.312890459920965758e-03
2.827344664990246934e-02
-9.351374213875519870e-02
-1.095924120223045611e-01
2.916066109010483770e-02
5.151836974472758651e-02
-4.737209462355487788e-02
1.717898041591045316e-03
-8.068127574178891523e-03
5.172925494367155985e-02
-2.265529488132610528e-02
-8.915681991483086558e-04
5.451076269025907466e-03
-2.918640949262106196e-02
4.385204650202049331e-02
-7.761051513523049318e-03
-2.734167420798774145e-02
2.295903759528896207e-02
6.784200659646962006e-02
5.207578694477498632e-02
5.411096516955141850e-02
-6.949493839128921546e-02
-4.546616861748604510e-04
5.954183727596882442e-02
1.023954103884731071e-01
2.983362297092848059e-02
-5.079282261913500851e-02
-2.948212496352733969e-02
-1.869650350476295686e-02
-1.582932534679153125e-01
4.895502613782178741e-02
-1.653285537733951982e-02
-1.999055631021837229e-03
-4.327663603257932146e-02
3.220121749397579503e-02
-4.237119022679083219e-02
-1.177354718695921010e-01
2.027783637316689369e-02
-3.078315058604461432e-02
8.607483477348995549e-02
2.987811294515730492e-02
-3.059638113001213883e-02
2.335114801035770293e-02
-1.018946940959482433e-01
-6.827612398261832805e-02
-6.077602589591755977e-02
-1.287566384900802087e-02
-2.395907561692636051e-02
-2.552826557952013464e-02
-2.711748963601359405e-02
-6.200800362265156823e-02
-4.709233159753645898e-02
-1.010915616253893479e-02
6.577577382546159930e-03
-1.018762586479115065e-02
-4.578018348146197652e-02
4.364177355042829498e-02
3.430694021917316677e-03
-1.952844561459694470e-02
-1.426621363985118920e-02
-8.505901437567352230e-02
9.632691667892607839e-04
7.207107116509871292e-02
-6.349501638514072621e-02
-4.017563720959168444e-02
-4.562827811073878748e-02
2.402846365012728178e-02
8.812110147808182095e-03
9.758950677324872147e-03
-1.434998948581877112e-02
-6.687883947090565197e-03
-4.367908662514467105e-02
5.992643065410745845e-02
9.857342228128943007e-02
-2.959590092973179293e-02
7.343498819613976901e-03
-4.615032101935042513e-02
1.106489808827556542e-01
-9.019593972575642646e-03
-4.022063738994698795e-02
6.857850614691057139e-03
6.398529045894370791e-03
3.792270301003471122e-02
