9.856195379227972175e-02
2.690506579098598250e-01
-2.174179486434306974e-01
8.495569686892580352e-02
-1.489067831842107170e-01
-6.390257340342195280e-02
-9.941971051964329509e-02
1.207891771961370764e-01
-1.235118886781551850e-01
9.340373937787882497e-02
5.441994763121645734e-02
-1.170082652080594171e-01
1.655264926328003650e-01
1.027239377308926255e-01
-7.983162989248671071e-02
1.031807732580682611e-02
3.160394165418724255e-02
1.348315120415213841e-01
-6.766138207451349168e-03
1.145933180240457788e-01
7.897693465956108494e-02
-8.339988576691259592e-02
-1.467192613013022610e-02
5.253548005486945865e-02
-8.382613999250471126e-02
3.390621911432496229e-03
-1.047746343623817550e-01
-1.022294895577649937e-01
-1.264120995519826263e-01
-1.370392196020427285e-02
5.756975440872722644e-02
-4.822092603629914848e-02
-4.454037050875356979e-03
-5.349456888384971492e-02
1.948039003709184022e-02
-1.180286848541868411e-01
8.367101306004967598e-02
-2.619034477518732487e-02
-1.525226436150070065e-02
9.097984321012347886e-02
7.511521267543984359e-02
-9.639128695017801229e-02
5.901350135719288237e-02
-2.982433867303918074e-04
3.651488151783027075e-02
-1.110886806768964924e-01
1.627217936568779028e-02
-6.041606952332825159e-03
-3.413253420316143816e-02
1.442470540784600574e-01
6.613692605839231742e-02
4.600904676907113106e-02
6.838460126058718003e-02
-1.119080509739995601e-02
-5.405519243675160901e-02
-5.938071247576730272e-02
1.002675426221805305e-01
4.332559643001007710e-02
5.723373016206471237e-02
-6.916100970717081742e-02
-5.936207436677140570e-02
-1.817851475944875367e-02
6.059037284951552388e-02
-6.139736259768268506e-02
2.664980444045263186e-02
-1.588727213640607483e-02
-4.534742754251277347e-02
4.512037231216382144e-02
2.879833432277220315e-02
-1.521565427087012701e-01
7.491036169046508264e-02
-1.624102613657190178e-02
1.556971778475935500e-02
-4.388319213127003793e-02
9.591897573683251131e-04
2.203229704370892120e-02
3.825569435516557038e-02
2.591343092113454830e-02
-8.854447484892477831e-04
2.950597689428794551e-02
4.897476016675237492e-02
1.065810506519589140e-02
5.658684648016375565e-03
-4.207300784853845732e-02
-4.064423194430235448e-02
3.102313242367246357e-02
9.537588008065780998e-02
1.772908064739784489e-02
7.805599676126918213e-03
8.233404834615619394e-02
-3.943174557568833449e-02
9.943733934475854075e-03
-2.043359137676834317e-02
7.478093785417046224e-02
-1.173549878638567717e-01
2.386182593415284939e-03
9.056220154031285885e-02
-3.766734913834198645e-02
1.036157746106259638e-02
-6.695461421569430527e-02
4.907515027008046288e-02
1.785557756043859579e-02
-5.951134745271869503e-02
2.361700730750456237e-02
1.197397574598391481e-02
-3.870953567349529056e-02
7.570480267571622068e-02
-1.188971736334812623e-01
5.276801906096990902e-02
-1.093559084678103312e-03
4.347133702237511443e-02
5.990254588485642573e-02
-8.120267475874995422e-02
-8.962639352617945976e-02
5.681962098583635823e-02
6.344684808851502877e-02
4.419707941815041730e-02
-4.867776156347478241e-03
3.356814265710514333e-02
3.230573037919524937e-02
3.615160660639037127e-02
-1.183754075099841818e-01
3.921030869227497273e-02
4.062418083787355111e-02
-7.328242043378183079e-02
-1.422148273419867074e-03
-2.339075950426013073e-02
1.381011544584606343e-01
8.238858331850701378e-02
4.564217207845693534e-03
-4.026420292044375487e-02
-4.479053833996926581e-02
-2.277344784006205339e-02
2.606647200023624530e-02
8.150757941909259063e-02
2.092575183976652653e-02
-1.755124482762831714e-02
-6.985815572632786408e-02
-5.717391327073853731e-03
-2.354292587066527179e-02
-2.783120486554280931e-02
-8.652863215411392417e-02
-3.789558186655167527e-02
2.389408937553744519e-02
3.907546836582089650e-02
-8.185426843209390319e-03
5.147078648917778262e-03
-7.235657068727079089e-02
1.355559087254558197e-02
4.602755030688295002e-02
8.569445902676139926e-02
-1.332462298501933817e-01
-8.364063361524227969e-02
-2.908577837197970015e-02
1.581776611982570191e-02
6.589604363887853478e-02
2.673424785846653662e-02
-4.988954143337235442e-02
-1.273985399741283308e-03
-2.874268913815268209e-02
7.084896971195638049e-02
3.371785309940071584e-02
8.246522160784393665e-03
-1.954865127021941651e-02
1.066328605578320023e-02
3.011534885862495511e-03
-3.547168569879632222e-02
1.319026375054836719e-02
5.971650122285766110e-02
-6.807754346129916978e-02
3.777211280515286283e-03
-4.817584468963036909e-02
4.071801059597746075e-02
-5.077353954163268263e-02
-4.916692781762705550e-02
-1.350791903058315034e-03
-5.714329832635899227e-03
4.166108545405149827e-02
4.721295422469967348e-03
3.050987792756881811e-02
1.748473301989385623e-02
8.025596647870558709e-02
-8.618278421101313591e-02
9.959529227207937485e-02
1.261850443216336673e-02
4.949289286827913970e-02
7.734354326992236295e-02
8.652321566395447180e-03
4.702277149879027091e-02
1.582715245991569639e-02
1.088320901337559363e-02
7.869080267939841666e-02
-4.928938759514522872e-02
1.583287173523934693e-02
-2.649888285750028397e-02
-6.027830227362029891e-02
-1.242593306773643463e-01
4.924417167729236433e-02
-2.184120596230693101e-02
-3.338815369839023828e-02
1.669749159299130023e-02
1.439578606038594347e-02
-8.200273409093669641e-02
3.310750549397908221e-02
8.712828135040072419e-02
6.873667312095192716e-02
3.560972209087243795e-02
-1.865055683042609463e-02
-2.531055201642968405e-02
-2.813711880976610055e-02
-1.382445400551041981e-01
-2.031574066230510886e-02
-3.888145036116503334e-02
-1.777863648593747820e-02
-4.052977915223729410e-02
-6.122147806008240711e-02
3.006956101323972341e-02
-1.308203487574727437e-02
-2.936561914928634623e-02
-5.462574061447984103e-02
3.053413438350030193e-02
-1.266620991692182265e-02
-3.502652422184014680e-02
7.437998301118649291e-02
-4.170091852454092460e-03
1.005081895421221401e-02
1.009273787805497515e-02
-9.055180591634222342e-02
6.656058978869077228e-03
-9.449252118552189115e-04
3.631114074512421103e-02
-1.136238335710948802e-02
2.910058120222915046e-02
4.740606387386296292e-03
-9.848928535287331670e-04
-3.999011506125678406e-02
3.273191731919531527e-02
-5.955175245074049301e-02
8.884625072923743594e-03
7.350170417824981872e-02
-1.290362712844538365e-02
7.190373865282172205e-03
3.462910187243843640e-02
-3.099184462337249008e-02
5.106132001880039212e-02
-2.116666790207632348e-02
-1.150970516088753448e-01
-2.962651903243289798e-03
2.328098306084205177e-02
-7.025322308000806794e-03
