2.005724445092538916e-02
1.061960017625052516e-01
-1.561503082903204220e-01
4.509522631301080692e-02
-8.900164461880635813e-02
-4.295610882459215130e-02
-1.114810760920725841e-01
1.424523996554856176e-01
-1.632685471272482536e-02
1.548778852015503804e-01
1.958548344189046247e-02
-4.056608144900315793e-02
8.874268673963482679e-02
1.693601983258527510e-01
6.435193796921317641e-03
-6.029326126411978237e-02
-1.348244223372279949e-01
3.734772500109660026e-02
1.016958167412007619e-01
-6.834774983718866492e-02
1.784871383952759683e-01
9.942566889305151645e-02
-1.159804207607986332e-01
-6.454227782822981319e-02
-5.634615752444078335e-02
3.377842438793234731e-02
6.797288794469846795e-02
-1.545738714956732818e-01
-4.460177774320152333e-02
-1.269648955623571551e-01
-1.052562613310383810e-01
4.307485710817630237e-03
2.751210913802442509e-02
-8.151390921738911610e-02
7.777983485634464011e-02
1.278069611672068805e-02
6.508443452633558279e-02
3.218097877882421243e-02
-9.708127912672241677e-02
-1.143664913126518634e-02
-1.613169898700867605e-02
-4.675223999142912035e-02
-2.418486238870387259e-02
1.899316415910242556e-02
-3.971002074159707407e-02
-7.089382422234334624e-02
-2.694173598603488012e-02
6.742255396957939906e-02
-5.492848272461274550e-02
-9.152638697696986736e-02
-7.265332859407830704e-03
-5.431101750697754638e-03
4.485478851181795568e-02
2.150116410820316834e-02
-3.794385819174062036e-02
9.647150636730525419e-02
1.148719957098364407e-02
-1.173859427694923102e-01
4.424747216763007425e-03
-1.227881169987399268e-01
-8.433371229434406813e-02
1.240127046330448957e-01
7.154910530600833152e-02
-1.153328644566046779e-01
-9.699310674849226377e-02
6.006410358022983703e-02
-3.418205219560761787e-02
-2.113422092270210353e-03
4.873540743404115166e-02
2.254245791664920458e-03
5.111451022611043088e-02
2.300659110997214235e-02
4.439262691492904672e-02
-5.228059639245477563e-02
-3.794579746692164357e-02
1.126998135795814898e-01
7.957612081401284343e-02
-1.004312153956608417e-01
3.537700124089607906e-02
-1.046859528215548715e-02
3.635546253347722578e-02
-6.280798403384804662e-02
1.315688318058459358e-02
-5.070894314325414404e-02
5.683078239217644739e-02
-5.647547485776147069e-02
-5.046103913261438395e-02
-5.024060818703900838e-02
2.684868309859917562e-02
8.892139094756534856e-02
7.151280853887032052e-02
5.647838377053299164e-02
-5.992437880343769868e-02
1.512236443354576798e-01
-5.415102730454379905e-03
-6.191727494320782565e-02
-9.327784335670361721e-03
-3.463222260762724848e-04
6.088726125206469358e-02
-4.025431064240196644e-02
1.386749824941454524e-02
-4.381113525190168112e-03
-2.817495339489537245e-02
3.277213449650363559e-03
-5.821729950409617466e-02
6.383314953703862760e-02
-2.687415224597650663e-03
3.334292782478239653e-02
-1.024670664806904413e-01
-4.879507246711037999e-02
-1.217299191749660406e-02
-1.011542095043962801e-02
-3.831144780230202884e-02
-6.928134923058233696e-02
6.396941593975795370e-02
7.541433931179547523e-02
-2.483613563699476126e-02
-1.307302568963220057e-01
5.140776095473292145e-02
5.320256013476235696e-02
1.831968620998891640e-03
4.204962696247967896e-02
-1.325184302194829661e-02
-3.126732159854198750e-02
-2.651709936389861841e-02
2.918945288459038473e-02
-8.385438811210317589e-02
3.677405508129932832e-02
4.386019891398136583e-02
-1.161756411290208041e-01
-1.779827975631999987e-02
-1.113906735473842585e-01
3.770839786351237732e-02
9.849918017532158232e-02
3.639977497136342305e-02
8.254492486737577753e-03
1.924048638718788007e-02
7.413726196259103063e-02
-2.857793477751030195e-02
4.302010490556563982e-02
-4.230696877900037151e-02
6.535105254247214335e-02
-5.142618406895255873e-02
-1.568876853566483764e-02
-9.521711853771867851e-03
-5.738021137221102630e-02
-1.856765486313470548e-02
6.893396040315651063e-02
-1.145303600654476450e-02
-4.194141540737902907e-02
3.580887782370813233e-02
-7.057865968417537106e-02
6.238053546269930333e-02
6.746075769064539818e-02
-5.380842202256447748e-04
3.412881909188875129e-02
7.072203676255842120e-02
-1.537580184270202245e-02
-1.173578232793675985e-01
-2.654641474038496075e-03
-1.282668925976376308e-02
2.462439910848093771e-02
-1.289984518384225398e-01
-4.442691976437999901e-02
-4.255933312255645758e-03
-8.506976418929833306e-02
-4.918286286080735675e-02
-8.318469174959264301e-02
-2.622986038833726927e-02
-3.229015997151536005e-02
-1.320542000624009837e-01
4.698391873305438754e-02
-7.608713851459563901e-03
-2.436754211075549056e-02
3.916146443539395006e-02
3.059672024094697851e-02
2.240447848751998469e-02
1.333775291246726558e-01
4.105746145861934732e-02
4.132142913200851503e-02
-1.065919371119625030e-02
5.558269720692816940e-02
-9.425604607926062195e-02
8.870829692642481779e-02
1.590454522080577901e-02
1.181959133700962589e-02
3.677095224100970783e-02
9.034200698141793551e-02
-3.805607758221536685e-02
-2.222040895158863827e-02
4.300585123298518442e-02
6.182409277076005016e-02
-1.855967151363952655e-02
-7.317127667367441524e-02
-2.353455877800349205e-02
-3.877965347350510045e-02
-1.113760320197675902e-01
8.222313447233935146e-02
-2.141189280737044315e-02
7.803998862187778995e-02
1.565395854616561527e-02
-5.266696465101901314e-02
-3.205786712608277300e-02
-3.978953102401868586e-02
-1.227496547076497831e-03
-2.424611116317093237e-03
-3.857186013785933627e-03
6.280559226112479576e-02
-1.643894481818749739e-02
-8.706375925167103569e-02
4.359690998690555347e-02
1.441172350771340385e-02
9.317829389741150506e-03
-2.916634318868328857e-02
5.533350034616774105e-02
5.186371687104258249e-02
-1.556261868513980628e-02
-5.137815468696942806e-02
1.269905263159995523e-02
-1.261178524845427834e-02
7.919990142889592188e-02
-4.795672380635757071e-02
-1.609543454112369321e-02
4.016368184894252708e-02
3.969592867528169700e-02
2.057024737880990689e-02
6.072762658341413627e-02
-3.452947334428646542e-02
2.640171249062822287e-02
-5.446903611297725795e-02
1.178274510857034094e-02
-5.759679608867739747e-02
-9.260381594628881718e-02
1.323490668536743409e-02
4.368889627299169659e-02
-7.886550574518289003e-02
-9.772363170918063613e-03
4.286373468346979521e-02
2.558905922602386016e-02
9.425523804793520255e-02
-5.152040052149687438e-02
2.695437359596449672e-02
3.198915214216880437e-02
-1.861552263885276476e-02
5.587940630962347222e-02
-4.164131257311694950e-02
-1.421595367818993295e-02
3.928997373738921106e-02
4.633031835454627656e-02
5.485188135496264772e-02
