-4.369819310590018768e-02
8.218792250860706278e-03
-1.888820293839903741e-01
-4.047367838767065851e-03
-1.083002906683189354e-01
-6.275307736545790438e-02
-7.896238077335598904e-02
2.174158911942240813e-01
3.555603757347473859e-03
1.771728666638403005e-01
3.614434125491952643e-02
3.524003506025948085e-02
9.990980950296002305e-02
1.801507910537589741e-01
-2.728915259450170189e-02
-3.303428581302213229e-02
-7.207711700340085903e-02
8.689176671042143918e-02
1.074893721938593484e-02
-1.099489008885583784e-02
1.217184805410793103e-01
9.677053719751869953e-02
4.732104877096880019e-02
-3.813618764663517097e-02
-1.578268053714846630e-01
4.116372758300845813e-02
1.119629875109474787e-01
-1.130952914843904034e-01
-1.373180899819804457e-01
-4.110816242070489124e-02
-7.134010834011242363e-02
4.357063050894834089e-02
8.940353161569902785e-02
4.532477558174649590e-02
9.455214501660232085e-02
8.872888767568438972e-02
-1.601204531100142159e-02
6.353941826016052535e-03
-7.963613935386930354e-02
6.545356550203931811e-02
3.107328534633287120e-02
-1.090426823173754750e-01
-2.984805403963017648e-02
-2.232805833598043230e-02
9.817078637044460154e-02
-1.278534552552260395e-01
-6.363301846664129457e-02
7.476000419309579426e-02
5.017438537186009323e-02
1.400397913322137637e-02
-4.746858507827068918e-02
-2.321263872095079978e-02
6.274008028797835312e-02
6.044313901210385774e-03
-1.016442287660685173e-01
8.265358619192740564e-02
5.167482182595668772e-02
-5.830092316268205982e-02
-4.767951312586792001e-02
-1.056197762420875569e-01
-1.070679764856055927e-01
1.452297687290192603e-02
1.187537303005404554e-01
-6.062364610723533498e-02
1.446163916664967852e-02
1.190195860516002901e-01
-7.668608608105254021e-02
2.963284085204650684e-02
2.481343952811833776e-03
-4.958388599885201614e-02
5.495228104236584560e-02
4.197029008872149580e-02
-1.721032627448358405e-03
-2.569894068697009190e-02
2.473701529596339724e-02
1.720043503813470653e-01
8.985304634171507876e-02
1.343763236740961459e-03
1.786064053540162982e-02
1.005535366891881499e-01
6.633184212736020768e-02
-1.333273497369185344e-02
7.390804045215448523e-03
-6.805209563844739906e-02
-2.426646442819570954e-02
-1.175173080497409275e-02
-4.567477589981288472e-02
1.410147492150800631e-02
-5.220787907451838886e-04
1.012397257171001597e-01
6.939075920446069468e-02
-2.868787894908532421e-02
-1.532805197465272364e-02
1.465766838455849763e-01
-5.301344997758992983e-02
1.432185860857945400e-02
5.516692759986866618e-02
-7.907712336472856596e-02
-1.808856748542442272e-02
-3.852967682340695948e-02
6.062874577796300429e-02
1.774791656369209590e-03
7.749020499454190589e-04
3.359857854479080669e-02
-2.713796860605432668e-02
1.569108478457870853e-02
-7.010304863047193968e-02
3.960390121356255062e-04
-4.593652358278654119e-02
-2.094452475043965395e-02
1.028539839886879201e-03
-5.444004744927546414e-03
5.279859093380678652e-03
-1.650405729308138808e-02
4.788799758124147321e-02
5.024680777906901513e-02
-5.704286272566999605e-02
-3.715952987352631742e-02
1.955585607979115972e-02
9.085594617044340238e-02
-9.393416408467291159e-03
2.916448567584211879e-02
-9.767923477530533749e-03
-7.377605105769596827e-02
-7.377629895835634277e-02
2.507653295753401596e-02
-1.486433608223531634e-02
4.664463411195150788e-02
-1.049239545028010819e-02
-1.006787619370564796e-01
1.653497404686788503e-03
-1.359425600463317063e-01
-1.807390593208237084e-02
8.452466954766144069e-02
-2.950021399874704076e-02
1.068370393132782661e-02
2.986597371593712955e-02
6.408607463066268162e-02
-1.464108737181755993e-01
-4.559544768849357887e-02
-3.868153368507534773e-02
-3.571076299992743952e-02
-1.195609656794744957e-01
1.800240429875483647e-02
-1.813163137156918736e-02
-1.168865779409923415e-02
-4.734389104610315507e-02
1.404385218372334321e-01
2.185028293468187915e-02
8.481141978295268780e-02
7.699468698883665807e-02
-3.228006576102781383e-02
-2.939103146504283559e-02
4.356811608796455626e-02
3.798819095239259341e-02
-1.571346667277237139e-02
-1.475416194588962011e-02
2.042860806182374145e-02
-1.220718452252507469e-01
4.638996930498850285e-02
-1.159785532364267019e-03
6.829698607651570053e-03
-1.056590862039466783e-01
1.486571724305739417e-02
-9.527707737629259599e-03
-2.485947822218757819e-02
-3.549714345944616350e-02
5.891228160554151660e-02
6.686341197195967180e-03
-2.587927071020129990e-02
-1.222683242057862468e-01
1.595194710805103444e-02
-5.124524539591061856e-02
2.919483579954776711e-02
1.400018979455567789e-02
-4.058976672548524761e-02
3.060687796103141525e-02
3.331009300487693114e-02
6.019591122495204089e-02
5.805008310876480504e-02
-1.606715008636429645e-02
5.265126711278522026e-02
-5.418502849851193626e-02
2.328286543659642202e-02
1.752693083215974348e-02
9.204902122005773069e-02
1.107844323571549744e-01
4.679780130568186175e-02
3.427495778942804550e-02
-9.181114282923996672e-02
4.354442386770891738e-02
7.444966798068905489e-02
-2.374619177083324081e-02
-7.226233421107941535e-02
9.444979745824840303e-03
-3.891615395292820790e-03
-8.243419410749745768e-02
6.353031676448683829e-02
-7.012365979966293447e-03
9.458012237684439855e-03
2.557619444570548642e-02
-4.150908861728786620e-02
5.333717282565679507e-02
-2.039014804508589712e-02
2.692675724341667132e-02
-4.347543665536517110e-02
-2.028521523698808074e-02
4.499319074130780916e-02
-1.025494203202298796e-02
3.610106488249443558e-03
5.026150474679112051e-02
1.814802822953384687e-02
6.236330669859170735e-03
-1.969765525752441640e-02
6.722028267975638238e-02
-7.949288818655385336e-03
4.555387120631104216e-03
-1.747186147117692212e-02
6.008329349638266703e-02
1.850203037254624996e-02
8.701734610209031773e-02
-7.796829912526093663e-03
-2.991668710817339816e-02
-3.283001566887491784e-02
-1.525647951256508227e-02
-5.593251566786007489e-02
-6.015167866426551248e-03
6.093097209733754072e-02
-4.590121544587343755e-02
2.313207100632962837e-02
-3.391072089058025374e-02
-5.782959317855319858e-02
-4.656211860642740785e-02
-6.064634672484946892e-02
3.142452516770111864e-02
-3.166449300694202523e-02
2.427344106106620394e-02
-6.510898358412109226e-03
-3.596263007086623886e-02
1.249948419117068166e-01
-5.278655004458867456e-03
6.895955371293217839e-02
5.617428964048369611e-02
-5.568075484006144299e-02
-2.705740089143315527e-02
1.743347228319918479e-02
-2.756467647131607621e-02
1.450760703195881109e-02
1.767967305332945882e-02
6.593619267340516954e-02
