-2.222167002223045806e-01
4.730943296777241625e-02
-2.868562917082945751e-01
-3.433842937026199138e-02
1.374479285052937830e-02
1.137205571833846927e-02
1.217360406014652424e-01
6.382472027053052999e-02
4.755051031573476195e-02
1.500462165061650643e-01
-5.212424573383515891e-02
-8.136451862179512606e-02
4.463558603179585554e-02
-3.161402522515352476e-02
9.659073245235645644e-02
-4.803208972882462569e-02
7.398428281403870987e-02
4.665330597456045225e-02
3.559850181954975906e-02
-2.800913378124769010e-02
1.413759935417095159e-01
5.846233976620575368e-02
-8.158992797254992213e-02
7.613604365731971302e-02
3.961861210953897261e-02
4.425735448797564475e-02
6.914331159907438629e-02
-6.041721851930639126e-02
-1.045251009907253725e-01
-5.114433602511172378e-02
-4.763727650329448171e-02
-9.709593230184129786e-02
-7.147449300649020600e-03
-1.039160456694695756e-01
6.562376505572457830e-02
-2.777986665148282283e-02
5.661223016937846908e-03
-5.815743986374354024e-02
-1.484717012273902015e-01
7.777289252325723934e-02
-7.172751593331706810e-02
-1.931564231813142629e-01
1.214244741861522925e-01
1.280170124323534546e-02
6.002098400677254031e-02
1.186378718145482056e-02
-3.391194174864921307e-02
-1.721489891025019744e-02
8.760640506008135486e-02
2.160484838270438843e-02
-9.974101509607613547e-02
1.734724780242885567e-02
-7.936385412307500609e-02
4.316834408163421760e-02
-1.440623274992186564e-02
1.754350384952425290e-01
6.317204497432757360e-02
-8.632694219524299564e-03
3.837962208413955162e-02
-1.202047053754697059e-01
-3.390943757630934113e-02
3.322011337951077253e-02
6.952939406158174795e-02
-6.583783795061645683e-02
5.254521740826688381e-02
4.524261094304636577e-02
-5.589184069949884592e-02
1.141273159877793236e-02
2.475398046075439132e-02
-7.629021945705533048e-02
-5.049595843008665083e-03
4.670379550335886087e-02
-3.748021813212617376e-02
-5.267935982928354660e-02
-1.849196927529897505e-01
1.398603939932550368e-02
-5.746635597827370878e-03
-2.844222023537769373e-02
-1.265763688532612063e-01
-1.459468863858024920e-02
4.914570193639691137e-02
-3.942311746619555669e-03
1.149918984082018564e-01
-2.466298425235029929e-02
-1.950645348239595303e-02
4.538467196308369062e-02
4.094900442534354229e-02
-2.152065404781804484e-02
-4.482877954379993479e-02
-3.408662468943832180e-02
-3.221110112737807230e-02
2.218673005005596111e-02
-4.112477025146881598e-02
1.267906786293203913e-01
-4.033582060374363287e-02
6.384353540324628519e-03
5.217666415213859099e-02
-5.812471642249149306e-02
4.308834592742548375e-02
-2.348169171126808508e-02
6.706951849999680942e-03
1.568196981240049803e-01
-3.198014198927544988e-02
6.898158944215242172e-02
-1.738376134235745593e-02
1.392905255851014691e-02
-2.599567769949421084e-02
5.617907603491495601e-03
-1.327466494986939416e-01
-4.031000055650959396e-02
2.643725803547970765e-02
2.191424902734500496e-02
6.743522918211768136e-02
-5.569857950716125550e-02
1.323360329152892603e-02
-2.907973513687442044e-02
4.109329889638670130e-02
-7.764639797992717307e-02
6.847875840434045069e-02
3.384087739846379506e-02
4.349953779366502737e-02
5.741359915830272775e-02
-2.689305124150228807e-02
7.615881808954580445e-02
-7.187739403187479170e-02
-1.217691024443848385e-01
-2.485028957533901364e-02
5.066925392403881512e-02
-7.149242829487033844e-03
-8.421609411356874297e-02
-3.140956293762003915e-02
-1.506401114327146629e-01
4.629344964128819656e-02
9.204433988899407559e-02
2.940290872938430833e-02
-5.070603818530144968e-02
2.306132915983795037e-02
1.752873261673571284e-02
1.725192005268012460e-02
2.839156150574551323e-03
-1.725801805072936790e-01
-1.342016413084902958e-02
-1.993267038267470051e-02
2.041279466859409822e-02
4.153856781054848790e-02
2.291727156996207701e-02
-2.191793760552129561e-03
5.270721028652288614e-02
1.690688571244653229e-03
2.065674843073062039e-02
-9.353598059938604548e-02
-3.446211517975138194e-02
2.560204887980049165e-02
2.337001916097671309e-04
2.028701076876590625e-02
-4.246710814613788992e-02
-2.379681134409029203e-02
5.603220971119842429e-03
-1.000431062646976732e-01
-2.884853911760451931e-02
-5.295952256984788088e-03
3.224751314680640579e-02
-3.329929936971737919e-02
-1.504141267991250010e-02
-1.709320967059935539e-02
-5.617613194040727703e-02
3.776417097136706286e-02
-2.886962154149286253e-02
1.642405421318673606e-02
-2.237944979972546905e-02
1.237805619562997762e-02
-2.589733817490428788e-02
-5.464547351774683842e-02
-3.293676966327147015e-02
-1.092523692453930273e-01
2.183333718863389363e-03
6.122095631990349257e-02
-8.549244368306565048e-03
1.294318698043784048e-03
4.705441347110702471e-03
6.428399901372887359e-02
5.812542706599335002e-02
-4.574750623103038955e-02
7.027157659885156782e-02
9.727552206680986635e-02
1.731097114366753412e-02
6.551997726428710964e-03
1.760023688908894657e-02
5.302331128418098782e-02
-1.149130846598295404e-02
4.762932406410706754e-02
8.982090557252607466e-02
-5.527774319339654602e-02
-6.860288413599764656e-02
-2.511782993370374403e-02
-3.234050592504904287e-02
-1.232197288726697981e-01
-2.764457366479648390e-02
-5.593478387111088662e-02
9.332271986849627679e-03
-6.972174156941696177e-02
-5.151908203175616791e-02
-3.835312523357041481e-02
-5.680271646804214980e-02
1.016739654211195609e-01
2.938324759249967555e-02
-2.895476340104834526e-02
-1.597661952835262734e-03
-5.521906434424344451e-02
3.652227069162670980e-02
-1.375873499923242456e-03
4.476455090729901387e-02
-1.405422733533675216e-02
-5.548636782144089098e-03
3.744370459219757002e-02
1.554752621389971293e-02
1.872274906051779120e-03
-3.289880099617240733e-02
-2.299943549484312344e-02
4.792593312571431785e-02
4.386839561129411008e-02
-6.605004963633683002e-02
-2.190169432547891398e-02
5.780692341649564664e-02
-2.775834430542666389e-02
-6.436467397127270708e-03
1.468686925282076429e-02
-5.042350663306427450e-02
-3.682605386858600616e-02
-8.674859067300982537e-03
1.714613569140411263e-03
3.828135023988314244e-03
-6.513524840844993335e-02
4.920461766671729853e-02
5.474631721467662637e-02
-3.714689248958979312e-02
5.326273046397234437e-03
-5.904780849123335285e-02
-3.052112319963526648e-03
-1.438332295702875706e-02
4.289917939526524150e-03
-1.571605024433942073e-03
-5.118937728706257628e-02
7.055167165908239613e-03
-3.151172640105327077e-02
2.371674550954805047e-02
-5.258819442004568356e-02
5.523997756729800979e-02
1.323103143885554812e-02
3.320762635797818579e-02
