1.361279439881436237e-01
2.054090548097663171e-01
-1.540217241968616646e-01
7.359397066680088695e-02
-9.749138618975281001e-02
5.872724212878682043e-02
5.626769827385620648e-02
1.521829885741586216e-02
-5.141336928253718852e-02
1.017423197056689793e-01
-9.595722897339409307e-02
-1.572270876472493806e-01
6.625840429356445738e-02
1.056389792578704689e-01
-4.547333398213997124e-02
-1.103792080219369587e-01
7.888139772805220773e-02
-3.194729116090352927e-02
1.842630157963285817e-02
3.656147860200221339e-02
8.087292144067563526e-02
1.365947088670198262e-01
-1.330112536339704728e-02
6.231610465046195924e-02
8.118493486888042621e-02
-9.561599043761657979e-03
-2.894206176215364384e-02
-1.323515322353823187e-01
-7.342537913214680634e-02
-1.910989229515485666e-01
8.252484811585436564e-02
9.107985463293181982e-02
-1.840080042023872764e-01
4.434868232045936082e-02
8.051101933764956420e-02
4.284890001036459513e-03
1.626523361959746894e-01
6.059652249497721188e-02
1.559030744037346108e-02
1.642672486930602249e-01
4.159794953578161564e-02
-9.523609622541304165e-02
-2.087715514927201629e-02
-5.612604662360561568e-03
2.178226445549720156e-02
3.916679394613640543e-03
7.504695418128910778e-02
-2.658235962934922536e-02
4.375423462028251581e-02
1.722153836206182648e-02
-5.345999584115674469e-02
2.846271206272575627e-02
1.890054654110806531e-01
2.663485538975793321e-02
1.159509361571859146e-02
2.574619325310285867e-02
1.006400696682952095e-01
6.627578486414734127e-02
-2.832489057525176129e-02
-3.556476725155680724e-02
-1.023066088972603149e-01
5.500181338306866369e-02
2.130886921080604388e-02
1.931444873641880583e-02
3.609004671806208958e-02
-1.049701813390890304e-01
-1.522230604452247393e-01
1.420825918423271883e-01
3.369986421425395784e-02
-5.293333236625320098e-02
-2.479518636604210319e-02
-1.030101357709657314e-02
-3.954063714487774522e-02
-3.456486946317120085e-02
-2.128315240359172217e-03
1.323279397201281293e-01
3.758078469420538664e-02
-1.227122999763503863e-02
8.371561031823361587e-02
5.650726047172378169e-02
6.553041587607570662e-02
-9.134455428566094705e-05
-5.820080395757601388e-02
-9.646596471160380493e-02
-2.853950843570869991e-02
-6.203553718051547927e-02
-2.228848966684493504e-02
-2.977079311653955257e-02
4.029057657928786229e-02
-1.437450434185811449e-02
-1.826752684873392263e-02
7.794973477232537695e-02
-1.133680224373585510e-01
1.493510499013685766e-01
-8.565885466812677568e-03
-4.255645581718647125e-02
-1.660658802584553603e-02
-2.894724374708669556e-02
4.120199438890979893e-02
2.403617041143870162e-02
4.268246495391245926e-02
4.566155912430435587e-02
-1.131486410131122416e-01
1.486592388196856900e-02
-1.982929986057434951e-03
1.468294509722086610e-02
6.328201376748546214e-02
-2.379754161458390999e-02
8.648121314663227699e-03
-5.260551549331470012e-02
2.875171232802911994e-02
9.411385853186893941e-03
-4.067938638047560035e-02
-2.502811819809472316e-02
-9.060942052248811829e-03
8.001264756930595579e-02
-7.722766862333153501e-03
-1.043583530683292876e-01
5.956804332385528394e-03
3.488972520186224557e-02
7.479133104875326787e-02
2.310367061342454703e-02
-3.461530530410342199e-02
5.916619809473037950e-02
-1.493441620456190414e-03
-2.137102084376080527e-02
7.487614179594944026e-03
8.843694575835167604e-02
-2.759841491112855622e-02
-2.217203984393953733e-02
-1.240898711262539492e-02
6.038074592981473865e-03
1.134449153690669614e-02
1.112229059787692570e-01
2.621279720076995570e-02
-8.538643031736080358e-02
-5.837885824732522155e-02
-5.252936284516816767e-02
6.517472571772094103e-02
-1.183472018606980536e-02
4.019002675984163775e-02
4.617254789944148091e-02
-1.180417544258245861e-02
3.311182157619933092e-02
7.213998937881623170e-03
-8.086503581142968911e-03
3.536263765292610439e-02
-2.259995592893878150e-02
-8.927755383596922348e-03
5.215909231926885159e-03
2.364662032668910646e-02
-1.047278511244249116e-01
3.630469676476084928e-02
8.436937726208504351e-02
2.856207099122464073e-03
-4.371963441032582914e-02
2.404196393496633305e-02
1.786996238977110046e-02
-1.034714611749743274e-01
-3.849796384111313341e-04
-9.468323314966787738e-03
2.622390145419791971e-02
-2.949135216505677920e-02
-4.198769273798213381e-02
-6.710419435611504613e-02
-1.225845205963242875e-02
4.529408880144340094e-02
-4.065122341888294244e-02
-3.547499982312033590e-02
-3.032603797417941435e-02
-5.663719632995183051e-02
1.304958988357236838e-02
-5.584110182477158846e-02
-2.840397217140393574e-02
-1.938854146508885157e-02
2.689945848376160478e-02
1.080157400988395952e-02
4.890194120579245685e-02
1.447177116463868769e-02
-1.412628404494091321e-02
3.816782955876358435e-02
5.493798806553925468e-02
-5.843167587015213327e-02
1.028395165030769887e-01
5.229485388726635986e-02
1.126289941389254853e-02
4.718921471981539495e-02
3.067039857541348571e-02
4.297249517895407322e-02
-1.583453664330496113e-02
-3.183122757289997239e-03
1.168886501263749350e-01
1.837309772190410390e-02
3.622052974240108636e-02
-3.982001372387688337e-02
-1.198130276856725213e-01
-9.065847235502207113e-02
4.107505185117102386e-02
2.336714718896451201e-02
7.957304787852596817e-02
2.960245907182002673e-02
2.539011685984624705e-02
-5.796890208526163379e-02
-2.818217677902109738e-02
-1.362533737725168427e-02
2.385412502770378404e-02
9.320405003433801516e-02
6.297141653392075711e-02
-2.019792888814083212e-02
-6.309800502299950375e-02
-8.835525707661205652e-02
3.972953819812036907e-02
8.964286768062823541e-03
-1.002611088571044584e-01
6.373548572848992955e-02
-3.616092082255011834e-03
-5.751076311919324502e-02
-2.167028852020480567e-02
-2.975463562314582464e-02
3.961363554132591586e-02
6.047064210321850125e-02
-4.337614283762090961e-02
-8.780979683648554301e-02
6.697699432844171630e-02
1.857941153197143272e-02
3.629848482008955074e-02
-5.830280215790414368e-03
-3.470716483825819765e-02
3.017521324501006713e-02
4.277686720117104130e-02
-5.174273109508305268e-02
-3.937185249277275201e-02
-5.015643216697564938e-02
9.067508045580128812e-04
4.830749350561561184e-02
-6.306449914526469913e-02
5.099913235031151154e-02
1.824741044759631281e-02
3.090983202831377660e-02
-6.970381273544708038e-03
1.124561540203511401e-02
-1.528366911455264140e-02
3.412304892170564541e-02
-2.614845690337142675e-02
5.986058407575887280e-02
1.518450330350467432e-03
-2.924615737487067102e-02
-1.528679118000919601e-02
4.270602528292483102e-02
-1.184936492609798414e-02
