7.903402931074965387e-02
2.684964970071574974e-01
-2.579313549676752193e-01
1.341583098963697041e-01
2.980769593096096667e-02
-1.477407595904647354e-02
-5.025213182133209285e-03
8.989109004673150050e-02
5.155322759747092004e-03
1.023077617833624831e-01
2.845274951422336381e-03
-1.512732008655636451e-01
1.529686119294302593e-01
1.374886264088152066e-01
-1.090130185032690130e-01
1.059806326692885360e-02
-7.366989466402402986e-02
-1.127834956846326085e-02
-5.865414988982470962e-02
4.256309623436729805e-02
1.656958491515443388e-01
3.378258049914667493e-02
1.173569100295511203e-01
6.924391855061955148e-02
-4.826898151366905421e-02
-6.085260631097432621e-02
1.359013345714164822e-02
-8.536950091533253293e-02
-1.952233931528469246e-01
-1.442556425798204034e-01
8.615748849806448631e-03
1.215871591579016642e-01
-1.188211652092951987e-01
2.725884062510324640e-02
1.050070130872626240e-01
-6.539023811082630977e-02
4.653061853586815816e-02
-5.591535453342515172e-02
-3.013288950090523000e-02
1.572318787341359936e-01
-1.565671207068757356e-02
-1.571403487199361446e-02
4.999856764079325250e-02
9.663473343223502252e-03
1.677439417242876721e-03
5.555801132730251585e-02
1.145266489582240921e-01
8.485533178393178666e-02
-6.719743345968509640e-02
1.353853329107535843e-03
-5.166224701375179279e-02
-2.524939191504629518e-02
1.043282699682647890e-01
6.897006794965214460e-02
-1.047208491756389248e-01
3.562851615960041518e-02
8.388682399405825163e-02
-1.485673267366107581e-02
2.864757630946431714e-03
-3.945711988317451846e-02
-9.778324703507128290e-02
5.835355079155690738e-02
4.218353762964540819e-04
-8.333526483578204691e-02
-2.475747033188098467e-02
-7.773290138497467028e-02
-7.751319077133164703e-02
8.617124854234885223e-02
-3.873822186858988381e-02
-5.840772292851746650e-02
-7.428314897412652273e-02
-6.213174388560331607e-02
-5.824388838255247121e-03
-3.448517864818887585e-02
-1.230074014857175310e-02
1.121687946409020975e-01
-2.207165757590338201e-02
8.905224173956534719e-03
4.276126659177079820e-02
4.984900753329146034e-02
1.886373472838898113e-02
-8.739653547637905515e-03
-3.543886545578418118e-02
-7.446974546250581528e-02
-6.494634808411148263e-02
2.857032073372768252e-02
4.813025583355936762e-03
5.271424740878056375e-02
2.156613669663462116e-02
-4.091690626348980231e-02
2.668368363387212464e-02
5.973884646484689531e-02
-6.257058641943813448e-02
1.278815756770847467e-01
2.928069909472505103e-02
-4.862130937654785684e-02
-9.883560107609801193e-02
-1.923342339480410904e-02
1.948329036718243756e-02
-4.529841943005959159e-02
2.044369644873902589e-02
5.518755106961911044e-02
-9.569374573093016034e-02
-8.712262057613929384e-03
3.534305953997262870e-03
-3.967718414281549283e-02
4.832910133332261188e-02
-5.703509421188176359e-02
-6.075217084755308444e-02
3.911543354987075810e-02
9.712974138047344996e-02
-2.116162997423830933e-02
-5.290229063078787791e-02
1.564706717983406145e-02
2.816584616096755311e-02
1.419545645199894179e-01
9.854024236852729560e-03
-1.874998931558989135e-03
1.069245459874856169e-02
7.060040814989369806e-02
-2.344740480724839121e-02
3.229845684424436508e-02
-9.323169444275405601e-03
5.319617045509440062e-02
-6.391177279189139138e-02
-3.414204558125708694e-02
-3.723146486981800118e-02
8.244732403417152911e-02
6.215797798872486901e-02
-9.106995290612014682e-02
7.038423399623031963e-03
-4.890043251784850775e-02
-2.988832721849633139e-02
6.427075562945912257e-02
1.070626608245079103e-01
2.836629914253971721e-02
-4.119098191191043756e-02
-4.917396162245411817e-02
4.264199144154902366e-02
-2.803448274754271523e-05
9.489415212953780654e-03
5.478719165028980709e-02
-6.939177472740388217e-04
2.837652272684444005e-02
1.052421555262712631e-02
1.424550379063781787e-03
5.736334199726297184e-02
-3.331988293526750786e-03
-3.011507860246240634e-02
1.630680986385048617e-02
-5.308361457883391255e-02
-9.591901823163204166e-02
-2.170598761401055024e-02
7.719937817259453494e-02
-2.416829609927608619e-02
-2.949822353310793330e-02
6.464378785803680250e-02
-6.181378398379919724e-03
-6.461726440818964246e-02
7.306978955511848894e-02
-2.254952976805874726e-02
4.635627105887283467e-02
-8.213762658886523960e-02
-2.832067880880260319e-02
-5.272447099308529006e-02
-8.337564477882208891e-02
9.301802796071258206e-02
-3.195844229202187553e-02
4.797690206898852505e-03
-1.119386032458649302e-02
-1.004141803620923895e-01
8.470946888459051152e-03
-1.150208531655580735e-01
5.608696929134531287e-03
-7.224476559150903865e-02
-3.523285058715315554e-02
1.312801458671369187e-02
-3.675960465962799240e-02
-2.184889274682342598e-03
1.673034917086439408e-02
-3.365179577917305070e-02
7.777855386834794937e-02
-2.993266156678631162e-02
3.815930336992588712e-02
2.371006733482571363e-02
6.130340850946749270e-02
5.765426405504107954e-02
2.401259541126422176e-02
1.003145807892117866e-02
-2.365657034022489863e-02
-2.386100987668318338e-02
3.808381602417906363e-03
1.182261075932696491e-02
5.379431443619306363e-02
-6.882664842266042471e-02
-3.019188408329254517e-02
-7.820800870841868035e-02
2.664098891702723973e-02
4.599513419568114492e-02
5.175303758631951551e-02
4.977213775318896187e-03
-8.467728709877594961e-02
-7.067364502110803914e-02
3.903190879507933454e-03
1.914832330783995456e-03
1.422045922405486273e-02
8.127746307291282279e-02
3.547783081483237011e-02
-5.531933242831425790e-02
-7.234825527036722707e-03
-2.093793280570917931e-02
-3.065416370190139281e-02
5.601688308447645530e-03
-8.753657929157206141e-02
-1.024120230534889507e-02
-5.375644216477493652e-03
-5.539481977406108398e-02
2.949484782130920232e-02
5.225640443996433515e-02
-3.961130953828600337e-02
3.580048456351854480e-02
1.075829705364187219e-02
-3.090023701721067440e-02
1.739684327847827727e-02
1.279391556754802192e-02
1.891674947844711879e-02
3.008206092610721596e-02
-3.421203533921740592e-02
1.852635644633311707e-02
-4.362348768443862629e-02
4.658411553046897663e-02
1.382273607489218920e-03
-5.809600005613194812e-02
-2.794732508386313721e-02
2.057772828196666876e-02
-2.136661605451162932e-02
-1.805539642595610852e-02
5.885643540065904622e-02
-6.019479260512860391e-02
4.755670632413716570e-02
1.957372729375220916e-02
2.563415876082908093e-02
1.487576525827867362e-02
1.395522472558327100e-02
3.321745419440320923e-02
-1.240892367431198524e-02
2.591575742411546257e-02
-2.552880440307254972e-02
-9.742947243856443784e-03
-8.153244183744351795e-03
