4.612509644095411782e-02
2.275200176398690377e-01
-9.837847652949952004e-02
1.622623574651206046e-01
-2.202364134137851925e-02
8.084652965518668299e-02
-3.681243794516051576e-02
1.038120468300783444e-01
-8.224531117170952310e-02
1.319549871513972794e-01
1.018487791718197810e-02
-8.925355384203639830e-02
4.562414233114667206e-02
2.105097198963572225e-01
-3.219576574155794124e-02
1.121056017310900349e-01
-1.781710070829605960e-02
4.302747242872168552e-03
-8.749764019900140022e-02
2.129420073962558918e-02
9.912144460838971660e-02
2.576816142447399798e-03
-3.029448219495821382e-03
-1.599190080798333982e-02
-1.205010501663595912e-01
7.462624570288567405e-03
-8.268889128022580137e-03
-4.060558291498077288e-02
-1.603312932785544709e-01
-2.281551360565080844e-01
5.607640664965396482e-02
7.495396734427847707e-02
-1.202524407109113874e-01
-3.140047122747256086e-02
4.289152464853615565e-02
-4.132570234467642517e-02
1.170919240251228344e-01
-9.602866625960944369e-02
-2.538861810449561524e-02
1.540567648159418268e-01
-9.157513139222951681e-02
8.053001361052698759e-02
2.668129978168059732e-02
-5.095174739415019027e-02
-9.307573914212895205e-02
3.665626625015035861e-02
1.241301492380599142e-01
8.880283984010445275e-03
-6.183288657861407689e-02
-4.361261994101036515e-02
-2.982297222071076184e-02
-3.830867113777675602e-03
5.509250141578147381e-02
2.487578538914226450e-02
-1.124526387254101839e-01
1.226717727911636607e-01
1.853166781528611806e-02
-1.074344831145319507e-01
-8.314485475089757049e-02
-1.237054806771833160e-01
-9.453677397383576653e-02
-1.497983015529518900e-03
8.537150440804530324e-03
-8.789663347366968860e-02
-4.038678774993959691e-02
-5.090335806050989148e-02
-7.231415757695303093e-02
7.512343096334142545e-02
6.179294350557441168e-02
-1.159955253681908827e-01
-6.275551436008114381e-02
-9.023826668648422811e-02
8.646968653833117524e-02
1.348928388714710699e-02
4.487255973945263737e-02
1.023909550714111882e-01
6.840673571071938242e-02
-1.687071571573715845e-02
8.076677811086992176e-02
-2.604634961724474132e-02
7.371734730119971872e-03
6.440660688052260094e-03
2.267497927040604266e-02
-9.346342586874219899e-03
-2.291181107163024755e-02
4.009746126131701754e-02
2.601263187572347424e-02
7.259584541555032244e-02
-2.860768655699774676e-02
2.839481386950921254e-02
6.255263585346268473e-02
3.354905186233552578e-02
-5.923948076893115894e-02
7.263477897537079508e-02
3.097011574212781351e-02
-5.313788192076737693e-02
-5.819941294963054679e-02
6.230177181849160667e-03
-3.098445082984044308e-02
-1.756388114248018731e-02
-1.469238809134844684e-02
6.054387279945885186e-02
-5.831877106258056415e-02
-4.424686344619278150e-02
1.292479774541137674e-02
-1.848378323825542249e-02
3.747730335132531260e-02
-2.556891716544465107e-02
-2.666306124285372503e-02
-1.455960345258307080e-02
4.008161190377558525e-02
1.018154988860268256e-01
-2.838929519724425407e-02
1.144989893216088886e-03
2.344173821082871575e-02
1.528713943939577768e-01
-2.012663140074007206e-02
-7.759973323959720726e-02
5.590902935791068618e-02
6.691824211945034129e-02
-2.150047794074868776e-02
7.326384031269464470e-02
-7.257000187713882888e-02
1.409800353310409204e-01
-7.815893626215245082e-02
-2.799911833802364025e-02
-1.898450179497837911e-02
1.187431847977674648e-01
7.380180990720607015e-02
-4.416721285319793328e-02
-1.650756016035045265e-02
-5.438072729536453515e-02
3.612765147813684630e-02
1.288212225659175203e-01
-4.587769840136895344e-02
-2.748332438389396865e-02
-6.274713540036179482e-02
-6.332895151902712128e-02
-1.782901296428261858e-03
1.620773473424819795e-03
6.997928810270710731e-02
8.994493579542548606e-03
-3.203818072804089784e-02
4.392570364072477529e-02
4.154806445642544172e-02
7.420292315963468270e-03
5.101877907190503596e-03
4.401343033947320918e-03
-9.397794110612756047e-03
-3.280581457992020472e-03
-1.423676112508306599e-02
-9.270094053428082348e-02
-3.777484054746405029e-02
6.508156741887938246e-02
2.767062273649611992e-02
-1.185538674187269249e-03
6.230156991584776677e-02
6.325845384588634455e-03
-2.281752253695701338e-02
-1.746572280713335271e-02
-4.027809682667244512e-02
-1.550265705151861705e-02
-5.808321797810067633e-02
-6.375516800017314023e-02
-3.637511681860328833e-02
-8.729462709062036849e-03
8.295829670798950117e-02
-6.487337214263981522e-02
2.598621627982108939e-02
-3.128044010570974181e-03
-2.473297291906617276e-02
-1.872640291526970688e-02
-9.331324395216594736e-02
1.472677884168250911e-03
-6.152061048947501942e-02
-3.020386155831473671e-02
8.800084888833170638e-02
-3.141517647003223834e-02
2.386260427191299119e-02
3.800093785812411196e-02
-1.435224943735949115e-03
9.652403439627064985e-02
4.038974898871591779e-02
8.382519935975676906e-02
-2.044398870641575550e-02
5.861906759485177934e-03
9.196985106093652496e-02
-2.323899430597281286e-04
-9.218841067289321872e-03
1.051747887246757759e-02
-3.901640720531689838e-02
2.925707276046815575e-02
-5.409678487724435547e-02
-2.184078484694084582e-02
-6.502059282043974597e-02
-5.142547829747988464e-02
-1.113008514431848145e-01
6.796924633195895737e-02
2.035131539289324401e-02
3.404842440143288768e-02
3.540958472532022838e-02
-4.643666587083972175e-02
1.490038146494418632e-02
-1.464901267336350850e-02
-1.218156046299605569e-02
-3.163228911304141050e-02
8.515348320313884112e-02
-7.570339630777155916e-03
-1.070292645083452746e-02
-7.873664702705968771e-03
1.483671483125333784e-02
-1.664973327205438239e-02
2.582213673126053030e-02
3.062863107051325574e-03
-4.760157682491468825e-03
-1.509848160899177061e-02
-4.869100984063415988e-02
-5.345295099647954379e-02
-2.754826973432913419e-03
-6.111465157359426137e-02
7.081694852155821784e-02
-2.670515794409434457e-02
-4.825749121386924828e-02
-1.787646008558499335e-03
2.179168885404710737e-02
-2.702073177641611118e-02
2.070713515222043222e-02
-8.498762018122436868e-02
1.237494954535404285e-02
-4.104075041333704252e-03
3.577062030294661521e-02
3.760261759226861400e-02
-2.047827850542789999e-02
3.467105850459450966e-02
7.351396403797164081e-02
-1.843714372752840516e-02
1.754032583403219644e-02
-4.677922735655476449e-02
-1.054274362330007569e-01
4.973605792514949886e-02
2.593587522062367270e-02
-4.673571733680726564e-02
2.748393009182548835e-02
-1.558728790972817649e-02
-3.616648408663538858e-03
-1.125708190729378042e-03
-2.859584160189247368e-02
-2.618152343729555562e-02
4.406868436300406117e-02
6.917140832382237536e-02
