8.284552303984714372e-02
2.526094541810358085e-01
-1.879680065022769908e-01
6.799925377440910190e-02
2.432734090551026684e-02
4.903975446177426950e-02
3.375608810215126321e-02
1.068424006482284055e-01
2.763579294098090014e-02
1.192737156885782940e-01
-1.407637530405183857e-01
-1.238755574598687376e-01
4.487713771282361014e-02
1.594484755815972765e-01
-6.877272851648426333e-02
-8.178421489653892040e-02
-4.484730331401128728e-02
1.880536579929591862e-02
3.895611936210095078e-02
1.302179458918476529e-01
1.379605925735539751e-01
2.244186565540528741e-02
8.964254331718488067e-02
8.318192710347925567e-02
6.508312081916303726e-02
-1.794457484625472735e-02
1.481176712151613135e-03
-1.069497261441746949e-01
-2.008978236637009862e-01
-1.851849858865896314e-01
4.289328075810119878e-02
1.104097656501971947e-01
-5.658700868036183051e-02
-2.922638420982714286e-02
1.277939499507080578e-01
2.883184550255745923e-02
1.159961752238683474e-01
-8.065276001029011640e-03
-6.671539537825361965e-02
1.278119028165141668e-01
1.072167995042210692e-02
-2.874867477151392750e-02
6.001623454034622079e-02
1.217638434590327147e-02
1.479617424152417926e-01
1.705424326856895371e-03
6.280496743151738059e-02
-8.368450942132746317e-03
3.785596774550316346e-02
-3.072554642935905120e-02
-8.009713513437843879e-02
8.142463531522983744e-02
1.108807509242266676e-01
-1.887698141307516189e-02
-1.256374190685051739e-01
-1.617589114861197469e-02
3.516574712524621338e-02
-2.424475772280220570e-02
-8.896820103593359313e-03
-9.244413698858802708e-02
-7.728124445347878124e-02
3.263014964194107213e-03
6.080394100876949232e-02
-4.245875612244520009e-02
-4.701956743497515828e-02
-8.633882430997222301e-02
-1.268849800341581291e-01
1.158179522287750562e-01
2.040287708187105836e-02
-1.259746065299179041e-01
-1.700182090041514257e-02
6.071672272252604668e-02
1.893896776246749552e-03
7.063277598029296667e-02
4.514737730556669243e-02
8.444838754058991981e-02
1.128485155828719694e-01
-5.901710859587548652e-02
8.108340029861715870e-02
9.177113301187865210e-03
3.599419027826223499e-02
-5.970447486522975633e-02
-3.910852287200764638e-02
-5.906731133698418096e-02
-2.794892356221347421e-02
2.046535305487628617e-02
2.762867707780684856e-02
1.138058276708016001e-02
6.519844350078658757e-02
-2.670965355640550487e-02
-7.003700196812399914e-02
6.688761232369541676e-02
-1.055173485854414700e-01
1.101465766374797733e-01
2.247408288913368621e-02
-4.292739120313279061e-02
-4.535990659513673001e-02
-3.685726614149693187e-02
2.385609449888724531e-02
-7.261248745509288512e-03
1.487150120228915545e-04
5.231246397350367699e-02
-1.071959088967376107e-02
3.814494360183298682e-02
1.628360834344857316e-02
-3.390323631861288933e-02
1.684984173097296006e-02
-8.460957163395450842e-02
-1.200759476575174144e-02
2.615128678826161152e-02
1.026648993414457645e-01
-7.236016808658169569e-03
1.739538036045903957e-02
5.883111690612429640e-02
1.192243289868244113e-02
1.224376961166711020e-01
-2.160056172215725837e-02
-5.711720576997723897e-03
3.845216609813664060e-02
5.256240050709877834e-03
5.178357254685597884e-03
-1.163975686617185409e-02
-6.509904990736918237e-03
2.105117138691641604e-02
4.027278254032030935e-02
7.198968621949217855e-03
-1.496550893596473213e-03
1.275502479577838022e-01
-3.348000566762764779e-02
-5.449935151970597066e-03
-9.620614369746914932e-03
-6.938727143381415163e-02
5.197648425033606426e-03
6.100047592698500110e-02
7.171229812200084763e-02
-4.770745596951651846e-02
-5.458164092824629304e-02
-1.297960861869784932e-01
5.814309780528616189e-02
5.940766503109363896e-06
3.180470951375079930e-02
3.587410192680652588e-02
-5.962600452087000319e-02
3.350657590902066801e-02
7.620208136908703835e-03
-3.566235603501712731e-02
1.960221190849320214e-02
-2.821044785464706106e-02
-4.432086000542805743e-02
-2.264868266949155579e-02
-4.419476560432085421e-02
-9.880408658748274231e-02
7.549865544522985951e-03
4.004455265356349214e-02
-5.388797483507278777e-04
-6.938325652018842958e-03
7.553194985090662394e-02
6.272251481510608684e-02
-4.777815761921835880e-02
2.900158168836058231e-02
2.024041996711295130e-02
1.562986289551300187e-02
2.306874708778009972e-02
-1.039254842952017088e-01
-6.799233376068021528e-02
-2.829492424865830483e-02
6.222293552208361944e-02
-2.446982137686231143e-02
-1.938266468047170066e-02
-3.030727729765111955e-02
-6.023411704808388778e-02
-3.508022620086079235e-02
-4.473485309091671663e-02
-5.316672661170628728e-02
-4.553434316762363168e-03
-7.776267503124999897e-03
-2.178172245892790371e-04
8.694605551468290519e-03
1.874155152174878172e-02
-4.794544568695701531e-02
6.843322350330383053e-02
6.786284463585694204e-02
-2.907691844159781755e-02
1.236365232120540808e-01
1.278358290903975659e-02
1.465578283092047740e-01
7.738021370643169417e-02
5.421471699274381384e-02
-7.180721981975382237e-03
1.166792654470033379e-02
9.968573550643320541e-03
6.715432662642567552e-02
-1.878463839968342458e-02
-1.453499921393446026e-02
-8.656832721812256215e-02
-3.032793941411522989e-02
-8.088007593296954456e-02
4.464355460789915658e-02
4.704368955830371887e-03
1.783695557614070615e-02
3.280089771654417369e-02
-1.492310753108814364e-02
-4.925708206275065948e-02
7.384895028552026022e-03
-1.502047734690559015e-02
6.409881414937587674e-02
1.059140089950336983e-01
1.702897869014364379e-02
-2.751831591546062550e-02
-1.962871686673784560e-02
-8.676365439809292923e-02
-3.365094959167590910e-02
2.228975591966633404e-02
-5.856061618078766198e-03
3.398967120707571893e-04
7.887477346400238731e-03
-1.134999761206140559e-02
-8.455897719395548753e-03
1.494452040375869074e-02
6.355882458750258812e-02
4.779992954920502662e-02
-4.263146269149988704e-02
-2.659162162412394975e-02
-3.306382559666806026e-02
-1.426603264258489469e-02
-7.662054635024012281e-03
9.928816113276355340e-03
-3.620711126672257474e-02
1.108312010146018413e-02
-4.457827145951333975e-02
-4.345605413876113543e-02
-3.149363531169238617e-02
-2.943783632744880613e-02
-1.951434079076589181e-02
3.207308853676489602e-02
-6.212618589617583537e-02
4.078917224405212427e-02
-3.239326973802313797e-02
-5.674052200379108013e-03
2.485420855455800285e-02
-1.579049208211630306e-02
-1.813063181915430463e-02
2.381862197171378398e-02
-1.970473909303313217e-02
8.454820547447183549e-04
-2.273658642879305969e-02
-1.725613140495209016e-02
-5.103337124718036050e-02
-1.427056982139770884e-03
4.127690264564256445e-02
