1.001684635887659103e-01
2.552988059783795061e-01
-1.839413682239273984e-01
1.055284908302586977e-01
1.304629791281552119e-02
-5.314982869517225622e-02
2.043227277096783256e-02
5.307216279281406351e-02
-1.514099389278615072e-03
7.345213373442268170e-03
-1.423162090573872607e-01
-2.291974160398473070e-01
7.711498975561136004e-02
1.948316890752930242e-01
-4.826681265135739085e-02
-3.165747961291487389e-02
4.820485272607520633e-02
-1.110698619367332524e-01
1.704910039657084320e-02
7.087348383606272006e-02
8.353925894082053771e-02
-4.683713674592940475e-03
7.624693367093088314e-02
1.007930616004999447e-01
1.393141766217778979e-03
1.825673266538001271e-02
-6.077275089707052935e-02
-1.378578406688181213e-01
-1.715761357846319890e-01
-8.547547574935228376e-02
4.992263611275805923e-02
6.684655154076822592e-02
-1.067212193919407359e-01
9.521407637603784835e-02
1.279920493986997088e-01
2.276802001403827047e-02
1.575856587116025720e-01
-1.025445403250354603e-01
-3.811902349421014691e-02
1.186083915113173848e-01
4.149836965808174211e-02
3.284561055065913365e-02
2.604914982224592820e-02
5.062480745724080855e-02
5.337699451684926183e-02
3.087958632787312155e-02
5.298008688791264881e-02
5.226279584054729227e-02
5.448878638330462154e-02
1.555308293767836136e-02
-6.719041678346975195e-03
6.468579171616156698e-02
9.889640287175494038e-02
-1.118052657710212443e-02
-7.537212000475798646e-02
-2.833031185225651401e-03
7.571431899448877179e-02
9.183522391675016591e-03
-5.016955011779192924e-02
-3.088282626420511129e-02
-1.421583470166782603e-01
5.191069190260157867e-02
5.690565546082070741e-02
-1.405999684975291729e-02
-9.331497998090973467e-02
-6.364222365189690922e-02
-8.775213272503457063e-02
1.178294182474983048e-01
-4.239058641083788548e-02
-6.941779587036935040e-02
-1.380163506967935043e-02
-3.718934690614893873e-02
-5.252458269617181486e-02
-3.332913247753753472e-02
3.542052680810318238e-03
1.200474478038398851e-01
9.680235487905071434e-02
3.811232762579071232e-02
4.985398031905642624e-02
4.448657836534131160e-02
-2.817633773514590864e-03
-1.508872291996343241e-02
-6.487580626789846150e-02
-3.269160557701204090e-02
-1.082571034959848855e-01
7.151958885373385644e-03
3.982631565848465671e-02
-9.139767822924950436e-03
1.063396474616421818e-02
-1.654962564032447583e-02
2.583293807102468240e-02
3.611751425445475921e-02
-1.672646445097795975e-01
1.032941690226476805e-01
-5.805904193847147288e-02
-4.522966547721658098e-02
-9.774857057067329671e-03
-7.255738674567394075e-02
1.900781162020751675e-02
-7.043868438031011640e-03
4.302752703716997834e-02
8.597134029082871554e-02
-6.942973734999295654e-02
2.565474157276541670e-02
-5.186471566322386345e-02
-9.346259765150233961e-03
4.020273454718851364e-02
-7.072244108991915246e-02
-6.013491543118008181e-02
-5.072536890967837588e-03
3.013798032974961821e-02
3.495058175728263383e-02
4.694204897001277507e-03
-3.434678105114630231e-02
-2.642356303607760679e-02
8.438883196014043686e-02
-5.137980519220319148e-02
-3.561072649905904636e-02
3.162325971394179536e-02
7.407019016041975837e-03
4.428428291207936462e-02
-2.067647140079014248e-02
8.696174254271230031e-03
7.556960183832671374e-02
3.091041200783173695e-02
-9.764550973877962961e-03
2.545877170948496540e-02
8.134588375713854014e-02
6.482742321867412602e-03
-7.120762926976828729e-03
2.108803588456193562e-02
-9.900196308310471593e-02
1.376312611213345236e-02
6.832004372801928072e-02
4.168918647976751352e-02
-1.600405121855441376e-03
-2.237771568391160731e-02
-1.247391533213850628e-01
7.583586289174301664e-02
3.088554163941667485e-02
2.653760879496354017e-02
-1.971331547063174053e-03
-6.681791667490076525e-02
4.948647896939965818e-02
-9.675653292235545863e-03
-5.160660073544225818e-02
3.869125796351198521e-02
1.155160728499233201e-02
-1.866271211604618799e-02
3.727333839848863406e-02
-1.589503507511718511e-02
-9.269587443267181259e-02
-1.671677549851849354e-02
5.330679589632288801e-02
-1.048826018083430164e-02
-1.111572785046238861e-02
3.105877023530023012e-02
4.121168157750566656e-03
-2.820201037350984069e-02
1.399600039306205662e-02
2.929834311518114340e-02
1.415481898640239379e-03
-7.100653722142964697e-02
-6.035874874691562336e-02
-3.857273800683426457e-02
-8.099556949830954977e-02
5.250110087189903407e-02
-1.340386345772087012e-02
-2.593285153619585143e-02
-3.330009647669562867e-02
-8.682810288315197245e-02
-1.531101340887421232e-02
-2.521873871208949250e-02
-7.813362573838797398e-02
1.443487291163202471e-02
-4.415292663621966755e-03
-5.519703646547691189e-02
5.143065676434713240e-02
6.688493707216814840e-03
-7.631994023627831913e-03
3.658387994704186824e-02
8.012322435505624119e-02
-3.761584595358436617e-02
6.115194687405894891e-02
6.100744571365233904e-02
9.699289399190801075e-02
8.326068612934267588e-02
6.196069669559581272e-02
-2.462468867148561238e-02
3.760051025494629690e-02
-2.608580738760211959e-02
7.542000934939839529e-02
-6.941393880330746363e-03
4.557090791431601257e-02
1.449269806102386308e-02
-9.821425741945752352e-02
-8.406749198908035348e-02
2.512780449903840099e-02
-1.912895438248732316e-02
2.834756065615727863e-02
1.818934198967469065e-02
1.706520750862128982e-02
-1.873334272808349979e-02
-1.652120677021247852e-03
7.182260004211585280e-02
4.349086878918056315e-02
9.444494634736071148e-02
-1.930113385613003996e-02
-6.222634061828222207e-02
-2.116227671136917260e-02
-1.274612552579107994e-01
4.040274661674982809e-02
-2.007075758939110693e-02
-7.843762433593780281e-02
5.059678972210324144e-02
1.338078276842252778e-02
-4.353209312193804040e-03
-2.882154791325868687e-02
3.362560208018255947e-02
6.237877190856808141e-02
5.430790536637027793e-02
-1.190216839611329090e-02
-4.934561888029947302e-02
4.348747457016610002e-02
-2.689514348333239477e-02
1.983988898333468448e-02
3.491392419192644592e-02
-3.873612336757588370e-02
-3.603950893019511499e-03
-3.592996822563746927e-03
-2.598993612871181025e-02
-1.812735120785601006e-02
-7.344944921574760033e-02
5.715185976551519567e-03
5.010823817977614475e-02
-1.957026456744040063e-02
6.013216919943201871e-02
-5.129084579748778572e-02
5.243451246614258847e-04
-4.143952624298556653e-02
5.630987745417310314e-02
-6.443369381299650367e-02
6.048211317982307711e-02
1.857298130791840488e-02
3.254870895650317352e-03
-1.916067490200429671e-02
-4.672574464918204801e-02
1.415321444650464826e-02
-6.782205008552467246e-03
4.839724323112222851e-03
