1.001926940725736265e-01
6.735247911631220274e-02
-3.130189101191057643e-01
1.677263673930677341e-03
-2.324653609811372368e-01
1.360182795170233883e-01
8.394499217179722528e-02
8.742767116664142135e-03
8.863286989466655913e-03
1.370501920783656902e-01
5.479644941101061151e-02
-3.101204244446627983e-02
2.048028040789652005e-01
-2.773082847481688276e-02
3.856494344729564233e-02
7.233288516081766428e-02
9.568666667926820080e-02
2.748892540634077786e-02
7.095156856709257387e-02
7.540745416804579306e-03
7.590610945838054124e-02
-1.184736594663984982e-01
-7.669781106407407012e-02
9.150151913068511889e-02
3.760278737393643600e-02
5.244720974714752598e-02
4.978530907229477415e-02
7.096341335688378070e-03
2.863534911330290963e-02
-4.224414926051207192e-02
1.877575299769719541e-02
2.275090589111922884e-02
-1.230072786586635693e-02
-4.671944235960711483e-02
1.610660731731035078e-01
-2.871101072972419982e-02
-1.928000262023653669e-02
-3.928823534868493284e-02
1.862556935104443465e-02
1.361335158538548862e-01
4.988048178560242768e-02
-1.389444260562557321e-01
-7.969440474958640330e-02
6.081208317668332364e-02
-1.880572756778102830e-02
-2.869882061078457558e-02
9.395221649835730493e-02
-7.357147721749610070e-02
-3.261257398161552384e-02
-8.911912786857262292e-02
9.903245719967423977e-03
4.016478432614802724e-02
1.264009317990421877e-01
8.076565030093504904e-02
-1.348354926507314318e-02
-6.993226051966800610e-03
1.152973219591276882e-01
-4.776775805549991760e-02
1.621772733069256484e-02
-7.593114582164181559e-02
-1.033447204077948822e-01
7.161850275145789819e-03
4.774921388022915908e-02
-6.382307708768525378e-02
-4.474664600044895441e-02
9.848062122048106826e-02
-3.797691697334687477e-02
8.913504754231531269e-02
5.370866259345211113e-02
-4.502401437246894567e-03
-2.210652170014647949e-02
-3.613500036144415978e-02
-8.814795870443936643e-02
-1.348676082615355432e-01
-1.207007216775465991e-01
1.672677012181213174e-01
8.782369463406239363e-02
6.338861848604387603e-04
-1.012888378555241650e-02
-5.325068707680256225e-02
8.417929799900784882e-02
-3.533825695018353447e-02
1.719656280192099693e-02
-3.480292770428538435e-02
-4.818332715272210381e-02
-1.948778716884762979e-02
-9.395577338858615221e-03
1.257029179913180840e-02
2.012944325954777250e-02
-6.565846697868260584e-02
1.553970808066260957e-02
-9.522382202162577719e-03
3.790574463585519045e-03
6.230504468409623492e-02
-9.672427717155963889e-02
5.714879703720957688e-02
7.589972086913455984e-02
2.110451464305830582e-02
6.734263723558191542e-03
-3.148376206122339288e-02
-1.197670552589329617e-03
6.103706511688630071e-02
-3.894345872689115168e-02
6.144628015777735958e-02
2.192788293166298211e-02
-1.148302297529595409e-02
-2.834447837157924935e-02
-6.095435878583701367e-02
7.896765955671281034e-02
-9.481419258575660147e-02
-2.244984793951684821e-02
-2.297167481571133971e-02
-4.578107946457482536e-02
-3.166830595814506405e-02
4.973982922344637354e-03
6.550189474278386714e-02
-3.128561219585353215e-02
-8.524829891089168860e-03
-1.766386220557819228e-02
-1.015357136637376895e-01
2.815482360326079792e-02
1.768054160344742151e-02
2.679660952956576872e-02
1.447643272605975973e-01
3.722510088429715428e-03
-1.167280896869081208e-01
-1.904258883069003677e-02
2.131050348009755693e-02
1.046347319746747318e-05
-4.515030124205027251e-02
-1.609927943278063878e-02
-2.548725953037376396e-02
-5.756395173945365144e-03
1.145969599131942129e-01
-1.207864669051020995e-02
1.439356063701922525e-02
-6.425135429756971550e-02
-1.399922928242555882e-02
1.017781692588512650e-02
4.246730095622835988e-02
-9.382282166644011559e-03
9.495622646450638249e-02
8.731025925617480130e-03
9.921282261389990920e-02
-1.250066998951658015e-01
-4.547991791422791030e-02
1.095311539702817014e-02
1.886698895871273540e-02
-4.174162628371488881e-02
3.668072401471009908e-02
7.780521257726345785e-02
-6.409509285790457311e-02
-5.480725821335651060e-02
8.733305097997125233e-02
-4.260353330528449806e-02
-1.139047476351637452e-02
-4.312435872694853761e-03
6.901327058986271579e-02
-5.158792722710599243e-02
-6.008962006525026683e-02
-4.802416494821013654e-02
-1.541373200731488251e-02
-8.565475131859529717e-03
3.401830534613469598e-02
9.927867688250574963e-04
8.582016398069386431e-02
5.602378373745018313e-03
1.983543002257338872e-02
-6.635672251681063588e-03
-2.940070210497112979e-02
-5.623136108857222648e-02
3.437820738462976818e-03
-3.193199929588718539e-02
-9.109575738127836594e-03
-4.764955188799189362e-02
-2.330370879192800518e-02
3.466389818912695570e-02
8.261903184056568206e-02
4.688102186815810285e-02
3.199854422278988753e-02
-6.902818880907494320e-03
9.908874585086854207e-04
1.667104090383829396e-02
-2.904805197859311808e-02
6.616782747261873432e-02
-6.336271879991153821e-02
7.057398567619783958e-02
-6.367316970435124221e-03
5.829256170972878237e-02
5.347673953736566815e-02
-1.034398931211025392e-02
-3.121326573925717676e-02
4.524219332844782449e-02
6.962757661200709436e-02
-2.539391706155279260e-02
-1.735555234185875506e-03
-4.562733892769322425e-02
4.890585932998485486e-02
3.052744205047267390e-03
6.047404047328395690e-03
-5.531136970423647554e-03
-4.992568537113208083e-02
-4.336204877981378325e-02
-5.408845559089681815e-02
1.613436487426125540e-02
-3.848551774315644991e-02
8.170093976654631274e-02
-9.481381272369332480e-02
-1.965969201893671622e-02
-9.005113670727376771e-03
1.877312849616911885e-03
-1.684926527734367102e-02
-2.542392616455146914e-02
1.551215081461779395e-02
1.050690179117419049e-01
-7.613931023231616801e-02
1.474158335280825911e-02
6.241130246306853674e-02
1.145432612306131713e-02
-2.382871269628806382e-02
-2.128985279702136704e-02
-8.905127069090588987e-02
1.851761945924482178e-02
3.072645523871361806e-02
-7.086105779728874010e-02
4.345418259661523730e-02
-2.687993745308223451e-02
-5.546296920039780337e-02
-1.252201478418111559e-02
-3.028194755885289108e-02
1.100483534358872306e-01
2.679360516597441635e-02
-5.878696945153782938e-02
-3.272525488274865418e-02
2.816884396668710780e-02
4.503406345068829836e-02
4.195856205475941014e-02
-3.065372892005399294e-02
2.561112909591606313e-02
4.652388246285048268e-02
-1.269823624862559223e-02
9.833627363643680439e-03
2.559172159777422725e-02
-7.499913698294066733e-02
4.298961129323065206e-02
-1.151427526322898291e-02
-3.799079920511380659e-02
3.809705698408611362e-03
-2.001527744307639463e-04
8.370395242619220466e-02
