8.739632540277417205e-02
1.735338896655004570e-01
-2.672749494926170422e-01
-1.157021566356567291e-02
-1.212537342526284478e-01
-5.214130616846604505e-02
5.590566346125001168e-02
1.269260985780921447e-01
-1.176633805447816969e-02
1.321869768406708223e-01
-6.343364999834537332e-02
-4.499873462514374090e-02
1.131629662462591557e-01
1.530374530388376453e-01
4.226733943899542434e-02
6.606519853683097887e-04
2.657484398595486019e-02
-3.312793894934342852e-03
4.376888741014817868e-02
-5.920271764158751421e-02
9.637177631020499291e-02
-3.599010550874999492e-02
-5.067484319989477154e-02
6.550838013123691517e-02
-3.769370426552021841e-02
6.757187751626639316e-02
5.789406784668315112e-03
-2.132360369839361378e-02
-5.631659482053687216e-02
-1.199950077815554461e-01
6.931437486285521761e-03
2.090081554969679470e-02
-3.016939263976243374e-02
-4.023001713000252250e-02
1.587837662877265577e-01
-3.859482026067623944e-02
-5.370595167390565527e-02
6.215946116447459979e-02
-3.812477829921404483e-03
3.602765200854816247e-02
-7.666523760727391411e-03
-1.584251157425630996e-01
7.145934433885948490e-03
5.069470852250267286e-03
8.334896526802119954e-02
5.233975138069569318e-04
1.097850986854696231e-01
-2.012308643614897641e-02
-4.641666102887897355e-02
-5.844624060964290907e-02
1.582922988997867431e-02
6.834527300795385785e-02
2.048235408906536326e-01
9.235378079717782018e-02
1.141611207021123696e-02
-8.999972273365486330e-02
3.807627640335288499e-02
1.464157481741558582e-02
-1.136281892202126304e-01
-9.047739186959130597e-02
-4.188660475683154971e-02
4.724261468648888185e-02
3.984702896447125942e-02
-5.808925417527380924e-02
-1.321666261524145625e-01
4.094977971754616003e-02
-8.439444287458956750e-02
2.222111412016181467e-02
2.442817573018133195e-02
-5.048887881862296895e-02
-2.767669334568280404e-02
2.330146871546236176e-02
-1.021013444442254448e-01
-6.526656403142876151e-02
-6.229033654465750136e-02
1.241021718979813948e-01
4.783853969575084519e-02
9.072745918542156340e-02
3.115939988651817913e-02
1.123243584128169777e-02
1.883065825459231402e-01
-6.131277545988471529e-03
4.448944738411411692e-02
-1.352314675389864884e-01
-1.011743307248318957e-01
-3.168820576040686648e-02
-3.412983765448400486e-02
-6.927942853617327645e-02
6.600965883906859122e-02
-5.346891989263135268e-03
3.341291792288076518e-02
-1.521354356503346918e-02
1.887562738191290654e-02
-1.370201092911444568e-02
-2.441059855991570618e-02
8.860994753752454711e-02
1.282294440198394024e-02
-8.179024815728656861e-02
-6.529034694819842687e-03
2.266896793769895835e-02
7.021940845217300442e-02
8.365748447550402922e-02
2.552676620627027885e-03
1.398861934447127690e-02
-5.613288392263245455e-03
2.169740458558091015e-02
-5.517359338762294584e-03
1.092062308118500573e-02
3.908691169016394878e-02
4.636840181584198778e-02
2.163416837539452325e-02
-8.058567462498063272e-02
1.222174970853978290e-02
-2.328097935130657437e-02
-1.351043017391160596e-02
9.608638130896907104e-02
1.725880506927455343e-02
-4.553953596434190398e-02
-5.296490233578393658e-02
8.066326379076853639e-03
6.992527686926658381e-02
-3.150248406195923362e-02
3.629453377719663726e-02
6.215720768110721828e-02
3.841395221871220927e-02
-4.358652860226418929e-02
-5.145253764446771488e-02
6.440909627565030715e-02
4.712789504860141060e-02
-7.433634921951592922e-02
-2.276066737626419520e-02
-3.361711818494097365e-02
-6.351598881369224098e-03
1.492530224095965086e-01
-4.807054447566713046e-02
-2.977860395488252099e-02
-7.945106308398836026e-02
5.049952219391202167e-03
5.234314894023422288e-02
2.526217258996408047e-02
5.672496067568241068e-02
1.000751855451448291e-01
8.992279227838974320e-02
3.840067400133206216e-02
-8.415290412658048280e-02
-1.915301384995089090e-02
3.812058335325321790e-02
-6.250608157535371412e-03
-5.330424226193763645e-03
4.640268943200116097e-02
1.253283788706142377e-01
-1.073066483400668680e-01
-1.805955438214460959e-02
7.816921240666847848e-02
4.892832425221954390e-04
-2.092851606062822237e-02
1.149065036620944627e-02
8.725348922625668358e-02
4.165165311405022441e-02
-6.264156792919603478e-02
2.146099684585449710e-02
4.179871890550342778e-02
-6.550009424623989482e-03
8.178334903128488265e-02
-3.623726063069010461e-02
1.435791326492379810e-02
9.368285061828822077e-03
2.244237151786440329e-02
2.044571591640912886e-02
-1.043761492311661397e-02
-1.887105107722836586e-02
1.909248181980536738e-02
-8.402823449290162602e-03
1.235935086984996448e-02
-8.187147756543717084e-03
4.149592007887628609e-02
1.728941777409614012e-03
8.679811224116994184e-02
3.750836392579630385e-04
2.619341592429333052e-02
-4.150084307330966296e-03
2.249354292479154374e-02
-4.183782550917132526e-02
1.656344944004847081e-02
1.004460049004922001e-01
-4.100327394579045964e-02
9.041921732973781656e-02
5.640212318157295651e-02
8.116856409968661867e-02
8.171803268260550979e-02
-7.225153041493347604e-03
5.945115551559829181e-02
3.192177064419288168e-02
1.957930356511088099e-03
-1.907400325619278830e-02
2.792735003408608127e-02
-7.601172743073147942e-02
1.880299587953325816e-02
2.844329371829321454e-02
7.596409225924240227e-02
-1.247459054236068482e-02
-8.561097720323010418e-02
1.660359611296285606e-02
-5.483657628278639645e-02
8.125107625990789229e-02
8.041364717161174694e-03
9.319689559735477857e-02
-5.134385040820986512e-02
-1.650361078940060580e-02
-4.065433071359419309e-02
-4.844337463155770629e-02
9.185683571120652549e-03
1.652815642361769172e-02
-7.157929899195427693e-03
6.247033786224945318e-02
-4.436408437093759122e-02
-2.525267329084616985e-02
-1.615179003228906299e-02
-2.420463018013647299e-02
9.414602812272359830e-03
-1.299407046200587619e-02
-3.506742541121681683e-02
-1.228560996027406281e-02
1.003173136657269232e-01
1.988269176431103208e-02
8.870972484723749218e-02
-2.953096346729405797e-02
3.930175532751320477e-02
-3.168941917452776369e-02
-1.806021309266738623e-02
1.087209691704142667e-01
-6.892937589678074795e-02
-4.864521740332588412e-02
-4.270066695605664181e-02
9.788150615943010113e-02
1.476159880846014509e-02
1.225132234411488788e-03
-3.929887780259792157e-02
3.753315224283756968e-02
-1.812320662002959255e-03
-8.681458000423931910e-04
-3.585292037513841332e-03
4.899263520062729221e-02
-9.459818089314622758e-02
7.591721980520071966e-02
2.470656759849092221e-02
-3.022898860758611861e-02
-1.590602166934427034e-02
-3.800981597850238564e-02
7.163151046812790690e-02
