4.569640406658191656e-02
9.504761481741415274e-02
-3.676028916719539796e-01
7.168243185743573831e-02
-2.391768240308715932e-01
1.265456622388363150e-01
1.044184374333958776e-01
7.313285237047559284e-02
-3.129489448229280657e-02
8.349108974296959307e-02
-5.539098039251894035e-02
-5.262773712594532097e-03
9.582506486452450900e-02
2.680921400979434724e-02
4.809979124075557805e-02
-4.862835217690640588e-02
1.379051000933942395e-01
4.795427885293276904e-02
1.029772614657259583e-01
1.095840947641042173e-01
8.909091633605160931e-02
-8.592107525820761801e-03
1.365776158152737750e-02
7.280170302422436790e-02
-4.502664486378091246e-02
4.689887614169990088e-02
1.330823018664057111e-01
-1.066431291674188944e-02
2.264057278798249292e-02
-1.448670861189842451e-01
1.014519439166890191e-01
8.206866236204991838e-02
7.523499711359477038e-02
4.214698519954879208e-02
1.883084698553295355e-01
-1.102387707613016604e-02
-3.167508857450661297e-02
1.416491409682153193e-03
-3.754595875043466313e-02
7.519091522883079859e-02
3.212849297864998899e-02
-1.231486972779037570e-02
2.452289197330515327e-02
-1.401148708068201574e-03
7.387176726004392180e-02
1.112511295718120879e-02
4.184262881636970077e-02
-3.061092787292328185e-02
-8.134612815813707654e-02
-6.940188360717759394e-03
2.877226889134771974e-03
8.117106566213179442e-02
7.786352951377781273e-02
-2.150333152247477925e-02
-2.042016273813082594e-02
-6.443169164629097834e-02
1.217886138134788160e-01
-7.034842774205439520e-02
-6.108701513145079615e-02
-8.144356891003624865e-02
-3.831182878808161996e-02
9.421683834016991027e-03
-9.985309168570955310e-03
-6.734836192900410523e-02
-6.517586133006958438e-02
8.220869289665336255e-02
-3.758154214085855649e-02
3.677386080853848466e-02
-8.733899389594687590e-02
-7.391095115761190867e-03
-3.456113832799443536e-02
9.552113016236228604e-03
-5.897997240113562328e-02
5.480782798318358483e-03
-7.075217109721053388e-02
1.007189001243556370e-01
2.027338530725739801e-02
1.183496429358653693e-02
-6.689288155677765649e-03
-3.510030616356971112e-02
1.027808554228665933e-01
-1.263037146461545579e-01
5.347168302571656678e-02
-1.636926134363043128e-01
-3.555633796481822567e-02
-6.519071747666406458e-02
5.980993795334742930e-03
-3.336752155423080429e-02
-4.437316903563149825e-03
-3.918253521392370958e-02
-3.850285028872551391e-02
2.120448942951634955e-02
-3.468060380377494673e-02
-5.626457371147654783e-03
2.099261093703784498e-02
5.203628084427767975e-02
2.770852987078126564e-02
-3.631844531031462597e-02
2.520938866877592190e-03
7.925222241334758944e-02
3.883873543716626076e-02
9.775951031093303711e-02
-2.092183340020561944e-02
2.628739996991349623e-02
-4.895554420899928504e-03
-6.327232834589803512e-02
5.943567983237115632e-02
1.506218642672667654e-02
8.743169884565656080e-02
-7.409422021494559141e-02
5.172511269082601115e-02
-5.169413535458642489e-02
9.473583036093783175e-03
1.732726222736568483e-02
-7.752540621224750933e-03
6.706804136378682890e-02
2.004519100312599986e-02
-5.097468266579689711e-02
-4.197889665882258148e-02
-3.124941780647301839e-02
2.781119297988942154e-02
-2.240537209157072648e-02
1.416209207770860803e-02
6.528916377560346762e-02
5.532727412196968009e-02
-8.321414262588731903e-02
-2.192056867017089239e-02
1.040000325536530462e-01
-2.260677343262998060e-02
-1.513117992848751238e-02
-7.299240015485528033e-02
-6.252086033682736910e-02
1.242106847004001251e-02
1.424200063040621800e-01
-6.107238604386540023e-03
1.589802307617341724e-03
-3.403533453695393313e-02
1.276396001076112027e-04
5.977620347199751050e-03
-6.299395400075863231e-03
2.693364234677345787e-02
9.467598409354302524e-02
4.689806521666744880e-03
6.633110513129768238e-02
-8.641791280708900624e-02
5.691947676768307346e-03
1.147004802898408948e-02
6.660915510642409498e-02
-4.329713639157310723e-02
5.732594483094825139e-02
7.853101812648795310e-02
-6.055410763712603534e-02
1.913296521562248128e-03
7.469411011695070712e-02
-1.909683039617651387e-02
1.387489486821615742e-02
3.918032949783544459e-03
3.557362688651006383e-02
2.910860815780663344e-02
1.352807845033799326e-02
-2.600412763757810677e-02
5.837074064275667856e-02
1.027049528398292846e-02
3.680084839361841276e-02
-2.348555667179526643e-02
3.481281702106558268e-02
1.566707162693169186e-04
3.008275618078802560e-02
1.395725241451176678e-02
-2.658633937387582143e-03
-2.174813357127074881e-02
-3.703309732291205914e-02
-2.220007831035571491e-02
1.276788488791817666e-02
-2.613420001278306953e-02
4.880309030289871342e-02
5.496242273136982964e-02
1.007016436396651060e-01
3.487636110660834871e-02
2.205125734840051449e-02
-2.064225888601819991e-03
5.466043424928548888e-02
3.191450608108711146e-02
2.339645222922967158e-02
8.814469657118778612e-02
-9.504424136927915046e-02
1.478871006878327843e-01
4.355192903676886190e-02
5.778090621115393455e-02
3.924020820223154266e-02
-1.550952511162732861e-02
6.991396654666905131e-02
-1.280460357338750708e-02
3.959023588323820619e-02
-7.801296677875767249e-02
-3.229194302819058532e-02
-5.574444639566319276e-02
6.476462502761359818e-02
7.350227737825847096e-02
6.292363058194458403e-02
1.417010401702921245e-02
-5.250600106007394241e-02
-1.737536630029060808e-02
-4.613998005933200863e-02
5.220323408995845849e-02
-8.497423919031913547e-03
5.795973139930978013e-02
-1.454802751915215339e-02
5.120991579920995684e-02
1.847290467620957624e-02
-2.937167223833337532e-02
3.348653291199315402e-02
-2.297992869556211501e-02
2.133456180472130884e-02
7.613616188365568416e-02
-6.655294178317467529e-03
-3.299469066131165140e-02
1.056398527172718906e-02
-3.623414154394113962e-02
-2.289815501528986996e-02
3.540450036174231513e-02
-7.498685405366510570e-02
1.209300063891208775e-02
7.678610207866361226e-02
-1.404106962586578605e-02
6.501143817049004348e-02
-3.274453650730151794e-02
-1.361238221671148135e-02
-3.220277371162239693e-02
5.517235500377045548e-02
9.260047012848950099e-02
7.706934197399770495e-03
-8.550730886965039745e-02
-2.414055703900568409e-02
6.220119368903563595e-02
-2.324591210620567672e-02
2.668326113375422970e-02
-2.001171601778646905e-02
4.218522842407912421e-02
6.142387338993048063e-02
4.750852958109572435e-03
-5.563399840624352194e-02
7.273738045065043789e-03
-8.031907538603864916e-02
1.289520011801280897e-01
-1.839216897997886582e-02
-1.769305429100317614e-02
2.045146444438339026e-02
-6.699473374085336552e-03
1.271407190276480255e-02
