-1.739118335937055726e-01
1.591433706392207659e-01
-2.665479162008501657e-01
-3.392713495810632113e-02
-3.966846609577838467e-02
1.396957689867361352e-01
1.503860952219462921e-01
3.946899317102132293e-02
-1.375121119503989325e-02
4.673031011852386146e-02
1.487919042101971401e-01
5.524462277167167812e-02
4.517741499167652122e-03
-9.339628783023410860e-03
1.174471244334054781e-01
8.137893761927193770e-02
1.180108999589029595e-01
-8.653667686851161667e-02
2.328617269842146037e-02
3.713328093552124148e-02
-4.836416924250516725e-02
-4.978118073779900718e-03
1.369561921973506263e-02
9.012294315065250139e-02
6.665552150410161691e-02
-9.035875786957764388e-02
5.613940233090653105e-03
-8.596918577496384661e-02
-1.531393665335743504e-01
4.847330078409657628e-02
-1.251324761613521741e-01
-6.401555732482626382e-02
-1.059533154539104710e-01
-4.715250480812407941e-02
2.493776038995701091e-02
-8.028606520341299846e-02
7.086720635501243121e-03
-3.651380727563176970e-02
-9.127852020065539695e-02
3.890553612278529333e-02
4.790941909951193511e-02
-1.211271645758632276e-01
-4.868381425391735129e-02
9.781335512842008473e-02
2.673935087163716029e-02
-2.509070024817946273e-03
5.867518905932418011e-03
4.661774609978124040e-02
-8.409692872760338167e-02
-5.439934873341166488e-02
-5.509412457245371070e-02
2.178957727412662512e-02
-6.805480443184119821e-02
8.236009528908545818e-02
1.205793836861631871e-02
2.575518536102103240e-02
-2.033052678032091706e-02
6.513121855806031091e-02
-1.474277245539422181e-02
-9.772856940414867410e-02
3.725447922668549683e-02
1.514670778200442880e-02
9.878722320758255571e-02
-6.499324713112618335e-02
-8.271763909461059272e-02
-8.760969753507327762e-02
-1.117494954532773088e-01
7.252187266007537048e-02
5.693223378011386115e-02
-8.930364270238215496e-02
7.585293249670484184e-02
-9.692890838700127590e-03
-3.302906446716979277e-02
5.642369636629736285e-02
-9.023731187387670771e-02
-4.367006211321703552e-02
-5.275929699601321354e-02
1.200965367714372650e-01
1.283155502304929134e-02
3.954779860004987990e-02
4.904422435479557224e-02
-7.991383605749860508e-02
9.899575504110982860e-02
-2.789025692180539806e-02
-1.784509484557529960e-02
3.936042781122806727e-02
-3.455839227666956948e-02
-5.089946056184944945e-02
1.094096783997407230e-02
-1.377005443300922394e-01
2.772804583663841110e-02
-2.451857354115941426e-02
1.423193492802278352e-02
7.156997951195319396e-02
1.312346066498886743e-01
1.919490763870244920e-02
-4.202080992159881734e-02
2.041856804993162286e-02
7.498334802748720523e-03
-6.363182761113717056e-02
-8.437382701325603709e-03
-4.611150879951968901e-02
-1.029718728776321951e-01
7.282382449029567439e-02
-1.109158281418791553e-01
-5.085409524527352565e-02
4.315508438144669869e-03
-2.659978705839575672e-02
-5.650161713626632165e-02
8.062637585045727417e-02
8.283947434029776422e-05
1.578521930485634467e-02
-7.761538566158859495e-03
-8.956306012501721869e-02
7.326410161107398122e-02
-3.720663686474270232e-02
1.303138181143018029e-03
-5.328973856814524235e-02
-1.102311020297541133e-01
-2.845449247001387641e-02
-2.558058904901974046e-02
6.532570200572126312e-03
-2.119614797695157371e-02
7.854997487850511051e-02
-3.655517393325835064e-03
3.187281507628161176e-02
7.082042558394115173e-02
2.662002805767924724e-02
-6.899682478485831549e-02
-4.132440630988712393e-02
-2.878142707207710302e-02
-6.317951912714840808e-03
-6.078669330276099091e-03
-2.964350963246938434e-02
-6.854016377829635909e-02
3.939832660534103165e-02
3.574068603027217433e-02
-5.862476349292738281e-02
6.634482924237250674e-03
-8.387151759921906979e-02
-4.122656301789612981e-02
-1.136056870921155620e-01
-2.869734907505337718e-02
1.583358538496242029e-01
-3.594599770482253404e-02
7.461448058599927380e-02
1.269379591428945221e-02
7.633439934329778152e-03
7.058386775140595981e-02
2.393579553906186735e-02
7.026043639921872308e-02
1.517583075824623443e-02
-3.815746842199336814e-03
6.416651554675523172e-02
3.215374740724599723e-02
5.888103152931031120e-02
8.936471956385645026e-04
2.164679330190829795e-02
-8.540760420393414543e-02
-1.621470358510760171e-02
-2.668004332828204095e-02
5.801215478734035591e-02
4.739100889059037758e-02
3.323437614172015941e-02
3.940320992334998135e-02
-5.086375572220427910e-02
-1.558599408463597936e-02
3.358424110660803569e-02
-2.538076226063884847e-02
-5.934756533097731990e-02
-4.261898099133328705e-02
-1.062648216019744102e-01
-7.551541737228888163e-02
-4.756036802095887916e-02
-4.881056820397584872e-02
9.517480640364008385e-03
-3.622420528588337491e-02
2.178518936519104401e-02
2.489759686865148161e-02
5.987790074402219581e-02
-2.417543198512444452e-02
2.249850765812215145e-02
-1.709097607681575939e-02
6.985409479996641802e-02
5.691581450796781572e-02
4.449445819767065130e-02
7.000774238543655548e-02
7.996245691941385181e-02
6.158355879728007187e-02
8.490745335800258323e-03
-1.096297815737674701e-02
4.074456537586743088e-02
-9.979308055833989877e-04
-8.986253490987067272e-02
-5.132491079678896950e-02
-5.747194657919042077e-02
-1.314365212336502109e-01
-4.155615159713813705e-02
-3.682432260554895087e-02
3.724750811329590600e-02
-3.940098058251981228e-02
-2.360341143719154374e-03
-2.959393333876978935e-02
-7.391998783785629600e-03
2.819387191105775237e-02
7.209688244784684397e-03
6.748292542935784011e-02
1.911974700499941698e-02
-2.375783752263411694e-02
-1.869394290643607015e-02
-1.065840773634003646e-01
5.558316410059677137e-02
5.455614570513395156e-02
3.360115578782745666e-02
5.361299298852055528e-02
2.551625664220612960e-02
-6.769163419469705067e-02
3.930950683575788057e-02
2.308075486478394604e-03
-1.656064066377088695e-02
-4.534302316763235037e-03
4.760729033747969352e-02
-6.521320875970340603e-02
5.700817291378933865e-02
2.141830355999659041e-02
-2.575844090636033278e-03
1.903637673522336898e-02
-9.169738857219151759e-03
-2.415780957665734918e-02
1.291379292922906555e-02
6.830459676390791823e-02
-5.260055377435982754e-02
-8.505586376183991992e-02
3.540996508743388810e-02
8.533647761554284672e-02
3.611843544871842782e-02
3.488458376512273973e-02
-9.236427995767519661e-02
-3.065874436925842411e-03
9.429687075289988618e-02
2.669402094142361154e-02
-3.290917547141373328e-02
5.354310492281270581e-04
-4.452927837825623736e-02
3.531788977251144185e-02
4.969006085466091960e-02
-2.816294423033437709e-03
-4.691792861188236879e-02
-1.505318162622424835e-02
-2.469331139861024194e-03
