-2.245790681266074118e-01
1.114811054896107934e-01
-2.945533625966446634e-01
-2.787493992516685420e-02
1.111907057185815145e-01
2.400610420876700402e-01
7.951166835910876418e-02
2.207605034665733046e-01
4.482120137311203928e-02
3.248314278571277219e-02
2.855132527862503170e-02
2.384903439004899817e-02
1.166303485518609996e-02
-5.085903845985506599e-02
-2.011567317942131172e-02
3.778018983410869752e-02
-3.330236220777238465e-02
-6.957462459409596844e-02
1.407099394592211316e-03
-9.720137500682882528e-03
-3.931242222111722834e-02
2.629484655139625870e-02
2.065749631334148125e-03
1.791261766174046255e-01
2.684531598022223825e-02
2.583427816527199619e-02
-5.674491861565510165e-02
-3.119038553517018350e-02
-2.162235814782035859e-01
-2.950810248696167024e-02
-1.628795161651450107e-02
-5.060955540723831303e-02
-2.029346687348835068e-02
-2.845771381803067004e-02
1.303573629307627491e-01
2.534984736682895090e-02
1.794344476672746561e-02
1.162967513468338154e-02
-1.484524582636530775e-02
1.402459670199843536e-02
-8.593586547412307430e-02
-5.484225716894189362e-02
1.694534235360480381e-02
-3.799433881541747649e-03
5.967260853561101586e-02
-1.920297845889183327e-02
2.535696183783412230e-02
-2.286444606778305702e-02
-2.747520196816336316e-02
-3.620493021575788700e-02
-1.765883188598947606e-02
4.145660123616389491e-03
-5.916993201248485490e-02
1.502630741142036742e-02
-6.975279273400538348e-03
1.150360943171423178e-01
1.029096316712174372e-02
-2.757572365657614752e-02
2.830800356214194236e-02
-2.853539431005842897e-02
4.253554991070895158e-02
-7.510226220033414113e-02
4.279589189275465749e-02
-2.992026523782586808e-03
-9.672868819162397380e-02
-1.137330568261999131e-01
-9.713986376708554082e-02
1.240312025453890743e-01
-2.136601592818187026e-02
-1.034944820364798873e-01
-1.187537968834524119e-03
-7.842257560628838539e-03
-1.302207923198883399e-01
3.052339536830256730e-02
-8.251959181092682893e-02
-4.714092740717147623e-02
4.556805062599943168e-02
5.501909772813742827e-02
1.344420564631338549e-02
-5.809615749867082235e-02
3.043502614950149149e-02
-1.274651432442393262e-01
2.930750163704073236e-02
-4.519173255441009257e-02
-1.924372497464872656e-02
8.053744572403621904e-02
-3.785065373353790896e-02
-9.854488668927911810e-02
-2.004170310528620175e-03
-1.214112049862740572e-01
1.932950711308428771e-02
3.487653252912718826e-02
3.243449886673483145e-03
-4.279235167751763158e-03
2.950939602714443277e-02
-6.519214449544138978e-02
-5.802719138261111520e-02
9.068652795742804251e-02
-2.687438659380318035e-02
-4.700258668867857148e-02
3.538172805155662213e-03
2.766589702352685934e-02
-7.963326113628806102e-02
8.751003579547787792e-02
5.523566358715609192e-02
-3.672292497789040201e-03
1.771758584271160980e-02
-2.543328070861687260e-02
-3.528832083414901177e-02
-5.489410089784560118e-03
5.461755562298430122e-02
3.042603944928443105e-02
-2.994896140556443237e-02
6.045227286050312149e-02
-3.404941570384652921e-02
-3.547925417323038316e-02
-4.864119573545342377e-03
-1.898028530427062904e-02
-1.112740028982449336e-01
2.795959872607528540e-02
4.117018420727626415e-02
2.982188810287397449e-02
4.337750840756020992e-02
1.153487225549963691e-01
-5.824294026888277714e-02
2.283146079312271468e-02
3.553045113204272160e-02
4.652806168479296789e-02
8.225213535787595813e-04
1.113285358291075423e-02
-3.331056597577355949e-02
-5.100275758226575917e-02
3.343239703667073848e-02
-1.975977942650710556e-02
9.278121204021862189e-03
-3.797595692860985129e-03
4.570152354854142840e-02
-7.026237948494996367e-03
-8.043777504890157679e-03
-4.884843448894378437e-02
-3.313028732293438194e-02
1.417583878178779906e-02
-3.990554443544311325e-02
5.552715265518137766e-02
3.247459861240033913e-02
-1.324033690540442690e-02
-2.324239808486640302e-02
1.072416296622132927e-02
5.906410000121653514e-02
-1.123470285203742244e-02
4.640085221997800741e-02
-5.033760560407890550e-02
1.729551729728997372e-02
9.176877856349224816e-02
-3.222562616775045963e-02
-4.779433540212012915e-02
4.977525602989021913e-02
8.056576744593242634e-02
-9.361503485013096537e-02
-9.378908408577422973e-02
9.194275971807326642e-02
-6.854401347374871689e-04
7.295747045572723022e-02
7.632138978205288415e-02
-3.872416780274225059e-03
-1.358108262196790726e-02
4.865310992134725364e-03
7.312549451736133355e-02
-1.830138095150918298e-02
-1.209327312807779130e-02
-2.730802891980739153e-02
-5.205433766978614235e-02
-6.176024622845868034e-02
-3.456359792649301571e-02
2.407128501776557850e-02
4.047078745477743732e-03
-2.600056615981870961e-02
-6.131928518826254559e-02
-1.822860229596345513e-02
-5.349911993233397167e-03
3.524270652244120700e-02
7.922106434489273319e-02
4.367570346021716621e-02
-6.192108773802535923e-03
8.707394255123263038e-02
5.423412308038978724e-02
1.069253250469977268e-01
1.011692073958470467e-01
5.068056395516552792e-02
9.646000627945258699e-02
-5.402572694884116844e-02
8.251091147548990368e-02
2.899197995404104167e-02
3.115794490900784808e-02
-1.220413973389953138e-01
-9.451847054619437472e-02
-1.441773079596363194e-01
5.319408273292085959e-02
3.313702734809718248e-02
5.499176318164387262e-02
-6.260914899365949138e-02
-1.344767778048815837e-02
-2.422868843368861189e-03
-1.009890649051323717e-02
1.489416206959225282e-02
-2.097199678040741547e-02
6.907143746300292708e-02
-1.447430615869375360e-02
3.415953682203661662e-02
2.086299899974445107e-02
-2.540220170369954233e-02
5.365189383602397138e-02
7.720460540262791271e-03
-3.250533721200641463e-02
1.039530760717988916e-01
3.181281664679488225e-02
1.532103032990254736e-02
-2.190576258970340293e-02
4.684521731328666547e-03
3.623784740935598325e-02
9.150428363664928066e-02
-1.390198270888538291e-02
-4.800453568181838049e-02
5.588621217749022846e-02
-5.114293648943942644e-02
3.300243108802804887e-02
-4.145721396572414619e-02
4.139638353660337472e-02
7.278716567850773526e-03
2.175748203612192996e-02
1.870047213842129796e-02
-2.880748027534233216e-02
-4.705694941688554761e-02
3.257096735601584803e-02
6.067952744629510897e-02
3.660688080728451838e-02
2.836018769635690728e-03
3.502597046076691423e-02
5.232094310955888450e-02
4.304700889086542775e-02
-4.187652522812464195e-02
6.293090009385510220e-02
-4.305613175320698038e-02
-6.544591665497993815e-02
9.572425423971202274e-02
3.155295123218493369e-02
4.758559886526026080e-03
-6.075322519618121114e-02
-1.907801566913114094e-03
3.557620160587501856e-02
