-2.316176480658155290e-01
9.931388341862526503e-02
-3.025018180616421692e-01
-1.064499053582526264e-02
1.129820668287392360e-01
2.504656380056528575e-01
6.494081120792109807e-02
1.835423863432931180e-01
8.614887503881363262e-02
-1.489840457204436863e-01
-5.689130756594498045e-02
-6.147543094123823770e-02
4.394020621147237682e-02
8.905888235001458222e-03
9.778915644750715494e-03
3.284085236971901606e-02
-1.826293369218982485e-02
-2.039483528642835677e-02
1.271518402389914051e-03
7.648563057263544317e-03
-3.095409009973646569e-02
4.758066026447178160e-02
-3.231919732863880457e-02
1.252401857907486094e-01
6.555389367074439255e-02
2.148580434375273358e-03
1.313701818804866809e-03
-5.021076565804318687e-02
-1.106098530475629060e-01
8.195556966922988573e-02
1.404747392372033069e-02
-2.624572197361898021e-02
-1.031429560611624163e-02
3.281124112437906054e-02
6.614611857754355839e-02
9.875144987423015164e-02
8.442194865152378644e-03
-3.933868352778593230e-02
-7.004662564770738897e-02
1.048435133102662981e-01
5.360597231654814360e-02
-1.767996680248599614e-02
3.066197624516016351e-02
2.837362496903423487e-02
4.428696758330016164e-02
-5.462954156848193882e-02
-3.081100510400615680e-02
-4.256717383174912772e-02
-1.655841386767545678e-02
-1.044687977700883841e-01
-4.471550210223464855e-03
2.582111400668212972e-02
-4.950989413817186852e-02
2.674443010073136728e-02
3.538327677648087088e-02
2.610555487432727681e-02
8.358368383514808153e-02
3.412505101342239167e-02
5.704656847520923196e-02
-1.160285308277111786e-02
-1.656259258356284833e-02
-4.879245184840226568e-02
6.009551808966592107e-02
-8.262729824812793666e-02
-3.160200720275896380e-02
6.388608170389598745e-03
-8.077637927390360351e-02
3.190197416133053188e-02
3.192535335625222570e-02
-2.753633278480473179e-02
-2.354137232622074277e-02
4.292463415718514308e-02
-1.528350926448024394e-02
5.018309967699563501e-02
-7.527989092205909782e-02
2.329345919917744003e-03
5.626558088522104484e-02
4.455685499216508610e-02
-1.021951800698068027e-02
8.483513719659593888e-03
1.721922735248834768e-02
-1.459586193945599797e-01
1.014042500178796435e-01
-1.381279219620667187e-01
-4.265708827015366605e-02
-2.426731614141641041e-02
-3.662730931488734215e-02
-9.307293521739440356e-02
-9.714217595321804691e-03
-1.649782248730829320e-02
4.810426056984440368e-02
-6.897240747734539879e-02
1.537533294376437418e-02
-6.950076287321056701e-02
7.883014234935137310e-02
-3.161328253097234892e-02
-4.959761114839424806e-02
9.211604530259476231e-02
6.417376467869514989e-02
-8.689257839653070914e-02
4.556248458451335470e-02
5.067082066319721773e-02
-1.250743339981145730e-01
4.596594680812349232e-02
-4.499443138771797718e-02
5.738796235852650085e-02
1.031281864619052434e-02
-1.147702330178270759e-02
-4.778152681436911853e-02
2.654042951391849536e-02
6.124055828963662074e-02
2.583696430832395710e-02
-8.875484474579408214e-03
-3.378671912019503513e-03
2.128335276369121981e-02
8.365573066079273756e-02
-7.607244202756326470e-03
8.904987649680898981e-03
-1.098247948119258077e-01
3.102624499561960209e-02
8.067544167117542131e-02
2.735852121911368923e-02
4.039996929294470407e-02
1.392113981495240460e-01
-4.347280243010259726e-02
2.418575913478664824e-02
-5.585422953420281222e-02
7.022587814991132493e-02
-6.291215271483137361e-02
3.530514199406922099e-02
-2.465726958521817155e-02
-2.151030026447191962e-02
4.889807249479734275e-02
-4.585643563314359406e-02
-1.467536200921360813e-02
2.944427682152681372e-02
2.406760234072939306e-02
9.898729515797797043e-03
4.505307750379273363e-02
-2.133810835118116547e-02
-8.025443604552082166e-02
2.525777987696647617e-02
4.731315040085313150e-04
3.959387338421934549e-02
7.624956914841068967e-02
1.450832144395644563e-02
-3.275897115237385443e-02
2.593779384081367281e-02
5.790151213172168437e-02
3.338714742516971090e-02
3.991743567818954730e-02
-2.840089469254073948e-02
1.610351021055502971e-02
8.795372006803821308e-02
1.610351021055502971e-02
-5.479081838768751905e-02
6.172784699488433058e-02
7.575860605505510548e-02
-4.156673161084727119e-02
-7.810416251074289544e-03
8.721102536588015708e-02
3.041881820860940777e-02
7.560042724935223113e-02
3.533460914575788786e-02
-1.229507898356508276e-02
-5.207955224502739539e-02
5.021728589576403279e-02
3.490820000817992930e-02
-9.369423101834119250e-02
-7.290378661229796053e-02
-3.933702645079610594e-02
-5.453101753441284838e-02
4.183975305662774105e-03
6.316550537721084269e-02
-3.253504961827022313e-02
-1.873026542673396008e-02
1.102820760142924966e-03
6.387332941575687983e-02
1.751926635788556789e-03
1.741252898569299254e-02
5.748043445924142653e-02
9.469413288805071660e-02
1.277336183560720713e-02
8.000627075458775772e-02
5.751829506611769866e-02
2.514182051109138671e-02
1.324770012394528851e-01
3.737767700397654630e-02
6.905277571135202963e-02
8.664434105877201475e-02
1.330186132512366573e-02
1.179821525518919695e-01
5.250023365996660946e-02
-1.791736109298517829e-02
-7.368888087134792264e-02
-9.131423617999524789e-02
-1.365913072647172433e-01
3.323873096434169783e-02
-6.905976425343955671e-02
9.503848069121939579e-02
-4.390299402602690360e-02
-1.461934560227487814e-02
-5.399351219169080951e-02
-9.441844570972138945e-03
-1.725013544068991142e-02
1.757953352753733114e-02
6.197943451003550680e-02
1.315409328572645156e-02
7.663948656879962518e-02
2.349879265226474060e-03
-3.452883744774792873e-02
3.498691116519672684e-02
-3.500913761090811149e-02
-1.155375317109427584e-02
2.873295851193701303e-02
5.215682246553129953e-02
-1.607512376125102768e-02
-5.424726111161132930e-02
-5.147821341478418106e-02
3.818539396627892296e-02
-9.370410143345451635e-04
3.438074519763531858e-03
-3.543320522665262262e-02
9.185339859970710619e-02
2.529383931320163415e-03
3.918857396655526376e-02
-1.517331364465672634e-02
2.060629271969545429e-02
-8.811326776342831785e-04
-3.759738379877996389e-02
-5.656007228504362355e-02
-5.359203125578589945e-04
-6.466209806291470241e-02
1.135962299939472127e-02
5.744019630711887786e-02
-9.193391092736502915e-03
2.384969671656709742e-02
-2.222183471453865675e-02
4.222343842659841140e-02
-9.365366865550325175e-04
-2.237572673411566612e-02
6.369072673616046898e-02
-2.827848713577045189e-02
-1.533598817227981859e-01
8.049564881777916681e-02
5.474737415182378414e-02
5.039819547495778818e-03
-9.370554236996741365e-03
2.169135393731696712e-02
-6.238448176380982646e-02
