1.230158079549168865e-01
1.129149775274187334e-01
-2.908457324419675971e-01
4.155553074770246269e-02
-1.925090851841509410e-01
2.883460380127707539e-03
-3.312094333181528349e-02
1.417480103202181131e-02
1.365096396521977944e-02
1.622294992052611684e-01
-4.578264325863163481e-02
-2.395012164495890217e-01
7.788305948333738848e-02
2.230049676102494605e-01
-6.987553501202634076e-02
2.126520217422511044e-02
8.359266985432656227e-02
-3.172840141718800966e-02
1.512409861475272170e-02
1.392689903625877190e-01
-1.770416583766831059e-02
1.756258655365859969e-02
-2.143333150150783864e-02
8.930727603227478495e-02
8.701822241976710226e-02
7.261509101559734947e-02
-9.060540033739270666e-03
-1.641805660538779299e-01
-1.110881774493874818e-01
-7.362694615591000580e-02
6.214469655380661789e-02
1.183427175573401741e-01
-5.251032996350512433e-02
4.304654347371154877e-02
8.326027588061622742e-02
-4.895890819883180626e-04
-2.347828181675156237e-02
1.160566802811096275e-03
-3.837804042088969331e-02
1.685038557038114893e-01
8.524298283997373826e-02
-1.704572790651448233e-01
-4.049786500018027341e-02
7.357849625445794621e-03
4.351171908395651267e-02
1.115482001518256112e-02
8.690001974190546263e-02
-5.936599101897150482e-02
6.239461258243805819e-02
8.594940251205328285e-02
-3.811150312256425532e-02
-3.609234876652425705e-02
2.167889269463911250e-01
2.485787862152264577e-02
2.383832553966929585e-02
4.902096303370069574e-02
5.522333592380311573e-02
-8.456198208506328362e-02
-2.567480302992312599e-02
-2.733451064626691782e-02
-3.418797228986452524e-02
4.168850090525442337e-02
9.801430773836353194e-02
-5.265772197888229922e-02
1.661793915602165911e-02
1.201871757706606848e-02
-6.436264632261391727e-02
-4.828576248630980783e-02
-4.627122689519423335e-03
-3.874936398467725834e-02
1.809462428471418638e-02
4.061760726635005314e-02
-4.629868812338430728e-02
-1.009464065409606225e-02
2.049914702033233532e-03
1.993755233577742536e-01
6.888746494006596326e-03
2.142487947589784975e-02
7.122543975656902768e-03
5.410003344208289683e-02
4.918868389877921465e-02
4.780456258959237675e-02
-2.086927661767686362e-04
-1.150600325028610510e-01
4.912486953441531912e-02
-6.482829323540220678e-02
-3.152175096203223975e-02
-2.659689074582039306e-02
3.529886380461096096e-02
-1.796287951377483275e-02
-2.061807236209371730e-02
9.552171426748589517e-03
-7.364036256830951144e-02
8.284832603759550995e-02
-3.431786327080020571e-02
-4.655400842117900923e-02
2.754713093363791998e-02
-5.305641251035128625e-02
-2.864382053174600873e-02
-2.849284661703968893e-02
9.090049856984259991e-02
1.969321967127571349e-02
-1.699724344287591171e-02
6.310034101078740298e-02
-2.904511893728796770e-02
1.047495038637603904e-02
2.595902988370738743e-03
-1.394797882801246044e-02
4.776952910053981760e-02
-6.112030476584197347e-02
-5.583134762483994706e-02
3.130485753160191370e-02
-2.597599677526647374e-02
-2.529392773459118379e-02
-2.142443959352409444e-02
2.715148815861565673e-02
4.740389258744149431e-02
-1.214228053585359596e-01
-7.932178904720884813e-03
8.026558810026783453e-02
6.620543926694808347e-04
-3.232158279819541402e-02
-1.151615196505200410e-02
8.790769599966744008e-02
7.466365465033977800e-02
2.036121247599087178e-02
4.644516895384442901e-02
4.349874255393076927e-02
-3.686013202974249003e-02
-3.179686596664587500e-02
-4.533053843892107665e-02
-9.005322227765309717e-02
2.345201455500453211e-04
4.378736823145257251e-02
2.145545130087376032e-02
-5.879772583242030837e-02
-3.479912600785674964e-02
5.167128575573871896e-02
-2.011047952295103199e-03
3.216328798398304656e-02
3.700554457443777645e-02
3.878134971728310065e-02
-2.372467878639297062e-02
4.642424312092155100e-03
-8.538393372059237263e-02
-1.012565236144572639e-02
2.014739822217682594e-02
-3.008302139816077664e-02
-1.569437469215536512e-04
6.433301710272462670e-02
6.951693661690808157e-02
-8.564952841383120796e-02
1.541903974635484842e-02
3.353531252789165168e-02
2.124807818181825153e-02
-6.047229518896306971e-02
4.983898714803556250e-03
9.824546592577132476e-02
-7.601406211759531573e-02
-4.427215002749914502e-02
-2.730786634248523817e-02
1.089330994398574580e-02
-3.111941569089499843e-02
-3.648381265899585529e-02
-2.438751868330129788e-02
1.180644291156015754e-03
7.434373448394232531e-02
2.690763622270811103e-02
-1.223680497393944168e-02
-1.407551329623159958e-02
-2.794849217951898487e-02
2.237461694100251284e-03
-9.280669741633645192e-03
-4.715821828169982494e-03
-3.206767640803063341e-02
3.095942418752672259e-02
-1.245784586675087978e-02
6.169576517122100923e-02
2.053041008903843181e-02
2.868975681963376132e-03
4.665961161104954791e-02
6.333740619007132908e-03
-1.579466787337130071e-02
2.730126810687892938e-02
4.648334445985237429e-02
1.391065166658247108e-02
3.036130983989935792e-02
1.008343622163315328e-01
-3.441419751065234994e-03
-3.916253921431057938e-02
4.340212553255264061e-02
1.284500833801055508e-01
6.058446519427036769e-02
-2.683628101765128844e-03
-3.141388551995381861e-03
-4.448357634842710351e-02
-5.459716336476414661e-02
3.343687313667938893e-02
1.090173054942618174e-02
2.610975243705727575e-02
-4.281940706800667178e-03
-1.596408542760573840e-02
-2.665178178203099491e-02
-4.886383076576181206e-02
-5.752027599886883058e-03
-1.940669914511401750e-02
5.386705288484099768e-03
-2.919936054962788893e-02
5.744439628939625175e-02
-5.767979619969380162e-02
1.392155446541766192e-02
1.475092126096147135e-02
-5.430077690536253693e-02
-2.685463039667074225e-02
2.709244966002394631e-02
1.913321798931718123e-02
-2.729281608126893702e-02
-4.156018093279643943e-02
-2.551584839215012557e-02
5.007671215088009553e-02
7.592951044132587035e-02
-6.515697962910517449e-02
-5.246348249070031250e-02
7.965386881922364992e-02
1.576384468703895952e-02
8.645259652745843244e-04
-3.209504337571204846e-02
-2.069725118936945399e-02
1.287130387791018439e-02
-2.964354748661087238e-02
-2.157308841568342770e-04
-6.112599181653122216e-02
-8.508770436203855203e-02
2.457437443163812754e-02
5.791453628643072893e-02
-5.886392812967029819e-02
4.221777366138926985e-02
3.742025939237923760e-02
4.989802564662727119e-02
5.366593237952670820e-02
-3.847022719836072982e-03
-3.068597445189943582e-02
1.106052808635141389e-02
-8.701778253739334001e-02
3.686990370247374138e-02
-6.810617100393956402e-02
-2.249970063599645090e-02
-2.611317723553864545e-02
-5.311227757181805759e-02
1.912269223251663805e-02
