1.119908303572241109e-01
1.181034063448791220e-03
-3.016585222139523959e-01
1.376453138756796313e-01
-1.964959061801564155e-01
3.599852255495418832e-03
5.123307431611160562e-02
1.099076058382659205e-01
-1.019201794332096761e-01
1.083829078421796321e-01
2.985498905166896269e-02
-1.303721700027922759e-01
1.074004990067524978e-01
2.384672601084139587e-01
-4.808961137863507207e-02
2.340730360649847033e-02
1.159425782100970831e-01
3.412815920186221957e-02
-5.004852161949942778e-03
5.223065523949099037e-02
5.049819648157347768e-03
-1.626948184572988079e-02
-1.542633663718528669e-01
8.501285655375964700e-02
7.039864950361998663e-02
1.107763531382039840e-01
5.055229950159043778e-02
-1.070183883576232287e-01
-1.607167009987077178e-01
-4.899799979347815859e-02
2.524590241800531154e-02
2.587225140212756624e-02
-7.852859669231278261e-02
2.513918130572843912e-02
8.454875206761186535e-02
-1.060405957106581587e-01
2.097980181517704323e-02
-2.310857487903017135e-02
-1.356181292390301781e-02
1.130823168207164553e-01
2.061951314786845697e-03
-5.692602908825327573e-02
2.079521883877076191e-02
-4.896265205665324000e-02
2.440049430868315716e-02
-5.001139842557371026e-03
1.285361213933029489e-01
1.962499892311772229e-02
4.154614809313624674e-02
-9.628465262801916844e-04
-3.384331132081831728e-02
-1.286338038148848555e-02
1.805027177403484284e-01
9.888269514413149108e-02
-6.545948925439946248e-03
4.796490972808287873e-02
5.882525168949270800e-02
-8.356263091279216015e-02
-4.683562216886270890e-02
-9.395163743549823920e-02
-7.078921778475667781e-02
6.854284489875453468e-02
4.971305707056376810e-02
2.339226064269900318e-02
-9.852753916189610842e-03
4.012307080529180225e-03
-5.487508560749135289e-02
5.436520660918123943e-02
3.193963393630779024e-02
1.848228245200790598e-02
-6.341028894970014707e-02
1.459877671388184854e-02
-2.459834479178810152e-02
-2.743006974340323964e-02
-3.483543674874252372e-02
1.629518723644557410e-01
1.497610976935806644e-02
1.705694549148973130e-02
6.750158773069559782e-03
5.328146759485601763e-03
8.655275891883640327e-02
-6.069516310804994041e-02
1.056812431934572721e-01
-8.412173849435157502e-02
8.606999599261115630e-02
-4.289930465224755379e-02
4.156667883342906808e-03
-7.918312702278039808e-03
6.729615120361452651e-02
3.665250410777245310e-02
-7.400011581102522440e-02
-3.604045562357114513e-02
-1.257263152666230621e-01
1.047571016319744086e-01
-1.633614218960518366e-03
-7.132095104592565959e-02
9.286189414806850576e-03
6.380954083011163014e-02
-4.335453185289137729e-02
4.059430940088097628e-02
9.487161474305377817e-02
1.517628448721314695e-03
-6.794874467179036481e-02
-2.301379775088591498e-03
-3.775838791430032731e-02
-1.447539858589569871e-02
1.095973527801615520e-02
-4.650183623391326154e-02
-3.362199252294467613e-03
-4.772018717751694283e-02
2.244542551136416431e-02
2.596741590273017944e-02
-2.240720476213977838e-02
-9.584240240473024632e-05
4.304602197084960585e-02
6.789845081428055873e-02
-8.897138342465384792e-03
-2.246902295028564006e-02
7.835189028922639673e-03
7.349766145150025964e-02
4.422941255008672884e-02
3.243469593808580558e-03
3.826271457404067326e-03
3.934574340552558780e-02
-1.452627350209302268e-02
5.443980808845283459e-02
-3.002736979563705097e-02
2.427017575748480639e-03
2.312323047037127908e-03
-2.181665544937718554e-02
-2.041462539843672333e-02
-5.484919621485794677e-02
-2.081991383299091128e-02
9.275517303579162987e-02
-1.875153859160300432e-02
-4.206180539728348461e-02
3.302534209396299630e-02
-4.694695946960165261e-02
3.501604915745066410e-02
1.990845871951918422e-02
7.730372497899345129e-03
-4.638075005963904901e-03
-4.510955505650806469e-02
5.012447890237525100e-02
-4.013911448127535642e-02
-6.028577498164482129e-02
5.614931502821278626e-03
6.895584850143763288e-03
-6.139627497663476333e-03
5.878322177776117152e-02
1.786435881885487659e-02
-8.029110909679101904e-02
9.279345834709240570e-03
9.404357383228122147e-02
1.092009416311113569e-02
-2.540007665643070553e-02
-3.776074443008865193e-03
2.265783474269563239e-02
-6.322883723399889966e-02
-7.648982316295085959e-02
8.018997260412209088e-03
5.030544640250354804e-02
-1.364095957335263454e-01
-7.471585098991295748e-02
-2.274586513385686362e-02
-4.308075636794879426e-02
5.763973056173463810e-02
4.026384841286574645e-02
-2.254962870266172953e-02
-6.251161712735413267e-02
-4.706736774207374852e-02
-4.870824519462842173e-02
-6.231402489255476879e-03
-3.525266916742933465e-02
-4.123208587252471385e-02
3.340871170358191561e-02
7.470736107686733185e-03
5.058180437050183165e-02
5.691269701947821585e-02
-2.174318380644247456e-02
1.121655676169805299e-01
2.742942412263931623e-02
-6.875612571811728913e-02
2.317478328837072402e-02
5.415609004374579566e-02
2.792981249571972052e-02
7.396609159676634238e-02
1.656382035200348879e-02
1.698654054718366432e-02
-6.995326801962603591e-02
3.467499998890705842e-02
7.246838054861214073e-02
-2.589743061192065904e-02
-6.514668599427758666e-03
-8.607325637746898739e-02
-6.375860135183790932e-03
-8.404610402185772045e-02
7.781021446829296164e-04
2.332534205051813372e-02
-2.043257365567385103e-02
-1.888340663263477631e-02
-7.183208900472542839e-03
-2.814270594262413203e-02
-5.092627532909423799e-02
9.023567028561083059e-02
-4.811143336045575758e-02
-2.420354769464770281e-02
6.440512598483284779e-02
3.133029705931496267e-02
-1.809064889661073788e-02
-7.189849110029515600e-02
3.298031004567919533e-02
-3.964918516457054121e-02
5.119223880279332069e-03
2.301005315045515087e-02
-1.197126160989632482e-02
-2.703078558195355988e-02
-1.939047718062180889e-02
8.309817133522421143e-03
4.811191757602869407e-02
3.890268615628175719e-02
-9.016436147223526321e-02
-5.368172018745159119e-02
6.654029069424884091e-02
-2.231223394776634880e-02
-3.699923473903860525e-03
-1.357349865973006726e-02
-4.461045792495552109e-03
3.959114385789364726e-02
-9.612324743703781716e-04
-2.046627505955075574e-02
-6.768736510551513763e-02
-1.500487217439094578e-01
-2.735120716708975067e-02
6.236596508301256447e-02
-7.149378372442849461e-02
5.620380542068808410e-02
5.568462948337745549e-02
-1.388042677090021819e-02
6.252982363289683043e-02
-8.396782250423175456e-03
-4.817854563886580371e-02
5.637153769515591828e-02
-8.011921256839586725e-02
9.596216505643842196e-03
-4.407917659832127910e-02
2.828038457053122859e-02
-1.865998956727838234e-02
1.900691388477370944e-02
-2.056421572943824272e-02
