1.476003836593814400e-01
9.533329872132006999e-02
-2.815721848088670876e-01
-4.979193871579383132e-03
-1.993523038433547001e-01
-3.568390444866424704e-02
3.478379051101470470e-02
7.165640938082042111e-02
-2.134293995784500644e-02
5.448940733322221730e-02
-4.088807110256644645e-02
-1.789485329453875950e-01
1.061401406927749563e-01
1.930747420085990318e-01
-1.979263940099509900e-02
1.917743369404328185e-02
3.389402124714202547e-02
1.911565211927126681e-02
5.024869585024947273e-03
9.768147600913858197e-02
8.771042001932382801e-03
7.576047568064209203e-02
-9.136641871066243648e-02
6.287276279176298721e-02
5.801019318085576248e-02
-9.803357687473776561e-02
5.660806018225609387e-02
-1.232234304571941802e-01
-1.196662950173969925e-01
-1.065842932401055571e-01
6.764086165876329049e-02
1.981908993609841560e-02
-3.029143290225754306e-02
-1.769216134804304716e-02
8.488460527090313512e-02
-1.390047236651738467e-02
2.665313156051875992e-02
5.417203274174785949e-03
-1.990789498175216110e-02
1.212594066088004269e-01
-5.839145011162298615e-02
-1.020988745202202619e-01
1.096446297004892607e-02
-2.504916601909099386e-02
1.210636535511765699e-01
6.408668638715456570e-03
6.813689672380557338e-02
-7.126649475384609633e-02
8.529524107519666221e-02
-1.471171759898224707e-03
1.349174634815189164e-02
2.998558068588233830e-02
1.583669291477547425e-01
1.914660020023511711e-01
5.451674910175862733e-03
-3.228690455893299532e-02
5.660681882140287252e-02
-3.329979135563315706e-02
-8.493260455722781432e-02
-6.631518375681605404e-02
-1.021742155750813424e-01
9.543372163136937258e-02
9.772597402126185703e-03
2.629418729534411386e-02
-1.962667900384863773e-02
-1.447770516326671829e-02
-6.640071033662667266e-03
6.620161515362875393e-02
9.799907340897123093e-03
-2.356895460580005902e-02
-5.363897965946712310e-02
3.695181132628834464e-02
-2.943648540180608675e-03
-9.808545939244944778e-02
3.019075535408450098e-02
1.535083382575309352e-01
4.710588846754001913e-02
1.015283259742190552e-01
-5.867791800082861053e-02
2.687418928168910232e-02
8.873463821253034511e-02
-1.939686809717479019e-02
-3.599675921344225316e-02
-6.434428467908136218e-02
-3.337936576930138760e-02
-7.011874524086102178e-02
1.840677141254921587e-02
-7.107586628846248233e-04
-6.964320854477967955e-03
-6.759470849883572607e-02
-4.004553721064723487e-02
6.503877833181219426e-02
-1.080077840113337767e-01
6.855749524469036127e-02
-9.486543299871634527e-03
-1.279839856697787340e-02
-3.007912836659070756e-03
-1.813122113289886844e-02
-1.935297485059539468e-02
1.858654592790847868e-02
6.719145720013060263e-02
2.864201445574248318e-03
-5.552533888012069901e-02
-6.238802729346160786e-02
-6.291993450418550959e-02
2.133962966223641039e-02
7.206328927278882190e-02
-1.123835810189497027e-02
-6.548226245406797708e-02
-4.549918556628206739e-02
1.993530040981949907e-03
-5.966690064366283325e-02
-2.770688777607891937e-02
5.240481233323834864e-02
2.067069531117581016e-02
1.020981106058490434e-01
2.112952138038681760e-02
1.026987382802168475e-03
1.095997497311803660e-02
7.076406190594489165e-02
-2.085320718636525517e-02
2.670768777852969983e-02
4.459044576219088618e-02
4.630447863260455515e-02
7.129186307692353397e-02
-2.591394891707184470e-02
3.521237830303178273e-02
1.004324589789456698e-02
1.659632618253512742e-02
-1.332466554326098285e-01
-5.735348145973460238e-02
5.423123610551702257e-03
-2.141627573748165064e-02
1.646015844586605145e-02
1.269908969871992414e-02
-6.929779192992863157e-02
-3.534189361871819396e-02
-5.010504811869558733e-02
4.502839150525535239e-02
-4.828209379085285358e-02
4.641129932551277953e-02
8.242636065409872414e-04
-7.599662071064391955e-02
6.476781153838914729e-02
-7.336729110445282254e-02
-2.252076859919667495e-02
4.827560051869752428e-02
-3.862007299396004456e-02
2.126116929035953840e-02
1.152807262717825930e-02
6.981598051173613928e-02
-1.231204929956729588e-01
-3.652115459951588584e-03
9.176397248134890439e-02
-6.470252868941572810e-02
-4.677931507384561205e-02
-2.681963306367816241e-02
3.062052084742387242e-02
-5.873482962148412340e-03
1.551892045123276888e-03
7.619313768263898633e-03
3.147858766489112364e-02
-1.051597202568514411e-01
-7.523305646684906589e-02
-2.192742994112088784e-02
-1.081263498876994418e-02
-4.350587833365838521e-03
-2.998631277048808760e-02
7.917870602394001811e-02
-3.148030647222636175e-02
-1.737567799000176369e-02
2.073333628961543731e-02
1.132662204153577065e-03
-3.916706751351545224e-02
-4.091900963460064905e-02
3.846878611869400388e-02
2.994206939648855204e-02
6.904605031484782607e-02
2.978982762825849520e-02
1.756799343295514099e-02
5.734947090928572272e-02
-1.827009439963266438e-02
-7.952905625243850141e-02
6.677069953041847583e-02
8.651721760125145877e-02
2.693339264545826107e-03
-1.152332999212363294e-03
5.816428107548292370e-02
-7.814684868702135093e-03
-1.807539172426923801e-02
2.010839067443062969e-02
9.466445985955586340e-02
3.311253684538907616e-02
-1.267493090673025040e-03
-9.745994084148622283e-02
3.570589881660213988e-02
-1.127916386122403830e-01
9.541144079554227109e-02
4.700527457889791538e-02
1.341685091000735172e-02
-2.190460799928084165e-02
-3.696231514889255273e-03
-4.562978309399436799e-02
-4.849926828063618606e-02
-1.597599588334307902e-02
-7.595400065468321804e-02
3.492320488376143839e-02
5.156119622929324769e-02
5.492607988566799646e-03
-4.291075720871643379e-02
-7.373186923811518578e-02
7.735365093157644048e-03
-5.197415560646589244e-02
1.701036777173365808e-02
2.537373413756096804e-02
-6.377411809026575914e-04
-7.084984312387924976e-02
-3.752067289471978234e-02
8.536042843487369122e-03
4.597316260385550524e-02
3.578525042191210703e-02
-1.268242045054470135e-01
-7.598057850884841480e-02
9.320309166742156426e-02
-7.904314305281483211e-02
-2.048213578054756956e-02
4.474984922765108675e-02
6.039920805776881688e-03
1.338412991110697788e-02
-2.539747914259956468e-02
2.181475257136667595e-02
-1.107933341064383376e-01
-4.596348635515344616e-02
7.560587850976744489e-03
3.166316847483595376e-02
-2.787345293876926020e-02
1.830564824765962967e-02
9.988594190587228236e-03
-1.729187021752638664e-02
-1.126067076748754094e-02
1.210737435868297109e-02
7.773910939138534495e-03
1.186157854379144977e-01
-4.108041837528528945e-02
-1.717094893851614512e-02
-6.303662242438860461e-03
-5.822784511712110478e-02
-6.116888361653339407e-02
2.441785445081273015e-02
-1.017288853264284795e-02
