9.725089633752552476e-02
2.035342743032343416e-01
-2.581512041173542604e-01
7.344250020447261329e-02
-2.334212288876097996e-01
-2.752558874743780623e-02
3.557766086416100371e-02
4.938761372433206343e-02
-4.212825871963358365e-02
1.117695414126898407e-01
2.873112524344819882e-03
-1.005211790957906554e-01
-6.923060613874758296e-03
2.063760885274484314e-01
-1.150462851271022852e-01
-6.700368663048353324e-02
8.323347860408127075e-02
3.802038929459201216e-02
5.778549309696021097e-02
1.706070340125917517e-01
-5.025669349393713931e-02
3.268769790644704409e-02
-3.716319248955939070e-02
7.033241019812137840e-02
1.471474645772613901e-02
8.718696689102989339e-02
1.197735297301458085e-01
-6.199267943081909760e-02
-1.487351714994530893e-01
-7.779867813511563701e-02
2.279711039397419592e-02
1.144354488006920217e-01
-4.767091494900822790e-02
7.895389060083284061e-02
9.892038792572271921e-02
-1.517120164604345012e-02
8.277783509367191150e-02
-5.895784820009342120e-02
9.239138070260172197e-02
1.597252254389248394e-01
1.227993675696513465e-01
-7.782903488887313315e-02
-2.729698778144149310e-02
5.629116160129959620e-03
2.400943251729508940e-02
6.019192329134749608e-02
1.044875243608012622e-01
-5.872356548874142074e-02
4.531075039537435512e-02
5.435297215845312502e-02
-9.503121699620041551e-02
6.983767627966494529e-02
1.320341842667295817e-01
5.943690050136818392e-02
-8.902191090398456352e-03
-6.728160514616715084e-03
3.401839513586402131e-02
-8.984521203958099889e-02
5.115518847092648952e-03
-7.814825157651349163e-02
-5.840847212487347562e-02
4.720660271854192069e-02
-4.430332824313750612e-02
-8.779010851087275594e-03
3.921699733361490303e-02
5.175251847694839480e-02
-1.259740022032431184e-01
7.033666339035905823e-02
-2.294727080694578675e-02
7.647337044700747155e-03
-3.394534412414811769e-02
7.421080204502604472e-02
-7.139600046158867119e-02
7.261887439771298226e-03
5.578905764743892493e-02
1.618940612760956521e-01
6.381440932743225047e-02
5.085165340046781529e-02
-5.893106282913091777e-03
4.468790123592636387e-02
6.422713131006897724e-02
-3.193936334242928471e-02
4.717066162077768882e-02
-1.011938003445544132e-01
5.878018813960033534e-02
1.140621743643818915e-02
-5.952115266821386003e-02
-3.453020675750383822e-02
-1.766860470035427498e-04
-5.757296335354139712e-03
-9.300880785362457270e-02
5.403632037300190073e-03
-7.474284068013209437e-02
2.707150365861172442e-02
-7.300153183063906592e-02
-5.086804929420849636e-02
-1.955734672504815322e-02
2.779152689720002997e-02
-4.260536299392925913e-02
-1.733000514427196145e-02
6.598240101957882076e-02
8.222082924611719135e-02
1.392241895109724154e-02
4.508075334337636325e-02
-5.957069748771540857e-02
-2.451527018953235035e-02
2.964052917152045635e-02
-7.368665291918533033e-02
4.926008289143424430e-03
6.846090821219245892e-02
1.513597482483822372e-02
-1.072002493305342780e-02
4.073139350716015183e-02
-6.476413741397168966e-02
-1.224127166814181246e-02
3.076941080590361779e-03
5.202212541085456804e-02
-7.988459295720982956e-02
-8.787614636911593793e-03
8.136713888964693109e-02
2.584463626718028553e-02
-3.606320658869940909e-02
8.443950210683644556e-03
1.291643509211329033e-01
8.503322826294702763e-02
2.799623206558616434e-02
5.014695464078168519e-02
3.713864734962284142e-02
-3.403725853044489019e-02
-6.669265165615534049e-03
-9.788504405345223314e-02
-9.741245270832478431e-02
-8.631804945700640927e-03
2.499461469485398171e-02
4.351113060497387684e-03
-5.548100964781201710e-02
2.034639505292891795e-02
-1.685085544164824020e-02
-7.979995118496832282e-03
-4.659777935334338123e-03
2.133862259472885450e-02
-1.786632943873199889e-02
-4.013753748258429288e-02
6.460673683406115142e-02
-1.343682127917273095e-01
-8.377753007222503434e-02
2.853210182041774831e-02
5.899404903478819122e-03
-2.343021916217873091e-03
6.220939743224296326e-02
1.752146372920027756e-02
-5.510520277642906584e-02
6.374444269176657296e-02
5.628288248663845805e-02
4.008084989749275545e-02
-3.419784088775461306e-02
-6.398879020917720706e-02
6.843973965235300438e-02
-2.650660830179168634e-02
-2.727055954875849328e-02
1.486565361437304500e-02
4.988673070349147060e-02
-3.977978232787425517e-02
3.800266224908228213e-02
-4.724900477245345953e-02
-4.264231057229935472e-03
2.960692570613113889e-02
1.764545564641941539e-02
-5.106794932937953890e-02
-4.605947456478793473e-02
4.558525986384458217e-02
-6.519082025662524538e-02
2.781581230020602896e-02
-6.596486877676699390e-02
-3.365729586817321761e-02
6.887431200427185374e-02
4.373012130454001500e-02
3.044081112164730846e-02
1.174868057936236630e-02
5.376197324011326543e-03
3.500062280583796787e-02
2.437403823354826471e-02
-3.132015050000892809e-02
8.232105523419143422e-02
6.004598360349726500e-03
5.772559126735316015e-02
7.078948226164873125e-02
7.252988203188484584e-02
-4.521997233814871453e-02
-4.594704094097806779e-02
-2.069048155166900230e-02
8.937171161519663620e-02
4.031555468135688408e-02
-4.878706947379466558e-02
-6.337370069052926380e-02
-4.581694520589111620e-03
-4.757046169111977391e-02
3.974689313904393798e-03
1.627738876612020488e-03
5.466624736380725630e-02
4.515007063671566852e-03
6.175602661997587478e-03
-2.598762144744555525e-02
-4.756124103008540355e-02
4.606934456814865825e-02
1.871274716114698644e-02
2.310353503778518960e-02
-2.150381528255576255e-02
7.968628381073836198e-02
1.794639334757263532e-02
-6.632177978645274752e-02
2.968458704836422768e-02
-6.872171655757640385e-02
-7.182830011536526366e-03
3.631365792397785869e-02
-8.917905174696455495e-03
-2.052733429217014089e-03
3.693783823519488892e-04
-3.977578887256711521e-03
7.559591416139228859e-02
1.140359084672804835e-01
-7.526611319383222365e-02
-3.779126885473460540e-02
6.894067479002621672e-03
2.200936075074616180e-02
9.406827479331946948e-03
-1.725312301283050964e-02
-8.358788964581054595e-03
-1.574720075664430606e-03
4.496715090337904258e-02
-3.290344189438135919e-02
-1.876654517288621482e-02
-3.114161382737525019e-02
1.228338151800649307e-02
5.981157102367999634e-02
-3.479000862228192464e-02
1.111790944353274052e-02
3.423008073425857145e-04
1.005896197769893738e-02
8.776316080432866248e-03
1.482828396349081777e-02
-2.920251530527187556e-02
3.160491957723569889e-02
-4.981286801386760471e-02
1.431507625584932733e-02
-1.179471895030154670e-02
-2.342073876421382414e-02
-6.982972183616698025e-02
1.365242241179524503e-03
-4.629551050042111059e-03
