1.247877537925931590e-01
1.031325741145674157e-01
-3.043960269260776452e-01
9.834079231422583611e-02
-1.721566498084722285e-01
-6.808245105833024557e-02
5.625893844933909510e-02
8.262925909838274297e-02
-4.812345566301500649e-02
7.071516799647285800e-02
-5.991439265545376452e-02
-7.782957820064068111e-02
7.701329461472662674e-02
1.203459150634521857e-01
-5.427502464768135110e-02
-1.876065009422506549e-02
9.403594743545599932e-02
8.918244169633629537e-02
6.034074806968959398e-02
1.105646455414685814e-01
1.489267099895946050e-02
-3.257049193135178738e-02
-1.256414438480152884e-01
6.508640828066389328e-02
3.801933501546055777e-02
1.194128097023467241e-02
1.378797569932266875e-01
-1.551419287260416835e-01
-1.199043489905856769e-01
-1.307381569207340388e-01
7.225304392219027150e-02
5.053927383162791498e-02
-1.044685660839956981e-01
-1.028550611968034358e-02
9.691226339797787137e-02
4.198925163627038187e-03
2.404328572394026772e-04
-9.897915036323901017e-02
-3.298140820066849249e-02
9.192228606286062531e-02
-1.853007478828708893e-02
-4.386695195470017433e-02
3.069393404436420933e-02
-5.002123013392949236e-02
8.483438026815226518e-02
9.149896625217127880e-04
6.952746362824449577e-02
-7.962949525830459452e-02
8.427651467446795053e-02
-1.100510736468439943e-01
4.841931276565116654e-02
7.227892815458110409e-02
1.244248849256463091e-01
1.352033665330929779e-01
-6.077836459385584783e-02
2.514077064913174467e-02
8.108651967881130851e-02
-4.188613903838560304e-02
-6.000147857224913395e-03
-7.794209137725000014e-02
-9.751696868079312575e-02
2.625558789134659413e-02
1.270906018120198516e-02
-7.502755292276133692e-02
-4.085612285008168726e-02
4.692703617492743201e-02
-9.778374274300025148e-02
-7.199015412688669277e-03
1.375183896076038852e-02
3.419688997339193591e-03
-2.730473164608306774e-02
4.730048069293937840e-02
-4.547621352510704262e-02
-5.287293485909615870e-02
1.990680259885503969e-02
1.096226292151138287e-01
1.283704187953893516e-01
5.578887687221383701e-02
-4.888725268438372934e-02
-2.851802647861712003e-02
2.652135008570489019e-02
-1.213516790642827151e-02
4.335579548655341120e-02
-7.546513680602924545e-02
1.737471755032267071e-02
-6.520290364687181262e-02
-3.678106989568945447e-03
-5.003882357813965384e-03
5.728477660265431814e-05
-1.658924697245015012e-02
-2.600379600148170628e-02
7.167118726821937458e-02
-9.950388544509899957e-02
2.285009768478925632e-02
6.117942331187112975e-02
2.423478987455438341e-02
-1.800664534236106826e-02
-3.231510954266850200e-02
2.133471133803436365e-02
4.199111216747627301e-02
4.915621368678024100e-02
6.729867780717187220e-02
-3.008717238495296417e-02
-1.065790612894512105e-03
-9.349626282215212775e-03
-9.025077829930203827e-03
8.455595340523451575e-02
1.981801935534551612e-02
2.095271490465495587e-02
-9.382789434937890277e-03
5.107837090876150149e-02
-1.033428794226306097e-01
7.447657455862868869e-02
3.018682504761273713e-02
8.037840803002613277e-02
3.789543016532740533e-02
-4.918692877212672843e-02
-5.033468068077581042e-02
-2.101437356163638609e-02
3.668983858480374255e-02
-3.076026034980956433e-02
3.123228038083576338e-02
4.665265678340498046e-02
8.853922015346911423e-02
1.006220646998437912e-01
-7.147886709514653103e-02
-2.450737401666763793e-02
4.677652899263977371e-02
-5.191776425070671053e-02
-5.777442271878902719e-02
-4.052266343254738029e-02
-7.343040112564197530e-02
1.638586153483696795e-02
4.542689312770157445e-02
9.577198625505073393e-03
-9.252731775465937447e-02
-6.716752667760522710e-02
-1.346068214748649856e-02
2.079940060510927433e-02
-2.272870618382898458e-02
4.190663752254882718e-02
1.291267410510361403e-02
-6.194697403655000101e-02
4.300382867965516637e-02
-1.408156099543373119e-01
-3.383908044568920137e-02
5.424770421576316504e-02
4.479933921604194874e-02
-3.964256689036084469e-02
1.790957131067087357e-02
-5.979225041383147247e-03
-1.379721307355545878e-01
3.308220329477048246e-03
8.059034538300678674e-02
5.829664445147613241e-03
3.369976909153528377e-02
2.891396057559158898e-03
4.445491245666234603e-02
4.153267075016330023e-02
-1.994417642746474859e-02
-4.121337748251248378e-03
4.465790620349534279e-02
-5.503359912531421982e-02
-4.930061702107661759e-02
-5.621262101458172900e-02
-6.960364748499127396e-02
4.444182345642435500e-02
-1.403705513053474414e-02
3.954725546718149826e-02
-6.160075202776119779e-02
-1.742172044394536129e-02
2.047273049443157356e-02
3.832919506348848177e-02
-4.321230609741081446e-02
-3.918670410401744325e-02
2.526682979855593425e-02
-2.216803347288665363e-02
4.320920521206764175e-02
3.324018524278007924e-02
-1.299284015144898038e-02
1.105876247339063478e-01
9.392591496712121568e-02
-4.689442791747669426e-02
9.223012237519090384e-02
2.239968592847015050e-02
1.108520812923306786e-02
4.864792961768819174e-02
-4.478468345268320910e-02
2.743855932931434094e-02
5.414912870274891238e-02
3.251062852377956114e-02
1.020847033548665517e-01
2.757764219717981444e-03
-2.312617440302586203e-02
-5.541961038919056975e-02
-1.229938426602254775e-02
-6.042179542029038619e-02
8.168035554247632390e-02
-5.364120368353870322e-02
7.131905725682938235e-02
-2.804767113340672635e-02
9.091828467054093033e-03
-4.769690440338909126e-02
-6.037946017513161692e-03
4.848328892641538823e-02
1.717825198315949464e-03
1.326170323115044222e-02
7.393166740158894912e-02
7.793011216755588166e-02
-2.717442917987349799e-02
-5.590266304385876905e-02
7.893695331803193826e-02
-5.095254024562574646e-02
1.089168024292130887e-02
1.937191619760848804e-02
8.533767027979689140e-03
-7.045573813639427474e-02
-2.609528843955420674e-02
-4.098903658815918755e-02
8.367559573586119681e-03
1.118971775756718717e-01
-9.564478467418434382e-02
-5.515091051398085531e-02
2.345463976311276677e-02
-7.209538838316414955e-02
-5.833095003564102432e-02
2.003945520974574276e-02
-7.779860198810739993e-03
6.045048676993922815e-02
-3.664786238952681685e-02
2.438278370766916101e-02
-5.562537861238323750e-02
-9.276125507312731056e-02
-5.121781282650880729e-03
1.031143931341869657e-01
-8.275969212818569398e-03
3.209791700505365553e-02
4.395684498875357220e-03
1.927934660989046771e-03
3.107576727325187319e-02
-1.466803633652101653e-02
3.074596363633266133e-02
6.278923977754993779e-02
-2.426971563578790916e-02
-2.467074171290483883e-02
1.185886270190321737e-02
-7.159454643889570343e-04
-4.101906621464035396e-02
-7.917147817267015594e-03
-4.014729310153283826e-02
