-2.698011977424772390e-01
1.400505731510090224e-01
-2.659501001255689112e-01
-1.560837845661524649e-02
4.908352618574885612e-02
7.191573211124518972e-02
8.318790239379087251e-03
1.074830719424110445e-02
-6.356645111361472478e-02
1.064386801136058339e-02
6.440859622395779527e-02
-1.335705645805643493e-01
-1.342360633539176062e-01
-8.642707309206223987e-02
-8.528983820107234604e-02
6.210697003153053258e-02
1.266540898825866956e-01
2.150369061548830507e-02
-2.633545696983806417e-02
5.824979649195729386e-02
-4.974780236490734114e-02
5.205250356697600084e-03
3.191452476366389481e-03
-1.408317367448493366e-03
-5.384830919754878681e-02
2.297839855254371275e-02
3.815975820040375978e-03
-4.476176685216293541e-03
-1.234575617878965609e-01
8.562160580756225312e-03
1.600079414482755424e-01
2.295798493432194345e-02
-8.031284247570744106e-02
8.651521101901249282e-04
1.308992333133003616e-01
5.252790746719694648e-02
1.396765704723361423e-02
1.102894813440426745e-02
-5.405148212373424299e-02
3.000904131932753960e-01
1.195941270841137521e-01
-4.772470535903409333e-02
-5.575996489015328655e-02
1.022813041267530976e-01
8.401704354769867766e-02
-4.911746243673096451e-02
-6.296067421426054800e-02
-1.059170399238371953e-02
-1.699903860002654477e-01
-7.384780142207146569e-02
1.356831332525094101e-02
-1.533222036183290622e-02
-1.438889631979535337e-02
-2.016143038286633341e-02
3.540162274531108433e-02
-6.817018512648537198e-02
1.282019311814747153e-01
6.841051750653004415e-02
-1.316422741972491858e-02
-7.372576429244804240e-03
-1.218333639242988016e-03
-4.737104220196510646e-02
1.295179241630636108e-02
-4.910371751411703178e-02
-4.786215458517340676e-02
-4.592856629368091692e-02
3.586731998859173792e-02
2.320435618872260589e-02
2.216566979949297772e-02
-3.680812474562188824e-02
8.468524684760399268e-02
8.985033683741884547e-02
-9.493117897272133898e-02
-9.754449258819714681e-04
3.573309396532953815e-03
2.500564496901739459e-02
-3.327816187053987684e-02
8.117132589028971945e-02
-3.775085601471652591e-02
-5.414317668834200958e-02
-6.840933196064421205e-03
2.026912981693290965e-03
-4.647069419828916970e-02
-1.244448992209458427e-01
-8.829171448063147243e-02
4.217120089837164687e-02
-7.555865528026219080e-02
-6.316255044963335792e-03
-4.760785499266120130e-02
-7.930968541474401820e-03
4.822948856823846111e-04
8.351307540129081219e-02
5.280099055233789668e-02
7.164439029662407477e-02
-3.089843784288304543e-02
-5.608821290729462672e-02
-2.578632693484158092e-02
3.855384106251803084e-02
1.127227401781068644e-01
4.103385486245494929e-02
-1.827719043887183342e-02
1.921391988191941541e-02
1.284976137350644573e-02
-3.626377394247767838e-02
2.287662684790632214e-02
-5.383437903339019504e-02
-4.093167562641930601e-02
-2.198391079587047256e-02
-9.605518761742234957e-02
-1.656655887053470541e-02
8.468206069303580927e-03
-1.725762097705133696e-02
-8.901467518113892474e-02
-1.907317335628511135e-02
2.724013962565909313e-03
8.012834189722393974e-02
-5.536984619709479222e-02
-3.980333232957318501e-02
6.018279201050687893e-02
-3.152688830730387276e-02
6.235930606366932999e-02
-1.932291600679862664e-03
1.026534543899793647e-03
1.226792138655351250e-01
-2.889145685139540148e-02
5.796548776920982388e-02
-2.298847569257333242e-04
3.051806285507378119e-02
-2.069018384794998541e-02
1.043724959244441558e-02
-1.740344312100938415e-02
-3.999335310608762017e-02
-5.988766518155113489e-02
6.465641236240683709e-02
7.333364499070718634e-02
4.284092317894318963e-02
9.940391016520691569e-02
-3.665355920075578228e-02
-3.166307789093948666e-02
8.252288524845374784e-02
-5.470034620637683094e-03
4.909019488135669268e-02
-4.641664071555676174e-02
-7.909591667220388853e-03
-4.743809964113281097e-02
-8.627524912205714047e-02
-1.954876249805072644e-02
4.936057343994557783e-02
-1.170241229417799504e-02
2.209990905113791426e-02
-2.813500447961303150e-02
-7.482646955083055960e-03
-9.139321366290992232e-02
1.010136221400121104e-01
1.672605184048881963e-02
-5.937084127194372507e-02
2.620752915909438374e-02
1.133879425649886724e-01
-6.985125214429442619e-02
-5.035643198404931437e-02
-4.636166102510103082e-02
-2.584986478466069423e-02
-2.490617025953381983e-02
-3.810196283846917220e-02
-4.898453310428140320e-03
-1.209534295388446368e-01
3.960441995891497008e-02
-4.650303737198718465e-03
-4.841795331577773004e-02
8.432417402874852613e-03
-4.578463361347841210e-02
-1.512360133423438883e-02
-1.343682887684974521e-02
-5.558643061111378375e-02
-6.041193580125395896e-02
-1.812477369592381191e-02
-3.346306998042163777e-02
5.936465420435200341e-02
5.494453161055047608e-02
6.042986718277726550e-03
4.771270170693998891e-02
5.574295971635329777e-02
-6.248360314013762934e-02
3.412482687457271766e-03
3.465039418508818192e-02
-7.331304613094075107e-02
7.438944769866359663e-02
5.960087422210519348e-02
3.074490965066705578e-02
3.745387677031415674e-02
-2.455432246960252349e-02
7.451804237896807181e-02
-4.606883119129909915e-03
8.850359375941604587e-03
-4.919811660527686342e-02
-2.646523719602837318e-02
-1.085678464279526134e-01
-4.015929248179598426e-02
6.307752458063342615e-02
1.377774741564597415e-02
-1.187103396745306100e-01
-2.379416526692690673e-02
-1.479790965040938926e-02
1.204773958173718231e-03
6.088348667734594377e-02
-8.862170376829263396e-02
-1.000189491417942042e-02
2.250054946393321986e-02
2.617896491290748126e-02
1.257378852026876798e-02
-3.241949321441292553e-02
-2.195864384917855378e-02
2.617485255061597835e-02
-1.003480863183499189e-01
4.695139600668746249e-02
1.842282734128521809e-02
-5.809389720796962614e-02
-5.560580687668544367e-03
1.340744956786632872e-02
-1.297187259974773819e-02
8.741715209997250047e-02
1.508925755185402430e-02
-2.782105710971960986e-03
4.798719262782036310e-02
-3.224573664551982563e-03
-2.171212440154215995e-02
-5.146795534864009869e-02
1.523841404361599150e-02
-8.567050957535305919e-03
2.187072821208189619e-02
1.333998459730036893e-03
-3.271773210131899683e-03
-6.390266451717653562e-02
5.779365771238121480e-02
4.900313135536547848e-02
-4.108427761091198310e-02
4.496979310681853415e-02
-5.886302010140689878e-02
-1.924252117641525248e-02
2.132963766012374238e-02
4.588321916354761582e-02
1.666184712110891503e-02
-2.290767333079169951e-02
-5.252075714357299502e-02
-5.080831020809817300e-02
-1.713525041264751803e-02
4.261226101621222451e-02
3.862986419244737735e-02
4.113236631590628384e-02
-1.603832408177610636e-02
