1.478652931892361910e-01
2.486257303363150484e-01
-1.830194412415542815e-01
-1.165491840464169667e-03
-8.595266162419830033e-04
-4.671566270851884584e-02
1.956612971953715363e-02
9.200683538980371223e-02
-3.041634400613462547e-02
4.988844021455507427e-02
1.998213768500272519e-02
-1.095890800989850200e-01
9.166639894543299194e-02
1.797242909039907521e-01
3.741135006396695967e-02
-4.826448114611546492e-02
-3.966222130345395391e-02
4.669468166779382895e-02
-1.257958568334320293e-01
3.037726557483163073e-02
6.100878954366265039e-02
4.003209086656688009e-02
-2.872486774976948029e-02
7.281475155428208945e-02
-3.797641291117093143e-02
-8.191903168576053496e-02
-4.187868761360040437e-02
-2.158771762693044993e-01
-1.057585651961916728e-01
-1.012147280541516869e-01
9.291369364294194133e-02
9.819876145438727333e-02
-2.695152234555158594e-02
9.220885662711648945e-02
6.025254400625030399e-02
-2.513419299024031994e-02
1.087726093625247109e-02
-5.774559137554451105e-02
1.913457655960075846e-02
1.344789251710186428e-01
-4.526787146228061776e-02
4.005323763431184458e-03
-1.396734065933621233e-02
-2.186913867949880422e-02
3.746010695323473416e-02
-3.533701124612522587e-02
1.125684873181495987e-01
1.479680439416020121e-02
-7.975195202755766544e-02
-6.306572702441018419e-02
8.592299648762817543e-02
3.722368078658141316e-02
1.170975416100104999e-01
1.096501007877287159e-01
4.333181526988086341e-02
6.580241045016352319e-02
9.213507495783702927e-02
-7.038618780401022235e-02
2.139615376457619164e-02
-7.248767270771892812e-02
-9.121893599158188704e-02
-3.288441707796134483e-02
9.631030206211568800e-02
-6.080096786065180420e-02
-1.217410801272493168e-02
2.295789890972850522e-02
-4.896597047613803627e-02
4.776882477486439800e-03
-2.321096406918429778e-02
-4.996384600862997794e-02
-6.983299101143429499e-02
3.214865540021417945e-02
-5.255419247577201164e-02
-8.035602701525663971e-02
1.117763784536211780e-01
1.878787894841652539e-01
6.231879534551873490e-02
3.686385428087714244e-02
1.762042821457660913e-03
8.379622164067589141e-02
1.267959199625872668e-01
6.035091956528956803e-02
-9.715073692566002228e-02
-9.727234741289554620e-02
6.472220173416297351e-02
-3.958005384696530043e-02
3.372889568079233402e-02
3.236383536291057798e-03
-3.663296339668997703e-02
-2.245027704763742291e-02
-7.358833213798067485e-02
2.414483582657353869e-02
-6.037511571020151568e-02
-1.053526665789427524e-02
-1.208726705427382898e-02
2.215200155714067837e-02
-6.288856484008913117e-02
-9.132559790161839941e-02
4.876451271069307154e-03
4.164239402856304006e-02
8.839282626586630193e-03
8.858752236889752552e-02
-4.299582030964466811e-02
8.615116944868825288e-02
-4.232681347553128581e-02
-2.398053405900021223e-02
-9.710423392386349772e-02
8.377335131192350029e-03
6.013153013628656784e-02
-5.551689441132613700e-02
-4.739030426131034951e-03
8.964515906478158491e-02
-9.806432369580800334e-03
1.142687802519757982e-03
-4.614380505349714029e-02
9.553098732352700850e-02
9.254196793720563530e-02
-1.075842140479041642e-01
1.029900621826089144e-02
7.843783619560694420e-02
-1.357698723655810860e-02
2.337599503564537912e-02
-2.408580386206918278e-02
6.809259213878143813e-02
1.767757089105359211e-02
-7.090067076472701679e-03
-9.234346011271568622e-02
1.096043269848199636e-01
-3.109022321463438682e-02
1.781999669199419919e-02
-6.151833383918509784e-02
-3.952188366296466304e-02
6.972964364179668958e-03
8.746475495417513346e-02
5.376870636873586767e-02
-1.980696422492101566e-02
-5.364928347816360493e-02
2.479077345951059570e-03
3.590654872286769966e-02
1.223436635717688008e-02
-7.472531893101433224e-03
6.411547511414486360e-03
-5.993066898811340998e-02
2.903020321131587894e-02
2.201593967376595448e-02
-5.567814680173248376e-02
9.580181841952090105e-02
2.380492970866664518e-02
3.807240200112298190e-02
-8.956517920495619609e-03
8.109410887128302992e-02
-8.169592997151077507e-02
-7.634911227243398879e-03
8.209221642160291141e-03
2.256542418109510478e-02
1.012111483505208701e-02
3.867505173645044772e-03
-1.723783081633192132e-02
-8.910429236248956775e-02
-3.707353210651136849e-02
7.582806652172736916e-02
2.688105521667102926e-02
-4.991949745809273753e-02
-1.602315119634812029e-03
-7.288574900962646423e-03
-2.757833508038700504e-02
-2.518855145278223184e-02
-3.331626854653364778e-02
-2.181597345150049563e-02
1.430323618336043880e-03
-5.122801171676931442e-02
-1.222110819558129037e-02
-1.320247731688673062e-03
-2.320692032989763939e-02
-6.669398867206283166e-02
-1.634784357382407585e-02
1.278119923218691469e-03
-3.512130095696499449e-02
1.101855979345745147e-02
-2.105389432298608587e-02
7.619707430433658724e-02
1.047511769327549025e-01
-5.706843077204985099e-03
1.210722721655598660e-01
4.968522574269868680e-02
6.961197745763585132e-03
8.443450268529149871e-02
6.918940670218046152e-02
9.379860963863947965e-02
-4.530883918161098672e-02
4.207732801970630321e-02
3.450482958817414209e-02
5.348740132508147949e-02
3.003895043631620715e-02
-9.790307130540167047e-02
-1.683073896453938720e-02
-1.240300022905156535e-01
7.142115304356583261e-02
9.293474097447494697e-02
1.123775035003651487e-02
-2.325647270886115319e-03
-8.275346723118286868e-03
-1.821204053037574211e-02
-3.757866806330328879e-02
2.445640262406986037e-02
-2.030785757000233560e-03
5.561351326395398698e-02
2.601175070625229985e-02
8.155559233102146685e-03
-2.418749396150734685e-02
-8.012430749596975710e-02
-2.207285033241501368e-03
-7.504550353354778880e-02
1.140211840841781968e-02
8.895533691696312639e-02
1.949294466752950553e-02
-5.068200747685899787e-02
-4.739298903903346044e-02
2.147991220045632199e-02
4.365819806296025035e-02
4.882616316211255830e-02
4.744191165532118254e-02
-6.884625233468263938e-02
4.313678771280975849e-02
-5.473512691284228293e-02
1.087368123262166331e-03
7.109357701594283064e-04
6.835477228433419275e-03
-2.850428508622288373e-02
1.317493348617189419e-02
-4.311809370495998245e-02
-3.104657071758091039e-02
-7.512641146468485021e-02
-7.194150274078867091e-02
-9.883760597087070873e-03
-5.001084619148633836e-02
4.802550278335498274e-02
3.833733321520683274e-02
-2.655874930828228640e-03
2.845264454680807020e-02
-3.653286427664328376e-03
-4.553383018388811564e-03
3.723717096600491494e-02
-4.811691780755656539e-02
3.132505840189624136e-02
-1.013677272389647693e-01
2.238342276779166796e-03
-8.618998271675932729e-03
1.994832937293397265e-02
1.102495685642732384e-02
