1.732646440541271982e-01
2.369472443389931959e-01
-2.207165490154600618e-01
4.826592553448173090e-02
8.279355234905574901e-02
-9.711780233285215169e-02
-8.818241680539047611e-02
1.814489044107359950e-01
-9.668031886808710340e-02
2.098474624426922286e-01
-1.059999448758812760e-02
-6.438413306522183799e-02
1.330848459613094559e-01
1.221104180974359465e-01
-6.740295768924479090e-04
-2.269936215386503600e-02
1.473126027037083285e-02
1.123340347263866203e-02
-1.063814010049070197e-01
7.381794841382979810e-02
7.404580116243276999e-02
1.154655637038597554e-01
-4.760816894411544486e-02
1.096180856500653666e-01
-4.462114779946300264e-02
-6.384873324616915924e-02
3.342412651723263017e-02
-2.172288705686159505e-01
-8.473167741921598661e-02
-1.500302533280503670e-01
7.480939403969258383e-02
3.559728177491992135e-02
4.030596014425060977e-03
-4.590563093174360176e-02
4.090883407663703508e-02
-3.539597317544138089e-02
1.570185419866966872e-02
-5.864400722292130268e-03
1.352059338495603842e-02
4.944240677329689304e-02
4.591735614446872810e-02
-8.567241691405903803e-02
1.279814703256275388e-01
7.990893345801848568e-02
1.012016103944730211e-01
4.009663880045594847e-02
5.145413152966575587e-02
2.645866953930171503e-02
-5.988149669259119900e-02
-1.716552580615847597e-03
3.064039395521021142e-02
-8.533108638108733573e-03
4.313900666163936887e-02
1.385064110768802204e-01
2.544897094376131000e-02
3.983432197012266862e-02
2.930180159586829106e-02
-4.842853165079635119e-03
-2.484368390690902539e-02
-9.154894503315393062e-02
-7.207169608594187447e-03
-2.456252629940002333e-02
6.052158812077794436e-02
-4.609880303795907408e-02
9.679667381547281402e-02
2.238268859857651255e-02
-7.425567937648877570e-02
-2.355746828937088384e-03
7.465433660914293224e-02
-3.500093559948600636e-02
-5.410768019947889522e-03
-1.815112429427706217e-02
-1.520688934803845517e-02
-3.330535846538106720e-02
9.632463345726723081e-02
1.215940446789794405e-01
-2.681367433091326816e-02
1.964208254457209049e-02
-6.480113607926384599e-03
-1.175147843911596157e-02
1.642882976252194593e-01
-1.641860809950247344e-02
-5.975774774562420816e-03
-1.990947308173101130e-02
1.037068768885829745e-01
-1.273739248704931215e-01
4.410483625547997888e-02
-2.839085466000754177e-02
-4.626314163953123421e-02
-9.724733654308984065e-02
-2.833813760859960409e-02
2.644183968251420658e-02
5.865576337288316150e-03
7.777497567928298543e-03
5.086483904420895097e-03
-2.049328967628452278e-02
-1.116457430833562303e-01
-8.768247105964384336e-02
6.820361337612121030e-03
1.328042761612985290e-02
-1.169588422469104196e-02
6.422415661403026166e-02
-3.117635064452424498e-02
3.819204969492375618e-02
-3.608373888544716412e-02
-1.947168024459854443e-02
-4.434558983180425518e-02
7.008335988054978372e-02
2.982897210994766429e-02
-3.785755629127198624e-02
5.102354706869411012e-03
3.189678607652930709e-02
-3.795565826898006367e-02
-4.597691032519658771e-02
-4.200902408964705265e-02
7.388532971545332118e-02
1.121095850738252492e-01
-1.281611537966236003e-01
-8.766066030774090183e-04
3.492473718539108180e-02
-8.983585742305316701e-03
5.791265094634639315e-02
7.738340307384268535e-02
-3.332119833059284109e-02
-1.220195554331254296e-02
-4.348104875105613179e-03
-5.003992856372699999e-02
8.316888290520661753e-02
-6.999831341674671303e-02
-5.229881090442567437e-02
-6.117581786615567535e-02
-2.954905199190833651e-02
1.276028913596187753e-01
1.057549528981233805e-01
1.341178712333531212e-02
-1.493959162258975959e-02
-4.334851362885448062e-02
-4.033569082875942263e-02
2.324060911066190907e-02
-1.165127272930944298e-03
-2.813713838148847526e-02
-3.075155144682330949e-02
-4.461969374933613675e-02
2.769111623938270289e-02
2.415396915098851072e-02
1.491378996714714210e-02
8.776136101333530115e-02
-4.197425063554932612e-02
5.453396438454343603e-02
1.035695155574496013e-02
1.256395215042772906e-01
-1.945030261400999480e-02
1.853898443130834808e-02
1.386396577555269044e-02
2.906769952544348973e-03
2.838429596581829029e-02
5.257353356669239308e-02
1.500836509986666449e-02
-4.727379928941063264e-02
-3.226951790479388321e-02
3.294506340628667457e-02
2.169640787593433290e-02
-7.532681932419829640e-02
-1.639549798365638744e-02
-6.212775664069923598e-02
-3.234271540692485597e-02
-3.126780111633285092e-02
-9.349526847105074645e-02
2.227180954209408842e-02
2.563843058156776988e-02
-3.712985060863260162e-02
-6.769840830012847574e-03
1.726758775016950034e-02
2.819001011908012027e-04
-3.588536932345907926e-02
-3.866811189390575998e-02
7.204434756866216760e-02
-8.031402563591492905e-02
5.063955408625554766e-02
-2.081086041143855470e-03
3.780353987592089543e-02
7.870578432113192746e-02
-5.648737244965409965e-03
1.050216785128704894e-01
-1.121088116429067028e-02
1.201342402260833532e-02
5.680614973704106035e-02
1.894735595629941025e-02
2.186080835197997535e-02
-5.377788925581186708e-02
3.443636196618586609e-02
2.974346158759347269e-02
-4.543256964472554629e-03
-2.772588969348042595e-02
-5.675872295311596566e-02
-3.325824105382338414e-02
-1.018606972860192084e-01
1.717697258375292316e-02
3.965086415624410887e-02
1.279260926718598160e-02
3.223137229189130398e-02
2.039778642646274814e-02
-2.395748676044167497e-02
-3.756999467575743851e-02
1.567868220835010257e-03
1.603031484115680083e-02
5.135210052289147266e-03
3.501767264456329132e-02
3.819291593755252262e-02
-1.261725700933375750e-02
-2.713081194475291946e-02
4.402709097954796841e-02
-6.533341123740560308e-02
-6.079352643173790288e-02
2.282960792054779253e-02
-4.241804529660969658e-03
4.794652950235992915e-04
-5.505476182785400824e-02
-3.253904311128798243e-02
4.562824766711710139e-02
1.246024743914571631e-01
-2.125450038631521241e-03
-9.243805027987500589e-02
1.048212361560207050e-02
-3.868388988464405154e-02
-8.980918952498176400e-02
-5.141057190033337249e-03
3.836003889043144294e-02
-1.231979547806185890e-02
1.761625040824899360e-02
-1.550759928916824182e-02
-2.128871697015158673e-02
-4.434314579010165819e-02
-6.794572057064200699e-02
3.962503156356474675e-03
-3.973823091280279801e-02
3.669236714386755333e-02
-4.720258177043112902e-02
3.453984702308700305e-02
3.121681655018244614e-02
4.694880361743858192e-03
3.077345501043646583e-02
6.781256670370552735e-03
-1.314730468643011442e-02
4.711803030241593776e-02
-3.157627630388480655e-02
-4.338084304124960322e-02
8.096893600050097256e-03
5.046017998762689603e-03
1.925193305202191384e-03
