1.220293791170858760e-01
3.124937332081654806e-01
-2.302711652184090685e-01
6.904632959874373865e-02
-9.432310126940048056e-03
-6.597865894540121123e-02
8.435105803963402829e-03
1.155027554204304391e-01
-1.670620218025436338e-02
1.207285548324537640e-02
-1.004907172654981307e-01
-1.434674879522566671e-01
1.235836754395849557e-01
7.669771336298659981e-02
-2.940008826585252533e-02
-8.401165946312175170e-02
1.441653155994368669e-02
6.331496839350118748e-03
4.818408608841108498e-02
8.892496658851162250e-02
3.399881360778444356e-02
4.762821564087837273e-02
-8.105444282653394283e-02
1.520334605496451164e-01
-7.845610530608394806e-02
-6.180747679987139837e-02
9.204651411382179516e-03
-1.721677555124194459e-01
-5.852548806454295482e-02
-1.087981387404307609e-01
6.200777918008052586e-02
9.468625581750232667e-02
-3.083830500322318202e-02
4.307256607963660076e-03
6.816051152956657810e-02
-7.275454354016958058e-02
3.566931809983190510e-02
-7.688210342122438201e-02
-3.650084139767648811e-02
1.078751597738821233e-01
2.012439396243661388e-02
4.621758026159140248e-02
7.885124522865345764e-02
-3.097373654355716800e-03
5.521427851977620677e-02
1.905588957858629596e-03
7.664023612725977264e-02
-2.113104924028109607e-02
-1.492382924283251712e-03
-3.542854377343703648e-02
3.873936756494388012e-02
1.057896169202746962e-02
1.188621841226861486e-01
3.830449505660346587e-02
1.364910759545442248e-02
9.338572084781513252e-03
9.378925090378772977e-02
4.252470001224705615e-02
-6.661679127561008495e-02
-4.749136967192471581e-02
-5.529023976587381373e-02
-1.160120783079338080e-02
1.056815738613944566e-01
-7.636265451064833121e-02
3.724422007563125969e-02
4.731913084137415876e-02
-7.347474487642465142e-03
8.162651491098293910e-02
-7.572818683640862927e-03
-9.213227992194217286e-02
-1.529524855452796539e-01
6.174530623281563463e-02
-6.887540875849788857e-02
-9.903305213460691925e-02
7.385786215572691382e-02
9.859904757110131424e-02
6.163858116424007078e-02
3.244625317495496847e-02
7.740094155580558299e-02
5.875603992955016203e-02
9.821805193472855910e-02
1.214116595635473389e-02
-4.015273536315522307e-02
-3.138273143737851240e-02
5.339551619150269268e-02
-9.099308625321303468e-02
8.762128130053515804e-03
-4.257108684175143522e-03
-3.519358789204583837e-02
2.628243041924645598e-02
-2.983631091060263626e-02
3.411270725777336421e-02
-4.181935017649857783e-02
7.234837750358759367e-02
-6.455037535447327723e-02
3.116304495585882003e-02
-1.568781357408757099e-02
-8.525728888548150808e-02
-8.758817081239276062e-03
4.208664503951237493e-03
1.459680691674240458e-02
6.252205256775275610e-02
-1.583398191348909731e-02
4.221558306663784899e-02
-2.096337515663949241e-02
-3.539919437957875920e-02
3.549698283096636847e-02
2.556422214150092312e-02
-7.553836408642709832e-02
-9.004066145449113323e-02
-1.589335576941050196e-02
1.487985337120258794e-02
4.465167919518998885e-02
-2.274336928229188370e-02
-2.530145987929109316e-02
8.557817130551802209e-02
1.144269217246418058e-01
-8.953021345331302339e-02
-3.057033507200454525e-02
2.866233515627146858e-02
-1.364046029321140316e-02
1.413293862169862775e-02
1.444932058703617822e-02
2.891812171369789741e-02
6.349280064632047138e-02
-4.028260562732548580e-03
-4.603605120669797268e-02
1.182028353631821432e-01
-5.331592243554091753e-02
-9.457943431061179018e-02
5.270000306388196443e-03
-5.205033028198073619e-03
1.792968293627419246e-02
1.262815051549871781e-01
1.101248727856869586e-01
-5.611520525829989843e-03
-5.922678749106236040e-02
-6.780417195572318277e-03
-9.449958338581006603e-03
-4.052247986278055547e-02
-4.591007062123182714e-02
2.467981850094344218e-02
-3.550418355848471846e-02
7.356314666515440144e-03
-2.145183522200263745e-02
-7.890451132462626693e-02
4.525277921244733742e-02
3.765427579091736032e-02
3.998293963658410000e-02
6.919596971748447067e-02
7.206751698426690222e-02
-8.207485663731527159e-02
-1.766772432668917842e-02
-1.373316966001017318e-02
-7.169806179958650161e-02
-3.873695660706943239e-02
5.480296910639539248e-02
4.430479057621442007e-02
-7.152347630337148321e-02
-3.285280496479687368e-02
5.292065392855143519e-02
1.025695415831620778e-02
-4.283031303241207483e-02
-4.395298360317499015e-02
-5.022301708977917889e-02
-4.529627289250238303e-02
5.524552453382905459e-02
-8.198529758880578056e-02
1.369919122703295265e-02
-2.923418221798551944e-02
-1.824982599589588042e-02
1.829274104606105206e-02
-2.518968787223168498e-04
1.244166774582592012e-02
-4.917453972933927449e-03
-3.680028236568291811e-02
-4.786104987934005663e-03
-7.138778759419754649e-02
-2.774674979387113313e-02
2.530477092810533291e-02
7.898661247677746244e-02
1.001702527448265073e-01
-2.591297523456605970e-03
1.199172192885445548e-01
8.366920700663517396e-02
4.582504417352629283e-02
8.991374863198020595e-02
2.057713970515294075e-02
7.016318172450299040e-02
-2.523511031858628392e-02
2.519393115809071687e-02
5.701590697408864122e-02
1.953782398463593806e-02
3.558393804497145263e-02
-8.898887304523699082e-02
-7.494417548174314714e-02
-1.402391832122659165e-01
3.076452969226507739e-02
7.100775634097457323e-02
-1.459433166665796992e-04
2.363738460824215890e-02
1.044317654453856374e-02
-2.444402682082243844e-02
-2.415329744726901588e-03
1.996353485305345232e-02
2.849298947517024672e-02
7.492903466629161936e-03
2.379660426627069891e-02
-1.557723097291289181e-02
-4.015607855807445947e-02
-4.646394801025498927e-02
-2.510298982706654289e-02
-6.938810698702548019e-02
-3.857584032884632530e-02
5.667416173191189982e-02
2.721225650615852892e-02
-9.076195575831596390e-03
-3.888482869003556663e-02
4.246060067889172868e-02
7.081896226635281399e-02
3.797956222733787218e-02
1.226113522018726192e-02
-7.882552834465934855e-02
4.891926750959273151e-02
-7.588660284181235338e-02
5.283408446780626239e-02
-8.377535344532086037e-02
-5.989520145217430008e-02
-2.137719196620972706e-02
-5.567930407459971594e-03
-5.495923132276461093e-02
-3.026861173054363682e-02
-6.336858809662891667e-02
-6.655272408835975761e-03
5.097266425820751179e-02
-6.464552782525150032e-02
1.464730844768583930e-02
-5.011931375507292646e-03
7.710050405854436406e-02
2.541689654231965925e-02
-3.207904821762405656e-02
-2.173549245245768105e-02
4.740975071134840430e-02
-4.917389680723941933e-04
-1.233452477788545519e-02
-1.707363216032022415e-02
-8.931313080629774137e-02
-4.761011738376752511e-02
1.170224303878524517e-02
1.694434052603983193e-02
