1.158618311891324304e-01
2.155656375165765637e-01
-1.935896300764250455e-01
6.258916328265469453e-02
-8.380332293721695636e-02
-9.425173020998363349e-02
-1.297170168700623183e-02
5.090157674335612364e-02
6.675822187200692107e-03
-3.083180193537685913e-03
-7.675454291461734913e-02
-9.278531042517426664e-02
1.919923939920862022e-01
1.376194123290017113e-01
-4.881413709368157688e-02
1.376754241897715052e-02
9.187069394806739175e-02
7.897715608101901763e-02
-1.669582520419835014e-02
5.625692929126875630e-02
5.184652743484664816e-02
3.764712159530234081e-02
1.106906126443205074e-02
1.114630042303040719e-01
-2.591463243602797756e-02
-7.456396028379841390e-02
-3.138204196668019363e-02
-1.824204193388469786e-01
-7.648166802996446412e-02
-1.928572849752198948e-01
5.140521783348458301e-02
7.189997099363472366e-02
-5.566504623758786879e-02
-8.273723495539174119e-03
6.892811603643701768e-02
-3.151575199060810406e-02
1.060641792940148903e-01
2.575790566171247756e-02
-1.983621466170519196e-02
7.448706038943987695e-02
7.940146920919023688e-03
1.178567381804568673e-02
4.163816624235054664e-02
5.676402954619535340e-02
-3.697018965326730883e-02
3.687486305411871029e-02
8.649022919416830824e-02
2.666909623522120340e-02
-3.531175296096146499e-02
-5.107932459606029374e-02
1.916197687686870821e-01
-2.260600782901184269e-02
9.097021348095288285e-02
2.920187009145564297e-02
-1.752369647175199691e-02
-6.816982719924584433e-03
5.474677102848295868e-02
-1.048820097242522675e-01
-4.686539664793225313e-02
-1.324214185182042425e-01
-4.050751827136014199e-02
-2.150749017720411313e-02
1.466378540921393636e-01
-1.456218574774871370e-02
3.052576563434186013e-02
-3.995445103805832926e-02
-6.876889467212285445e-02
8.254538435389519035e-02
4.287791094928212338e-02
-1.651408600749633762e-02
-3.020123610611682996e-02
5.475954332927607943e-02
2.713671544576908359e-02
-9.191127261204551369e-02
-1.244607494368962786e-02
8.536576780637454565e-02
1.554502094601881330e-02
1.768993594926237048e-02
4.847197912946606124e-02
3.538822045972023905e-02
7.886047579148192099e-02
5.738095828346272825e-02
-3.213976536347166318e-02
-1.225351920475344497e-01
2.235804558314553186e-02
-8.783577777824284893e-02
6.404557144626946141e-02
3.442181629424127809e-02
-4.733361456007980500e-02
1.856517116559048067e-02
-3.928543526161903249e-02
8.134199413854401040e-02
-8.439337662489881930e-02
4.604354565757535350e-02
5.537394421534482664e-02
-3.221480263063120075e-02
-1.162294339713342284e-01
-1.225660917023177893e-01
-4.617416238990493249e-02
6.434079785731029386e-03
-4.377173917640021631e-04
4.848428577345942347e-02
9.147694786267967018e-03
9.313435345778607599e-02
-5.765363360091571056e-03
-7.305962273100947979e-02
5.668207394943954036e-03
-6.003380507163243694e-03
2.112385549661095416e-02
-8.553629797868261830e-02
4.642298942697078296e-02
3.330417345244386651e-02
-4.675693187479073795e-03
-1.530424311934863030e-02
-4.057783244812222800e-02
1.200961149916494886e-01
5.039440996602956996e-02
-8.031901267189554827e-02
-2.010220447796177978e-02
5.609547942655580127e-02
5.800151249152814964e-02
1.835722214330259838e-02
3.499281131433342601e-02
3.842253995048426629e-02
4.204145829213310620e-02
-3.194156187277852332e-02
-7.629839881806327329e-02
1.425636231839360335e-01
-4.454270053078454583e-02
4.384990299635807554e-03
-2.715477627735934842e-03
1.453551026536309583e-02
-2.398990657666570311e-02
9.160210975821220236e-02
4.138960529488455720e-02
-6.347291336617821855e-02
-8.876206893654342567e-02
-1.482351899600781479e-03
2.561292009099064987e-02
-9.724011598357243380e-03
-6.691641213912162545e-02
1.127060085348339097e-01
-9.515031478869916126e-02
5.655993882310538651e-02
-2.192398692337955632e-02
-9.239595481818420331e-02
4.559209139021876828e-02
2.736731534524475522e-03
6.013957568757540527e-03
2.337494025019726598e-02
9.518623688467979516e-02
-3.226253245260547048e-02
2.120235192856862946e-02
4.775932465865028592e-02
-4.659574809967763354e-02
3.489046660198859978e-02
5.766208194571115914e-02
3.388321768293166975e-02
-4.692762835309870206e-02
-3.193158351278390511e-02
-5.010680036978463342e-02
-1.367803652982540856e-02
-5.297065621064056540e-02
-2.983925446671199452e-02
-6.811035617367791617e-02
-7.405207041607440172e-03
3.471315114488420644e-02
-3.551873740844987276e-02
-5.498874625835249892e-03
-6.544749776431360577e-02
-3.467679665330380273e-02
2.879269080927625638e-02
2.263015546019882251e-02
-6.771980316348848194e-05
-1.711937332476999238e-02
-3.592595427983032164e-02
-5.426757692034132885e-02
3.913462898090033781e-02
-1.696244698325460182e-02
5.502480139913305812e-02
5.111311797524206724e-02
1.136037615835498726e-01
3.983826966652097117e-03
1.325013119205611656e-01
8.997247726509081944e-02
-1.079445679738010727e-02
4.487710863540424894e-02
3.449485788940190312e-02
9.850470680689062120e-02
-3.598323006619943976e-02
4.100407472589241535e-03
2.996827466144243168e-02
3.466535480050998014e-02
-3.873127040871781473e-02
-7.672627089463258943e-02
-1.069830532047194721e-01
-9.047648422841909899e-02
3.451325133299198294e-02
2.900396595156234589e-02
5.556349979404262042e-03
-2.321365669148422323e-02
2.873993854610469578e-02
-3.100176666728522018e-02
-4.706113880982671499e-02
-7.967720455704157753e-04
-2.949403647209812400e-03
6.997228488747404829e-02
4.459332407715724950e-02
-1.185981303280571331e-02
2.406195033582686146e-02
-3.224540293461470447e-02
3.301137510900172684e-02
-6.581536663611527171e-02
-6.386083874156905926e-02
7.359462913272103723e-02
1.846595300604397458e-02
-6.012410922958374287e-02
-6.645793975856882640e-02
-8.680275142919980855e-03
9.982587493137830281e-02
1.333907164080816166e-01
-2.761644173311044066e-03
-9.936001856442946978e-02
2.848043466384461014e-02
-1.543911728527591100e-02
-1.531166036694463044e-02
7.517264024347024461e-03
-5.426890736834061313e-02
-1.670676813899245154e-03
5.884405194827389135e-03
-7.511007592630396246e-02
-4.443942450484023032e-02
-8.057991352455488865e-03
-4.030741889226802793e-02
1.394715289888031132e-02
-6.347823515817534179e-02
3.767572622728691117e-02
6.458260678117991836e-03
-9.931761053445235105e-03
-5.851077472445358543e-03
-3.072230606503589465e-02
2.998929573983109744e-03
2.760513292511653297e-02
-4.704364341863615483e-03
8.481605995427094415e-06
-2.000930594641187055e-02
7.439931734388717695e-03
-2.335451787340827798e-02
-3.050052038355547182e-03
-7.342476418441262233e-03
