1.118305551599878822e-01
2.645813509739883829e-01
-1.565280248488734038e-01
-5.821499557174665551e-02
-6.894240775529592198e-03
-4.687338477658722913e-02
7.118610229799871014e-02
1.511806798743466351e-01
-1.659561470395218286e-01
-3.049809546085813575e-02
-1.079611590384580572e-01
-2.016351224306385526e-02
1.054066843439489393e-01
1.332536626337892660e-01
-4.674966294843935222e-02
-7.011817050221634540e-02
3.027828247234271714e-02
7.682415303072144541e-02
-4.922996940678223132e-02
6.811030954648378266e-02
1.988324906118863269e-02
5.041150475800418307e-02
6.689679785907472198e-02
9.416255921469059154e-02
4.004536679871897181e-02
1.482926913447987598e-02
1.340703564210102630e-03
-1.148793009902248780e-01
-9.264215901882454085e-02
-1.769999173970114859e-01
1.220022406732508974e-01
6.986472722909034148e-04
-4.848287117479200409e-02
3.923943989143115901e-02
8.046394219463998132e-02
-2.956916019336982768e-02
1.692738378555597167e-02
6.358594984925944327e-02
1.028840238338207119e-02
-4.976763236585529313e-04
5.739168599083177558e-02
-5.324682638089092701e-02
9.958747761331427154e-03
3.590741485572320618e-02
2.750837288808618761e-02
1.795772879265592273e-02
8.769672351120123832e-02
4.813285028587978992e-02
-1.130462721119615543e-01
-4.541816960682269755e-02
8.048369228463791991e-02
7.206405703761060988e-02
9.467385629007182835e-02
1.229824159115055528e-02
-5.566227211674474457e-02
5.186688207957493996e-02
7.936516912531407786e-02
-1.410423652028042485e-01
-3.224275160473009938e-02
-1.397648684126597263e-01
-1.396386494466960110e-03
1.356552281750304269e-02
3.942656307581209746e-03
2.127301976196170619e-02
1.771369032429083792e-02
8.869444357488919309e-03
-3.389264623304555444e-03
2.987621085363303605e-02
-1.936637396367331745e-02
-9.048061058115415556e-02
-6.667688757947556888e-02
4.336870049761339108e-02
6.196748024098994168e-02
-1.005759874544087662e-01
9.361377264171065471e-02
1.312136956204246196e-01
8.880762553563259498e-02
9.880752742538333189e-02
7.560486873901085814e-02
2.798856924703393978e-02
1.512438217876897473e-01
6.478026276281173557e-02
-6.597431623347407847e-02
-5.672255034727340106e-02
4.560551980373234345e-03
-8.318783309629053380e-02
-4.385376141074782963e-02
3.928539371331465913e-02
-1.270812892692016645e-02
4.982208294238485435e-02
1.496223361558244973e-02
3.696240693736900507e-02
-6.826464563564649257e-02
9.026874303114362785e-02
-2.586762362164169923e-02
3.987050229088846820e-02
-5.971979676385407582e-02
-4.779936888120229349e-02
-2.369851890980132977e-02
-1.728307998768597101e-02
-3.302769606829270010e-02
1.350332138463603282e-01
-1.987488202798753933e-02
6.097005205055318171e-03
-5.143186121384082238e-02
-7.830200459263465806e-02
2.722785026332100525e-02
-1.110205095968220118e-01
6.102385401985786079e-02
-6.568980467427580627e-02
1.294973511819191327e-02
8.513271429048623051e-02
-1.119521041539323775e-01
1.937217899833608425e-02
-5.119612491795433318e-02
-2.062697453560943112e-02
1.160187093021901872e-01
-2.894150298184320139e-02
-1.718679424515096379e-02
1.470654940449445114e-01
6.973254107665764756e-02
-1.447950768845762378e-03
1.850732612466696875e-02
1.108070853894717669e-02
7.006994655504572567e-02
-1.424163098872899789e-02
-7.929271969829380928e-02
9.474225192193655443e-02
3.673289727084146517e-03
-7.181249472543679846e-02
-4.298991387827728883e-02
-6.010925297203963819e-02
4.184272227961329665e-02
3.169925118063302710e-02
3.957742911632165794e-02
-8.945331402801117923e-03
-2.771180854417312420e-02
2.516151736626455124e-02
2.252029145542631949e-02
-1.038436382230463473e-01
-2.010601321257730542e-02
6.264245334957234401e-02
-1.984167333807314304e-02
3.892395733724438034e-02
-2.368227129881782071e-03
-7.672280815183228631e-02
2.790577453477665476e-02
4.968765909502628059e-02
-8.169175567135788726e-03
3.169759723220955810e-02
5.474215790751494476e-02
-4.339195306662572277e-02
-1.189140270933792924e-02
1.800955250992468263e-03
-1.299335395406580468e-02
-1.073049306786750048e-02
9.941653717919433919e-02
1.143786410733318298e-02
-5.229593575884006890e-02
-7.793580095346143433e-02
4.859452890855691515e-02
6.001734532827263796e-02
-6.547203479851880156e-03
-3.702460837023600210e-02
-4.142106272271191963e-02
1.550592862184698925e-02
-1.203695017060337977e-02
-1.006283624878186872e-01
4.987932252998144439e-02
-1.383741896617717883e-02
3.633627395282086527e-03
4.324384360682195783e-02
2.324592078827266914e-02
2.874302917102667873e-02
-1.359441826937191934e-02
4.008668307894450861e-02
-1.545034298267386474e-02
-6.045194459931058084e-02
2.545540129986248110e-02
3.120926085258942870e-02
9.440705170811310165e-02
5.716960287702924082e-02
4.591422441241901908e-02
1.052596450860662364e-01
6.159780655316354075e-02
2.760229121425034765e-02
8.964432885574145915e-02
1.875447790771152907e-03
1.240012805707249449e-01
-5.397414209252199280e-02
4.976270295094611940e-02
-1.219044307037373855e-02
2.648746511610839197e-02
-3.778526249322645362e-03
-1.143581450850252729e-01
-3.770314881855529876e-02
-5.058873668220553732e-02
4.799061072146128260e-02
1.451926731134341696e-02
7.412056353520998786e-02
2.079930947526285878e-02
1.042013451075735064e-02
2.341228854145710817e-02
1.413467565734453923e-02
5.699927861977296430e-03
-8.930153993738677853e-03
6.841379286701009151e-03
3.466267273043566882e-02
1.638034845208324528e-02
-1.866882932366472833e-02
-4.828202994760462385e-02
4.290789749468987280e-02
-8.254759290460102553e-03
-5.245876860264885727e-02
6.141810992150760484e-02
3.582533361141329586e-02
7.348006390063051979e-03
-5.217390030947690466e-02
6.430613088141670652e-02
4.279150492818325352e-02
1.023328374141086877e-01
-5.241236075570792491e-02
-1.081558060666477361e-01
2.115954592796709735e-02
-2.742038931802977947e-02
1.756616461098946952e-02
1.182265034349952795e-02
-3.811945736585133082e-02
-1.116638955335522328e-02
3.912998742223088022e-02
1.149906019900160878e-02
-6.287452501463819399e-02
-5.012598785760734310e-02
-8.324643475905939283e-02
7.969676956903939957e-02
-1.837345359344955131e-02
1.877925470370235203e-02
4.500824984069184270e-02
-4.116012803613843668e-02
4.463568985071468542e-02
-3.467178566194537709e-02
3.966142375194497971e-02
-1.355783682188809076e-03
-2.793950211047096718e-02
-9.999804598667000680e-03
-4.634931013887563095e-02
-2.437417305596985967e-02
-4.571253999583929466e-03
1.487807682815289398e-03
-3.639675657654191376e-02
