-1.846592539342923611e-01
7.723410293611990621e-03
-1.379874643452063954e-01
1.335022234660762364e-01
-3.698963486091712966e-02
1.610616087645432570e-01
-6.771041085535456361e-02
6.705439984721237034e-02
6.491311896678809978e-02
1.747369178411018464e-01
8.566455929906857669e-02
-2.173937057618047924e-02
9.036392478736855749e-02
-5.050279368510522671e-02
-3.959110101024446854e-02
9.016305468284434299e-02
-4.179973286440597652e-02
6.186593965861694744e-02
-7.503963009348269333e-03
-5.722644556794187487e-02
2.615840850953481470e-02
2.464878652897998026e-02
-4.183859187146408976e-02
9.355112871810809805e-02
-4.266458059535020025e-02
5.806408851507280366e-02
2.175786774184994832e-01
-7.994174427751649104e-02
-5.263687329922597802e-02
-3.088407427476937486e-02
-3.509479731621325399e-02
-1.321434454019081439e-01
-6.580057936969987975e-02
5.228922955926919303e-02
1.411954371454300083e-01
-1.311070196738192417e-01
-2.942413059509097623e-02
3.463109838597369650e-02
7.206481133560777019e-02
-3.328418327740703675e-02
-7.237996240538344117e-02
-3.753282603030421577e-02
2.423417449127309234e-02
-4.202704240076919617e-02
8.590971545192312500e-03
6.012796447991577975e-02
2.883442689890291025e-02
1.702751593520918788e-02
6.368980820206877023e-03
-7.791721436189708028e-02
2.860548229241281076e-02
1.017432823072447201e-01
-5.307068871374224367e-02
1.040986530081127077e-02
-2.143771753213312425e-02
-1.181400786381892748e-01
1.136730322628114881e-01
-3.237021386520404220e-02
-5.287207987641479034e-02
-2.003290702558426506e-01
-2.891343209588498331e-02
9.911760320454906029e-03
4.215541280009277303e-02
-3.575915761862039771e-02
-1.439811443882038633e-02
1.235554308984346678e-01
-1.665050703154806189e-01
2.740217504520325864e-02
-5.096061332063321972e-03
-9.020090481684544387e-03
6.170441560331630521e-03
-4.386861840580793398e-02
3.517213265434233210e-02
-1.478145489063242835e-01
-5.189448188416766194e-02
1.818425499365598774e-01
-2.803964366233205330e-02
-4.675013380027206317e-03
-3.136732446907935373e-02
3.564247623126774733e-02
3.311573626561170602e-02
-3.126657631828230755e-02
3.363607124194849946e-02
-1.218743352869134516e-01
-3.878125425527059744e-02
5.705034503640368099e-02
2.814870631866793829e-02
-1.098443590114412012e-02
-1.044300504129789392e-01
-4.909607675636587509e-02
4.100995920439409054e-02
5.206616424749066496e-02
-3.108964085731761792e-02
1.236401762352238864e-01
-4.888532665362813751e-02
9.899055477681741044e-02
4.442276802391775803e-02
-1.034495649564651926e-01
-3.219738347391961492e-02
-3.421293789820420428e-02
-6.528800227928427402e-02
7.393213099796341892e-02
-5.166344995411133179e-02
6.117211330519975454e-02
-8.266302279954582111e-02
5.151591096670447845e-02
1.480832918154773026e-01
1.537776496590763722e-02
-5.887362217151173582e-02
3.283085138754645443e-02
5.334687641028150462e-02
2.525035318076949021e-03
-4.846476574375747914e-02
-1.111798982065718699e-01
5.573971456916344130e-02
4.106770848972664950e-02
-4.947419542038971468e-02
-5.210617128251020941e-02
1.734750263791332708e-02
-1.379146863301969339e-02
4.223807081331576452e-02
4.666938916698479267e-02
2.026366760357699304e-02
4.368851717076777802e-02
-1.603962048003530066e-02
-6.713065673483221973e-02
-2.292347444658064670e-02
8.155534976039603701e-02
9.962221367668684657e-02
-5.874500825110542945e-02
4.961853384499500391e-02
-3.598288391619491183e-02
7.445086569289943723e-02
1.420833845905072335e-01
3.280917801118369420e-02
-1.858636396320111420e-02
2.386235258667407030e-02
-3.994615474886138197e-03
2.859274961865876374e-02
4.932623896826961347e-03
-7.108599573794699422e-02
5.410746232909217912e-02
-2.802433662284631311e-02
2.011376298279507133e-02
1.684932808010475291e-02
6.896791893783407734e-02
-6.757289102106564527e-02
9.574139212488673445e-02
-8.067449921544399272e-02
3.617742247256819366e-02
-9.975528055403446587e-03
-1.886206461757492306e-02
3.793073947948120972e-02
6.210921722026187947e-02
-1.805051321502196271e-02
2.597743755634206522e-02
4.064878264998288138e-02
5.492680640629242494e-02
-3.242337103869087633e-02
-5.171674628250258476e-02
-1.453890441336307474e-02
2.194858997496963726e-02
-4.838955251792073642e-02
-2.995942472365246620e-02
-5.568669655058101908e-02
-1.716823633229966643e-03
1.612074778930971172e-03
-3.298033854361513001e-02
-3.418997733897560093e-02
4.743693283101625691e-02
2.195892222662251120e-02
7.107708982406439613e-02
-1.905364613222937722e-02
-8.201790066267415635e-04
-1.628724663244322107e-02
5.020754176666099994e-02
2.758745980043290067e-04
-6.237549012986152303e-03
7.994814540311961926e-02
2.467077300387767857e-03
-6.587071344152545249e-02
3.444953602443717733e-02
-7.403653196500137312e-02
6.979874329464862137e-02
7.952403604318634966e-02
6.602315763931294879e-02
-2.723793746926650786e-02
8.976580221946332816e-02
1.604814371793076774e-02
3.731070001413049758e-02
5.998390436511932128e-02
1.103442034281027634e-01
-6.363056300151374856e-02
4.369220477573479422e-02
-4.792383584156714726e-02
-1.944982014510117027e-02
-2.932887906301836003e-02
-1.362117781874085587e-03
-6.570755431609790614e-03
3.863663752085647746e-02
-5.013987769438880970e-02
-2.187156773537548768e-02
6.829166089109937540e-03
-1.426883953261810431e-02
3.394412541159897573e-02
-9.945470596049632919e-03
-3.302180670513104287e-03
-3.089924215935069621e-02
-2.850483850779408218e-02
9.612959951948071499e-03
-9.146860599607340922e-03
8.451642697145989036e-03
2.345330674514381486e-02
-3.334568974515882134e-02
1.519335340770320286e-01
-6.333959009638029380e-02
-4.069581700767541804e-02
-3.552530780174964486e-02
1.086737183780432658e-02
-1.966321419102280352e-02
3.644272129783692610e-02
1.553299226178346537e-02
-3.353901069611846947e-02
1.071245764046343391e-02
3.201081153582412825e-02
-8.941154862154679361e-02
4.476853317266493021e-02
-1.614548257356962155e-02
-2.198230025056436329e-03
9.780189358329763327e-03
2.218647528406845343e-02
3.828972434414787407e-02
-8.758754092319055717e-02
-2.246603748703980205e-02
4.877741202525368719e-02
3.481833130986515534e-02
-3.937471513387789251e-02
-2.297910161962086681e-02
2.125159784747698496e-02
3.302709459149884286e-02
6.370132327040918530e-02
6.305174817659621456e-02
6.643467348039658327e-02
-5.666784299289073790e-02
-1.072912144026722664e-02
1.811334165436569513e-02
-2.418908830224237444e-02
1.299870314256286637e-02
1.059960301298221684e-02
1.141818173820817635e-02
