-2.419372557883278929e-01
7.207607639243759912e-02
6.803349215694678986e-02
-2.397856927258666324e-02
-9.643006249303236188e-02
1.038814607062997636e-01
-1.956575140317458675e-02
-5.201907337192165914e-02
-4.569953117109842172e-02
1.395198362443931528e-01
7.883100689655515858e-02
-2.045699202789867319e-02
1.156721906150369461e-01
5.214562009570104101e-02
-6.555838260137608620e-02
-2.030007562617346280e-03
-9.604934728884660655e-02
4.444999745586793866e-02
-1.199706710622964329e-01
-1.533998540984889969e-01
-4.658005986137637999e-02
-3.922718072978916698e-02
-9.679088958953678545e-02
8.070294623653911925e-02
2.074371864597645068e-02
-3.427008908722891517e-02
7.253538417659191606e-02
-9.428441211123314569e-02
-1.122862978733332878e-01
-1.672781826152528462e-01
-7.164533376680630450e-02
-5.340033700501835984e-02
-5.907174958080532723e-02
-1.585569786387708638e-02
5.088495211169141719e-02
-3.803685060923944067e-02
-1.350222059621083125e-02
6.466364811989716577e-02
7.434608503829064075e-02
1.884240787283375518e-02
2.337927685405746803e-02
-1.011795576139072200e-01
1.585681129075500184e-02
-9.363728073098395374e-03
-1.709759116708327656e-02
8.448360639750841783e-02
4.720549861452139062e-02
-6.057168916147545601e-02
4.484975609906904220e-02
-2.034321131918502834e-01
2.528269929886517095e-02
-6.912326831221186907e-02
1.899356517001803829e-02
5.782985627759913011e-02
1.252749983146445034e-01
-1.011483816613256564e-01
5.428961953419852993e-02
3.774939450458647972e-03
6.873295460045790450e-02
-4.604791860179442697e-02
1.259447053846941313e-02
-1.466632759408418446e-02
5.796561756864399700e-02
-7.611163452038847976e-02
-5.333391533264630197e-03
1.508102151506143240e-01
-7.664412132624287555e-02
9.137276243145991961e-02
-6.961448153552295126e-02
-5.507807933988214527e-02
-3.826045744154862177e-02
9.189208008493074398e-02
-2.350735933904775712e-02
-1.031684835641326070e-01
-4.475476926817396200e-03
1.088704577880167529e-01
-3.717555732812819619e-02
-9.328171361662691841e-02
-7.229741797696068173e-02
-2.531514225444574454e-02
-5.301977537695369558e-02
-1.825993203956407726e-02
-3.992326449863626420e-03
-3.530419389859833917e-02
-7.119658434097701771e-02
-4.160972227837198695e-02
2.256574574660566782e-02
6.899176875852729672e-03
-2.674601097465498581e-02
3.547147668849722196e-03
2.293237034168128796e-02
4.242916606648580030e-02
-1.876815381828603191e-02
1.018025007550844990e-01
-1.124966971592285953e-01
7.486597860221554102e-02
7.519770302377312698e-02
-1.142535695904847576e-01
-2.441994704460355436e-02
-1.391439202939914743e-01
-7.004414912830661359e-03
-2.194299457557975092e-02
1.798710406044507978e-02
1.346328904951414052e-01
-7.683206010442857059e-02
-4.755415480342931045e-02
1.038625708434055134e-01
3.101972727238845942e-02
-5.432759123013839592e-02
3.162174566706702633e-02
6.741365893222160677e-02
5.136353369904271896e-03
-5.917357054908896352e-02
-9.621632292650331153e-02
6.030465868092765858e-02
5.383150196498266704e-02
-1.098729643124716181e-02
-3.105163271154521426e-02
-3.779439230806627692e-02
9.364526668928072062e-02
4.786940818599982883e-02
2.308064808659510483e-02
5.300718213502419313e-02
6.897356998817795459e-02
-3.589093146922830990e-02
-3.955137992141326275e-02
-2.385048678759637414e-02
4.277747670912127043e-02
8.138382596939815194e-02
-7.559822954757967894e-02
-1.881084797994946045e-02
-5.592858389848671952e-02
3.374704721282163755e-02
5.080854799144841200e-02
4.118938443494463142e-02
3.595474234754181264e-02
8.637566420935534339e-02
-4.573673498643283236e-02
-4.576971545843722122e-02
6.345650141408793084e-03
-1.206252508844185556e-01
9.184881001281322566e-02
-9.388361682921468609e-02
-5.388840191784705774e-02
-7.735091702953610614e-03
9.294641855025397026e-02
-1.100303798365903814e-02
8.048732536252668768e-02
-5.562177720257623081e-02
1.099111663725931276e-01
-2.960732608074046965e-02
-3.057623782870656521e-03
-2.151236713203926940e-02
1.141306702995812938e-01
1.177794469665633184e-02
-2.064830948074837177e-02
-3.510135823666678256e-02
6.703451788327703664e-02
-2.287140062160797002e-02
-5.731959961527272746e-03
-6.769405053530436200e-03
-2.546660670387220632e-02
-2.386956862064199339e-02
-2.967889255316909572e-02
4.719006421435169990e-02
3.407996184931767064e-02
-1.094118520088944654e-02
1.607239377073715544e-02
4.299094751743840620e-03
7.006710875840978237e-02
2.786204864662671088e-02
4.684805019268099835e-02
2.110181976633148868e-02
-9.160278106682467544e-03
-5.547822192338597996e-02
4.029207755343743036e-02
-3.519933980192313516e-02
-2.068608920653687566e-02
6.786052705056752621e-02
4.720761028618640498e-02
-6.483227470085560495e-02
4.927032956259622815e-02
-1.007231293820233797e-01
6.653973401515059227e-02
4.001963351462115362e-03
1.084278514070311367e-01
1.572508137288879115e-02
5.148889020788362941e-02
3.966510303908150209e-02
-3.210965700377464010e-02
3.763444277794951442e-02
7.217747502638824364e-02
2.248573258751701207e-02
4.796977018113310343e-02
-5.801798702593619073e-02
-3.989638867744525752e-02
-5.684911916830900219e-02
1.277983691662681887e-02
-3.546441218692701625e-02
3.382011105243089982e-02
-2.958133332224573836e-02
5.447947801389785988e-02
-2.064573708072009114e-02
-3.699061328430379436e-02
9.869746034482686226e-02
-2.857798212912487923e-02
4.602292408808678764e-03
6.947906579075054101e-02
-2.816133011260371632e-02
6.085008427498402039e-02
6.614792293621597069e-03
4.764775944923456061e-03
7.344294226418196514e-02
2.637769704224736389e-02
6.256883143417922566e-02
-2.973629162842703413e-02
-1.999131083471905948e-02
-4.305118775093653982e-02
2.858715830236009670e-02
-3.294311461293805005e-02
5.233977870679092786e-02
-7.011318159473722833e-02
-5.091036895973206217e-02
1.905299912888043859e-02
-5.650814178545565669e-02
2.679611518416107757e-02
-1.549920929279350983e-02
-7.128419951805969879e-02
-5.986654440148395789e-02
-1.107689657969495450e-01
-2.586037587835074078e-02
1.418697812612742908e-02
-3.091222398762443271e-02
6.048557135157341461e-03
6.110471348375367401e-02
-3.829420579415847292e-02
5.540696260319952909e-02
1.044670848500518084e-02
-1.515162813673323616e-02
6.391150906685168220e-02
-1.170745325707534500e-02
1.715245623634320191e-02
2.768386195213033002e-02
-8.845520007102468385e-02
4.405830155902413364e-02
-1.457974905581886941e-03
-7.836547927949663594e-02
-3.389160073679898383e-02
1.102054566146346525e-02
1.581872441272431798e-03
