-2.743439074811988010e-01
1.193513526565244537e-01
-2.525946080709111086e-01
5.149296597791377245e-02
5.539113114992709475e-02
3.970394891517736724e-03
1.221953278719724034e-01
9.287779565241087443e-02
-7.210062287880587839e-02
6.941706483109447157e-02
-1.320740368299089529e-01
-1.469631226581579186e-01
-2.681692813191265470e-02
-6.933955086369995857e-02
4.819643517495076496e-02
9.293494251866606104e-02
-4.823171015424360802e-02
7.603577778604990629e-03
6.950182276745089927e-02
4.660272700830810078e-02
3.468755290157296556e-02
9.816025879653468567e-02
-1.013231436214030445e-01
-3.751875493503491893e-02
-4.193719105659868274e-02
4.132281850058149714e-02
2.131622904942963304e-01
-7.618170701586260418e-02
-1.228447304421484698e-01
6.533013652584140907e-02
-2.955066903707044904e-02
-9.848007827645272050e-02
-6.032654868924215708e-02
3.651541274127959036e-02
-1.862081468923367997e-02
-7.573517057163958559e-03
-1.987402131964671748e-02
-1.477098113815424330e-01
-5.927949771658128780e-02
1.538363893823357642e-01
-9.755365513476650652e-02
-2.723273894933098474e-02
5.384949557176435531e-02
-1.601561048937613294e-02
-5.808252808192580774e-02
5.407475850996683320e-02
-3.600571028750934599e-02
5.845984437829043062e-02
-5.465504591734191009e-02
-5.047839038301457637e-02
-1.122246520037366302e-01
-5.100513541110586468e-02
1.225704044871120738e-02
-1.446204160968675000e-03
-5.697203113956460230e-02
3.967059866193720086e-02
1.000626230319897891e-01
-4.604343661241686730e-02
-2.235247356018014650e-02
-2.943746015015340917e-02
-9.643122489087866192e-03
-1.917622063800040674e-03
8.499754725248714893e-02
-2.497671505044970694e-02
-6.300625728484819665e-02
-4.803976247426217268e-03
4.869906863485476823e-04
4.583353648761673976e-02
-1.472874564955449772e-01
-1.397660470218800577e-01
-1.305818142187715331e-02
-4.016203371571649625e-03
1.878007702133861062e-02
-5.972739896655075188e-03
-8.415966150922447875e-02
-2.582439939907149942e-02
3.615153453226462033e-02
-5.299225758291742187e-03
6.655387735013879209e-03
6.909941504236309130e-03
8.865477171772338794e-02
-9.492227466059245666e-02
2.593368884384489315e-02
-5.521664598449637501e-02
-7.677088315809917074e-02
-2.682347220049178735e-02
5.627643514412410120e-02
2.258844497423937933e-02
3.707512307740050070e-03
-2.086137078965519254e-02
5.414033917583469663e-02
-5.691446433307974229e-02
-6.785569206213691931e-03
8.291173912670153634e-02
-2.606107071351352819e-02
1.272131936763806932e-02
-2.646347843860133442e-02
-4.515319832052115678e-02
-2.204864680400897212e-02
-3.071918772116533081e-02
-7.124831918765764383e-02
9.561069667710930808e-02
-3.283190701666939548e-02
1.963465538873093025e-03
-4.712313793793510008e-02
-2.347154428223057962e-02
5.386268869398003895e-02
-1.977775002199330667e-02
-3.773526911845245108e-02
-1.145701931615773295e-03
5.199909893973174956e-03
4.681035245686415019e-02
1.356684452357894144e-01
2.340991805352550872e-03
2.291921789514814872e-02
4.177862862487653761e-02
2.670053469825390061e-02
-2.216710494379697111e-02
8.253445782535605291e-02
4.467219178244549900e-03
3.262123700144818617e-02
2.683173102500876778e-03
-1.156462900001241877e-02
1.073679732574859685e-01
-1.541471101572774831e-02
9.271426392797089966e-02
-4.632857602836742278e-02
1.851757938277145965e-02
-6.167798633838042499e-02
-7.562357145560297256e-02
1.333278733706665282e-02
-8.612067739675778599e-02
6.882669885820714983e-02
4.948691150074761153e-02
-5.186436811604377452e-03
-2.443849165608059232e-02
-1.393788621301180614e-02
3.038442536807462596e-02
-3.462137732037972454e-02
8.214086884509146091e-02
1.697415905863260480e-02
1.415782990830503733e-02
-2.074984166365686014e-02
4.536855766830708014e-02
1.064282520085266769e-02
-3.155542869852842602e-02
-3.899320007644935856e-03
-2.343367967152138950e-02
-6.550353684567880586e-02
5.741002879911752399e-02
-3.958517582021710279e-02
-6.927075065607124493e-02
-2.835936859551560149e-02
6.257427876858731586e-02
9.341174965444494493e-02
-4.873875298655922644e-02
-7.168344725564110634e-03
9.685294986653161797e-02
-1.413384432218666165e-01
-4.600452215113347981e-02
6.972407613400736798e-04
4.861182605213941466e-02
-6.626544840238909884e-02
9.347099622184851589e-03
4.768809752692697301e-02
2.263887279681973258e-02
6.544282048747135372e-02
-5.392403496253200118e-02
1.886042558528344334e-02
5.608756702582694958e-02
-2.176564208422593349e-02
-2.521989543845172543e-02
-7.448304878681987623e-03
-5.333832332719026098e-02
-9.587833858349001370e-02
7.000179660590029329e-02
-1.099889952059946753e-02
8.288052356962888334e-02
-3.511011775768526494e-02
5.781212156903307170e-02
2.983090915034144683e-02
1.034930447781814145e-01
-2.960018698915317659e-02
9.597069043899976448e-02
4.943935326973671746e-02
1.580515044426976856e-03
7.678883560291785426e-02
1.246284965577390269e-01
3.970209417916296252e-02
3.103256811756165481e-02
1.067806518512637998e-02
7.695576184421439037e-02
-6.542976734533223482e-02
-1.458991340962334168e-02
-8.619742147373123109e-02
-6.648308242641910726e-02
-1.172360087345849233e-01
-1.661140069023011451e-02
-3.294938529592147947e-02
-4.030131389189264314e-03
-4.260552593212933031e-02
3.672027358332359027e-03
1.596262803039857209e-02
-1.789127352522763142e-02
6.658474295702004886e-02
2.958503414586566987e-02
5.068864045800610535e-02
-1.759899512537256572e-02
6.204336933321839484e-03
8.808200823946334135e-02
-4.297234372275202802e-02
-5.212683075959178257e-03
1.386929597549792573e-02
2.398628601875693947e-02
7.138430983203465641e-02
1.033318927150429431e-02
-2.932722583986324596e-03
1.404651075242154164e-02
3.818488512435976034e-02
3.032542376580503463e-02
1.240135990764347496e-02
2.742384674885307849e-03
5.247345642417085287e-02
3.438628078179898490e-02
-1.534615577323300735e-02
-1.159510966168312771e-02
1.699652087586289370e-02
-3.521524279518102596e-02
5.943001129390129006e-02
-4.621368738053167197e-02
6.593061605926011943e-04
3.292065438520776210e-02
-2.343791406883729417e-02
-6.305157583463415205e-03
6.762832942278607096e-02
-2.915952970814563588e-02
9.347033131648486981e-02
-3.368655537409999401e-02
4.658694425467608397e-02
5.699694759319209880e-02
5.243597675867219671e-02
-1.480590266775378382e-02
-8.661827157390568008e-03
-1.091003316899602504e-01
-3.539326245754485529e-03
-1.364777750434340367e-02
-1.305244223873823668e-03
-5.682190250745514787e-02
2.940424987698980058e-02
8.390164323310719818e-02
