-2.488006572951788065e-01
1.021699619089919409e-01
-3.325170500632136927e-01
2.522862954064434941e-03
-7.990696284987387765e-02
2.344309800660604737e-01
7.739935319331783803e-02
1.576451988784740021e-01
-1.001819055286315152e-01
-3.827698175964164284e-02
-7.214420275578112447e-03
8.158891475768281255e-04
1.481556032373082532e-02
8.975624422781743397e-03
4.405334061842273996e-02
1.466199531702819803e-01
-4.056478166295432453e-02
5.027116885168624733e-02
5.682421263806514827e-02
1.471135109330643474e-02
-3.353356322659940825e-02
4.619107403731238792e-02
-4.929307548932863187e-02
5.400605233500303803e-02
-1.826721928075871609e-02
6.243427810018023494e-02
1.469198589623566809e-01
-2.416330029806849217e-02
-1.029526183402951628e-01
-5.560196915409971324e-02
-6.348380233023143138e-02
-3.064361506377437719e-02
-1.036555681786608882e-02
-5.356698454353259892e-03
-5.592225594795157545e-02
-2.811747427343685990e-02
-2.363524411985757148e-02
-4.762309904275500994e-02
-7.496917836198528640e-02
1.296124939945944576e-01
-3.816696329463426657e-02
-9.956223220389674722e-02
1.545065246047886698e-01
-1.258546007497171326e-01
-1.622626316648617673e-02
-2.233894100841520187e-03
-1.098331536695617942e-02
3.505934733098194783e-02
-6.127694226518670684e-02
-5.481730058567838015e-02
-9.222010612896641701e-02
3.987150306428542679e-02
-8.575196154744275934e-02
-7.428031348344647268e-03
-7.077491099306984501e-02
2.881461487721959092e-02
8.157476489020694388e-02
-6.145800215199382494e-02
6.861812717920694193e-02
-7.150680964287703043e-03
-1.059296725680404921e-01
3.376009092151135808e-03
3.921226852750228642e-02
-5.171601311780082283e-02
-3.259937988877129045e-02
4.355601821200001667e-02
-4.890947128390468052e-02
2.033910388976636202e-02
-1.284600911409227997e-01
-7.030108515557494109e-02
-1.999188042159116482e-02
9.267092220490076929e-03
1.740537551770977853e-02
-3.524277634697654815e-02
-3.708018207407319522e-02
3.756429577393013974e-02
1.063245057967365792e-01
-4.425176330132984948e-02
-1.694268134201356441e-02
3.003409978610371497e-02
7.993938422053534221e-02
-5.966642122507134771e-02
3.305626482988452408e-02
5.029012188518604265e-02
-1.307645723100212681e-02
7.553290129330625380e-02
-2.629733398096674099e-03
7.450703590130533516e-02
1.164232272696791824e-02
-9.636793207504246173e-02
-9.105277451603121380e-03
-3.354144950594949159e-02
9.613244712457238994e-03
1.030780199181088735e-01
4.236850032023455753e-02
-5.104885984784311020e-02
-2.194371833382527739e-02
-2.452350529603807006e-02
3.162634932303347995e-02
1.182520002794625567e-02
-6.706401088604817262e-02
6.422832551776365417e-02
3.398892283796180191e-02
4.762751276288509916e-02
-3.565870456158850427e-02
-2.351383436245562536e-02
-2.566321870433573016e-02
7.096353262098219553e-03
-7.066690466518059030e-03
6.437871654043154923e-02
6.961215536938716343e-03
-2.422353459631442147e-04
9.697056714192209270e-02
-1.235812427983007042e-02
5.104532238097414347e-03
8.260342131111365893e-02
-2.368512564809248117e-03
4.262744938580796152e-03
7.577682423814267876e-02
5.489041905224521789e-02
1.959656038552778576e-02
1.508161677686665862e-02
-8.476611172103301617e-02
1.090131104324507660e-01
6.732283013632363311e-02
2.317316656682658765e-02
7.064159068208155680e-03
-4.743259509302247268e-02
7.203742967322234424e-03
-9.657820040388694072e-02
-1.505581598640032791e-02
-4.374691160762638614e-02
2.761781519165114676e-02
3.626974516901000645e-02
3.432293759957121687e-02
7.795992810366367612e-03
-3.589035996076923168e-03
1.095861800652237102e-02
-6.573989484702133512e-02
1.017369954365248685e-01
9.652439196288922774e-02
6.648792304759804095e-02
-2.713522682154504567e-02
5.056055960462747800e-02
2.126679646269729815e-02
2.740173762822367600e-03
-1.740696575510958938e-02
2.829876133701538649e-02
-4.279195782212725369e-02
-2.035828410003755716e-03
2.748319672768341840e-02
-5.592589077629400024e-02
-3.643415624385584056e-02
4.541328567968206525e-02
7.254581883379478124e-02
3.000680611971103060e-03
-2.541699153796081120e-02
5.861657245677528993e-02
7.690388065489081430e-03
-5.025370869411280306e-02
3.535217818931869066e-02
7.205797294412194520e-02
1.376214163474131710e-02
4.146407713946004964e-02
-2.056731918355157729e-02
-3.121269287613553933e-02
2.929665153230943259e-02
-3.295361338303545717e-02
-1.546830409561677534e-02
-5.025075539608457598e-02
-2.713392866856560379e-02
-4.723553547074377246e-02
5.356114285512512431e-03
-4.787042963916244426e-02
-8.254305719756979687e-02
6.933181923347750408e-02
2.819688878195398402e-02
8.217324586755236915e-02
-2.121691493446238932e-02
3.684664435307228453e-02
-1.781396916798791072e-02
6.835648444620121000e-02
-1.696264044407242485e-03
6.999390970681541868e-02
3.097334592055164468e-02
-2.728662391277200672e-02
1.232623190650772582e-01
6.964931499842356988e-02
9.639908774654896984e-02
4.888610453027478903e-02
-1.295949364755475709e-02
1.146890247044478617e-01
-6.483122021523916867e-02
-3.447738535029985785e-02
-8.699345014932836906e-02
-4.080412861853822265e-02
-1.365737419853576828e-01
1.836756650606927860e-02
-2.091827484154265906e-02
4.750000168647979665e-02
-1.356407594390355263e-02
-7.538264008593631438e-02
2.601339547053914750e-02
-7.419810794602355042e-02
1.043056507369389679e-01
5.541915676077034669e-02
6.649305075186681679e-02
-3.005191693574650342e-03
-6.491219250733161993e-03
4.926607390735631559e-02
1.922249760450270642e-02
-3.248400654272373678e-02
-6.937037437696681914e-03
6.665853280292069472e-02
8.798605037123119477e-02
-1.578180804015106783e-02
1.055554150640684863e-02
-2.197824920307833371e-02
1.603932913744709641e-03
5.767794294499259400e-02
6.680827474909886710e-02
1.336685405250242348e-02
2.424034567739814100e-02
5.928843153128346422e-02
-4.094520539357864725e-02
7.951576444952021538e-03
-4.395318811605909703e-03
2.863456105897153187e-02
9.391452030537796036e-02
-2.296309296092902477e-02
3.018004463481704230e-02
4.892660690323326345e-02
-2.268801434458609517e-02
5.442610218532471095e-02
4.084833072748808580e-02
-4.865964174301183262e-03
8.143839391971696706e-02
-2.571316514021960639e-02
-1.566526635642201751e-02
3.821123031123310060e-02
1.507684606466722435e-02
8.127761767321356468e-02
-1.980770496763338898e-02
-8.993019672706215051e-02
3.588776365481035312e-03
-2.763767693223654828e-02
-3.833017357797411512e-02
-5.166551496690068024e-02
-1.137590928176273990e-02
5.372042622570218084e-02
