1.646763643222479423e-01
8.341285219067595680e-02
-1.709338604968232422e-01
8.632488984097272389e-02
-2.224700016568278982e-01
8.453065906260087692e-02
-2.082529264682218535e-04
1.554710541662527867e-01
1.459058574746277710e-02
1.663683264587348110e-01
-9.346221481941878462e-02
6.169102804137756996e-02
1.080262602618941026e-01
1.231540217823029471e-01
7.906109146249309938e-02
-4.301964038611720553e-02
-1.886849365363386585e-02
-6.622014878102323865e-02
4.981395846290540691e-02
5.115038667378032228e-02
-4.670761039302716300e-02
5.011761493903519465e-02
-1.793845059272684839e-02
9.323874545142442349e-02
-2.237284013710396854e-02
8.112429938514445493e-02
3.814227545796280983e-02
-1.246322106088841863e-01
-4.660293543015664453e-02
-1.524774493119612495e-01
-4.287773822211761454e-02
3.084425777958604842e-02
8.738604200851776693e-02
-1.054315384980273294e-02
2.923998481077774540e-03
-3.661196147238621884e-02
2.662201373974197594e-02
-3.330026221605172226e-02
-5.938099528234290492e-02
3.133334251989484953e-02
1.877585029569099270e-02
-6.395668541047322408e-02
1.309675583447560132e-02
8.412462778336614669e-03
-6.424059589969234596e-02
7.166236217345728354e-02
-7.540206808155612561e-03
6.122989908898889000e-03
-2.068331970867596722e-02
4.752126536979587451e-02
-9.559074727941258356e-03
1.488911109796165790e-02
-3.527107449027341163e-02
5.733997505466106176e-02
1.402442796147040753e-02
1.012478663680983632e-01
-3.493560503523199245e-02
-5.391086148906206604e-02
-6.841131636078744138e-02
-1.227844745756576372e-01
-8.371325305606062972e-02
-5.251236435158982557e-02
2.054746519550618711e-01
-4.896229776939466788e-02
-3.486550324299180631e-02
-2.122346799578062743e-02
-2.703046903349889396e-01
5.099054326360921013e-02
6.676256184082017542e-02
-1.129460189038817702e-01
2.485000604341296854e-02
-2.132948766743717611e-02
-1.409130953003879215e-02
-3.250614090375377602e-02
1.843489584428550498e-03
4.405931260015906459e-02
9.017050925950816434e-03
-6.812553035668253432e-02
-3.484069690459686008e-02
1.635185700574752488e-01
-2.879293991356907459e-02
-7.194627266267640542e-02
-2.394462777260762329e-02
-1.030496345930866434e-02
-3.415524929445421659e-02
-7.297189620861158077e-02
-2.831946087259289840e-02
-8.374000568348798079e-02
1.050559754889182212e-01
-5.330287618240946851e-02
7.329986360410988000e-02
2.181181347674250939e-02
3.176655107143673551e-02
-7.211655525947591183e-02
-1.682803961912509444e-02
-2.045581621432351199e-02
-4.642684935333321605e-02
-2.250876188571305017e-02
-4.876703189883364181e-02
-2.694290372057695296e-02
1.181289158230517389e-01
4.353215136896158854e-02
-1.188489366038247147e-01
4.060188937590678004e-02
-2.841139648906943621e-02
-1.640636725348442251e-02
9.680204679903998966e-03
-2.298825672915304902e-02
-1.184479656760742405e-02
-1.679484654435411603e-02
2.140104032968335665e-02
-6.728675055785905343e-03
3.184330563346044612e-02
-7.958949124125665187e-02
-5.048663133958075644e-02
7.242456434562363765e-02
2.410804527718370463e-02
-3.558509937888496705e-02
3.974785774848382802e-02
7.653583452354684180e-02
-3.085586473963389254e-02
9.075899628876331338e-03
-5.183459573635688239e-02
4.917646033710676434e-02
-8.907899498305747732e-02
3.156965739550313815e-02
2.150649380816684053e-02
-7.402161835147536180e-03
-4.007978849619358436e-02
-2.519853332850821581e-02
3.778879398260324637e-03
-6.965418114981325459e-02
2.832575977164325520e-02
2.901428605716444009e-02
-2.988509115733946168e-03
1.044909500892719605e-02
5.186683336014831502e-03
2.733368317121222593e-02
2.540781248010261575e-02
1.215160603196972500e-01
2.299936827017446533e-02
1.900568933688234763e-02
-5.228086211795259647e-02
5.153398254853232274e-02
-8.077828458225469466e-02
-4.306359113117642218e-02
-2.797748019606122530e-02
2.756040814995171576e-02
2.673001508750425317e-02
6.763885193735927337e-02
5.138521529230931709e-03
-8.892937843707486578e-02
-1.514340260681478270e-02
7.412583328239275016e-02
7.878967261015475121e-02
-1.671395169475235754e-02
-4.051904823727260629e-02
4.243897390006502041e-02
-1.269840708885790759e-01
7.619990503655230119e-02
8.243291335639253703e-02
-1.256524199326019067e-02
-1.043376886747377497e-01
1.450834618907498623e-03
1.733329625193958182e-02
2.239686795988594242e-02
3.671964433648865211e-02
3.306960927217408863e-02
1.238933285180334604e-02
-6.548692862190319541e-02
-5.098721687871745484e-02
-3.318051235994832343e-02
-2.110520439675653368e-03
-8.337948218053839455e-02
-6.147821018245151065e-02
3.016146419994215205e-02
3.091188247669408168e-02
-5.660162376991009422e-03
3.318999609559717540e-02
2.639182082781746028e-02
6.237421087882795423e-02
2.277798673950577960e-02
1.570135059179769699e-02
4.229859338021804693e-02
3.572749696191098584e-02
2.490708539267265376e-02
-5.790316032649483156e-03
9.528075651715912572e-03
2.732547337020277065e-02
-8.986547268751901921e-03
1.591066513046541717e-02
1.322256749623812733e-01
5.534927524523542558e-02
2.794421634714361335e-02
2.544917996880972921e-02
-9.034471982144581803e-02
-1.935407507368432367e-01
6.577572252723999646e-02
1.455325238511375602e-02
6.248865267393385187e-02
-4.966381111082305427e-02
1.056314754622661618e-02
4.079704908524785754e-03
-3.802082702234022699e-02
1.744161608336170996e-02
-2.680719429440777540e-02
4.057372126554675829e-02
1.418246663090236802e-02
-6.523182321036377802e-03
-3.666695298432022521e-02
-5.835423935006159996e-02
-6.557967814106601193e-03
-6.016563285899199226e-02
-7.446278899451347355e-02
7.559818324187675409e-02
9.414978565396041679e-03
7.592508902517555031e-03
2.331431322269224976e-02
-1.195732746075423014e-02
-1.560725636384884506e-02
7.452436250208437085e-02
-3.962053505869068265e-02
-4.711647263812722419e-02
9.634006855689171422e-02
-8.013958329596329588e-02
-3.276793447215002597e-02
-3.490287199241413896e-02
-5.439669061862573846e-02
-2.064219992948207114e-02
-6.268593560767393713e-02
3.160511524296637925e-02
-1.162245958595919428e-02
-4.410489115059085252e-02
5.221468829085054025e-03
-1.933291360384099475e-02
9.610318748811035039e-02
-4.413072371411196765e-02
-4.804499405488162761e-02
-1.039661597919867148e-02
4.028103478214511979e-02
-1.352012677963546766e-02
6.409370415835512202e-02
-3.746974412958072737e-02
-1.555771446120559655e-02
-4.202087562882933502e-02
8.730734115746163065e-03
1.658853990691830718e-02
-4.133242011745478367e-02
8.363628617159699769e-03
1.357027026252509774e-02
