8.162143561041340645e-02
1.005391342215912476e-01
-1.949544392746257182e-01
9.279193490360476693e-02
-8.426044082619688069e-02
1.237774330111672400e-01
-7.441827212471454310e-03
1.184345994376483913e-01
4.430378966893867843e-02
2.396333548103296851e-01
-8.202197591929742682e-02
-8.482405411746324689e-03
-2.981734013394264984e-02
8.606236465242360356e-02
-3.713343655430605822e-02
-6.531972057344218041e-02
-9.079960216153275254e-02
2.477538310128445456e-02
-2.944906637781993450e-02
1.757667892568629334e-02
-3.516173265326905800e-02
8.645485645039413525e-02
-1.240674331859285551e-01
1.064288677371371707e-03
-4.265377242256567641e-02
1.206242294607619420e-01
-1.190298629542637515e-02
-1.131724322460327808e-01
-8.491396541055089633e-03
-1.723650607410883717e-01
-4.989772228113697333e-02
9.178891642192618314e-03
1.492737016575141074e-01
-8.089913613775808615e-03
-5.975566171346332472e-02
-2.726266300998251429e-02
3.765564714528769896e-02
-6.331226968249210885e-02
-8.033508779184775350e-02
-5.050549361876653306e-03
-9.447004942906765679e-02
-8.837547768531803238e-02
4.667755657011358333e-02
2.340971031930113785e-02
-5.796022745234251372e-02
-1.145219717516354589e-02
5.386643576166869757e-02
-1.487669355063934908e-03
-1.008298232328721927e-01
-3.079258762751431802e-02
5.146544169069184466e-02
7.300923889654863108e-02
-2.672656692494741401e-02
6.732909295573645536e-02
8.498748964538224704e-02
8.821487001258485061e-02
-4.304234872874043022e-02
3.203662638195366175e-02
-2.253981855867814073e-03
-8.422502012726679199e-02
-4.508819319202107823e-02
-6.141220477949590334e-02
1.282730339201033076e-01
-1.323590308817392813e-01
-1.583239983978591836e-02
-1.702582723730979020e-02
-1.332036532184582012e-01
-9.290519412925227552e-03
9.677975453391762795e-02
-1.092310909535176566e-01
3.454355625873781199e-02
-1.902280056225085642e-02
1.900764615881914837e-02
2.297063141987189944e-02
-1.230838471450140803e-02
5.939431257709049811e-02
6.178950591948105531e-02
-6.602425531480195231e-03
-6.330476498988357736e-02
6.610466791482953741e-02
-3.667873194224747363e-02
8.082372666613619333e-03
1.085294565764510256e-02
-4.458294973215435469e-02
-8.093792851017897472e-03
-8.737445320409098493e-02
-7.773447614839485049e-03
-1.450158581115089940e-01
3.809559615400488070e-02
-9.712747195811263778e-02
1.284167469708288878e-01
4.135013118190210106e-03
3.495834460721191500e-02
-6.038275672819599926e-02
8.338039779054786174e-03
-7.896865366423748422e-02
3.622119947500306979e-03
2.488316788932863968e-02
-5.129943208946267236e-02
6.677835003102094123e-03
9.680136224790159005e-02
-1.770998691951019676e-03
-9.525213266071554108e-02
-8.789191444854260434e-04
-4.822138422880363484e-02
4.633114430985049020e-02
-3.096936483118180664e-03
5.356490663884209968e-02
-1.004741298068710237e-01
-3.297228390292383099e-02
3.150672982559516583e-02
-3.637238096378350716e-03
2.889089126960322964e-03
-8.270791207462738215e-02
-9.162355940266299348e-02
4.043677021143551875e-02
1.406317762096445309e-02
-5.316113967468195228e-02
9.494487531840997696e-03
9.144718099908580311e-02
-5.684010676232800763e-02
-1.455373798659710151e-02
-7.184659161508581693e-02
3.842340982823815726e-02
-9.001882409381677108e-02
-2.368752896403123961e-02
-3.326587327849793441e-02
4.065708913405392116e-02
1.486621598463034287e-02
-4.939033980260405104e-02
3.622043812937612156e-02
2.470794963146872095e-02
3.858644655606684876e-02
1.693189168876539641e-02
1.359215483430153693e-01
7.643670814542491421e-02
1.673046138860613541e-02
6.449503824123865164e-03
-3.103034499044528965e-02
9.054737923168970637e-02
-3.051817691082867393e-02
-3.053053971362822139e-02
-4.780173777013849851e-02
1.136751378871429935e-01
-1.378993430090679762e-01
-7.619808067320599232e-02
3.136867248524122243e-02
-1.808478649529249999e-02
8.670784072586413399e-03
3.373359327532202828e-02
3.224309606507226589e-02
-7.838738440533656038e-02
-2.496593703534440850e-02
1.028845500618006253e-01
3.520193895328285055e-02
2.468960482731454714e-02
-6.492432841117851128e-02
-5.261152064113003811e-03
-9.756462936619766935e-02
-6.033011511627533324e-03
2.716517451517901430e-02
5.261840900632626904e-03
-9.057239487371812614e-02
4.725367768239414901e-02
-6.705410216619217545e-02
3.153682110513659348e-02
-6.171688804849131266e-02
9.867873180030389130e-03
2.560854899904544194e-02
-7.697331179421131042e-02
-8.843928569976733378e-02
-3.696623055280596343e-02
4.259547510027336149e-04
-3.020258102118029281e-02
-1.827193250130799930e-03
-8.974162177649897335e-03
1.484043899697497226e-02
1.389423140088846820e-02
-5.393082384897662090e-02
6.351993576588163548e-02
-3.001804534302862648e-03
3.332815860169333066e-02
2.420973955501288730e-02
4.327133248968462881e-02
1.703692113073108916e-02
4.731382398692335345e-02
2.361353342000225078e-02
7.730279317791315108e-02
-7.025987481941080824e-03
-2.291389304338715613e-02
4.329892220502321032e-02
1.103057484332370386e-01
-3.709399159991921130e-02
-6.794998844179252206e-02
-3.990723620061367022e-02
-8.877547417589706780e-02
-1.486698458116803012e-01
8.957445202955253982e-02
8.902704452377415908e-03
2.615247606767204941e-02
-5.123874196662851072e-02
3.650666783055635245e-02
-8.521016511398882623e-03
-9.304390405157217381e-02
3.519918360720435818e-02
-8.230813311137033517e-02
2.041910844208056838e-02
1.454427554809070017e-02
1.607218745772209106e-02
4.538772831439614325e-02
-4.362278413290706508e-02
-4.671870548852264694e-03
-2.057261022229552733e-02
-9.294445781087079528e-02
1.212619108051646299e-01
1.079740368143128001e-02
2.309386064777711051e-02
-6.412948357664076393e-02
-5.992207011478279527e-02
1.110527735114914642e-02
2.397473753816041150e-02
-2.629901697358344795e-02
-6.475933393745193778e-02
7.533319204098869182e-02
-1.458680213953900996e-02
-3.809490731748525760e-02
-1.786628030035731715e-02
-2.120238807399937517e-02
-1.204564796409568830e-02
-2.490992374993294955e-02
-3.264646422914210117e-02
-1.084928394772500040e-02
-8.952572590942761699e-02
-4.859828656869846775e-02
4.804127160619901804e-02
1.776788544171220563e-02
-3.459536401592420291e-02
-4.792743230769288577e-03
8.973727123005923942e-03
7.485513949637024461e-03
-4.740199506143510932e-02
3.627630639657291461e-02
-6.392798076737417345e-02
-6.941391106420628787e-02
5.922754163023438018e-02
-1.215578929812805541e-02
-7.952294953521210630e-02
3.833367980791883151e-02
4.502612539614766346e-02
8.267850963160557369e-04
