9.404521831349720029e-02
1.403107196685394742e-01
-2.501910877749888851e-01
8.633934271696457052e-02
-2.029463805475063554e-01
8.852944329077429286e-02
-1.232429642270944786e-01
1.759052905124738053e-01
-2.865391830604247306e-02
1.327911085406926206e-01
-3.773580422122540384e-02
-5.893608738436856287e-02
7.935843007324208664e-02
6.749582150813759895e-02
-7.469229785986758463e-02
-1.523472265965248595e-01
1.890046853129767179e-03
-9.797293240780227674e-03
4.337657527932815490e-03
8.943093943014535085e-02
1.657093308834163429e-03
6.433835420295647145e-02
-1.057125688784214812e-01
-1.740905293546276406e-02
-5.088396082529975106e-02
5.517110000054109911e-03
-3.707864406444760612e-03
-1.508595700158067987e-01
-1.287436680583677051e-01
-7.569535766935756027e-02
-8.361957232150731001e-02
4.651479080615397027e-02
1.065870141613444039e-01
-8.757907995488457831e-03
-8.761617827229917221e-02
4.627484619636073465e-02
3.016908244597990216e-02
-1.565629796155290632e-01
-1.499901133323846836e-01
7.732933479177241110e-02
-1.348080836332342380e-01
-6.714714650781579419e-02
3.886263048171122170e-02
5.484122007580339263e-03
-1.088698605286905936e-02
1.457338542906730936e-03
-6.876854673853137478e-02
-3.772937525144617193e-02
-5.606314590564651090e-02
4.223692621026626376e-02
8.272137849448187030e-02
6.919784734346158539e-02
-5.348411022568438401e-03
7.958572752937126404e-03
9.185898214775149728e-02
6.843972074326566679e-02
8.501335891725211868e-02
4.981538173363343064e-02
-6.676632665859782989e-02
-9.704603656815589952e-02
-5.133869626148770265e-02
-2.071965619292626820e-02
1.096839859148324020e-01
-9.219061862160921050e-02
-4.330578634979179165e-02
2.359393264897952439e-02
-5.332640724568996765e-02
-3.491000852088440437e-02
1.079068851701192322e-01
-1.238356590311679439e-01
2.420257691906266967e-02
-3.885089673358956691e-02
-2.764667790964686709e-03
-1.329894580673240401e-01
-2.269096100834765845e-02
5.250732839102973531e-02
2.799840930543748621e-02
-8.025602667356673131e-03
-5.380977443253406531e-03
1.108904892434018352e-01
1.361750652894076936e-02
-6.025694206065058955e-02
-4.978228834821245979e-02
7.954708344873106856e-04
-1.949506040842074323e-02
1.201166932342847236e-02
-3.491408371484282236e-02
-7.101924825698140153e-02
5.708710864966460435e-02
-3.585239712376927373e-02
7.419849677125062160e-02
4.052797957140943236e-02
-1.976479609128933487e-02
1.768065056039856697e-02
-4.346159225673659060e-03
-6.331063244382156840e-02
4.519361995103034213e-02
-9.943473258547384439e-03
4.756664755019780061e-03
-5.313016557800255557e-02
2.704488418113175710e-02
-2.481445323952663137e-02
-8.065641447998160574e-02
4.938211132769198403e-02
1.124064965269168902e-02
5.848040341165580691e-02
-6.829364611844571109e-02
1.354699864726360663e-02
-3.581543933028427662e-02
-1.043639607260433144e-01
-1.274513397397946182e-02
4.252148716770773329e-02
2.782647827757099568e-02
-5.567544038387811645e-02
-2.105343565671039668e-02
5.799524454470929985e-02
-1.235275603155183352e-02
-3.973078731878450925e-02
4.307585406998259807e-03
1.422636158491831782e-01
5.347813795867635556e-03
1.576854145032148546e-03
-3.424237933135135248e-02
-1.736608774398733929e-02
-4.201286080451790278e-02
-2.959107239254971794e-02
-2.448587316113773685e-02
2.756492811360164441e-02
1.736956571124495877e-02
1.729898756760299416e-02
6.508748727165794556e-02
-6.014775496735082216e-02
-3.884362462023273083e-03
4.405383035803885766e-02
6.692536461592345221e-02
-2.262779550199213105e-02
4.639232420150694175e-02
3.357499605869510712e-02
-1.239596713990405788e-02
6.084268093020880896e-02
-3.902261697556165532e-02
-4.188667031573645259e-04
3.279484233253427555e-02
1.169689572112284429e-02
-5.161412316350511703e-02
-7.112161993969552676e-02
-3.322969363268372250e-03
5.311727250746169082e-02
2.801541270091917335e-02
6.041857971067381844e-02
7.957367760240800780e-02
-9.307567346121697893e-02
2.151410822892397406e-02
1.036295475389675258e-01
1.756313742426995894e-02
7.786761170410798349e-02
4.914427457684275580e-02
-2.873201447991807420e-02
-9.169256668412183175e-02
-1.465316789009812187e-02
1.738562057020184067e-03
-3.005613633756331823e-02
-4.599372807519448020e-02
-1.942089890457395981e-02
7.517538399885248003e-03
-8.875877834388267579e-03
3.003196622167199348e-02
4.268400309229097161e-02
-3.031487602294065994e-03
-4.794023041704133931e-02
-6.781554857896164579e-02
-2.535944016950064661e-02
-1.370354230483881389e-03
-8.239416852440657746e-02
7.655251850893958661e-03
4.905093155660547946e-03
6.773098830432440487e-02
-2.100123101686372784e-02
-3.083699268337215457e-02
3.712466565139185132e-02
8.649813475741338631e-02
4.484786082224775233e-02
2.157748452117390359e-02
3.458364169438671309e-02
-4.849080317321698141e-02
6.066435606354549093e-02
4.449623481940433861e-02
7.434471192000018103e-02
-8.085255075472181849e-03
-1.909706150880908365e-02
-2.100516568689254730e-03
1.396734085168177819e-01
1.308962838739564233e-02
2.759387604309939193e-02
-5.238535362013630597e-02
-2.149155413822306099e-02
-1.919609574819519937e-01
7.612458801232299677e-02
-8.314063163844564661e-03
2.624112243479800530e-02
-8.535304038607946508e-02
-2.817719087487200944e-02
1.625282204270799002e-02
-4.736868446437277752e-02
7.635624171026977880e-02
-8.937602970465387264e-02
2.714170516862665639e-02
-2.379667354841097284e-03
1.561291119828868207e-03
-2.032682154772744165e-02
-7.037807269719568992e-02
-4.159645327012855692e-02
-1.817118446765229878e-02
-5.666694210015843503e-02
8.326176326576147091e-02
-2.268593727786443262e-02
4.557932300680193893e-02
-2.477900607828484661e-02
-7.894767862701916605e-02
7.589978485594422140e-03
5.724684922663823144e-02
-3.859377307340263602e-02
-4.002068818555080953e-02
2.717511473288923216e-02
-2.064647835658669356e-02
-1.899237118125654544e-02
9.534443230462069652e-03
-7.236975348240919093e-02
1.112924930750071144e-02
-5.019549896320339016e-03
-3.143794326830965519e-02
-7.300074105729884022e-02
-6.811268642810237861e-02
-6.984608423070973182e-02
2.353789873205123714e-02
3.147244189302663819e-03
-5.891100386293483121e-02
-4.054940947067354334e-02
2.430442163704079478e-02
4.555269372214260093e-02
-2.406753342271637439e-02
6.795473753123117133e-02
-4.135685997015931675e-02
-5.214632241588547205e-03
-2.702225982846604216e-02
-2.229570232536321611e-02
6.945395220515890311e-03
4.079479938273881251e-02
5.750724006818837275e-02
3.619053282937101813e-03
