1.229518577458589002e-01
1.409874341480674975e-01
-1.627426593544818723e-01
1.117342692823204975e-01
-6.697854162867634964e-02
-4.189814727786654591e-02
-1.446356560594991014e-01
1.060729394438311296e-01
6.930366698559178862e-02
2.742931970016446175e-01
-5.733295040394210951e-02
-8.177793811465142171e-02
-1.316302420400832784e-01
1.300460655571979846e-02
8.491214209494589438e-02
1.215512110322073194e-02
-1.704589506549376507e-03
-3.271785700794485607e-02
3.926695953585134478e-03
-6.103584433645615516e-03
-9.434503392442888936e-02
-1.000253391597739488e-01
-1.135684230677551226e-01
1.650657660521573237e-03
-8.380786820204225163e-02
5.035508465346649060e-02
6.752267122680964684e-02
3.741840598117160410e-02
-7.894437978382944782e-03
-1.183119694827931834e-01
1.261252573597294313e-01
-2.412714981337639453e-02
1.203012908751399934e-01
5.601429489975388865e-02
1.383259328731321035e-02
1.028510247195600462e-02
7.172437585751970102e-02
-3.554142297552898705e-02
-4.408368234833823229e-02
2.916363732845442952e-02
-7.682209603621009686e-02
-7.109230000516515713e-02
-3.997621545981398794e-02
-9.217955086907422824e-02
-1.941452252903051040e-02
8.189771189622283010e-02
9.144610467855263103e-02
2.025354459780241267e-03
-7.751382326910569165e-02
2.590905396881653180e-02
6.171125407382867939e-02
-4.021118739534622344e-02
4.283961630306681173e-02
1.182100271911748074e-01
7.171434984996119533e-02
4.441514619554091936e-02
7.552275237208422830e-03
-1.050655611944459195e-01
5.181322951113648267e-02
-6.911858957760741440e-02
-3.952602080498052867e-02
3.846151449910423931e-02
-1.479700773920776882e-02
-1.375201513931783304e-01
-1.237501701866247916e-01
-9.587087115527911929e-02
-2.406002939364746893e-02
1.566385366117055769e-02
2.945731860354905765e-02
-3.211666664196181908e-02
1.997560886477952463e-02
-3.885488389633260514e-02
7.997083436303235870e-02
3.052266601744200308e-02
-1.109067872155370671e-01
5.850346996423736595e-02
4.499820227268492429e-02
5.463921786980856926e-02
-3.835741897096323766e-02
8.277767910324541900e-02
-3.927883598104648516e-02
-9.264155468046147979e-02
8.381961006995472530e-02
-8.028628351359795579e-02
-2.418915629636406855e-02
8.705232462115963799e-03
-1.873685862217335874e-03
-3.736975629348838687e-03
-2.759547554220620133e-02
1.175418509827454994e-01
5.104482687144277706e-03
9.255825134249216768e-02
-6.010147426291645445e-02
-4.674602473129027547e-02
5.672513210678784001e-02
-5.385486782211912349e-02
4.649880626303556225e-03
-1.322427032534894895e-02
9.146524829701165038e-02
-7.605133829406977852e-02
1.234480778313636236e-02
-2.366100775054719163e-02
-1.002980263787729143e-01
7.640059998690483523e-02
3.654950775564818222e-03
1.363456281587237945e-02
1.097060886996042983e-01
-6.931029491676302112e-02
-1.175562843963112898e-02
-2.412203587663514642e-02
7.054002848143066384e-02
6.027679481790764598e-02
1.880653601027290969e-02
-1.084251148345621307e-01
2.993301565344744231e-02
2.700501771451565419e-02
1.246017415870051374e-03
-1.009191005382696349e-01
1.949900341822315836e-02
5.193111921075059534e-02
-5.490531080195697189e-02
-1.947414026525088812e-02
3.714968879201124147e-02
-7.296665875379582111e-02
-2.111036451220669324e-02
-2.051798895823817720e-02
-3.692464193107551119e-04
4.743960240182250321e-02
-2.601375509472952235e-02
2.928711198529912116e-02
-5.629626795125670241e-02
-7.557843372278667815e-02
2.037964351165905824e-02
2.278208351746526319e-02
5.533293011762346197e-02
4.059759241819670128e-02
2.483337774847908797e-02
7.759598270017237231e-02
-1.025139086264854373e-02
-4.209415909006741785e-02
2.462999783005234439e-03
7.076527720829038637e-02
-8.767612397063032081e-02
7.527169845127357206e-02
-5.859128164117596155e-02
-2.598798354509927050e-02
2.822994014132804153e-02
6.547642364389573422e-02
-3.535866702567058012e-02
-2.196156582505973467e-02
3.505882883989405036e-02
-6.552682283625359261e-02
5.493814765892712088e-02
7.933024649754925883e-02
-2.046836358525563893e-02
1.861160081633336447e-02
1.083511982620586483e-02
-1.755772611578756970e-02
-2.059348681381296953e-02
-3.773254300323124200e-02
-2.834419625431021730e-02
-1.749346546331526434e-02
2.097948810481545592e-02
3.940362276639715333e-02
-1.307930367646273628e-01
-1.043616547174691829e-02
-1.280152943617905020e-02
8.759854016717422143e-02
1.706460130778413367e-02
-6.760079333939639223e-02
-7.588584188071308134e-02
2.374498397492984594e-02
-6.478180299942285468e-03
4.600796926883742033e-02
4.864864470928047940e-02
6.841528869840268756e-02
-1.570257827425727143e-02
4.537808029732617182e-02
2.102638828782403893e-02
-1.145743882556723471e-02
1.367763091075709092e-01
3.567559652634550577e-02
1.007946838404462885e-02
7.642670797974175645e-02
1.496872835188768625e-02
4.094217755045918838e-02
-1.371732784471105596e-02
9.287925180596769137e-02
6.886151332339753885e-03
1.882298808307864696e-02
5.572239677365456445e-02
1.198813088202647231e-01
-7.882305836350737838e-02
-7.237270191675598818e-02
-7.950661002648110043e-02
-8.189236244923692176e-02
-1.060271495234045153e-01
5.213719067483062186e-02
1.443375000897558456e-02
6.351660832077310470e-02
-5.559017459343667568e-03
-6.605019388853587518e-03
1.508655076286046642e-02
-6.717909542416714008e-02
4.240856526669237875e-02
-6.324220524142017130e-02
-6.444307197895628170e-02
3.611515957584846958e-03
-1.327292674189630428e-01
3.799453132825837622e-04
-2.454057122572177521e-02
8.122815627064622693e-03
-9.889075173395011232e-04
2.267903096326491161e-02
4.323783048247110267e-02
1.720856535591449438e-02
-5.706790044573435694e-02
-8.351099071648433736e-02
-7.201566838584703804e-03
6.356000949443241232e-02
6.302721803236362164e-02
5.376534028482655991e-02
-6.807100636502619317e-02
8.040006860609080763e-02
-1.182681982216065436e-02
6.926726383063104911e-03
-6.158636635551601596e-02
-5.978404009743153169e-02
1.557351866018200429e-02
4.224249689988436585e-02
1.898236123007409487e-02
-3.236960464472976584e-02
-1.040360113377417350e-01
-1.602186287737882714e-02
6.855074073340451657e-02
-2.474633989091581249e-02
6.129591493520532806e-03
1.640211098954740335e-02
-4.724671951144359186e-03
2.057686651940390105e-02
2.165718565599326993e-03
-2.210788497563672197e-02
-5.834793226979786279e-02
-2.731632861363933809e-02
4.004212468399893574e-03
-8.851814038394149875e-02
-3.127007460104003905e-02
-3.348020366991865532e-02
2.314722532965475185e-02
-1.761515697116465204e-02
