8.189225423515594793e-02
1.009673830561377827e-01
-9.538528235937185351e-02
8.725023250794389229e-02
-1.573138399306169832e-01
-2.728979329488916139e-02
-1.390094413894416847e-01
4.377196760364472639e-02
8.601244297934663996e-02
3.209460837850510728e-01
-5.682015067514314260e-02
-2.822354870754215789e-02
-2.171544941250242444e-01
-6.659697154958171827e-02
2.558722205023384114e-02
3.750898364298801274e-02
2.093006370467728403e-02
4.676339132091702350e-02
-5.646115870412918292e-02
2.096049682322039323e-02
-1.315237194208554727e-01
-4.047961249617986618e-02
-5.821231731374704177e-02
1.563239053772260551e-02
-1.062724829602640642e-01
2.103212357727522047e-02
2.647192798983362752e-02
1.470150679677595038e-02
-4.550186924109147352e-02
-1.213443033762755391e-01
3.542289569079212080e-02
3.778766782938658420e-02
1.574266933279042657e-01
6.531511671376641348e-02
-2.127416919362731806e-02
-7.612593744881397673e-02
1.046807846496502908e-01
-1.495886799556189056e-02
2.182038095680671058e-02
3.699129055054749954e-02
-9.574252492118538738e-02
-5.802618677636676991e-02
-6.194483037758106991e-02
-3.325392535176135977e-02
6.893134357735383397e-03
1.327745139914331685e-01
8.495507365243773479e-02
-7.608794556221624983e-02
-4.844051361286438179e-02
1.050137335289825710e-02
6.694632526613300549e-02
-2.200750172580985195e-02
9.156331837227119075e-02
1.034457347618763512e-01
2.654388482109608025e-02
5.719379807417570433e-03
-2.140781745499505465e-02
-3.014664453461236501e-02
-4.933574901538742563e-02
-1.591853446901352401e-02
5.478103270959242682e-02
1.453785451723501286e-02
3.637883229179757899e-02
-9.224605006852466815e-02
-1.312165165637180220e-01
-8.062274428690585637e-02
-3.232786073804604782e-02
2.947470636304825448e-02
7.008258686211156496e-02
-1.018232402477910747e-01
-1.799300370350098016e-02
-3.772686760774188186e-02
6.996362703648316417e-02
4.786307654584356919e-02
-1.178155139649882388e-01
-1.732839324594616717e-03
3.403006889777297067e-02
1.841692186125496247e-02
-7.897981799366854405e-02
5.908022232347866221e-02
-1.043036714399376702e-01
-8.048985520311566222e-02
1.171487580055838584e-01
-9.352434007049760523e-02
1.336862202466167562e-02
-3.231957580013463532e-02
1.788252686210858172e-02
-1.085247647864995973e-01
3.436598847197388368e-02
5.266484171606105463e-02
-2.555094656511575513e-03
5.586926425541436508e-02
-1.126675638194126784e-02
-5.184598617938264431e-02
5.237179917113075206e-02
-3.250841297061742713e-02
3.810609331158331618e-03
7.637276918467665598e-02
5.602050563194856808e-02
-7.203410233675835994e-02
2.132896201009322132e-02
-1.349553671099384478e-03
-1.343164036514161719e-01
4.449826949130482323e-02
-1.296536670010507361e-02
5.082165758095709071e-03
7.069890702419069639e-02
-1.953608164143144643e-02
1.222685195576281476e-02
-2.990902195284245516e-02
4.418911917864237759e-02
4.927676421838467213e-02
-6.017673880721200602e-02
-3.109779501610724847e-02
-4.483072325482567039e-02
-4.768064287318872496e-03
2.053578648016810698e-02
-1.105473128762275020e-01
-4.419865840994276901e-02
1.479310322189214544e-02
-6.272245927102701457e-02
-2.467921265977566884e-03
2.100126135836219432e-02
-3.273464788872424563e-02
-5.158344276843698090e-02
-3.312773683528596330e-02
1.967058810353901344e-02
9.979158202713269907e-03
-4.186194283399650301e-02
3.389787297611879247e-02
-1.047028007993989519e-02
-2.757804972030888577e-02
2.690974239802866250e-02
-5.742878003828460337e-02
2.637633763050515820e-02
-1.646887219728824028e-02
1.812123869866365350e-05
5.701143041696236924e-02
-3.087915187377583345e-02
-9.964370743811628781e-04
7.126829020734542879e-03
2.715901670522776618e-02
-2.979445215407549447e-02
7.948876404010697672e-02
-6.237577917985749620e-02
-2.194234448502449183e-02
-1.588123574455179224e-02
1.830868954487442288e-02
-7.087120732657143860e-03
-2.939561986410108019e-02
6.427260086120066551e-02
-6.480610465188646474e-02
-2.357609463188980320e-03
1.190405295056503471e-01
3.034366761984427958e-03
3.162978045163796631e-02
6.005470926355270522e-02
-5.367385473205276737e-03
-1.087447282376615282e-01
-6.374322303561019698e-02
-4.088270278213265545e-03
9.352704670360013905e-03
-2.662600803035341124e-03
4.172740336416817797e-02
-1.318354113280166273e-01
1.860935687330088004e-02
7.707203774903218993e-03
5.124144977361574926e-02
4.691314735001690661e-02
-2.292452222403621245e-02
-9.666443056208461754e-03
1.288370559893841846e-02
-4.595334884568222237e-04
9.045534820943321175e-03
5.973443534899326030e-02
-2.982643663549444657e-02
1.769804671076644423e-02
3.167813676255516048e-02
2.832861228272949214e-02
1.063805832457615647e-02
6.252193736739425356e-02
1.121614234292390572e-01
3.927588693540962073e-02
1.010190401391312526e-01
1.716903197010436269e-02
6.072374275568970248e-02
4.356755078896198952e-03
9.479771192207693542e-02
6.007735255999584537e-03
3.566220166632091959e-03
5.984827897790345047e-02
1.506258155497003370e-01
5.053911149122928756e-03
-9.286527491003090939e-02
-9.345353850946183649e-02
-2.369290895566861926e-02
-1.111292720009927903e-01
4.219839053172962096e-03
4.125852869073554086e-02
7.775150168093016012e-02
-2.021835122959424885e-02
4.166564591862136763e-03
2.533966414451439136e-02
-4.606306650949708315e-02
-2.027905242807665626e-02
-3.838405132812511972e-02
-4.512584528616400692e-03
-1.273559995587666277e-02
-5.775159554734276418e-02
-1.678541623940150822e-03
-2.875130915481526397e-02
2.279262337186889129e-02
7.384153911027643846e-02
-5.368091838429596419e-02
6.771391981246711878e-02
-3.560843208919865777e-02
-7.387068492770980377e-02
-8.733334594882410928e-02
-2.003911930585336801e-02
-2.313831323141552973e-02
6.898088816621848751e-02
3.470920275246332926e-02
-4.936954892144832657e-02
3.908421110094124212e-02
5.842855089246278694e-02
-1.209082713850016810e-02
-6.716704789487247529e-02
-4.548470522629492058e-02
2.428869831543342683e-02
7.544502117720244816e-02
-8.458888599829753052e-03
-6.443430568521661683e-02
-1.080802168032689997e-01
-9.267247681305660701e-04
5.191437817680273625e-02
4.160507675102200625e-02
-3.267978905681681590e-02
5.704159947373938638e-02
2.299225406704105343e-02
1.313691112568034780e-01
1.026649041195164432e-02
-8.681294622328106572e-03
-3.087116400535128147e-02
-5.879256003703266925e-02
7.031997838983613386e-03
-6.216670827654723064e-02
-2.638769228644749151e-02
-1.661819912601821339e-02
8.535344383432147408e-02
-2.743007610813018218e-03
