1.076425798467635780e-01
1.348263024591038473e-01
-7.158412518443608985e-02
1.404695071749527402e-01
-6.937857667530084038e-02
-7.779280661386464568e-02
-8.667359033978939975e-02
1.058102743675171098e-01
1.971439932616422461e-02
3.068076300220607400e-01
-4.695103184265084911e-02
-7.673633275145577692e-02
-1.156140231945254754e-01
-8.827894106725658885e-02
1.003211338262336855e-01
3.097017848747443680e-02
-3.003325058101545195e-02
2.209679876730562612e-02
-8.819496138553162279e-02
9.136576911082211830e-03
-1.437717613585953458e-01
-7.430947546753324806e-02
-1.329286794496268298e-01
-1.780568721217602735e-02
-1.290779879081168646e-01
7.538731614107341272e-03
1.111243220055583292e-01
4.079843829244198666e-02
-3.873772430686140550e-02
-1.087896259987622960e-01
1.024506137830818175e-01
-4.121539538371173789e-02
1.207409421939403954e-01
3.310033460923177823e-02
-9.643386176313500924e-02
-5.992308658478560229e-02
1.008456687545601499e-01
-5.145165309490189187e-02
-7.416176724311439837e-03
5.607628299150364815e-02
-5.582481726176519166e-02
-1.185863765189602570e-01
-2.985136222043560314e-02
-1.205622318084338673e-02
-1.334171409800464711e-02
7.166157987478709301e-02
1.025928112634905132e-01
-5.882306770222305026e-02
-6.865382931735469763e-02
6.000625486861950464e-02
3.866517181210223780e-02
3.107559259682163982e-02
9.419815629904861043e-02
6.772457588261536487e-02
4.307924395597327594e-02
5.235754503202773302e-02
5.248946480581631602e-02
-2.339172218495049263e-02
-4.437251076959054102e-02
1.370751931389200054e-02
-9.367960543016872615e-03
3.070163959377820301e-02
-2.709754539466032591e-02
-1.086726494694674611e-01
-4.791693341546986867e-02
-1.831740881547279029e-02
5.498065918085101762e-03
3.163180585114500065e-02
-2.370962111701969272e-02
-5.722309248578413832e-02
1.049076618302009767e-02
-4.544605779595718015e-02
5.204982238184227561e-02
7.484499807563450846e-02
-5.233418353441422755e-02
3.771025791905802810e-02
2.723954002559626775e-02
2.283456229975422414e-02
-1.091164503076331865e-01
8.838743172694074612e-02
-9.550660301487783402e-03
-3.354305358354276595e-02
1.224381161160794929e-01
-9.161476683864192005e-02
-3.216337289452733672e-02
-3.934255381815759262e-02
-1.115827618140086477e-02
-4.275360293569351045e-02
-2.545612126928630675e-02
4.713153406516680521e-02
5.989076590212494278e-02
7.869879997572687413e-02
-3.108245567065021434e-02
-5.584229612466849735e-02
2.396663139901374431e-02
-8.064449831024932472e-03
2.001079621412026749e-02
-2.397714576335210034e-03
4.102404071440282629e-02
-4.015537165552948012e-02
4.385473749035627422e-02
5.859171787853385133e-02
-9.446933223589078221e-02
2.726364530460992017e-02
-1.576421011826272325e-02
5.921696757008844403e-02
7.606574620273806597e-02
-1.318102350732880748e-02
-5.723566915309561028e-03
-4.731649897608360134e-02
1.818545523343875064e-02
4.540565694263135749e-02
1.274898793858347638e-02
-6.810559480896012652e-02
1.566748472799897943e-02
1.252237126925880538e-02
2.896447051725880781e-02
-1.348402314562337501e-01
-3.490894050841013285e-02
3.126715011560331908e-02
-2.690987582410665768e-02
5.119616418395357867e-03
-1.426873618854357720e-02
-4.923504928950092618e-02
-5.387404769042358765e-02
-1.238967390582462226e-02
1.091448492338203784e-02
7.526533599145035502e-02
-1.098943780356893829e-02
1.615510105228209342e-02
-1.257433454253226862e-02
-1.109324940208129551e-01
6.614955115132661878e-02
-2.243565881156061453e-02
1.148895463025430275e-02
-1.452750449930159844e-02
-2.917381117315293471e-03
9.422290393472600167e-02
-2.358547723968713178e-02
-6.900063429929301217e-02
-1.456858151753664087e-02
2.519427640819133993e-02
-1.815492638778751916e-02
9.943660870023915410e-02
-8.602017837976583259e-02
-2.712908848767538010e-03
-6.369101554140717963e-03
4.545704547573198306e-02
-2.311334509182512084e-03
2.039255892186518648e-02
7.577550241545591425e-02
-7.011147182040305958e-02
7.696541742269909225e-02
9.257782851884220621e-02
-5.869145220264361529e-03
3.535443175884891986e-02
-3.410372952626697200e-03
-3.208987376889525095e-02
-4.112607399920393397e-02
-3.657010864913334824e-02
-5.585727317740769166e-02
-4.057192304785369602e-02
4.692719702960088807e-02
2.739438178980736771e-02
-1.304785620928271550e-01
-1.287526173538008044e-02
1.201176533806225417e-02
4.798018864272728112e-02
3.104530040888863959e-02
-2.679590822865783595e-02
-6.563424587401099630e-02
-3.116004559398306666e-03
-2.523802427781779434e-02
5.810207305952307805e-02
9.396410181572252551e-02
-5.440480333591485307e-02
3.703676386123067737e-02
-1.297864734999962938e-02
6.322953299086536867e-03
-4.991506833870224674e-02
1.420332399522575284e-01
5.849353873371528068e-02
2.921164259982372488e-02
4.909112758857370890e-02
4.803066435320046262e-02
8.903837568504564814e-02
-1.098058004325817329e-03
1.255598680772061770e-01
-8.559030653873001340e-03
2.839520728018752379e-03
7.630044304272790012e-02
1.351904510709636131e-01
-3.956883240502765547e-02
-5.990445824153662474e-02
-4.584678692940567790e-02
-1.097104611803818852e-01
-8.489706846555346298e-02
4.150878333782175716e-02
2.915143011465779269e-02
6.120921985861061537e-02
-4.065546322238767357e-02
-4.101886805284730292e-03
-3.498849130997972595e-02
-6.545418315868603565e-02
2.488422098906907520e-02
-7.738764860026074721e-02
-4.425130820961307998e-02
2.837319811239245176e-02
-1.422634064873556092e-01
2.390330855526541162e-02
1.387219927753223156e-02
2.714971151740655855e-02
2.720593462960809589e-02
-1.570109012398715129e-02
5.951309399208080247e-02
-1.819424537725859324e-03
-5.222647046437568080e-02
-6.941339916812561128e-02
-1.773851022844514375e-02
3.578366124322099329e-02
1.112027909432731498e-01
3.821484598256253556e-02
-5.900603792665764374e-02
6.326269887966255723e-02
4.433309035538309135e-03
-4.771797189093223562e-02
-7.311259596172510478e-02
-3.319127878952170263e-02
5.681475649710692431e-04
5.936244445030686157e-02
2.678617145396508525e-02
-5.145841474399408255e-02
-8.205511354386153811e-02
-2.061376627191610633e-02
5.291237214828719421e-02
-2.707935655860234381e-02
1.872192447241291871e-02
2.274179247420940811e-03
-3.585097345993372431e-02
1.001356955998804477e-01
2.357922271427685592e-03
-3.240892218131012810e-03
-7.941218776319812489e-02
-8.896629650572293602e-02
2.242527968020410767e-02
-4.243228937083275143e-02
-3.738901197068819626e-02
5.924151235629307628e-03
6.183430050893790053e-02
7.032892645520782450e-03
