-1.447340298281265536e-01
8.775944940371048497e-02
-1.858188970784820648e-01
-3.342713463116754602e-02
1.667789004756516924e-01
1.785926273550474952e-01
1.632887644802548388e-01
2.062799069735128388e-01
-2.391533740520184956e-02
-3.382427386798706609e-02
-1.200031429493829821e-01
-2.188941278784672928e-02
-1.302144660130575282e-01
-2.997750331578017888e-02
-1.097649203582340589e-02
-6.065304764297732576e-02
3.307467830648126370e-03
-4.961771504898155639e-03
-1.562838029360026360e-01
-7.073536347347585129e-02
9.173191222806961753e-02
-3.648801770482686807e-02
-1.285452104833564313e-01
8.126799604055061355e-02
-9.287143007999938693e-02
7.302620872598264423e-02
4.344532668436202130e-03
-3.284625677343534778e-02
-1.673888878348741005e-01
1.005911110333195316e-02
-6.040452915872464995e-02
4.020360558068583612e-02
-4.634916347951902743e-02
1.421531254860376389e-02
4.677934873404450411e-02
7.842279261850200467e-02
-5.302093691003577358e-02
-2.119382346635360556e-02
-1.732015338667237947e-02
1.993387929598127162e-01
5.506395429516983825e-02
-8.861122173260597978e-02
-6.422944168668088052e-03
-5.920606715609052356e-02
3.657047736029378493e-02
-4.244241285128784458e-02
-5.428096740751810201e-02
7.976479933963527558e-02
-1.163130043055504437e-01
-3.975867565577326929e-02
-3.690245689448932304e-02
-7.449632487834803585e-02
-8.346232758408336783e-02
4.521593024119687637e-02
-4.193808987469892224e-02
5.076331032945493454e-02
1.518348835261608583e-02
6.605467303872036844e-02
3.041221211086938409e-02
1.083988801696782710e-02
1.874948861227627647e-02
-1.700588817544775033e-02
4.743546930084806268e-02
-1.995019511977026358e-02
-3.271690423181931873e-02
-1.119906059081168664e-01
-3.578883717555796790e-02
6.178590104201549943e-02
-9.382030314221688786e-04
-1.285438292495965154e-02
9.332133244644765652e-03
1.288311258716588054e-02
-3.111798803134187968e-02
-6.709508736837624387e-02
1.028272248980897086e-01
-2.015116463183787635e-02
5.182116273532972467e-02
9.880341470870572518e-02
-1.044246217414312311e-01
9.990722766794168930e-02
3.423988710634544297e-02
-5.585992478016477830e-02
-5.468777528065702637e-02
-2.935570640791050623e-03
2.231503997096449463e-02
2.139845324788499162e-02
-2.673281255952018182e-02
-1.039153953849946202e-02
-1.002987038463455660e-01
-5.846610570006013918e-02
1.751249018774052660e-02
-1.784484956122003863e-03
7.156551949402867666e-03
1.451172531348149386e-02
6.429287484710496936e-02
7.509640188534304206e-02
-3.101550048635619630e-02
5.019814400574177521e-02
-8.378115086671571177e-03
-2.489584072052141231e-02
3.474883721603007347e-02
5.327687952574799990e-02
-1.282790467378208399e-01
-2.030921230481613424e-02
-3.453574737771920866e-02
-8.720909681207240916e-02
-4.262079919138084261e-02
2.461969756107043258e-02
6.629818455059336563e-03
3.909972355976187863e-02
2.432483868417260886e-02
-5.167430305580678063e-02
1.105774311175039826e-01
-6.946214219358633202e-02
-2.173060543630052008e-02
2.705294801422444828e-02
-2.828891051344026297e-02
3.859857742082077278e-04
2.597137291852311819e-02
1.310010095776410477e-01
4.489009719723295860e-07
-1.989318469632977981e-02
4.898300360545666809e-02
8.351795677376393223e-02
-6.797952587569372485e-02
2.521231590576190548e-02
4.474948760047362667e-02
5.729882504955607914e-02
-1.030141058258061820e-01
-6.997382023994679068e-02
-6.912377445325118552e-02
-1.093187127920935559e-01
-1.585311047942281060e-03
1.722716182378611349e-02
6.657577800549224767e-02
6.552238007849317536e-02
-1.178460701865239463e-01
7.852082568461195289e-02
2.749135160962142693e-02
-3.194621032463082488e-02
-8.457066408388304313e-02
1.220803458700749165e-03
3.894461100852344287e-02
3.199182556955201817e-02
-6.328719854651096433e-02
-1.957708935037326403e-02
1.416676218194275715e-02
6.423103010550477998e-02
4.430338362686513098e-02
-2.530579090046414237e-02
-1.984815647575655095e-02
-5.704288243384386496e-03
-6.587355876195152837e-02
6.731988316280237972e-02
6.591433968871301952e-02
-1.713275449629593147e-02
-2.411323367215365693e-03
-1.593563919657772342e-03
-4.658190136806467790e-02
-3.303531314432369640e-03
-3.890313946488199726e-03
3.618462970946156876e-02
8.297547721455736380e-02
2.997287618268446377e-02
-2.428892660641482348e-02
3.072147034971432072e-02
-1.404593875879420369e-02
9.557895902702848515e-03
3.111698663686594118e-02
-2.628384252585985736e-02
5.624038561933331938e-03
-4.200435456433083796e-03
-1.197036569393894467e-01
-8.589492195120140838e-02
-2.183350735141417753e-02
-3.941592249825038967e-03
8.623629387496436691e-03
1.223040712083371534e-01
2.080138042431779744e-02
5.161670560801833070e-03
7.444773998084303068e-02
-5.394684696099470017e-03
-2.696914165584161568e-02
7.352158821397611344e-02
1.607203603036931605e-02
-2.617686597115444908e-02
8.508431038835137517e-02
6.108758378384654408e-02
-1.509502033029353797e-02
-3.182428191447433941e-02
-6.678134011981157192e-02
4.652033287321646893e-02
-6.167554046459830519e-02
-1.612980613237775460e-02
-1.510541411433689689e-02
3.521161958728954294e-02
-7.414683820624556887e-02
-3.224970191252812118e-02
-1.974038571163919814e-02
6.748055517992447572e-02
3.856566952649079921e-02
-5.574172570116006642e-02
-3.967227948409059179e-02
-9.573738653929071696e-02
3.739907949286671446e-02
1.401665660308400868e-02
-1.159708036415315301e-02
3.079184420978198222e-02
-2.000385605134295808e-02
3.561093426728093730e-02
-9.379323096052256947e-02
-3.695076554524234520e-03
-1.921641468481549318e-03
-1.161766074717588380e-02
2.765067692382760720e-02
-3.502546380729702064e-02
6.491936794975834701e-02
-8.466900792758898231e-02
-2.703626961657347796e-02
1.827358452029760952e-02
7.370577573586076237e-02
-6.014544423620862140e-02
-1.474777816305094386e-02
2.341308627925281147e-02
-1.813031604855044540e-02
2.069198671053253807e-02
4.183263267712942352e-02
-2.977425476800870524e-02
-1.701880271110295731e-02
1.558967467056304908e-02
-1.047239005663607864e-01
-1.669956505834263583e-02
-1.215073755756182483e-01
1.379262048722581895e-02
4.910399968282522232e-02
-5.417437069209667805e-02
6.571392267014937449e-02
-2.308490513789703685e-02
-1.480682590628730304e-02
8.381840964738940247e-02
2.980944169804253686e-03
3.032909636936650596e-02
-1.187747081741587045e-02
-7.772250710222516901e-02
1.957115004520562640e-02
-6.704415437347938100e-02
-1.043693378601906335e-01
-2.621526426968008236e-02
9.519404370898421064e-02
-1.742257186997006602e-02
