-2.580311022847899260e-01
1.526044880126578018e-01
-1.288869032830432526e-01
9.508275430930933358e-02
1.329671993112792883e-01
2.023347175757631566e-01
2.228600442665627235e-01
2.544992111731391171e-01
4.612638690915435435e-02
-1.931420482379013568e-03
-4.742931254239252103e-02
4.515938269796607868e-02
-1.173390382882043143e-01
-7.876391977346824946e-02
4.140516710942083317e-02
1.444680046603733989e-02
-2.807942138810990210e-02
2.790643803037920131e-02
5.071238684401610519e-03
3.347166678773342424e-02
-4.975035420177047890e-02
1.375023257940840293e-01
9.095928054532478879e-03
5.195442778362778513e-02
4.402998525193179552e-02
-1.252048775996927182e-02
3.982362930434161716e-03
-5.696440720414012310e-02
-1.549654724827873586e-01
-1.034597117703130731e-01
-2.066058060751340547e-02
-6.635328325602637967e-02
-1.072391257219923108e-02
4.647586096434928177e-02
5.649350428011298136e-02
7.969101522574700835e-02
-5.451168707146596820e-02
4.036597299303785330e-02
-6.648104576748417593e-02
1.037916491268404129e-01
7.332893931204314229e-03
-1.214714336348119983e-01
4.447817559729625586e-02
-1.785120148096693699e-02
1.065819251699839376e-01
-7.678792542981571420e-03
-1.161052378943742830e-01
7.664742752942262094e-02
-6.584264183230008685e-03
6.168658045545168805e-02
-7.803521035310663490e-02
-3.032268864019320095e-02
4.822013252269523841e-03
2.614398278836627815e-03
-5.230907771881779939e-02
6.937378380342527906e-02
4.603798832713291989e-02
1.054776239315574279e-02
4.539168436458789618e-02
2.111214208524309755e-05
-4.667755002494749367e-02
-6.027462082389587611e-02
1.464246235058864337e-02
-1.497373229101134906e-01
2.464532716689267489e-02
-5.859668225390806534e-02
-7.770354541131586912e-02
1.911326490371752576e-02
-1.744220480582846233e-02
-3.197988963835856485e-02
3.213894579268142260e-02
1.663166880896549057e-02
-6.040967042955728769e-03
1.960132995614944501e-02
6.060536636595065946e-02
5.858098435471242871e-02
6.669097537386405039e-02
3.473829315732179790e-02
-8.392856266067602600e-02
7.127922273030261324e-02
8.586277539410501480e-02
-8.319045493190226070e-02
-6.041573165744627133e-02
-3.780949689756735177e-02
-4.644739362437626945e-03
-3.598574833982307736e-02
-9.647499792430489635e-03
1.675599208437391144e-02
-3.210554093560783612e-02
-1.344632669927553481e-01
1.077352610609955304e-02
-1.665359819526048349e-02
-2.187091928215514902e-02
7.609561742863010791e-02
-4.831874665733856128e-02
6.258319950907513356e-03
-6.141488080755143353e-02
1.824906320374754991e-03
-3.498343236840512765e-02
-7.182197504110374164e-02
-1.986904553852715180e-02
9.175868158982987410e-02
-1.405718269422259470e-01
1.165625200815722379e-02
-1.392400253469098896e-02
-2.394845621886928719e-02
3.238142896008305849e-02
1.292369562195534293e-03
-3.475617037441010304e-02
-2.970062958920413609e-02
1.023594967529353229e-02
-1.006695038308536884e-02
1.016869388201520341e-01
-1.039772997698222567e-02
5.563791769618747080e-02
-2.916540273550115086e-04
8.463142673290425036e-03
4.587208775255339349e-02
-2.142514661757786293e-02
1.002754559143852336e-01
-2.116628451413912499e-03
-6.496124395208326130e-02
-3.911194580501648269e-03
-2.103089439005698461e-02
-2.555566911287152770e-02
1.231192022727231432e-02
-3.317585843564551523e-02
9.335986730778519926e-02
-4.613660246177624796e-02
-9.934107336790287679e-02
-4.806417508600102032e-04
-1.092053131351278378e-01
-4.327015244791547477e-02
-2.764617980141546860e-02
8.093332858009527619e-02
-2.037457918594250475e-03
-1.245974267889529558e-01
5.819221447376529341e-03
-3.184184347059473147e-02
-3.597849529746153380e-02
-6.459055559927687554e-03
-5.568902951113900018e-02
-1.236874934650789848e-01
9.137515569256197956e-02
-1.814077834595549665e-02
6.568600335876441376e-02
-4.734540880352471059e-02
9.383884051838364826e-02
5.128234657663352514e-02
7.334858722491925664e-02
1.758430314279897655e-02
1.998162092842040204e-04
-2.592404194041694754e-02
-1.485811266643677873e-02
-8.692175363073239777e-03
-6.977358648120405779e-03
3.988124502112908726e-02
-2.279086384759857961e-02
-2.549757667029503572e-02
-6.450392771304322426e-02
5.446146060440833214e-02
-3.344466367696955628e-02
4.396978159514677853e-02
5.793113900059181781e-02
-8.247900979547164585e-03
-4.210602212296675473e-02
-1.495934879291972545e-02
-5.278066167968639699e-02
-4.714852105265877891e-02
-6.571579872057825567e-02
-4.586245108124675091e-02
-3.354392479661227194e-02
-4.308283326467205604e-02
1.427718824067186233e-02
-8.013539176479929360e-02
-1.009534961937422724e-02
6.209649653032613820e-02
6.914063084075164345e-02
3.193374939234968485e-02
1.992512892242134098e-02
-7.801617537338783985e-04
8.468873598311306428e-02
3.081313732157022964e-02
4.322731523058767622e-02
2.483720929697387503e-02
2.648293482436064883e-02
7.315510465826061126e-02
7.942636430915585299e-02
6.188622640552552540e-02
3.700464755833057090e-02
-1.713927961874729677e-02
4.738521540690801559e-02
-1.170021293627343127e-04
-6.948414582358379381e-03
2.820956752851280346e-03
-3.925326094961932230e-03
-8.851612898027312604e-02
-3.799395572607664612e-02
3.663474239789186321e-02
8.256512690407419308e-02
5.036907617223639749e-02
1.859002429842422643e-02
-2.414561638447180331e-02
-2.513826163274102826e-02
1.122714090990624414e-01
2.084653771707390899e-02
-1.337256700416127042e-02
2.582079675525169454e-02
3.493988006239379107e-02
9.899262086797014359e-02
-3.127048761245232456e-02
3.027021475155874941e-02
-5.984209432588497718e-02
5.320348340270650289e-02
6.420941333095409043e-02
3.015392771087955191e-03
1.922675969334674412e-02
-2.310679683835161966e-02
-2.781933341835653856e-03
4.165555030418340021e-02
3.174227588437335962e-02
5.600881036004629054e-02
1.769180480822335130e-02
1.179944000407407399e-02
3.880902061793532060e-02
3.748535741287472439e-02
5.128881642662738716e-02
3.463075744005535139e-02
-1.670518673600103823e-02
6.099025433690146401e-03
-1.950172831808599447e-02
-3.128512990454369869e-02
-8.110998953676985812e-02
-3.830900336893578589e-02
4.981117079171280826e-02
-4.179005508037163946e-02
4.286289241672272543e-02
-2.461846026349710087e-02
5.404926305611500170e-02
5.223429987362555177e-02
-3.079192302395876435e-02
5.266910784505533794e-02
-7.996734592416917522e-04
-9.776426876887180095e-02
1.804090429315546862e-02
2.053564439894766790e-03
-1.160946137196475353e-01
-7.499577698151515008e-04
4.780623238229825267e-02
3.369399126462786775e-02
