-2.697400103813082373e-01
1.181460516956699264e-01
-2.708970711553684296e-01
-6.279744844259921820e-03
6.114690167473272459e-02
1.972403046536120585e-01
2.065544307195842921e-01
1.385465082456230901e-01
5.238796014170528370e-02
-9.359852562060162751e-02
-3.308552612852722757e-02
5.164822569428914600e-02
-5.052776112393021768e-02
-1.350522699740462455e-02
5.020920703020220754e-02
7.228132223067898487e-02
3.939777440440628276e-02
-6.423926383427562559e-02
-4.079566070906753134e-02
1.362623662530044501e-02
-6.297978143885937796e-02
5.679164647637176960e-03
-3.508429958771736717e-02
1.014334556432137519e-01
-1.039456673601106829e-01
6.517285925265001167e-02
1.879465742351825452e-02
6.407200588185142133e-03
-1.269280150716595168e-01
1.661358507450196378e-02
-6.697923831754468149e-02
5.742377512446115995e-02
-2.581683112348173367e-02
1.476774486544847262e-02
1.257351766483144340e-01
5.483499446319384241e-02
8.100755569348317905e-03
-4.931899499589871561e-02
-1.080241147399816498e-01
2.026235959861431846e-01
2.005175236855324603e-02
-1.785743990185116870e-01
3.074971288837132291e-02
-3.802147747247843629e-02
4.729887090901330887e-02
-3.554981830562888023e-02
-1.087973075991694322e-01
1.059384039804796562e-01
-5.346449562504904107e-02
1.329349425502095519e-02
-4.248809017790811104e-02
2.131962494673791605e-02
-3.555152362732978688e-02
1.422446347797594671e-02
-8.355626129477936037e-02
1.119411022612114559e-01
1.265775032492566510e-02
6.871208391069658084e-02
2.584790208487212308e-03
2.357177510424769348e-02
-8.779030222664038416e-03
5.285989086921218105e-02
8.617191782605286565e-02
-4.886821025748297465e-02
4.657946389627189848e-02
-6.055563253459689266e-02
1.664110896675448023e-02
3.039251620490093786e-02
-5.452575142595274954e-02
-6.372012980208784094e-02
7.126887273685503232e-02
-4.270753097437984813e-02
-3.253535524138306823e-02
-1.331406725602060637e-01
1.230713618322075431e-02
1.142016426014896661e-02
3.852359239409124808e-02
9.700961240604263902e-02
-6.590785290573764055e-02
1.016951543114337671e-03
1.016583875755623784e-01
-5.058441191083409144e-02
6.097752912339940261e-03
-2.409288730960853012e-02
2.489094375919542051e-02
-4.896268507971280465e-02
-3.737676355023641234e-02
6.522671331196440436e-02
-2.342532207657446047e-02
-6.661116168162256601e-02
6.644032255362646022e-02
-6.055972530667905196e-03
-2.578947776339930720e-02
6.670805806066766597e-02
2.392549293144824452e-02
2.249380715067518174e-02
-1.096879971235491767e-02
2.228115353457302272e-02
-1.668909671941778625e-02
-7.812344742005411513e-02
2.899023017025137428e-02
6.620437424309003061e-02
-6.420140569251565899e-02
2.070946084215611813e-02
-5.215914007587860168e-02
-3.832089785672234544e-02
-4.551561600638281968e-02
-3.220326089334991926e-02
4.976810851904757589e-03
6.280358760072245368e-04
3.202198519654431835e-02
7.623708876738725763e-03
8.184892731427291512e-02
-1.942791158393023312e-02
3.970449356553004683e-02
-5.234314428740564212e-04
1.227763411779519542e-03
-2.665151788320394358e-02
2.067494513092991287e-02
5.309427028378378710e-02
1.301310526095907950e-02
-6.949966968503995535e-02
-2.880482759492959677e-02
9.402656136752737814e-02
-1.732279426347200016e-02
-4.860985401979672077e-02
3.421557460684521157e-02
5.536337133900050972e-02
-1.227888923456705583e-01
-3.817475178695527160e-02
-6.079795874829468927e-02
-1.874313624429068403e-01
4.785013320204604265e-02
7.634916250957035633e-02
5.375085324506406748e-02
4.776899399551725461e-02
-8.463525244137243275e-02
-4.595500919583655943e-04
1.580014662317295870e-02
2.776192105552757056e-02
-4.368256571008607980e-02
7.021900848491333808e-03
-4.712322277382067354e-02
2.915820435778996439e-02
1.427865860163052975e-02
-1.126167166126737680e-02
-2.593562383316638451e-02
7.324980853105375611e-02
2.284343220579356654e-02
5.161623385918027301e-02
-3.497935409024402476e-02
-1.918739301123538465e-02
-1.226523642902965505e-01
2.617157214370282106e-02
4.237437932689214204e-02
1.476194677166541491e-03
-4.104948079102939407e-02
-2.386665933276721583e-03
-4.330582603992338270e-02
-7.375765333358161313e-02
-2.351747766129106201e-02
-1.578820937126666074e-02
1.157555317353491792e-02
7.897413009733076153e-03
3.228491169638898067e-02
1.635921928959581384e-02
-7.118592588932329095e-03
-6.718626437203387321e-03
1.276508327278027405e-02
-2.583030316491883790e-02
-2.567825668206664969e-02
-4.831265055376397083e-02
-6.195113138887687471e-02
-5.976886531466994723e-02
-4.644682397437593924e-02
1.511791562351115156e-02
3.043699099486039256e-02
9.428208677119014058e-02
4.566254652413231224e-02
-3.674166764238746136e-02
1.943128812089801524e-02
1.733718717862758885e-02
3.184255124717567942e-02
4.003174479993264201e-02
2.612355028460549775e-02
2.351539716881596159e-02
7.767927932983785533e-02
5.506852121691500207e-02
2.322515141532289010e-02
-2.425571142561040033e-02
-9.077086349547232574e-04
4.744907564442852471e-02
-6.678960654440467375e-03
-1.513469598904800158e-02
-5.114836179732151766e-02
2.210233350101671601e-02
-1.385060239084437428e-01
-6.922842121529490522e-02
5.000538698051071318e-02
6.880635409432230010e-02
-5.741876147866051272e-02
-4.099143164033077630e-02
-2.860537316879240358e-02
-4.432850746395274738e-02
5.279918141666015835e-02
-8.255530566921945659e-03
1.793445905115059053e-02
-9.982134682648552415e-03
6.147139028797985946e-03
3.070956961553215209e-02
-5.594086147979307477e-02
3.715009218975287141e-03
-1.865434355396825700e-02
-3.630067145053488681e-02
7.773988646308782613e-02
-3.953242660590930088e-03
4.007018275107091659e-02
-3.765452634887890386e-03
5.162895555906898450e-03
2.829142344365682613e-02
3.784347599333855519e-03
-3.246079857661974231e-03
-5.414021229581341549e-03
2.863494344708599967e-02
-6.813790209400376330e-02
4.084975351342005900e-02
9.728925105855611155e-02
-1.639680457988363510e-02
-3.720636780588254880e-03
7.735475661015671356e-03
3.825524297123771705e-02
-1.987514925320810547e-02
-1.473478440761349095e-01
-4.862148431379684915e-02
5.533281197412039110e-02
2.381856926080185531e-03
9.148379028575033545e-02
2.912518932966055157e-02
6.148769316344045860e-02
6.491603780449456407e-02
-3.838150498997230931e-02
3.267665819751958828e-02
1.060457710347682651e-02
-9.266967099655576412e-02
-1.181289984786609328e-02
-5.990170987517001028e-02
-5.621889712990770643e-02
2.283528076806326870e-02
7.652579973134951419e-02
2.216989834680634791e-02
