7.777469468907030614e-02
1.693474957884132659e-01
-2.189541666494385641e-01
5.587330597656698511e-02
-1.868142126131936975e-01
-1.780068309222303941e-02
6.111418755639209249e-02
5.912220021945908954e-02
2.198201971876825866e-02
4.269605831453439360e-02
-1.072204355831975486e-01
2.039529519465155347e-03
4.747232463128842062e-02
1.147694382668425911e-01
-7.252267197850401081e-02
-1.023745121066743785e-01
4.660234618485383645e-02
-6.570363082792478326e-02
6.473097331168641694e-03
-3.712248182753143111e-02
2.895583225315730147e-02
4.931372269054570129e-02
2.046281111608004230e-02
-4.179600216078353803e-02
-8.246310332015971412e-02
-4.189403072856623389e-02
-7.163690189930717322e-02
-8.065342235382326475e-02
-1.568758196164725394e-02
-1.278383526515781132e-01
1.045600807723413989e-01
4.535731646031550268e-02
9.027872363406422296e-02
4.941600027816060725e-02
-1.176410396227430682e-01
-8.071019862669945311e-02
7.408728152538374134e-02
-7.006740765246284586e-02
-1.276922131348290357e-01
1.667900542453044088e-01
7.620158710252612766e-02
-1.204167536492015272e-01
-7.205768869009314577e-03
1.326518564413499690e-01
-9.300033793557228867e-02
4.218493803125241554e-02
-6.979690902771094885e-02
-1.583371478702651769e-01
-4.950041190837075819e-03
8.589915517676390000e-02
4.021533332634896762e-02
6.497694806606810203e-02
-3.896849693196072217e-02
-1.512644368900175652e-02
5.609375315510628686e-03
7.041054109655134341e-02
1.847346017885395930e-01
3.315563706039059005e-02
-3.530801653177759875e-02
9.491708081894104088e-03
-6.636758199777034739e-02
1.177811569066590860e-02
8.488223424920247895e-02
-1.421412894575071473e-01
-4.730504038592547172e-02
-1.597802086844641797e-02
-3.268439734120314605e-02
9.878659961212969687e-02
3.272856038197896611e-02
-9.402692789251568262e-02
-2.323464414804607414e-02
1.386946986934450843e-02
5.692970598603405014e-02
8.298603387116430807e-02
-6.116169628207517028e-02
1.063146583082553026e-01
2.889430510771280255e-02
-5.386592848906059106e-02
7.473450427069301683e-02
6.635155616706459036e-02
5.255702963964267727e-02
2.834076153980678164e-02
-4.991253337524693273e-02
-7.566048948247512673e-02
-8.531262315567231594e-03
-7.014803865872779043e-02
-3.659359595739191534e-02
-8.474071177762543261e-02
4.954072741150322701e-02
-2.770528214852198499e-03
2.134546970831314113e-05
3.297918563838174444e-02
-4.217332850462422733e-02
-8.679208502166227759e-03
-9.886733098894187957e-03
-5.274385268486402739e-02
6.731615058267645391e-02
-6.128729329349368038e-02
-6.975652661088033168e-02
-2.284968964261683763e-02
-4.426548564768056221e-02
5.877478429868930598e-02
-1.335637563196725129e-02
4.086275681275268468e-02
-2.701359525079524010e-02
-3.013649100007996864e-02
7.828333916552090987e-03
1.458885903810336164e-02
1.251286155314908070e-04
-4.559231736820137937e-02
-3.516298109104790820e-02
7.406138592420155597e-02
4.150576399507881209e-02
1.999023312292969382e-02
-1.020609210603169725e-01
9.182443006121791818e-02
6.083134335433241363e-02
-7.198448510432232939e-02
6.462618646039106074e-02
6.173815779159592260e-02
-6.922757382704265716e-03
3.352657314605840544e-02
2.107901936229902504e-02
7.902303664166682173e-02
-9.112086598207040644e-02
-4.314829454344860232e-02
1.926582542680994881e-02
4.530030598949581072e-02
5.722794033866712617e-04
3.769924444869383190e-02
-2.519655377766281609e-02
5.055908698357475944e-02
-1.177269568111614928e-02
1.067749241809469313e-01
9.242685408561900073e-02
-5.858411371582460808e-02
2.129963382508369071e-02
-1.815017333763532456e-02
4.734277971167935584e-02
1.235226867760064358e-02
6.920549230665475234e-03
-7.238958063289325368e-03
-2.014446919715433965e-02
9.581884327199458040e-02
-4.494910944478082426e-02
-4.764723703823992712e-02
-3.418851690495962325e-02
1.043157788604133322e-02
-4.390073907909117917e-02
-4.549816979491111413e-02
5.747782954439031172e-02
-4.490370850058931357e-02
-1.814548937876516235e-02
5.563104493243235804e-02
-3.615059381882173434e-02
6.879434108840166984e-02
2.061296545471783329e-02
8.268030518433897025e-02
-5.078880170930716309e-02
3.064048497450948261e-02
5.003204124013422432e-02
3.095912800507683721e-02
-1.190670709007641270e-01
-1.256732930343926191e-02
-5.768927683052908761e-02
8.795313805502839866e-02
-1.137174880183021604e-02
-8.094540027567975748e-02
4.509695526083259964e-02
-6.545066359208692730e-02
-1.714860910379823605e-02
-1.722174577587091970e-02
3.832906963248535609e-02
-2.806393957058016513e-03
-1.889194513842374148e-02
2.063682018810658950e-02
2.458763912454165618e-02
5.654685926209639113e-02
2.735639412639300980e-02
-1.592599546813854017e-02
1.003290272680743139e-01
6.350708831576196145e-02
-5.415335627944321828e-02
6.788913257989365180e-02
8.543440608629652988e-03
1.994158686437814271e-02
8.288827295817420560e-02
7.798584086356742662e-02
6.302601228294717195e-02
-1.654511446022683893e-02
3.864958624660078113e-02
1.325008322246362946e-01
2.435963069811195036e-02
-6.396812369598225967e-02
1.821119863034372996e-02
-4.734615885343568253e-02
-1.409393186977252188e-01
6.712588148200063221e-02
3.077260607149714250e-03
5.134435268815754072e-02
-5.975152355051453062e-02
9.086495454351416201e-02
2.603170364421283564e-02
-3.792725287512354465e-02
1.239420014654332436e-01
1.389700485613125022e-02
8.384052179647829076e-03
-5.220958026202382474e-02
2.925737883384856367e-02
-2.065518799824744151e-02
-5.859475299382969210e-02
2.976448429524182829e-02
-4.020181675932364695e-02
1.802417484402794867e-02
6.795955924719146099e-03
9.783150694165444750e-03
1.805408526709884054e-02
9.759764356663704413e-03
-7.973268986734555197e-02
5.317129738861546030e-03
5.486009875925263596e-02
-1.252055662843577950e-02
-6.298546258187118219e-02
6.857503144273084661e-02
-2.297582196362050588e-03
-1.674023480401819197e-02
4.904727234453157975e-02
-3.816489687408615439e-02
3.514046463162205647e-02
4.407625370932598957e-02
1.579798956358680496e-03
-1.926846851788668186e-02
-7.734427232575141753e-02
-6.183588524773695611e-02
-1.476139600877071460e-02
-2.150820382220222302e-02
3.931698347190083070e-02
1.110790809004376378e-02
-2.275734873917648494e-03
6.867024963519144376e-02
-3.460689480261237155e-02
-5.730740035521452586e-02
4.143660868804577291e-02
-9.544526409525003197e-02
2.487232345330033650e-02
-3.562428412606079980e-02
-2.470815069490113133e-02
3.181291333656029174e-02
2.060761235886621537e-02
-6.557719739527946567e-02
