7.487437185739381773e-02
2.512908395814554274e-01
-1.448585591296498720e-01
6.038787198333035733e-02
-1.582239367304373867e-01
-1.877444784016898127e-01
3.312784375501026668e-02
1.833353397566837295e-01
-1.004423223037214652e-01
9.180141429887392346e-02
-9.173530329262373495e-02
-4.926806372824445862e-02
1.319580934436465902e-01
-3.519082913056512107e-02
-1.800049759431522969e-02
-1.043069638416654482e-01
-3.849588947267312822e-02
-6.276426342610086362e-02
-4.285851592746930255e-02
7.098442684802641622e-02
5.525553702643772047e-02
-4.863631689191729585e-02
-4.964961067908588849e-02
-4.300750192726126436e-02
-2.743309277353298079e-03
1.871245958486441804e-02
-1.376704833595601349e-02
3.508678041612266901e-03
-1.047499670799474925e-01
-3.686799781321262182e-02
3.977131742438055201e-02
-1.830214437190670748e-03
4.167639233926795361e-02
3.808298441616723984e-02
-1.795719471023193292e-01
-2.433570988568043575e-02
4.522031325186694900e-02
-6.514439964265049399e-02
-2.715184976335487110e-02
1.449650576960973547e-01
5.840401682753815910e-02
-1.169555847415510441e-01
2.410314893463096769e-02
7.455225131661738502e-02
-5.939778179443803291e-02
-5.012047223445376121e-02
-3.561174870291605038e-02
-8.126264094361093648e-02
-2.182352664605937548e-02
-2.736421693430568861e-02
1.305114908325587519e-01
3.528815825093661179e-02
3.479164324528742636e-02
-2.271572774840762646e-03
-7.774360352780594792e-03
3.507537110535635660e-02
8.933248844608464301e-02
7.062811337283683710e-02
-4.659181040005756086e-02
2.260068969782830228e-02
-9.446993309430207209e-02
-2.553760727935099756e-02
3.305109339148107339e-02
-5.445877515862851403e-02
-3.246004909632329433e-02
-7.092524542316189229e-02
-3.826161362522013248e-02
-9.061057623711180758e-03
9.083508767443043697e-02
-1.238128604951893724e-01
-5.425536744643896098e-02
-1.662357577382775342e-02
2.306476166335365285e-02
-1.402533273305836027e-02
-7.852843111656206132e-02
8.637943683921449345e-02
3.246015408998064594e-02
2.854767044216691141e-02
7.009845536934811161e-02
1.227980967968177739e-01
9.194550059465582403e-02
4.433899649199821158e-02
-2.768136777530046458e-02
-1.641633229335603961e-01
1.085151446264870020e-02
-7.902781594884572547e-02
-3.813688116027802444e-02
-5.867700033667071907e-02
7.343284393974496005e-02
-1.747979904958776171e-02
-3.280526824171862282e-02
-1.566365376248315608e-02
3.390063207105591114e-02
6.297869547231307570e-04
2.795501624426296322e-02
-6.558757787036147147e-02
2.770912109872894491e-02
-3.316361159428378447e-02
-5.218867229499077331e-02
2.476124917895515531e-02
7.586491701880135503e-04
7.735862678415747658e-03
-4.720283848799927684e-02
2.675948846580549628e-02
2.563980110584677952e-02
3.528304855961182651e-02
-4.053224145714466597e-02
2.995434046557268054e-02
4.287118516212391761e-02
-8.393654941345014830e-02
-7.210264429678209979e-04
1.114159793877640969e-01
-8.736781213170329019e-02
1.970380969764504685e-03
-9.997286066378504449e-03
6.015671094771233435e-02
1.270179318776061550e-01
-3.730767625234497620e-02
4.269164600804057491e-02
1.523760000028737960e-01
-1.111377811936493931e-01
6.051526428759222004e-02
1.592935771137218154e-02
1.362859669978570484e-02
-1.104625319852899495e-01
-3.396201836272495084e-02
2.363092246171742510e-03
2.300621020043330106e-02
8.082551735014098515e-03
-2.529864171520265076e-02
-3.487714308026317739e-02
-9.102950092997294171e-03
9.157511796938019172e-03
7.655913508125693212e-02
2.907666348582571211e-02
-1.347047625180353841e-02
-4.450583141354114841e-02
8.080171878780635641e-03
1.010177925397043874e-01
4.100191308439581073e-02
-3.343803001673358033e-02
2.966627286766625529e-02
1.881797821050988639e-02
4.117634254715436815e-02
-4.046623544455184296e-02
-2.171968791893164139e-03
1.120299822959976328e-02
3.983252872662065847e-02
-3.257708202639243017e-02
-9.941821416984494841e-02
6.588967962046816951e-02
-7.017860052779856250e-02
7.005456802057217700e-03
1.726918177292625922e-02
2.778797133540530928e-02
5.458417258340055728e-02
1.991379701236239627e-02
2.936021635646571259e-02
-6.132259551690887565e-03
-3.360077018563952835e-03
6.554106568015158341e-02
-1.471346116338712864e-03
-4.564406765296657315e-02
-6.050000520938942500e-02
-7.452971267817105894e-02
4.116066349432213889e-02
-8.508213520889067183e-02
-2.873504912266636180e-02
6.375599851562514103e-03
-6.319158761155067860e-02
-3.263199370919101644e-02
-1.153848796274652318e-02
3.843712802243805238e-02
-6.227058324920036608e-02
2.776144293797935120e-02
8.494277362768992701e-02
1.221233725567451300e-02
5.124379937453425043e-02
2.115202221147906292e-02
4.262137025338183505e-02
1.065820714029706157e-01
1.195584825011300062e-01
-1.123729615767026652e-01
9.504855314000573707e-02
1.251611890429895138e-02
4.890478567378343105e-02
5.068393819561200185e-03
8.450257022027078679e-02
3.491280592587934356e-02
-1.747146955277064165e-02
2.570570212478224051e-02
7.529434648682850617e-02
5.581179342312399261e-02
-3.667967418979694444e-02
-5.398178897324803875e-03
-7.259362963647705835e-02
-1.438949273424119657e-01
1.565392435023458401e-02
6.972593787303951220e-03
4.539764753914575512e-02
-5.379934499464444908e-02
-5.188174083664557484e-02
-6.959189597047826803e-02
-5.347263973083003080e-02
9.393768524726513192e-02
-2.161364432499938027e-03
2.336714339654664269e-02
7.153336868658335956e-02
-2.804870558451269275e-03
-1.029966779957149428e-02
-1.035374653268836959e-01
-2.383016542549841119e-02
9.636387868150944960e-03
5.506077379203737701e-03
6.786895005322238564e-03
1.650150314820539614e-04
6.573092921054186043e-03
-6.349666418194921738e-03
-9.587352330375864540e-02
5.948534650467517115e-02
-3.797410599348628648e-03
-2.383681502379779091e-02
-1.930308390539276202e-03
6.927366019502412264e-02
-4.239339402537035950e-02
-1.483945355221754107e-03
2.338796713858944804e-02
-7.087547842957388211e-02
1.896990403270789466e-02
5.034767850897794300e-02
2.192498551695364062e-02
4.564417264662393170e-02
-8.453004356061297186e-02
-8.519223855757414310e-02
1.281745070091835220e-02
-1.518411273144029162e-02
-4.814823637674259249e-02
-3.769615278457208452e-02
-7.362158753779007858e-02
8.212148906080492250e-02
-2.159593539479154681e-02
1.464182049118272454e-02
1.743080200948704875e-02
-4.012591600316658957e-02
4.759579474960701218e-02
-1.243394386847289368e-02
-4.175884735818029964e-02
-4.801394948898084734e-03
3.560068937100760444e-02
-1.262555729315247878e-02
