8.406173531657769316e-02
3.085563170532035770e-01
-1.001373700596825123e-01
5.396299478098336849e-02
-2.508519068992984269e-01
-6.907125984722214430e-03
-4.428868363598450694e-03
6.912617826547341748e-02
-1.568789500952221319e-02
2.954832760040478415e-02
-9.878212412115865149e-02
5.569939297346118007e-02
7.885284792731345194e-02
1.060753515025610189e-01
-8.680038610913645702e-02
-3.324847736259578523e-02
-8.550627061628571224e-02
-6.262297059124560805e-02
7.036639930063694204e-02
9.387322304513891214e-02
9.738206284194871054e-02
6.187619615189227790e-02
-8.996015774966549527e-02
-1.481868901872866913e-02
6.090234139145399295e-02
-1.366154531732747569e-02
2.571943186329533546e-02
-7.340363699366935814e-03
-1.100164050534514770e-01
-8.829700686953524669e-02
1.597061052125326591e-02
4.475567791722370042e-02
-6.873632234672512331e-02
-1.061949500964407163e-02
-1.750617250190243668e-01
-8.168648812819619132e-02
2.939606466453224473e-02
-7.169198451482247658e-02
-5.400787838570705185e-02
1.850050306041961523e-01
8.713409485695663981e-02
-8.916180982990341841e-02
5.718543280803156659e-02
4.866341861776411065e-02
-4.385517286518936936e-02
-5.700729780190765591e-04
-9.796906530129322055e-02
1.512222506192850355e-02
-3.952385381132499098e-02
2.905774809417390261e-02
1.217147790453854058e-04
-2.069123938156510606e-02
7.956207714598536457e-03
5.758621097279625900e-02
-5.280393968652929981e-03
3.053914597418731086e-02
3.619321728467671945e-02
-5.181042488326147166e-02
2.792340458133196670e-03
4.978817103332288524e-02
-8.637179034904871044e-02
1.808177828016920225e-03
1.111136470618564187e-01
-1.149149299957556297e-01
-2.736469756557372013e-02
-6.602241726779728426e-02
-5.198739940074613430e-02
9.138656894739002889e-02
1.513107208120179625e-01
-1.313918890159259667e-01
4.559491599550970914e-02
2.096149670643368892e-02
-1.426114249160966539e-02
5.667649027568559539e-02
-2.948241867209950087e-02
4.130080084213873931e-02
-4.980339391370826319e-02
-8.213375410256824882e-02
-4.100016602053701414e-02
3.230134797287889659e-02
2.509601053988985003e-02
-5.794046719593480901e-03
3.612625026378859378e-02
-5.320403521091797427e-02
-6.807614083907065350e-02
-4.213171070783724298e-02
8.955559093081385787e-04
-8.277031625321223940e-02
-5.428219742081299808e-03
-1.127916453701652451e-02
2.382619704442561284e-02
-2.097535430606701015e-02
1.360573946658737328e-02
6.838107629504135143e-02
-5.465392923757779464e-02
-1.984247847003353313e-02
5.641920311796149584e-03
-4.258931868390607861e-02
-8.649674766988021957e-02
2.114423953509577542e-02
2.235753040742508371e-02
2.421345892974499994e-02
-9.983591606962956277e-02
4.176124177576808622e-02
1.792548776607811450e-02
8.351319964242221935e-03
7.467812657570938040e-02
4.217792546129418840e-02
-1.593712701080920655e-02
-1.039757544980187132e-01
-2.224178873166992101e-03
-1.230800597974368257e-04
-4.962348404260668450e-02
2.947303236692914649e-02
-1.400651763135207090e-02
2.664430717675378077e-02
9.745217000856655487e-02
-6.961815718447515733e-02
-2.125810394981686446e-02
-5.774454940801542835e-04
6.346439311873491168e-03
-1.602242292579361682e-02
3.828540764113913530e-02
1.003279291206500834e-01
-2.646340747710696634e-02
4.047187063353071407e-02
-1.595699184575155236e-02
2.086558573360207391e-02
1.487527990590120121e-02
5.076837434925821069e-02
2.465782368251894299e-02
-6.417683074717416003e-02
8.788428249819009441e-02
5.606419599040932122e-02
6.605054205128954581e-02
-7.047405168793619001e-02
-4.252890501062780299e-02
-5.411433615234826494e-02
1.125414576723518176e-02
-1.934165935816226436e-02
-5.827939814263158325e-02
-8.916962606220892040e-02
-4.915215499497972186e-03
1.774332518173564813e-02
-4.350801610196149832e-02
-4.859341384720267110e-02
-4.807262750433265175e-02
2.860358745200399302e-02
-2.368878153673163733e-02
5.657143192181523367e-02
2.648610526960981995e-02
-1.189440100231346081e-01
2.465755062636853026e-02
5.563805773567527535e-02
-1.495463684961419182e-02
1.109580733201601631e-02
8.921024316458243952e-02
2.392285892167085246e-02
-1.530740491673300285e-01
-7.262269640349593679e-03
3.314355553680062988e-02
-5.468802712436028612e-03
-5.322779109600367375e-02
-9.347507304582192145e-02
-1.723335868882563612e-02
8.480557440231410726e-02
-3.835203334183924506e-02
-4.105399221418664507e-02
8.182875038255997546e-02
-2.179984735223087361e-02
-2.090278963409547899e-02
-3.194108451443132633e-03
2.970509596275909157e-04
-2.156850052879575805e-02
2.518594840943124205e-02
-2.589876149007729056e-02
-1.505228855540467064e-02
7.548043380965240023e-02
7.179943211000892368e-03
9.073184856274377208e-02
9.832079575504046320e-02
7.023676589322964958e-02
-8.100811425452064674e-02
7.471007414530737856e-02
-3.614198512445598865e-02
1.340977730704354942e-01
3.117714166962094746e-02
7.941005313424444323e-02
-2.134210284808682814e-02
-1.049122688298883936e-02
5.951023287262474648e-02
1.157400032862391098e-01
1.211686667445648243e-03
1.632930390683598118e-02
-3.111775195690671264e-02
-3.688756494315127699e-02
-1.389057457668598505e-01
8.808330629982040472e-02
3.598692336304175343e-02
-1.227138232356990259e-02
-4.914584057150148816e-02
-3.628779710877507846e-03
1.030988346709760771e-02
-4.916079039573644643e-02
5.870359087229395922e-02
1.884961217512292828e-02
1.352020462747135186e-02
-5.890367276650709805e-03
-2.201498146673537895e-02
-6.495172997001974480e-02
-1.537490781031630172e-01
-9.258924476187214633e-03
9.285445054795813530e-03
-1.803774797591554176e-03
7.887035765295850875e-02
-3.550139539559345452e-03
1.581305712246653186e-02
-3.746388408061099295e-02
1.019564360016970289e-02
-4.924362880536718029e-03
-5.479448489100149228e-02
-8.466529180504082930e-02
1.855228815934492625e-02
7.205866479280467751e-02
-1.565789296499588493e-02
-9.906477136885211403e-04
5.616266686465103131e-02
-1.129877338181786289e-01
7.641551459673241731e-02
9.727625358366471899e-06
-2.846750309304326571e-02
-2.253945406763593548e-02
-4.390616610127848901e-02
-1.854986478601003408e-02
-3.272455087399604029e-02
-1.825076590525437012e-02
1.257560100714576450e-03
-7.981578044173531783e-02
-6.294558643295537076e-03
5.572652792840820241e-02
-3.099006407457109702e-02
-2.681261216146292245e-02
-1.508659123429996127e-02
-7.634172117208405141e-03
-1.253102459059128593e-02
-3.085281922697112947e-02
-2.025421301283344619e-02
1.395228185347682955e-02
4.061918442667706436e-02
2.218594874891102048e-02
