9.607143274011893663e-02
2.278191106017913581e-01
-1.383886965348355980e-01
-1.093606868502041210e-02
-1.709820650841539502e-01
-2.303965708390528500e-01
1.877739477277917332e-02
1.548705706006612282e-01
-6.462230290234700913e-02
4.414581131210404408e-02
-7.626526747593426192e-02
-6.459874433219205125e-02
-2.848088878216704228e-02
5.210944072798678883e-02
-4.662383287180429936e-02
-1.449168838823082506e-01
7.805658620720049012e-02
6.317582751242101918e-03
-6.754342681764201328e-02
4.747551508328218262e-02
-3.246749153529455284e-02
3.073956235877514653e-02
1.832860227652845231e-02
-1.854815843549826801e-02
-2.076273342202251265e-02
1.935237654687016430e-03
-1.873298391887883232e-02
-9.216830851393223445e-02
-1.213388145868205259e-01
-5.168372105817647943e-02
-1.315893601067136265e-02
3.650950376785865037e-02
7.419821979471022400e-02
-2.979132123604362470e-02
3.185750151777742931e-03
2.984766750692968013e-02
6.160250362104217892e-02
-8.932705474369863341e-02
-1.263877388436360771e-01
1.532951302545262073e-01
4.565581504069528285e-02
-1.337980020807246206e-01
-4.392597758529734331e-02
9.011506983259283399e-02
-6.207037890607820796e-02
-1.309242381775967828e-02
-3.679276174539176936e-02
-1.023663243206963426e-02
-9.795282223445180014e-02
3.426609642227879116e-02
2.935168847840984724e-02
-7.782516402320417172e-03
-3.125014839471063760e-02
1.318529454638080745e-01
6.564982433848655374e-02
3.634272019387509850e-02
1.815885913548419828e-01
4.979487192822754787e-02
-6.250324594768810749e-02
-1.832620825393538669e-02
-7.820099087433582397e-02
4.089174477647491285e-02
8.793855633570035746e-02
-6.927597055944949289e-02
-7.458431665580630976e-02
2.569702216220778879e-02
-9.603527952936569134e-02
5.621477312333848612e-03
-3.544232482702527887e-02
-1.178190115433611629e-01
2.300829191833816956e-03
-2.390539116712508266e-02
-1.290735546252184604e-02
4.151176193209921150e-02
-8.050320790535402116e-02
1.771947965850157250e-02
1.061939847912320677e-03
6.496520326882909702e-02
1.031992707031850198e-01
1.166333805281404568e-01
9.110373177156957936e-02
-3.801329691609976746e-02
6.120509587059333977e-03
-6.813010113686143732e-02
6.107429202746498566e-03
-3.553687137146154668e-02
-1.020592649011510013e-02
-7.900534776962615802e-02
4.167472894832571079e-02
-6.861993897699036893e-02
1.554653984750889624e-02
2.332947260158462974e-02
2.542868345590681284e-02
3.787905817099006256e-02
2.263777355208679981e-02
-7.264245206901384644e-02
3.374985494166692773e-02
-3.550890641189618016e-03
-2.405382056789512682e-02
-7.462584774339905969e-03
5.083967196221271002e-03
2.286395664316205872e-03
2.360221769729602820e-02
5.387019230121691676e-02
2.151081343838600821e-03
-7.332103603821925331e-02
1.436413555839189662e-03
9.245101135579160412e-02
9.251474787033452107e-02
-2.411467731613044230e-02
8.846139005243806863e-02
2.739237181387373793e-02
-5.039146929761535026e-02
9.006677302897619919e-02
-2.247598619916703691e-02
1.014326208134212481e-01
5.315188143535849036e-02
-7.937503343236688991e-02
4.123925970824508097e-02
9.230008384448964986e-02
2.751994893089839203e-02
-1.160975705150287529e-01
4.228804977988535191e-02
-6.813145428006622817e-03
-5.380690683440892547e-02
-3.694531996773536831e-02
-8.923424299824284436e-03
1.534308262307795476e-02
1.179257363766404026e-02
-2.240250011435381775e-03
-5.642190812160805674e-03
-6.360071447872069073e-02
9.876321623019419793e-02
2.788377097308510078e-02
9.602261549680816966e-02
-1.331714967769133222e-02
2.181211332531614311e-02
-4.310038675048590354e-03
8.209554519355895252e-02
1.642091322965148759e-02
2.191828302292164743e-02
1.635984830553851785e-02
4.652668412889729432e-02
3.417071717433188549e-02
-5.794252881995984317e-02
-6.773661403210849523e-03
2.565184799675603380e-02
1.228175225418038849e-02
1.164577494793564427e-02
-8.718155945257718975e-02
6.309692885478868085e-02
-8.145873518380357392e-02
-4.618659413676358579e-03
-2.875082350353005967e-02
-5.905328591118293169e-02
4.390092708801918847e-02
-4.600607095485461512e-02
4.556345434297441599e-02
-1.011310780546338522e-01
-5.671630350859586944e-02
7.994682317633379498e-02
2.681579402472070162e-02
-9.275789729543888751e-02
2.252171550029254815e-02
-8.485078763034024918e-02
7.189853557020352282e-02
3.766040410749009904e-03
-6.807326912226085991e-02
5.389694290149595057e-02
-2.954442464514140873e-02
-4.905508425099076170e-02
-4.835242127193628559e-02
-9.882802832010501720e-03
-5.581646327741979392e-03
1.638857657665530182e-02
7.149457027960845479e-02
-4.879226220544772077e-03
3.515073981438584377e-02
5.761940516185524302e-02
6.145952148907084939e-02
6.871327116214032138e-02
4.640663603944793908e-02
-4.017815256384340422e-02
7.526272714511365869e-02
2.628220455430401239e-02
4.342132456187509926e-02
8.166881934033995427e-02
1.291237944036932317e-01
2.826448995734170619e-02
1.844577059967021301e-02
-9.489350423237158285e-05
1.236157035527236936e-01
1.084256301997242600e-02
-1.306981244784807539e-01
6.213772380250052151e-03
-8.001493138430751384e-02
-1.432262875798488155e-01
1.024787392946315857e-02
1.179410026076686477e-02
-1.100167878246224515e-02
-5.118798490151390407e-02
1.167859734464636590e-02
5.362867358715419502e-02
-9.040370568696542986e-02
8.443773199308744759e-02
-6.614580336700639704e-03
-1.785312857195791095e-02
5.100815563919713219e-02
3.454300503554334767e-02
-6.214292819944196473e-03
-3.999579049501511552e-02
6.404662720866381720e-02
-4.571982912307507446e-02
-4.750809460813563978e-02
3.599291532745069189e-02
8.495258563451492384e-02
3.032952527174839416e-02
-4.064779734383951876e-02
-1.611298641061591555e-02
-1.486521489591434951e-02
6.287223769083664926e-02
-3.408182607457198310e-02
-8.183810102485538848e-03
7.006284068101656382e-02
4.041353008951521081e-03
1.545938354672947435e-02
3.282145991927212098e-02
-2.198871586152922539e-02
-2.683026224821792247e-02
1.927562903997363450e-02
-4.742187509880568114e-02
-4.184963138153791062e-02
-2.628258621007972112e-02
-1.056079003036659858e-01
2.797155180149749239e-03
-1.409121698278245106e-02
-4.751569302767014863e-02
2.651178785138101970e-02
1.678778851804384881e-02
1.726239482312414211e-02
-1.239746334617854336e-02
1.568695447698911782e-02
2.378270618322538173e-03
-8.469774366428210743e-02
2.198861177359039132e-02
2.657986136337513183e-02
-4.336702535378601092e-02
-5.677927671158736894e-02
2.336777696307367272e-02
-9.149815566777200204e-03
