-4.452172465334613971e-02
1.950216611156903312e-01
-2.803895862123397253e-01
9.281577035863039157e-03
-1.704226555717644753e-01
-1.280268444762702462e-01
1.854283017965555058e-02
2.100575176003895705e-01
1.638484620906186223e-03
1.043899857618730553e-01
4.379943419752440475e-02
-3.943021076965730343e-02
-7.984437349372570936e-02
-5.991190580556649686e-02
3.219693758175649206e-02
-2.990543597444184423e-02
3.163613594970871024e-02
5.892144331623788700e-02
-8.351287045973064538e-02
-5.576180149203943670e-02
1.140765249590600244e-01
4.507825482333164407e-02
-1.269411352724076902e-01
1.648457451403369800e-01
-7.219528725297177582e-03
1.515907438628616953e-02
2.771775845306036559e-02
1.104162608917073907e-02
-7.584490711244341876e-02
-2.387165133872382744e-02
5.859667441040579405e-02
-3.882724567338184402e-03
8.131162071211903153e-02
-3.969245787191649777e-02
7.316087880997002024e-02
-7.998312711620042884e-04
-2.960274777168976634e-02
1.596355603953210703e-02
-2.807945483736636397e-02
1.602926766074183329e-01
3.598672340196538717e-03
-7.550970068237849997e-02
-1.820969058607237526e-02
-3.816547907920064819e-02
-7.274017424411009791e-02
-3.439412255095401771e-02
3.477579835458358137e-02
-4.116349429052635484e-02
-8.268902943810567396e-02
-1.139521014028587603e-01
-2.012320224814990663e-02
5.520985280958848329e-02
-5.251924507764817868e-02
5.886305518562848921e-02
-6.579429466899643086e-02
3.159052775801145935e-02
3.826981987425425585e-02
-5.946557246733288893e-02
-6.691968713330853115e-03
-1.902454431372922472e-01
6.189713669356070730e-02
-9.283736879986466406e-02
1.368004619994688531e-01
-5.415817751312541201e-02
-9.871986100511868922e-02
-6.526287656226417710e-02
-5.401015757375751680e-02
1.413060966351313563e-01
7.953779274893299500e-02
-7.579674982241868357e-03
4.297297518302253816e-03
4.698687497240236488e-02
-8.986350112810072288e-02
1.046497871076288409e-02
-8.177820904787376499e-02
1.758451044234559668e-01
7.617635878956650723e-03
-6.550411082695892229e-02
-1.847376339389045219e-02
1.776625081891321928e-02
7.368306504708380111e-02
-8.055309172331728829e-02
6.865651872347125484e-03
-4.262237082116859116e-02
-1.569176704218216978e-02
1.154434961608138445e-02
-6.776812350906632641e-04
-1.589386920282248594e-02
7.537742314754659889e-02
-6.960151081020139741e-02
-4.627002718598256792e-02
3.459743036620868684e-02
5.979506064979830948e-02
3.584304381920916382e-02
4.448948200423086252e-02
2.405043269439507969e-02
-5.080576873972921653e-02
-1.043655970913884116e-02
-3.183145199723395186e-02
1.600544392556221135e-02
3.589919287696333172e-02
2.836615950465959032e-02
-3.323004579715851947e-02
8.198382483053305581e-02
-3.852269731779619372e-02
-9.647014394201006149e-02
3.193813520696687797e-03
-5.899946639342389110e-02
-5.454880960817589525e-02
4.674515844586187019e-02
4.905619165792905051e-02
1.236863845227741251e-03
5.100180818002306160e-02
-6.492532771751993725e-02
-5.611409377035347923e-02
1.471387780811752623e-02
2.888703674533492707e-02
-2.452738965983325761e-02
3.759441215929351654e-02
1.082094306855950344e-01
-1.721888362399680295e-02
3.343142456503022351e-03
-5.927063533982929872e-02
3.464772338726456596e-02
1.469048810859907052e-02
-1.588060700206459647e-02
1.443654279954156155e-02
3.158188149206281325e-02
-1.123335962012761424e-02
-1.084262418325304417e-03
-6.582009567774359249e-02
-6.355281050454009845e-03
-1.056983621493692849e-02
5.328979616531874519e-02
1.790779467063829955e-02
1.506207086074276905e-03
1.131310506104841324e-02
7.862773019874440272e-02
-7.202497992687570405e-02
4.531587212418333732e-02
-1.902485089447401856e-02
3.046379184998622425e-03
-5.804431236065848293e-02
2.671372373750159970e-02
-6.437864946809743194e-02
-4.422031099975780311e-02
-8.848815923859582261e-04
-1.998245068374282854e-02
2.510014449620048479e-02
-9.771692860235018860e-03
1.321329251727360599e-01
-1.427081696098002166e-02
-3.304933539410430388e-02
9.339489794081634599e-02
3.593918616288516513e-03
6.781786537372708201e-02
-5.233126629963314423e-03
3.881494799631544229e-02
-9.318983331455218955e-02
-4.110944651652863324e-02
-1.692298153435979960e-02
1.085593116546803710e-01
-4.620543854592792238e-02
-1.320984090034908439e-03
6.832355136626155900e-02
-5.737066145670722400e-02
-4.380074319396284020e-03
6.699519555944175031e-02
1.580492633955790302e-02
-5.443844054005051586e-02
-2.834425103795305129e-02
-8.726521209234519572e-02
2.175848327250938519e-02
-4.464473587128487547e-02
-3.451575587790492450e-02
2.040091617674752444e-02
2.655392283018773864e-02
4.810486127265486966e-02
3.466604933740273509e-02
1.151019514322048770e-01
-4.151850790354136289e-02
5.403833544445869191e-02
-5.367812029296460674e-02
9.193040650439870953e-02
5.195754781645831044e-02
3.510177291503003227e-04
5.495428847862026539e-02
1.232960624531959093e-01
6.496301303603715938e-02
-3.514238625189639031e-02
-7.801963245853927795e-04
8.402007213235175576e-02
3.800133781527512133e-02
1.699363289476090583e-02
-6.289455753237786773e-02
-9.307891309003167579e-02
-9.820676884852461153e-02
2.315029095931887826e-02
-1.916611916800153078e-03
6.127012739954757620e-02
1.267831945179274120e-03
-3.239039347644816214e-02
-1.425076864710706111e-02
-7.074440249005897741e-02
-1.221148998511512908e-02
3.082572936521509391e-02
7.206879686028876131e-02
1.003297543880273673e-02
-6.485867224098354478e-02
8.219174858059696831e-02
-6.321057683043722342e-02
-1.399871793815782132e-02
-5.362648382819559280e-03
-9.365831625041519393e-02
2.365229109346090805e-02
-4.452975086835026658e-02
3.112287155674114958e-02
3.088825116878798904e-02
4.089625233343626570e-02
4.302419828049521000e-02
3.872927762414696273e-02
-2.954453187745384804e-02
3.916207318342511748e-03
1.497908737600056259e-02
-9.174139430814279295e-02
5.476314055133321701e-02
9.100987198270257816e-02
-4.924864858165452913e-02
-1.304246159260214442e-02
-4.357890274492183004e-03
-3.108797646747429172e-02
-4.236411960277410016e-02
-4.113938119823928874e-02
5.253767436961043202e-02
5.442304260826148765e-02
-2.431932812067056845e-02
6.488120075863461345e-02
-3.200000251232054671e-02
5.438949096270777155e-03
7.092004914373291335e-03
-5.129454112038805969e-02
-3.854805051197231214e-02
1.640286213372776913e-02
-3.450387156813487094e-02
7.496681163317253649e-02
8.401931429230844947e-03
-4.566530527869763073e-02
-7.309091639506283197e-03
-3.949827858445622251e-03
-1.839029764730250663e-02
