7.700583016751323846e-03
2.009039688215953912e-01
-1.479290946767957970e-01
1.733469730543382714e-01
-1.858382234978268044e-01
-9.945206426980481018e-02
8.456882727339150307e-02
1.341527812557726518e-01
2.241473556085227595e-02
1.355435088035270852e-01
-1.138480604054080553e-01
-1.258493570264635972e-02
-1.050173350897671068e-02
-1.094056385978947436e-02
-6.789968639725138533e-02
-2.407422247560789264e-02
-2.021684908039856081e-04
3.593183783045594826e-02
-1.409084432626124817e-01
-1.988792890857900564e-01
5.838289889044013387e-02
6.046624201718110714e-02
-8.178835870938186425e-02
1.121180717217261785e-01
-1.065790496862966674e-01
-3.607002270688209472e-02
3.146052474332269172e-02
-2.519974921641188886e-02
-4.373614758769645006e-02
-6.686551951992851517e-02
2.012397418640077262e-02
-7.801033063332390299e-03
5.721780518986394753e-02
9.631700809836205024e-02
1.813981270859902142e-02
-6.535862788814120194e-02
-1.428247454665751773e-02
9.774441347792667267e-02
-3.567178108060857500e-02
6.816143434395456613e-02
-1.446047301573066823e-02
-1.422708080297644118e-01
-6.295695218656335856e-02
-2.411181637238165448e-02
1.563331803522928845e-02
-8.381053688317133266e-02
-1.957623780472792993e-02
8.072272852388752418e-02
1.716800871533385314e-02
-9.404499082239568819e-02
2.134283385368433705e-02
3.355313421950274766e-02
-3.382189358650392746e-02
3.478446646359784761e-02
-4.740882819294508360e-02
9.277483151715279486e-02
1.191265676585084171e-01
-2.996275852790313693e-02
-8.117075475760371708e-03
-7.726817707976950389e-02
-3.412053076462428364e-02
-8.927683745380136926e-02
7.689266091124583036e-02
-5.812305354019974002e-02
-4.387095007041100225e-02
-2.211838854514082409e-02
-5.282682395338127862e-02
1.076438695066309348e-01
-4.804658557392155194e-02
5.512420918218467920e-03
3.212682107124081865e-02
8.915707957644988801e-02
-5.993214091015816591e-03
3.468975943967293751e-02
-4.966100913912360748e-02
1.243271741564384025e-01
8.790756696615492638e-02
-1.059798375003253440e-01
-2.780792710073671029e-02
-5.692854006098616026e-02
4.525188276970890794e-02
-7.839335148789521035e-02
-4.192730685061283463e-02
-6.964669274929474740e-02
-7.116521135946570625e-03
-5.802602112059811190e-02
6.062764561710670165e-03
-8.371156663383909347e-02
7.276022139409387725e-03
-2.096731768516065300e-04
-6.011521296979871476e-02
1.199836521317216853e-01
1.485702344514838562e-02
5.689757001856428353e-02
1.249930124518747465e-01
1.680655062067402603e-02
-2.116349652043367571e-02
-7.143770545285678397e-02
-1.987860970923818055e-03
-5.779228362181915157e-02
-2.826236578919781237e-03
7.858135620503184371e-02
-9.705070566763744633e-02
7.766215548063569452e-02
-1.024315655637816382e-02
-4.923035290644722783e-02
7.683776747996791390e-02
3.495809600746017497e-03
-1.199227338116449770e-01
5.960443628607871303e-02
1.619099019842996229e-02
-6.182487205794312546e-02
1.048006504926174767e-02
-1.624010537378387659e-02
3.583572147581787215e-02
2.466106778457115289e-02
1.193083008539714412e-02
3.767426385768151559e-02
3.130792946035440560e-02
1.048333469651629712e-01
-1.965184839748940898e-02
-2.250665915661867467e-02
-2.319078351805837351e-02
-8.075806749152021624e-02
-2.151054420855135624e-02
3.409639597616127143e-02
-1.031703719568922706e-01
8.047443968549511384e-02
4.163656192448622097e-03
9.509458987102773636e-05
1.704550264309170242e-03
-3.971472809747433885e-02
-1.509446043704940586e-02
3.583089451812526693e-02
9.580570291562461038e-02
-3.610958966665429176e-02
4.718125651603623932e-02
-3.495608771119391306e-02
-5.904849055300166565e-03
6.001927278149979395e-02
-9.456189809471796104e-02
-1.966784430108386647e-02
-6.812785703971332985e-02
-6.537356679370077799e-03
-1.602475964081176776e-02
-6.311789775400716840e-02
-7.570177645861865534e-02
3.973991988397222036e-02
-2.646758312597804336e-03
-2.522842909642486302e-03
3.100340832650657491e-02
-6.539498862054093919e-02
-4.029276508948029592e-03
1.305431329666704443e-01
-3.220620162366001626e-02
1.097318634247253649e-01
8.491922212195296762e-03
2.915112497018954030e-02
-6.268970785007882407e-02
-5.770423568551396459e-02
-4.728216459509908959e-02
3.916096682700270781e-02
-1.041641967425507020e-01
3.261015103932186562e-03
3.675291390394776897e-02
-2.857146724786343780e-02
-5.563868535902674606e-02
-3.810657605394587172e-02
7.078046407477077417e-03
-1.070295070154930611e-01
-1.055741264212720493e-01
-6.766334163665306545e-02
2.890836775484631124e-02
-6.885123126151475315e-02
-3.674347138816954489e-02
6.318695495895240710e-02
5.976432485548766049e-02
1.139200772048509260e-02
4.466140843415924294e-02
-2.073625791473672139e-02
-4.026605827246575176e-02
-3.753505721648832134e-03
-1.040008553128944982e-02
-3.499798006664283506e-02
4.841875458200145532e-02
8.121585334042509541e-03
8.815923819825893792e-02
1.378578412341563142e-01
6.398269831287503595e-02
-1.582378908111397448e-02
-5.177176374823569231e-03
5.615837605950754069e-02
3.531342351351771797e-02
-1.070531133049386352e-01
1.426926207122156641e-02
-3.032122179479748367e-02
-7.069396640225007744e-02
9.551601498753288511e-02
-1.338941690699062791e-02
4.404331121663147136e-02
-6.517051747120107541e-02
-6.299884454201227363e-03
-2.872212470110112673e-02
-2.538747206740589804e-02
-2.357313494054091851e-02
1.479261703155659684e-02
5.005238027817043335e-03
8.776818415862258291e-03
-7.979334538508871255e-02
8.865842313686313203e-02
3.196978639652604814e-02
-3.179235165973816335e-02
1.227579901071290322e-02
8.650401450891066074e-03
2.716227746776650812e-02
1.103530611698221031e-02
2.952935410033607350e-02
-1.069325450624270812e-01
9.115568669406161340e-02
4.618517680123675195e-02
9.697358004435931156e-02
-4.133288638906629925e-02
-1.253976665328931754e-02
5.560676401837348626e-02
-3.755866350593389108e-02
-4.766462171738512256e-03
3.780804457562900872e-02
-1.603973377963918007e-02
-1.805271607052522098e-02
-1.787242743904317657e-02
-5.168593550780375273e-02
-5.882877589481873976e-02
-4.604762612363153679e-02
1.989608541008146617e-02
5.821772533085681212e-02
-3.139199603739489114e-02
-2.690835130652141378e-03
5.878114051671365359e-02
9.311870821116586053e-03
3.050587935149035035e-02
-4.518772298899192616e-03
8.630223358405279821e-02
3.763011657309151686e-02
-3.135834826661799968e-02
6.546024063256063695e-03
-2.756657921610665071e-02
-4.704532656875116958e-02
-9.255673758929001960e-03
-5.684253565421506713e-03
7.880307915948105146e-03
