1.756642544369152806e-02
4.068072049570053278e-02
-1.996287854128921124e-01
9.994447911328188661e-02
-1.271276396350033977e-01
-7.492645867075525996e-03
3.136745137389827798e-02
1.602974311038238564e-01
2.344898036601621508e-02
1.636534258237982709e-01
-2.820008366866220972e-02
4.299757630474530801e-02
-3.125254343935302687e-02
3.921803321480794163e-02
-6.231204430839226011e-02
3.217860273171786745e-02
9.897988719921574363e-02
5.166772665629024847e-02
-1.333917606527964261e-01
-1.270272547387179818e-01
1.717840159819411239e-01
7.662465374784731276e-02
-1.161951379885480251e-01
8.693487252691697864e-02
-1.205116540322924840e-01
4.355962823435977765e-02
6.690398063115481075e-02
2.307341666640824046e-02
-1.137496446268406181e-01
-9.112478631314684108e-02
-2.740990619982596951e-02
-4.207237942557880139e-02
4.697540543724229578e-02
-8.300830523492862267e-03
4.866873650389578337e-02
5.575180509482127733e-02
3.203009517896574648e-02
4.122459275509423454e-02
-7.547926553088364632e-02
1.172330005279441367e-01
-8.227449509273511430e-02
-3.925742824970758493e-02
2.154208129492873186e-02
-4.378161339160946061e-03
-3.290765235305660036e-02
5.924330217651701570e-03
-3.138525158231177115e-02
-1.789855801463169013e-02
-2.794939740017216359e-02
-2.502655488353728863e-01
1.129312834946830102e-02
6.516045711635862214e-02
-3.601340925940409859e-02
8.564784156625988853e-02
-9.088796764888590340e-02
9.862098532259948314e-02
8.198617311227000826e-03
-7.062746686320083012e-02
-5.718203114292878114e-02
-3.929658180891167779e-02
5.275798942161677441e-02
-9.467613487080656087e-02
7.704923701364825572e-02
-4.797297603201251120e-02
-1.014558064985601887e-01
-1.357678814968303060e-01
-5.264159813637039886e-02
8.415327949355709547e-02
4.851495098236989489e-02
1.862350254914638820e-02
1.063002229092652878e-01
8.270069969534890597e-02
-5.667051662673635443e-02
6.043757197356192448e-03
-8.221278080426273893e-02
1.997513860731664759e-01
1.040408383157571080e-02
-1.291301630815215040e-01
-8.426860138643753328e-02
-4.146841421452558685e-02
4.380838269728556250e-02
-5.190251002540312297e-02
-1.473674425039286050e-02
-6.650361392796291793e-02
5.168511290636853758e-03
-6.518091355742296200e-02
-3.907307880443294107e-02
-8.850967352359222218e-02
1.643580174068324032e-02
-3.979781635978003190e-02
-6.881046574390708992e-02
4.757053953714463629e-02
-3.237550891316016283e-02
3.746640301594747480e-02
1.090334863069908761e-01
-1.991746731191804121e-02
-7.857136181216961557e-02
-3.687292474938593662e-02
2.329329753545400158e-02
-2.954820798028887432e-02
4.868132773659137463e-02
7.206645502940337011e-02
-3.909398370036041431e-02
7.947413594817959170e-02
1.040370436976844649e-02
-9.649751704914781569e-02
6.475805511801868697e-02
-3.894896029692954814e-02
-1.355617647424298688e-01
1.700633981616925597e-02
1.234254722572200591e-02
-4.314566989916223533e-02
6.318404754148589098e-02
-1.255525281695767451e-02
-1.667458670703635820e-02
5.349449029298906921e-02
-1.442906971775728513e-02
1.735465125871005210e-02
-6.364747389773954024e-03
6.691270825272188638e-02
-1.894735595338260109e-02
5.881899488293953343e-02
-1.171350303886140552e-02
3.790095577832109514e-02
-6.327629125717907851e-03
-4.579617612637622986e-02
-2.421328543890260976e-02
5.653180608791723988e-02
-2.151099992326098529e-03
1.220318125287216462e-02
-1.931501994809388389e-02
-3.284241941873505127e-02
-1.045465574152567786e-02
6.475377754855496729e-03
8.190707257371934724e-02
-9.855206125978908938e-02
-3.090861305585973495e-02
5.173095879199166719e-02
-9.704956498566168210e-02
-3.767710780856302431e-03
-5.634645624333253777e-02
2.068263479800276639e-02
-3.669544011316999005e-02
5.013104432298110501e-03
-5.023104975745924100e-02
-7.292145147422596230e-02
-7.209670848440071292e-03
-3.688334270082173783e-03
-1.878277301861364448e-02
4.338869793845112448e-03
9.428215002528229916e-02
-4.298553701649664854e-02
-3.747561358890562355e-02
1.067811045086531213e-01
-2.956242054979732470e-02
6.808848791079465113e-02
2.302605293355605709e-02
3.721537178217810410e-02
-1.013690132342804223e-01
-7.344924835160282495e-02
-4.667428524491401554e-02
-8.192925384118035330e-04
-1.493320197697202770e-02
-5.373286130100698998e-02
2.359766040140799659e-02
-1.748601403707940663e-02
-7.680155194308839472e-02
-2.303595343707286539e-02
-1.366904221433459625e-02
-6.784915099999459971e-03
-9.829602802946940665e-02
-3.538212279822784689e-02
-3.742145404005060849e-02
-2.734781244954633678e-02
-4.038860389716279059e-02
5.472177326726598845e-02
7.117934231707502557e-02
7.338384293464161878e-02
-9.878287752818964637e-03
7.276280194226149300e-02
-5.685800525605290423e-02
2.149902962806818710e-02
-9.883255252841335404e-05
3.561628522983792400e-02
5.568519229938240223e-02
-6.121960826180595366e-03
7.585089662630724316e-02
8.939909750329208538e-02
1.270531271346678377e-02
-3.823377827981992022e-02
-2.012068635797210209e-02
3.185799200110736584e-02
-3.000887461430787502e-03
-4.291702691202145536e-02
-1.070116793013581313e-03
5.769682282927486930e-03
-1.271141859891094794e-01
7.269667209821370490e-02
7.335065727476993563e-03
4.798546377512430405e-02
-3.951011531681774408e-02
-2.908312579069443835e-02
-2.116148110224252629e-02
-6.492581173335748579e-02
-1.061675492628344833e-02
-2.785822307684490684e-02
5.337019930284600533e-02
3.485118673680906443e-02
-3.070980956538111803e-02
5.554658525014709303e-02
-1.571106418533614255e-02
3.988333325252626377e-02
-2.683943711739581947e-02
9.260592923648365690e-04
-2.152500551360183104e-02
4.310544694759220474e-02
1.841079695791071646e-04
-8.579810844193659636e-02
1.773659681598565088e-02
3.150288474256374149e-02
7.766134340529368130e-02
-3.164521741681582817e-02
-5.649392890024666769e-02
-5.992840322126894749e-03
-8.753797532477186616e-02
-2.546699275357630285e-02
4.309623637463406293e-02
-5.394132381930688558e-02
-1.983798731156011588e-02
-1.671498214124604934e-02
2.580343739050810700e-02
-4.503221601876916669e-02
-9.455139542580037748e-02
-1.480935944169209676e-03
9.454284028687295893e-02
-1.059933417967721773e-02
8.696371162426907997e-02
-5.554492941680629590e-03
9.923512700939296841e-03
2.564475336201571185e-02
5.603236535650140716e-03
-1.480984239308315818e-02
-1.855257768771587795e-02
-1.010242549341167501e-01
5.475430349310692058e-02
-2.439456469319120028e-03
1.448267732216536796e-03
-6.161562840247827161e-02
1.605295927368138083e-03
3.088387904533168235e-02
