-1.941328505228183399e-02
6.164835449403537754e-02
-1.805415797908024866e-01
1.516770558656815350e-02
-1.949468116927297601e-01
-6.553946643792711579e-02
7.225282960009119914e-04
1.798177999421549100e-01
1.178514467798079113e-01
9.100147066628125336e-02
-6.942421632253155395e-02
-6.261253674690019089e-02
-7.996267202647480699e-02
6.703441130903982359e-02
-3.895210778809632401e-02
1.445811347778477030e-01
-1.545921305719162586e-02
6.931272384092279637e-02
-9.276908018761458041e-02
-1.014115726932368067e-01
3.463383397282108339e-02
8.390937376709009521e-02
-1.190896842969452057e-01
7.154424220996029316e-02
2.852100748895752477e-02
1.263845674902504788e-02
-3.599138617560892345e-02
-1.081326885287400702e-01
-9.449997749797850455e-02
-1.171803364383749435e-01
-8.208558343806117430e-02
6.311524372665157367e-02
5.828105209813217585e-02
-6.157444335717843914e-02
2.340007124294230315e-02
2.751030919605762862e-02
2.256361689074185342e-02
7.281821850823068376e-02
-5.431637667089644905e-02
5.311808454239914934e-02
-7.135699602787586027e-02
-1.063654961916223052e-01
1.148511621975447858e-02
3.712216399188788402e-02
-1.009748851155980037e-01
3.560889778064178779e-02
-4.823685539357520230e-02
9.669422741042586755e-02
-7.145586868696389427e-02
-1.131256187512805628e-01
-2.173609723382467426e-02
7.826455844238373871e-02
-1.756571522296592608e-02
1.671365122803322376e-02
-2.596276434843290942e-04
5.293511449852421336e-02
2.220000608152886482e-02
-6.614671282902792604e-02
-5.642885847709380037e-02
-1.213151534948570809e-01
3.692646982943832701e-02
-9.535266726923454297e-03
2.037139379827509478e-01
-6.014503117326015780e-02
-1.121012229099697249e-02
-2.361540782887453990e-02
-1.811730228664058806e-02
7.793317511382286122e-02
1.075161945541943248e-01
-4.232330390334476666e-02
1.265564126217104401e-01
7.903972148024797709e-03
-1.066515455020921876e-01
-1.516786550718411675e-01
-6.519375978463197441e-02
7.789583712653011527e-02
-3.445851230623143968e-02
-4.793314528464656665e-02
6.056412748314280586e-02
-8.266957180914443273e-03
1.959627943190267452e-01
1.381369944961258721e-02
-3.224854845499793704e-02
-8.513363561300608950e-02
-2.488594235736654378e-02
-4.499157938072368551e-02
-3.448114454992563804e-02
-8.672289888218694121e-02
9.877879263953189166e-04
-2.394001191393254485e-02
-6.476332997022658453e-03
9.555809573004719892e-02
-6.968088891115566119e-02
3.640662353149762276e-02
1.402816690176240250e-03
-9.372516211362724725e-02
-1.059660423052223577e-01
-9.846507010942977256e-02
-6.421796590443404340e-02
-2.857371176152343970e-02
6.541952597595324104e-02
2.919441234357609063e-02
-6.249617711610987864e-02
8.816701680970375279e-03
-2.230857827362870208e-03
-5.314707884538066168e-02
1.432433292945964332e-02
-5.937198882182503218e-02
-6.733979015483071429e-02
1.231044565953995883e-02
2.949492404018543013e-02
3.960152455032011493e-02
3.064802121199692447e-02
-1.459508200882381201e-01
1.577123208508019944e-02
-6.584442809950244446e-02
-9.040972962185880868e-03
2.014985855020664032e-02
5.495067050530614422e-02
2.859178974419776184e-02
9.091104598755834001e-03
2.618905202002362945e-02
2.942942611834230282e-02
9.725607025273306713e-03
-3.143368338595278061e-02
1.081247620286444021e-02
-2.297628161063459615e-02
1.264169687976590684e-01
2.656896777899480852e-02
-7.624041539383149928e-03
-3.323268601950709472e-02
-1.807773931686485619e-02
6.032827933994546615e-02
-2.304570801717425663e-02
2.303253194903278137e-02
-3.665262315727361997e-02
3.123214864448536562e-02
5.740983239463494370e-02
-7.426636921649792944e-02
1.021791916498696225e-02
-3.884683830436968383e-02
7.432456641456872126e-02
8.239005838471835999e-03
4.363159360334507159e-02
-1.030048687431680751e-02
-8.228141666191592096e-02
3.192321429756269507e-02
-1.345579015801227039e-02
-6.309911260364987461e-04
7.066158470588643215e-02
1.279508508622241580e-01
-2.784064956407960104e-02
-7.580153759906098354e-02
1.041711072177697595e-01
-2.495919295254885387e-02
-3.006017388691972422e-02
-3.261855608884952490e-02
-1.694911695236629365e-02
-7.893424340441354548e-02
-1.323283996014604051e-02
-4.473831379652666584e-02
4.101741301258394340e-02
-4.327125073715398090e-02
-6.399783170002285027e-02
-5.044595011102629561e-02
2.202583167153201668e-02
-2.059103085816273854e-02
-1.788051547895823899e-03
-2.024741012594539688e-02
-8.215567038627547003e-02
2.434443724556794881e-03
-6.868298426753298436e-02
-7.702600803708475885e-02
-9.222820085213932761e-02
-5.533899947929114133e-02
1.946233896296158290e-03
1.558009218365051865e-02
1.176971581507528231e-01
-8.447980365116759642e-04
8.651249897613884354e-02
-8.108705301811515442e-02
4.967885263466291501e-02
-1.300443160212621553e-02
1.531232944796274455e-02
6.931213282995074554e-02
-5.320569322766702941e-02
3.006166879702548353e-02
4.621031353578349682e-02
4.078646678391945057e-02
3.317619232364982934e-02
-1.707267301087503700e-02
1.180031280075157368e-01
5.563363583153132369e-02
1.090415243423403964e-02
-3.216785807463811570e-02
-3.706156798457760360e-02
-9.356899615560211603e-02
2.977763587693081637e-02
-5.504766583542415603e-02
1.148552992743490930e-01
-6.386461087385360280e-02
-6.574579879787349757e-02
-1.523584567510983569e-02
-4.408715876673803546e-02
-7.960570139935950126e-03
4.480193438939976402e-02
5.432757111401401856e-02
3.047509835464675548e-02
-3.965840066504163625e-02
2.256977035792138292e-02
-7.133954382152488116e-03
-2.346348324370762291e-03
-4.753553396186532137e-02
-3.482838087867785176e-02
-7.760321716466516036e-04
1.483924254751620500e-02
1.352055800747816589e-02
-1.174550870096733625e-02
-1.337426540922132846e-02
2.074229490165501247e-02
4.731317477497114232e-02
-7.003716423124503598e-02
-8.775702902186086063e-02
-3.553738545302431717e-02
-7.295863576211837620e-02
7.629819540768674468e-02
8.406588737862817629e-02
-3.696022698554749658e-02
3.656376291935905382e-02
2.066209123621335231e-03
3.142193269721447330e-02
-6.091723915626416110e-03
-3.703379046889147819e-02
-6.198384013404927700e-03
3.302878723415149376e-02
1.492817231613336078e-02
8.955533634838923340e-02
2.494330518700622543e-02
2.188551871369822169e-02
1.642117032757343942e-02
-2.417937135761085224e-02
-2.800453343009260895e-02
-2.586020656210741633e-02
2.802549693692456614e-02
-1.469169839661268670e-02
-6.497991810880549826e-04
1.777938307203591473e-02
-3.670400634649025051e-02
-4.805677087385790136e-02
7.315012331706101031e-03
