1.851484485765689525e-01
1.322223052189891446e-01
-7.443278481054109441e-02
2.424642750675114200e-02
-2.909160412184269920e-02
4.229498616214562301e-02
-1.168791655066471757e-01
1.527608075825120093e-01
-2.795221547759656894e-02
5.577468390923977573e-03
3.140485193263925501e-02
3.148661601154504469e-02
1.291546355570408200e-01
-1.427296442983063129e-01
2.081995417813741270e-02
-7.723554850858091458e-02
-1.041405495185730445e-01
-2.139088943906343118e-02
-7.002531488766944312e-02
2.025425843660164441e-02
-6.237958068796552701e-03
6.108690163103220466e-02
1.620500618151623357e-02
3.301310862126839545e-03
-8.829517429625750868e-02
-8.481751224202188633e-02
1.503773433177816032e-01
3.989383851947311821e-02
-1.355213754971661966e-01
-4.424577643091252843e-02
-1.246384111362991293e-01
-3.489264832043232484e-02
-4.075467087297824503e-02
1.069182531468976516e-01
-1.122230597063946650e-01
-8.877176373763667749e-02
4.347604966785764691e-02
-1.444709572030300204e-01
-1.171796450495736913e-01
8.288519817321007843e-02
-6.068373440216118936e-02
-1.383012507683959932e-02
1.180570232537848929e-01
1.384201051293011964e-01
4.988915246048231805e-02
-1.259806588043060338e-01
-8.606258750765298504e-02
-2.408110688177974874e-03
-2.466789858296574572e-02
-4.452433272165352840e-02
-3.667891078624083839e-02
7.978457469193885043e-02
2.089413474213625346e-02
6.608205948866974384e-03
-4.327818886983100799e-02
1.400027846903805495e-01
7.822840296251150349e-02
-4.385053742217149414e-02
-3.218512667551925392e-03
-7.816173697237498164e-02
-9.454112952622864552e-02
5.637691840441808738e-02
-8.333476272510269289e-02
3.978629048988371886e-02
3.316036669255233854e-02
1.590021782330166850e-03
-8.899240955090645389e-02
2.898540044262317220e-02
1.183527113941111319e-01
-4.046460142778762065e-02
1.582502037889484958e-01
-4.444456793304139668e-03
-3.593458879812421597e-02
6.586730813471399458e-03
1.186596024541862644e-02
5.011562379202152973e-02
-1.253055191544541203e-01
-6.703761683746707611e-02
5.167831045016439695e-02
6.887630896770041700e-02
-4.013440829463478521e-02
-5.953097119526098990e-02
-3.286757407609966486e-02
-1.411157689145415770e-02
2.823449458474643070e-02
-5.121499215987238007e-02
3.543538669411343961e-02
-8.356051017567350803e-02
3.432757304829803235e-02
-6.973317721114056199e-03
9.003645273045891850e-02
6.188651433692491516e-02
-9.046443873538901953e-04
2.475921099654981861e-02
2.921311271296533549e-02
1.552552324585399152e-04
5.851302220109288500e-03
-6.899998920172822556e-03
3.482322468851147684e-02
-6.585727721272344182e-02
-3.389376152509850082e-02
1.362433950573519459e-01
-2.990455691986716562e-03
-1.017515699702739584e-01
-6.418497429365292717e-02
1.288656346980415930e-02
3.931504397946172097e-02
1.254306471504187080e-02
-6.254576307599453433e-02
2.668204567172794556e-02
-3.628642941928414672e-03
5.260984184491563492e-02
2.406890431688402804e-02
2.671375855224789736e-02
-2.653695924334916953e-02
-5.876431230869117762e-03
-6.451413331113663163e-02
-2.525534522407552052e-02
2.863269805840563259e-02
1.600287103872385375e-01
-7.163181357966106645e-03
-2.244375707232578712e-04
-5.865952192088613043e-03
1.044482334006611585e-01
-1.074708156194354759e-02
1.184196876189483674e-02
4.168468556474810155e-02
5.025543623048774056e-02
7.005585577043106638e-02
7.242256736132157702e-02
-4.279318862100958687e-02
-8.184680815931554693e-03
-6.695485311341446699e-02
5.067073708320987691e-02
-1.363195404411221383e-02
6.724450891233745009e-02
2.211904475221933633e-03
-2.150581416042594840e-03
-6.812381746579768138e-02
5.629705020423904360e-02
-1.966632920817960525e-02
-6.485646006814058118e-02
1.269251166449213708e-01
1.436229134132998020e-01
8.655930773405787204e-02
-5.296930045150480965e-02
-5.687970544274852103e-02
7.476814852203955697e-02
9.445305734174118395e-02
9.456608618437695180e-03
4.102864258425277522e-02
-7.928599305732954294e-03
-1.072612348438253815e-02
7.217141513581248891e-02
3.775676954817380748e-02
-3.820512763178575411e-02
1.674905443504490568e-02
9.568358604695986758e-02
-4.504573384202827969e-03
1.177759850854379897e-01
-1.328090624496528274e-02
-2.083236356616695664e-02
-3.352420305547416240e-02
-2.056645795711163627e-02
-3.341155338858373125e-02
-2.063040077598609842e-02
1.687538889929014307e-03
-1.796331305373596171e-02
-4.725481173442126065e-02
1.947119158141499481e-02
-4.677594723857000925e-02
-6.365085355054789749e-03
-1.342351079573814642e-03
-3.736766629240293597e-02
-6.314806651221746558e-02
6.562105072337211242e-02
-5.454563743648016549e-02
-2.549850028841001148e-02
-9.447894470399170741e-02
9.472044518325559159e-02
7.995161884302546748e-03
3.692871866138005416e-02
1.978745862355689531e-03
-5.387225578326579160e-03
-2.494062935543732082e-02
1.996991109811352069e-02
1.098341490991401742e-01
7.661208017166315498e-02
-1.401909248011173892e-02
2.611445405146544177e-02
-3.761454417314629567e-02
8.117677014676467906e-02
-6.667012659918100659e-02
-8.856483719224399198e-02
-7.733106632588611362e-02
-7.798817789257286859e-02
-1.077476139135389588e-01
1.784225257940328171e-02
-7.003555263279383214e-02
4.975557918655318379e-02
-2.455893726196187177e-02
4.978225937081670605e-02
-1.033760622749084132e-02
-5.244348710427510635e-02
8.462792436934826745e-02
1.322206506339185239e-02
5.648008867767484453e-02
6.195724784869332397e-02
-4.057483815811674388e-02
2.612713920367341902e-02
-6.063261461758391591e-02
9.044030936977601187e-03
-1.697269918375516468e-02
-5.947199213159834203e-04
-1.079906310957842383e-02
2.298894285309049934e-02
7.305475674038232857e-03
4.947209361112266980e-03
-2.041482212949504577e-02
8.950374527876836517e-03
2.659873041931846635e-02
-7.842915928441171469e-02
-8.196986792394186580e-03
2.780709457869548831e-02
5.713689000966086506e-02
1.124979965922937031e-02
-9.894522133791446017e-03
-1.169516570150530982e-01
2.061843950474650730e-02
4.010369505926165284e-02
2.237174815123211744e-02
1.168581729585638565e-02
-3.454559910187269406e-02
-2.235602959306135645e-02
9.764888840561687655e-02
5.340311197470434812e-02
2.249025780691427806e-02
-1.055670086725693339e-02
-6.089014388971929204e-02
9.039315369526375321e-02
5.640463270435074061e-02
4.961342275257026903e-03
-2.375343009675513067e-02
-1.138799198314728589e-02
5.001896844748029286e-02
-3.484966357911887386e-02
4.236530602764638186e-03
-2.611886627832038857e-02
4.286964423948050329e-02
1.498026852404467195e-02
