2.357493576316476436e-01
7.881527757351292074e-02
3.467948388625794603e-02
6.491662146467383487e-02
5.273710848311011223e-02
9.825264235512636002e-02
-1.934719484448045590e-01
1.212335374727437909e-01
-1.006256130811339772e-01
-6.187654609111093579e-02
2.958039305229068563e-02
2.921111674992480159e-02
1.089501215257695221e-01
-7.655703932496091269e-02
-3.757880913113627319e-02
1.541368137441082205e-02
-3.357306315100516692e-02
-5.745384713329487053e-02
-1.714265823506949393e-01
3.548049897067990371e-02
3.265248757137378510e-03
5.678741304376094118e-02
-2.439865594219014361e-02
-4.600074965627620055e-02
-7.659465762995949778e-02
-1.161293168699130823e-01
9.991478805058566504e-02
2.485490361992710902e-03
-1.396288215612544736e-01
-7.003774012964295026e-02
-1.253964957809839964e-01
2.564549152711682878e-03
1.333448211756336002e-02
1.726371742745668250e-02
-4.343214362753525931e-02
-6.939926830959995685e-02
-4.871778370304635786e-02
1.617084196423547796e-02
-1.245790520250386058e-01
7.764629377486674533e-02
-1.033809695188251526e-01
8.408941757895758984e-02
1.243946150412620771e-01
7.291118183489657401e-02
2.955350367563393602e-03
-3.024169737296116683e-02
-1.312462763198697646e-01
5.946304013271178773e-02
6.253600637722266098e-02
-2.913534369351052089e-02
-5.522528107718828461e-02
1.019283732050425273e-01
5.146204240548394454e-02
4.140202921785173656e-02
-2.202588638358894332e-02
1.511075678825903601e-01
2.490046803747888310e-02
3.800149537990390319e-02
-8.083308724350438124e-02
-4.125283005809794734e-02
-1.260255462608268207e-01
3.589121575876616510e-02
-9.124098593262090773e-02
-1.282137111961461490e-02
1.125273474023471068e-02
2.602083637957606707e-02
-1.458178709310500032e-01
1.208945703929436254e-02
1.105658646061503381e-01
-8.453751797673497714e-02
1.181171525963495283e-01
-2.940014705614768867e-02
5.739876079183970671e-03
-2.270341820837646490e-03
9.302896184078941755e-02
7.087033849687121578e-02
-1.074678865474425343e-01
-6.061676873637189544e-02
3.781491261045900193e-02
-3.577225876577595082e-03
2.220747349577467319e-02
1.966133116074946646e-02
-8.722585214019069541e-03
1.956631308912199982e-02
2.979423400530408893e-03
4.416295128712026050e-03
3.147351245820926430e-02
-5.945707216632163672e-02
6.242325204593008464e-02
-6.936486868310391685e-02
1.947753120709323077e-02
6.063497438665196859e-02
8.915605340469077988e-02
7.943514140846302807e-02
2.689792627152191168e-02
6.024893413375195794e-02
-3.257527281521356566e-02
2.072503735004128239e-02
-7.145255049892164367e-02
-7.404985641097702742e-02
-4.668522175658484930e-02
-3.063913711222440023e-03
3.596933576825522144e-02
-7.766654462711197748e-02
-3.850270397297341635e-02
1.073155357649883263e-01
8.418017760714938819e-03
-5.715031904492385260e-03
-5.632787963171928536e-02
-7.705348695607872403e-03
-6.512154399600307564e-02
8.807085583081421254e-02
-1.093210742231888119e-02
7.047719032894472768e-02
-2.112462287497287802e-02
-2.362261914406405330e-02
-1.363415449731152258e-02
1.499773423375791101e-02
7.799025651192607878e-03
8.766892335280783433e-02
-4.356461236465597464e-02
-2.006420241998575424e-02
-5.708322971488625358e-02
6.251029047710329745e-02
-3.145621206125804453e-02
2.739648616040702908e-02
3.122121500267056524e-02
8.254016032639516220e-02
9.041066746266530896e-02
2.126376366440618088e-02
-7.216552131513832846e-02
3.293365254973226047e-02
1.181596995028051655e-02
3.065271591215704139e-02
-3.684562099057542978e-02
6.790301866862645530e-02
-1.633103827553965270e-02
-3.738290560519438865e-02
-5.527926099790819031e-02
4.502803819048366296e-02
-1.386139990517201714e-01
-9.308874208839414133e-02
1.286338828523336530e-01
5.478459034554699248e-05
-4.707595591563442511e-02
-4.350815137925701306e-03
3.711404536652796599e-02
4.447754358284380233e-02
3.979037654140125252e-02
3.923870845722399539e-03
3.331939105152266489e-02
-3.794687842906370283e-03
1.747853068960106629e-02
5.497174308931005587e-02
1.667805205159620871e-02
-4.137534100860139341e-02
3.228840809367347631e-02
1.247017306150473986e-01
-4.919160000094309482e-02
8.177468481710557791e-02
5.543047183172607195e-02
4.004025998806303582e-02
-8.937586232409434894e-02
-6.370589542919767589e-02
3.175762789186175553e-04
1.343784863655682511e-02
2.164598173658442010e-02
-2.715924273244797738e-02
9.775227195958356360e-03
-9.304998383475921895e-04
-7.188861438021552919e-02
-2.337846896848493755e-02
-3.275072432150380464e-02
-7.132554680967506666e-02
-6.939685430072305150e-02
1.702536757876238135e-02
-7.046257216407895985e-02
3.355073356889370223e-02
-9.966876031254671975e-02
2.419416927357478583e-02
-3.625117130463506587e-02
2.779865333372088035e-03
1.599703332509758505e-02
4.455747409899054462e-02
-1.075518068838163949e-02
-1.261393399570525167e-02
1.040618206058184364e-01
5.229075153618828464e-02
2.221246915303384112e-02
-3.867745139334122055e-03
-2.483284226102419265e-02
1.004468087847369129e-01
-3.135214145634214467e-02
-6.867000293346410544e-02
-9.743218108808482381e-02
-4.785041690241030599e-02
-1.200659953738435620e-01
8.000940729796028605e-02
-4.158753909446245151e-02
7.288462773725050935e-03
4.681413653619233978e-02
2.824437325052241501e-02
2.583723759332624131e-02
-1.260655785747023284e-02
9.733233499870351524e-02
-6.375665667141503260e-04
3.557075608035567462e-03
6.303091172489133642e-02
-1.716494423090957067e-02
-2.215446588418574017e-02
-3.054391787319052126e-05
6.052134832993161240e-02
-3.481138264906051549e-02
-1.118390195934155975e-03
-2.982226333059715892e-02
-1.142131302680595394e-02
-2.477426901785792848e-02
5.370767416323428238e-03
-2.814020206190331191e-02
-2.769478389621139389e-02
1.670219214036535935e-02
-8.369120669796979717e-02
-3.777209748079482510e-02
-3.895043556383904343e-02
-8.889352993932626845e-03
-3.451828173792172855e-02
3.170542494989846832e-02
-2.945033832404688259e-02
8.805845050741895053e-02
1.420137952758445017e-02
6.317001898642357616e-02
-6.848677295412601562e-02
-1.754498298951836718e-02
-6.406048651089565893e-02
3.461454034188872486e-02
4.367887545149663070e-02
-5.776857354062268912e-02
4.974916899570835938e-02
-2.430524720981395298e-02
8.521558624793958148e-02
6.164161608832559314e-02
5.453108588556983272e-02
2.087530940262925100e-02
-1.640305620703428821e-02
1.011644399792020754e-01
-6.835893106735273228e-02
-3.794456500388999204e-02
-8.405069285322375183e-02
2.832943353553260546e-02
-3.572565498329106047e-03
