1.552843977255475016e-01
1.203079096538687970e-01
-2.422553856861458521e-01
7.637087856434780775e-02
-8.496654097430102193e-02
4.092139189125060250e-02
-2.212103662559340433e-01
-3.400480051118754538e-02
-1.294427524096500026e-01
1.448303603903072223e-01
1.317075917864913293e-01
-1.351449898330538135e-01
1.160176904067156400e-01
-5.132658583045707212e-02
-6.963225193895346277e-02
8.785700575503017917e-02
-9.279765975008837098e-02
2.712052471132870082e-02
-1.947017231357564271e-01
-3.548959041385225249e-02
1.422590339894354468e-03
-6.819891323268803020e-03
-1.723245053648037733e-02
5.160586715337776853e-02
-2.016446392032922308e-02
-7.128630218155357356e-02
1.539354248851587115e-01
3.179225810383699835e-02
-7.614396469200883366e-02
-3.977568651718437626e-02
-4.987277236726836427e-02
-6.669505819491920728e-02
8.431864354567048317e-03
-4.293535382482725066e-02
-2.670352333667625616e-02
7.172508221331200945e-03
1.037111633172832503e-02
-7.336616393517587931e-02
-7.525135691557244266e-02
9.455633917221549500e-02
-5.838096774334282368e-02
4.142124378832406223e-02
5.184511521663438122e-02
9.513717384279958555e-02
-3.409882228652539454e-02
-1.336445178876509710e-01
-7.903608577837550886e-02
-1.159519667893973982e-02
5.813844230935667594e-03
7.153760251136399330e-03
-2.824268940101498301e-02
-1.474689962330437767e-02
3.475419071079747374e-02
5.150680598003643668e-02
-8.598425268718769277e-02
1.553563941599610254e-01
-1.892494821419802783e-02
-5.066448646199851052e-02
-9.429802597385476826e-02
-3.636574085554997171e-02
-7.532423436362291336e-02
-9.757296510575929130e-03
-3.833008410109225994e-02
3.779234861762892361e-02
5.642776051017187738e-02
7.931734057184303133e-02
1.027554397238940494e-02
-1.089309929136257106e-02
2.048747523613475285e-01
-3.678270698965693808e-02
1.134804416133220195e-01
9.156089280650453466e-02
7.580861566123112127e-02
-4.826767124233851541e-02
-6.027215161647080793e-02
6.722331397164871269e-02
-5.954535060651289236e-02
-8.524187535612808009e-02
1.071340422591084279e-01
-5.382186313418525769e-02
-6.595641636168037003e-02
-1.627369625617999457e-02
-3.195968593540749608e-02
3.286783479240010242e-02
4.315521958807043423e-03
-4.501549750281338275e-02
4.388113958439138207e-02
-5.407640559417973419e-02
8.827992754132309161e-02
-9.730478455466446547e-03
-1.173584169594624020e-02
7.426166143634153893e-02
9.003067784071745738e-02
1.208730622817147660e-01
-6.874866574215969355e-03
9.862383817194167110e-03
-2.534077144300516185e-02
-4.526362618353068495e-02
-2.051637600748204213e-02
-1.425980480369429607e-02
1.377912376336138528e-02
2.647904106197532942e-02
3.511445480722880791e-02
-9.576463175505232905e-02
4.425860106701644259e-03
9.006901955419856221e-02
6.380829367146533850e-03
-1.167321572257559309e-01
-5.821019205995182216e-02
-2.898978896516877721e-02
-2.170331281975864182e-02
1.194277417899864899e-02
2.991509996780963507e-02
8.083578519544012964e-02
7.090595097419924442e-02
5.453199536613163173e-02
5.229735713676577497e-02
-1.732967920145680671e-02
3.505909191028137167e-02
8.937974972517571948e-02
2.458070335811511631e-02
-3.176684967054667352e-02
-3.470383197130805231e-02
8.628238770193963347e-02
4.012858533961060487e-02
6.307958967205155865e-02
-1.787788112692739045e-03
5.114241873978406239e-02
2.686087237223977811e-02
-9.091320682114687607e-03
-3.430170210684772153e-02
-5.850586023652022682e-02
4.569053015146271740e-02
1.271150086591287531e-01
-6.096247866185801334e-02
-2.594109413523911639e-02
-2.964836427907944008e-02
-6.589206712563580592e-02
-9.046568713410964302e-02
5.538030577690097184e-02
-2.751091947414453787e-02
-9.313914063577942437e-02
1.222794067301433280e-01
3.787449432914036934e-02
4.490420786019085064e-03
-1.243998303516118814e-02
8.177674300027363424e-03
2.089623384719967343e-03
4.909420299600186083e-02
-1.937031822796103035e-03
7.112891790544458026e-02
8.029487806288367752e-03
-1.094412760121609395e-02
1.509306750154412735e-02
-1.245718042135491753e-03
-3.608561375953777545e-02
-2.372287800006645311e-02
7.694952832111220942e-02
-9.230288249156387570e-02
6.111528166705474524e-02
-5.822171571832343573e-02
5.121882024238243181e-02
-1.604554896474925593e-02
1.399965909696866857e-03
1.853314382956303477e-02
1.538390772338192256e-03
-3.509736314267151297e-02
-2.110010040279541171e-02
3.799776575722574323e-02
-5.448635885973639181e-02
-8.032130847199290061e-03
-4.568404589109458652e-02
-3.855033751033571515e-02
-1.428105485261810595e-02
-7.484263706910755654e-02
-1.314158705510165386e-02
-1.355062406647585677e-02
1.383910317176656121e-02
-4.955990680450621938e-02
-1.634068853313548272e-02
-2.037435660920186575e-02
5.912954741040672701e-02
-1.474150781984609818e-02
4.927051144503306890e-02
-2.271831101064343203e-02
-8.943969389303542405e-02
6.757822150516723525e-02
8.118131874386126656e-02
7.651885361481392325e-03
-2.714787137462036648e-02
-4.156453184624148145e-02
9.577129221814786875e-02
-8.963436266626115256e-02
-6.458552390200363036e-02
-6.084209695850190808e-02
-3.394320003769033672e-02
-3.577468642677698180e-02
3.454482663010701587e-02
-7.930162328855941412e-02
-3.308333072800390129e-02
2.276778873649588225e-02
5.965734506004500420e-02
1.585789306007383270e-02
-6.302052651782884263e-02
-1.253400481049903384e-02
1.644024307411352456e-02
-2.198622391886367444e-03
8.487999019460472361e-02
-2.652686248219026516e-02
1.071805950196861278e-02
2.126974838873108703e-02
-4.595666675091976405e-02
-6.081475029521023895e-02
4.044726559237676877e-02
-1.980486939426199383e-02
7.097481100006511855e-03
-2.971267827457852936e-02
-2.645546513704990707e-02
2.405160180829412145e-02
1.597584316579188715e-02
-1.079421432074862894e-02
-6.765631455394860438e-02
-8.554642415015719162e-03
4.503953155483002985e-02
-3.261026164549444412e-02
-1.637924168988945731e-02
1.740798369351103866e-02
-3.047923061983670232e-02
6.813861665937354095e-02
-2.455208803518620412e-04
3.466697036073707050e-02
-5.476257425520041772e-02
-4.702403239238628352e-02
-3.193029532047805125e-02
1.365479511891164004e-02
1.485029538373962461e-02
2.281363668616399887e-02
-3.572401052237824531e-02
-4.795910502612481252e-02
4.844320439936917327e-02
9.130857050087523574e-02
3.511315090704607983e-02
-3.727357254763326994e-02
-2.554551901223787655e-02
-3.679112948002640561e-05
1.487873450394113818e-02
-5.898174856266800298e-02
-5.100829322369117291e-02
2.881689884904903645e-02
-1.018321374323455202e-02
