-1.840857710600726505e-01
9.137260652966871241e-04
-1.805862543548474863e-01
-1.717982466696499344e-01
2.471446130202694866e-02
2.203290246078333237e-01
3.073029200721292056e-02
1.168026641021838036e-01
-2.425193976116594291e-02
1.021210494891937326e-01
-1.328642002513014952e-01
3.646870819672077407e-02
-1.961213032180915139e-01
2.557347205312816146e-02
5.278184294288841560e-02
6.440350032920208467e-02
-8.055071777369064712e-02
1.207592242562611773e-01
6.336033383835663890e-02
-1.690230846215377142e-02
2.630701153516601734e-02
-1.407807320658569471e-02
-4.592914347525946239e-02
-5.050233341125918290e-02
-4.887711144374440320e-02
8.478223222248411350e-02
1.562174376965121958e-01
8.052795252905536752e-04
-7.631648068036586685e-02
1.055089705715813592e-01
4.769942007069534300e-03
-1.793090060402017516e-01
-6.546178897822745035e-02
-3.197854251745290560e-02
1.828566446674441681e-01
-1.383759480828413227e-02
-5.357747840200782069e-02
-1.418619171713022403e-02
-3.130427795912681110e-02
7.006443595987918438e-02
-4.215076892472514186e-02
-1.102323323951031817e-02
1.337914411304162721e-01
-4.102313484751678174e-02
-2.763038079211321829e-02
-8.074281182640568461e-03
7.221394741587491839e-02
3.921953045878197666e-03
-4.979595476864210474e-02
-9.818361345272784424e-02
-2.946678812700836980e-02
4.680419486703309151e-02
3.212773031659019868e-02
9.807165699748254806e-02
5.817146540587320863e-02
9.601815976489819215e-03
1.491264576279744368e-02
-4.400649719490874051e-02
-3.741969840885562421e-02
-5.978123718574647472e-02
-5.466791393827034190e-02
-8.429415718656420309e-02
-3.436200458546429665e-02
-8.865819553784549945e-02
6.780336168399207428e-03
6.356653315792063809e-03
-2.177131536662757841e-02
2.559800865685610619e-02
-1.783745485129317396e-02
-6.058976420270690416e-02
8.454785517216838187e-02
9.952774697459455810e-03
5.578728167304629337e-02
1.259633132557630006e-05
-1.126571589782227878e-01
5.695076937040792486e-02
2.353512978166986611e-02
-3.509275581707852615e-02
-6.994536126531709919e-02
-6.295623434460723145e-02
2.986258847537921410e-02
-6.425959380439660862e-02
2.019139426776024246e-02
-1.027680219963144140e-02
2.480821212215323854e-02
7.120952120444486166e-02
7.776010553793692714e-02
5.451360887953202866e-02
4.525956973823429957e-02
-1.227810994487469644e-02
5.072398291846470786e-02
8.256485147088260534e-02
1.695941839141895321e-02
6.600976219383619670e-02
-2.049888908506741075e-02
-7.351845497877991520e-02
1.283161373720606291e-01
-5.651455579236751986e-03
-2.873193652712409743e-02
-1.163520500307790168e-02
1.028959534863397966e-02
3.231319817418085161e-02
-4.725054455543704207e-02
4.235519688519646941e-02
-1.435552708579920789e-01
-2.490399672494147845e-04
3.532539431124776669e-02
-7.825241215391152971e-03
-1.095689584149023288e-01
-6.810085160272033589e-02
3.770528085812767383e-02
1.643191421421428405e-02
-7.217359979209768406e-02
2.378190634563421418e-02
9.228092010884893920e-03
6.468019318006467712e-03
5.740469653937491784e-02
-6.159166458728262267e-02
1.636089583577711448e-02
-3.568960542246618194e-03
2.929618000402836250e-02
-7.464343201734929822e-02
-8.557563708126462998e-02
2.584695021526704078e-02
-9.640024848177398964e-02
4.630076805231012060e-02
-3.036237416307837819e-02
3.720779137665973513e-02
5.508861172277689823e-03
-3.108282526959825834e-02
-5.198561703073811824e-02
-1.433914529448672703e-01
1.236336480194545964e-02
1.331776980077560291e-01
-5.218568219937012170e-02
1.086143598786898368e-01
3.041964810707436032e-02
-1.766195908933527320e-02
-3.479119833302638659e-02
4.868003134321298442e-02
-4.457887580246076842e-02
-1.809768062318327028e-02
-3.022529065107425889e-02
5.931133498199938660e-03
-2.352135254428251894e-03
-2.231745161725132848e-02
5.417842837566552022e-02
7.980281060123455006e-02
-6.722245431043835651e-02
1.004837888404380986e-01
-3.228059204569745655e-02
2.452971510925182775e-03
-2.727607617063522449e-02
3.805033504878845008e-02
3.668127128783987140e-02
-8.096259156568007265e-02
-5.352312392022011422e-02
5.424852827161020380e-02
-1.103215564086593575e-01
-4.454006991715307034e-02
-6.151080532499735021e-02
-3.554855275397665604e-03
-1.234305977827219840e-02
-1.756502638343142644e-02
4.719130243467143347e-03
-4.398186218234231143e-02
8.924303926493846670e-03
7.355293087519444717e-02
4.843650227091851612e-02
-3.134626573021206952e-02
3.492628086531472317e-03
6.339989419142602438e-03
-7.191389886734615711e-03
5.641385074765523262e-03
-6.808927216272572802e-02
8.839800256890155417e-02
-7.217884826348333616e-02
-1.559366772803257375e-02
1.643719548854610107e-02
1.503119561022096644e-02
-3.777836582217294209e-02
-9.198208526932811005e-03
-2.640522355597012261e-02
3.692903194018903185e-02
1.050347383789411032e-01
-3.298903727392264729e-02
8.162494865454994475e-02
1.157140327279601033e-01
2.904176035360865257e-02
-2.926003115735965193e-02
4.238294817764812900e-02
4.219223184867182397e-02
-1.363870070483005070e-01
-1.143294203705315197e-02
-9.325310102420338032e-02
1.401758457386599946e-02
-1.176398936970345435e-02
-3.787165740105299418e-03
1.272370516551695786e-02
1.385150325745612178e-02
-4.948258822397223755e-02
-9.124785692542088100e-02
-3.062876688884662302e-02
-6.778046522757213976e-02
4.279692135819181120e-02
7.378501171927895341e-02
3.215390706762616402e-02
-2.813738312796766443e-03
-5.475953256689621712e-02
1.354302435176414588e-03
-1.223234327439177010e-01
3.575658903852562548e-02
1.056006876090457153e-01
1.638015116517324565e-02
6.820874049264173677e-02
1.884240590986180700e-02
7.457366015086620836e-02
5.157754838050330332e-02
5.587588243062540684e-03
3.348459138156712617e-02
7.262378742520239627e-02
-2.556920767012731480e-02
-6.132133550797513877e-02
1.681833291998326846e-02
7.711546203999363955e-03
-1.472097814838249077e-03
8.419729008655266536e-03
-6.295124829679085710e-02
6.976071348138045657e-03
3.857285317817674142e-02
1.392399776847050644e-02
7.907028801052767841e-02
-3.139087773699015399e-02
-1.544779302645747469e-02
-2.370622994884227785e-02
3.544712604444884285e-02
-3.074905529241664381e-02
-7.540003197053787853e-02
3.489971047892483948e-03
4.623184906242722159e-02
-2.741046984105419571e-03
2.625856158368717469e-02
2.221727141967760541e-02
-2.725695205302373827e-03
-1.341676581199293880e-02
2.880541512652329272e-02
1.510546148032801059e-02
-2.601736152057008283e-02
2.579679451058785808e-02
8.494224499385432184e-03
