-3.325777173488299598e-01
5.049978989235359705e-02
-3.071669210556488352e-02
-1.628337520559304807e-01
3.459184763224271847e-02
8.014843177945599195e-02
-8.488614140004834344e-03
2.386370353681831480e-01
-6.049707042577526228e-03
1.077137596052689800e-01
9.101734072019575239e-02
-1.324506910295500661e-01
-1.567023408841082543e-01
2.790566754136590902e-02
-7.792586055060350680e-02
-4.039344105502665899e-02
-6.520935784539261260e-02
9.855671812268378129e-02
3.033362896892897575e-03
-6.797013825405348424e-03
-5.248420453012771908e-02
3.506099316606899746e-02
-4.884137967347148418e-02
-1.657633429407878722e-02
-4.283905678882238277e-02
9.114988925139044448e-03
1.599526045873754174e-02
-1.460065500702857899e-01
-8.106024138775959342e-02
-4.536351665425307489e-02
6.620364837241511907e-04
-9.825574751002967566e-02
-7.344943466225428708e-02
-5.249550328611660849e-02
5.237926733388088840e-02
6.646175432953638045e-03
-1.433846384344509006e-01
7.705493831553469897e-02
7.001344765741970323e-03
6.369744305962897479e-03
-1.744337258177640348e-02
-5.597205988667380144e-02
4.766839225876214579e-03
-6.059268614833126371e-02
-2.636017426514778578e-02
-1.845612951311825789e-02
-2.928722292990769763e-02
-5.734351701205052387e-02
-1.839550462551536036e-01
-2.170921790538264326e-02
1.512974044137593583e-03
-4.873668963751190408e-02
7.399414062675627700e-03
1.269244341667704612e-01
9.008427532718805975e-03
-2.194825721177264682e-02
3.440227569191658258e-02
-4.382907497373658701e-02
-2.733592777062602078e-02
4.601393660447614803e-02
-5.515399464446554822e-02
-5.554983949881388966e-02
7.730979588030914562e-02
-6.236998046538400065e-02
4.044989952635865728e-03
1.349007909571288931e-02
-1.428833973718936501e-01
-2.426767996461741406e-02
-3.718974941160121950e-02
-3.795308630448827880e-02
-4.348185007875294411e-02
4.998636735849584789e-02
3.161441357749483760e-02
-6.151653599348552715e-02
-6.995448227460267232e-02
2.399997006490560327e-03
1.057443511277926101e-01
2.824374750572104104e-02
-4.702852958366619818e-02
-8.430789225370431683e-02
-6.625745869781221598e-02
-1.051814612278709898e-01
-3.345815870320724417e-02
8.958218685793165742e-03
-9.636302933882789912e-02
-4.998364859533601517e-02
-9.676925492524104250e-03
-6.385506070567402437e-02
-6.790834818223923097e-02
-3.856053567334109724e-03
-2.179590054898492696e-02
-1.849228553228271510e-02
2.478756397455631963e-02
-3.515332518766572933e-02
3.873545453949413242e-02
8.051860727254206429e-02
4.300112332003804688e-02
2.481136197935792536e-04
4.801992480446656136e-02
-1.410165957222414279e-01
5.423328726582069687e-02
8.041698908586697447e-02
2.052539074664646440e-02
5.558087576917087463e-02
-3.811359925675547600e-02
6.035608313620136750e-02
6.829342390978565547e-02
6.021177683705572796e-04
-3.750000618933369695e-02
-2.045152512936908307e-02
-3.079638364389904182e-02
-6.959571146334288250e-02
-6.890563994132128944e-02
-4.305934722199331044e-02
8.984332935572492129e-02
-4.663360275324195114e-02
5.290670738688735275e-02
2.282327524588741510e-02
-1.021234529194773276e-02
-6.716856213386651620e-02
3.730647968441146156e-02
1.565036593217660615e-02
2.272024471471370544e-02
-9.973623763069919788e-04
-1.887997409715157504e-01
9.306079135801184621e-03
3.368332172489838655e-02
9.397288343521514875e-02
2.868828293665901669e-02
-3.090079121095890002e-02
-6.089637552414520205e-02
-8.986599748492762885e-02
8.209248867318227894e-02
4.578626667129997302e-02
-7.840577521123168192e-02
2.587323319063899660e-02
1.244367305669161067e-01
8.192304264196137052e-04
2.174812799631939408e-02
1.507612078248614929e-01
-3.219516963532389336e-02
5.130863958670842107e-02
-6.488649589301001552e-02
2.664695081559085438e-02
6.735594494021979184e-02
-2.911053863313139978e-03
-1.831454197713245496e-02
6.764137976338918667e-02
-1.758188826847772654e-02
-1.895320415940458456e-02
-8.291683884840936325e-02
-7.256520108028607571e-03
3.358975390186537402e-02
1.679164621289211401e-02
9.387853882270790970e-04
-1.946606175546289341e-02
2.720669824900306608e-02
4.725079729913518600e-02
-8.544663031432232769e-02
-9.455664072510376605e-02
-5.374850001667228622e-02
7.528576497934898193e-02
2.597926495387225740e-02
3.383966826089468416e-02
9.358275857608618076e-02
-1.483187698661876490e-02
1.726785346921145409e-02
6.191492306793137251e-02
-7.716097007876796324e-03
1.025301022092400538e-01
-4.580928788662733814e-02
2.038740468913211729e-02
5.643446147551921949e-02
4.229706958748020301e-02
-7.917048914000490711e-02
5.138155187144924363e-02
-2.564694029334896666e-02
-2.231430159720028394e-02
3.559171692003474524e-02
2.776669284270252900e-04
-8.541647675927696928e-03
3.786802785705940116e-02
-4.313730863831666262e-02
-1.535306741521888334e-02
-7.055035041856687339e-02
-2.482336690759612188e-03
4.554401428117563211e-02
4.636271507840826478e-02
-3.029288283014403352e-02
-8.473713905544482403e-04
3.371089775123378013e-02
-1.615153637750890714e-02
-1.211547950382675792e-01
-3.876239501080514654e-02
-5.027607452377353542e-02
4.760977996206976898e-02
-2.432318510341284837e-02
5.373843706211968441e-02
-1.197805838411185840e-02
2.787067670641280720e-02
-3.619612974821554557e-02
-3.790079424942718878e-02
-1.016591446655587885e-02
-9.954557112338663707e-03
1.200222359848309994e-01
-3.508546203450744333e-02
4.201760191981744434e-03
2.985367899968831631e-02
6.438772643332535406e-03
3.559146975974748772e-02
-5.538473642692619964e-02
3.885892875728524931e-02
-4.037539835405690170e-02
-5.076033214373495972e-02
5.263440736755505694e-02
6.652319131522597961e-02
-2.706489886134246653e-02
-5.582266914733317181e-02
-4.039841956938427375e-02
3.574781629574378533e-02
5.589427501341277804e-02
-2.715133434465749271e-02
-6.063131377036828917e-02
1.713537555524169420e-02
-4.064130751453298024e-02
-2.285727743969148337e-02
3.927271038676595320e-03
-8.083903293066456441e-02
-2.603579404242918269e-02
3.509418326178637138e-02
-2.122029954857579739e-02
-9.273736446782979842e-03
-4.736788065807008563e-02
3.318568214081261958e-02
3.396547284710850576e-03
-2.422139037367542630e-02
-2.078091917505775835e-02
-7.166214800787386319e-02
-2.837957973787500268e-02
2.978871115275218140e-02
3.423431262241920930e-02
2.699177472492685775e-02
1.539660293438858268e-02
-6.660793198514267099e-02
4.044824002157279552e-02
-7.635466260451065357e-02
-6.929488208513863434e-02
5.045247635165010965e-03
-2.312767079395066164e-02
3.537651092705881156e-02
