1.052028362992567107e-01
1.129971633308639728e-01
-2.314714714621736447e-01
-3.796285069396701430e-03
-1.175126610360798518e-01
-1.029366609224363072e-01
1.539589612263361773e-01
3.861887239299746644e-02
1.368614636511954544e-02
1.036960074781289043e-01
7.448052850108187461e-02
-1.336532764196251277e-01
7.421001628736936633e-03
1.417290525578506211e-01
-5.179210406421288354e-02
-7.188563873192772846e-02
-7.089313169034106021e-03
2.637358172016202387e-02
-5.990344109399155931e-02
7.057471460653262640e-02
-1.596524134642510542e-02
-9.151780920680297610e-03
-7.599554400227948037e-02
2.033919902824678771e-01
9.703499198946503868e-02
2.050833711765753520e-01
-8.953058855751705458e-02
-1.233218780468566811e-01
-1.823298050705572104e-01
-9.876206169200175966e-02
1.092683224343860005e-01
2.314975665048961038e-04
8.606627976079438136e-02
6.820303978615652185e-02
1.311655170341968213e-01
3.345940915432266127e-02
-1.868110850114189023e-02
-5.086525035927968313e-02
-9.859004547287897324e-02
1.551816227072287946e-01
-4.453442030702457061e-02
-1.086017795722971080e-01
-2.053743820696813868e-02
-1.612158774822679275e-02
1.239496620954901318e-01
5.407973749699748409e-03
-2.884992452439922792e-02
-2.027834257444670243e-03
-2.910620598564667063e-03
4.354709389891955884e-02
1.025192041973147505e-01
4.578864527709253229e-02
-3.174532301470911477e-02
-3.351837883420040985e-03
-7.792814414547473423e-02
1.109311139066872405e-02
7.574450713295174942e-02
-5.678009473048828415e-02
-6.970104234283408529e-02
-6.105120724393315462e-02
-8.471378265066983881e-02
-5.003311910109155269e-02
4.945413534068664185e-02
-3.368770879892529768e-02
-8.100915002299201306e-02
-2.710648146172290468e-02
-8.983413530447995066e-02
-6.085894817916904370e-02
1.027323456921006573e-01
-1.265261957929252890e-01
3.080353501449234824e-02
-1.013893783892448608e-01
2.519140593055206254e-02
1.684962664849623190e-02
4.083551195955181096e-02
1.274414090621342199e-01
2.818984146455289982e-02
-8.276180310074686408e-02
4.810528386153067881e-02
5.076892895158348872e-03
-1.243166556129939558e-02
2.212015371483667253e-02
3.123068144297776183e-02
-1.356896491285488338e-01
-5.793930944083999432e-03
-3.511797936971289974e-02
6.778654243760565135e-02
-1.168355650317134814e-01
-9.935015952982812620e-03
-1.030413928647354455e-01
5.393941268392613009e-02
-4.281185967437002582e-02
-5.079352097101190455e-02
5.287971730317288926e-02
4.103259988638834066e-02
-2.911061911787179643e-02
6.091395243588798580e-02
-2.925705196177647016e-02
7.830303653007714138e-03
-2.337674514711231624e-02
-3.383586852065718215e-02
2.487369238956212841e-02
-3.007242610919673778e-02
-3.295899833505637477e-02
-4.853933780132498044e-03
-6.657443409899049813e-02
6.704110684218789196e-02
2.122425589391739240e-02
-6.621556330311842431e-02
6.358498472553501812e-02
4.872801519355856453e-02
-2.475511344542617319e-04
-8.853446786418080888e-03
-7.296330643377171854e-02
-7.328440977197804573e-02
3.603744587505186558e-02
-2.160276193026937006e-02
-1.496787346354698685e-02
7.531042121393842839e-03
9.286132015638215442e-02
2.295407580929007332e-02
-2.801840087137252508e-02
2.691946698887850119e-03
-1.017274946719712476e-02
-3.036266950104622286e-03
4.041824710974439849e-02
-3.617281390917469891e-02
-4.731229516742625242e-03
-1.451728626751797816e-03
-1.792502382578959469e-02
6.545218736582897323e-03
-6.813127841866971346e-02
-4.755735192279675339e-02
-4.807167370233788456e-02
3.779278520720460999e-02
-3.928487160836297877e-03
4.005138150911665557e-02
2.251138748035965559e-02
6.581483170954571804e-02
-3.121788975536870375e-02
4.292989497178259506e-02
4.937207666467453848e-02
-5.013151915802421810e-02
8.358760247356851469e-02
-7.030548156158102080e-02
-9.946205481718833896e-02
1.471223158667999548e-02
6.749565946137570972e-03
1.016700919738255937e-01
4.765437687331144229e-02
4.326957823624108523e-02
2.535686640977520556e-02
6.603875020114224892e-02
6.855861672246926775e-02
3.429899157054307202e-02
-7.025911169399817746e-02
8.225950550755825597e-03
8.260436940549840956e-02
-4.106934400904535543e-02
1.593323014818344083e-02
-5.449226942238954985e-03
6.365252483611084922e-02
2.529917589865835967e-02
5.604070320746581263e-02
-1.118741810756648976e-02
2.528955015373254497e-02
7.572752616765072997e-02
3.613555811901332515e-02
4.378374011968710205e-02
-2.631007099118305714e-02
-7.912151266174261011e-02
3.786934345754481429e-02
1.036046748286002447e-02
3.326158570544860554e-03
-2.911084297240495306e-02
1.967857232167707568e-02
3.485568581528919463e-02
-4.053746563826080007e-02
-8.089488827342412869e-02
-2.299302649805965229e-02
3.804647635171121839e-02
5.135798616598052924e-02
5.442831098434425946e-03
1.622683135803030738e-02
2.661671972239115780e-02
3.137068646385888365e-02
2.462220781116808074e-02
1.405861472492004605e-01
1.376356805437336031e-02
-4.177637256241692465e-03
-1.046970849504136498e-02
7.552554542030373574e-02
9.582892772324515945e-04
-1.254400855772593373e-02
-1.477267231063278743e-02
-4.995285126134472314e-02
-1.551851084421022875e-01
5.391459680996456977e-02
-2.523604892030767086e-02
-3.711763993519862168e-03
-3.846677922732578969e-02
-1.421306795695559573e-02
2.544010831689114127e-02
4.839910892591069852e-02
1.350434450497583344e-02
-6.977149256234096986e-02
8.871610982822940306e-02
4.971016096818189900e-02
-5.678690630414010704e-02
1.578331156940530194e-02
-3.026180704424881809e-02
4.468062929639608077e-02
7.961386471781519217e-03
-7.451094073837241129e-03
5.851132173149796445e-02
1.154827161501796942e-02
-4.643814321544236651e-02
3.820685213510976574e-03
3.955077881453623878e-02
1.566399710323182828e-02
2.865363607803825957e-02
1.842335599581940500e-02
1.126010687240495273e-02
-2.289798425912436056e-02
-5.438872071119423696e-02
1.251442778012999040e-03
-4.802005924283533900e-02
5.310702559198582362e-02
5.031117841049340816e-02
-6.986308104562180196e-03
-2.025243940703836190e-02
-2.229408868710081384e-02
-5.766268919629414375e-02
-3.330507744331939746e-02
7.003052423642434909e-02
1.841996619860300499e-02
-1.947377740305608618e-02
5.400330716353336953e-03
1.303239519063970064e-02
1.841302670807509062e-02
-6.378280817440908079e-02
9.559618296719837871e-02
6.774637653851322064e-03
-5.618643250855197974e-02
-2.167154923038706535e-02
2.063804483001336482e-02
3.186412581337822597e-02
-5.854812981259302496e-02
-3.651675040976320487e-03
6.143137619967431462e-02
