1.661523909572324154e-01
1.339096970982001644e-01
-1.761549715070181987e-01
4.586835679075823569e-02
-1.398367261436398168e-01
-5.468082421754965478e-02
1.595693377237554500e-01
1.198224339099500796e-01
-1.621203524385759487e-01
5.245164077491689530e-02
3.000457706857989626e-02
-1.340981215119894654e-01
-1.190930969339023815e-01
-2.445789107532727116e-02
-1.270670163834417554e-01
-6.234392249885609139e-02
-1.055568993379049289e-02
7.739806400775950737e-03
-1.880802985941558703e-01
-7.328025216428150912e-02
-3.539583599552450360e-02
3.574928011110341947e-02
-9.094695289124976600e-02
2.305831566925032328e-01
7.031836937852503633e-02
1.552498168200995565e-01
-2.510745424427732880e-02
-2.527062794061342085e-02
-6.671836206475358078e-02
-4.743703288925233547e-02
6.131569746125699327e-02
1.572213176800536794e-02
9.439710411945678725e-02
1.430496656710721903e-01
1.451164665625632177e-01
-1.332357402857574369e-01
-2.068943576392400993e-02
-4.072614377812053960e-02
-1.583872679102370576e-02
1.459778588573023284e-01
2.893448726444609181e-03
-1.841950504734356509e-01
-3.107245825904612208e-02
-4.069693733469553071e-02
5.298282884416131294e-02
4.115962541586188489e-02
1.096276710067017879e-01
1.191369065990398844e-02
1.545202161289870903e-02
7.935407160765747814e-02
7.229590272058612765e-02
6.890986721750509691e-02
-1.084747087434591029e-01
2.699453331911694925e-02
-5.221976930420415414e-02
8.668439444158757001e-02
6.693955307534252275e-02
-4.506969571705501942e-02
8.867386089033020211e-03
-1.188455673812179730e-01
-4.846542274876692452e-02
7.254933289784509624e-03
4.506531145410296035e-02
-4.568431663992097991e-02
-4.791949960027760969e-02
-2.398429178335541312e-02
-4.971810227088166445e-02
4.834444346279652416e-02
6.473169758857429124e-02
-4.218574073294268506e-02
-2.339235035606101326e-02
-7.394497894945673000e-02
4.398173921728198293e-02
6.723458430407142083e-02
4.475231463658553566e-02
2.117612191598585158e-01
1.584169358550254446e-03
2.356294103859420813e-02
2.077665952160184792e-02
3.225522032460958338e-02
-4.656960811240627024e-02
-1.932691891732605735e-02
-7.237000665379089009e-03
-6.627983687639821264e-02
-6.628155102431933232e-02
1.554257477326946753e-02
-9.790388815782653797e-03
-3.222914549757890934e-02
2.042436915943137213e-02
-1.215056942040935312e-01
4.697549856149442482e-02
-3.653168974393922186e-02
4.558970886042914422e-02
-1.489726400973907967e-02
4.755382569856926589e-02
6.281923593874905176e-02
9.067206290059387497e-02
-6.912927815140672977e-03
-4.505838893365233383e-02
-2.127396020502131391e-02
-3.761691019991510176e-02
1.058549303254957552e-01
-5.154034040416712037e-02
7.271814350369097679e-02
2.070070958294359387e-02
3.181415687875565473e-02
-2.553549675880746606e-02
2.647903629622728322e-02
-9.379741606213432004e-02
2.920172951822320659e-02
8.297860442245398940e-03
5.535016601635862898e-03
6.354840809288125891e-02
-8.336283727184662373e-02
-6.309880687180489944e-02
-6.702285407143166937e-03
2.816638417387490670e-02
-6.469879913424228524e-02
9.978516550124087725e-02
5.169375664310615209e-02
-6.240915901300742898e-03
9.702373912910457546e-03
-4.793186124393943731e-02
1.756906022423138439e-02
-5.173242386448034108e-02
-2.744017881422153304e-02
-7.262646955429489203e-03
-5.588296934037485092e-02
2.405819793026158296e-02
-6.828740077146176757e-02
-5.367959700970798692e-02
-4.650288820101550896e-02
-7.553096134907739088e-03
2.005764039746388630e-02
4.523755035579105771e-02
-1.000508584290123876e-02
-4.623914017184679913e-04
1.338584704468655413e-02
1.304056161392444790e-01
5.239190931274294999e-02
1.464376790371391297e-02
5.093461986473767772e-02
-5.635607416660023961e-02
1.069717306604797170e-02
-3.199476873375069197e-02
-1.239152917154227318e-01
-3.031460709161848052e-02
6.148068419866349610e-02
6.337649883502413650e-02
1.169345561642490608e-02
6.810161350832029392e-02
1.828260726077504672e-02
7.481678798925486817e-02
4.784532973830665087e-02
1.738080063235755701e-02
-2.644178654332631287e-02
2.550444430992896208e-02
5.029942916681843373e-02
-2.289630231919928538e-02
-1.941615350237288831e-02
4.170212026850898118e-02
-2.383100740194878109e-02
-5.397436452337209950e-02
4.954948945133436089e-02
-4.842029450830547671e-02
-1.595047604972660770e-03
3.023361360234619669e-02
4.477400520066415757e-02
4.954154503500769052e-02
6.608270986547096909e-03
-3.398370775236375652e-02
1.808168934579150802e-02
3.116317624133237152e-02
7.329594321063624685e-02
1.883670557627270883e-02
2.249819146452231055e-04
4.866162675696741186e-02
6.544781584699961574e-03
-4.496018803640278866e-02
-5.504488286448618733e-02
-1.916483304563220552e-02
2.996910739236623503e-02
3.264103546439093423e-02
4.041163059898060517e-02
3.768639911948611088e-02
-2.402813441287602117e-02
3.050520715469227928e-02
9.011028388383432453e-02
6.566320512616326266e-02
7.166819493763017940e-03
-2.694594381843020206e-02
2.088142033108793261e-02
-2.710354653402270372e-02
-2.293398060908052784e-03
-4.372237545106533868e-02
-4.540771250134396919e-02
-6.921037053382829429e-02
5.424365056890131237e-02
-2.914041576566055516e-02
1.910678276699627129e-02
-3.488462434243760207e-02
-1.264559885783335044e-02
-1.465181121318987270e-02
-3.273102823024902353e-02
-3.667007422418547269e-02
-3.240458194442753098e-02
-1.493101953803163857e-02
1.497614777849307598e-02
-8.095904149194269039e-02
-9.291341020058985992e-04
-2.968495441005973914e-02
6.989701863376382440e-02
1.821410727269698326e-02
2.050651640211209256e-02
1.316633062475901506e-01
1.669046052151502979e-02
3.092659086383658246e-02
-3.031961767784940517e-02
1.694468184396835317e-02
-3.793765364746060076e-02
1.456293923635712355e-02
-1.349591511985145063e-02
1.017106151180068203e-02
5.393790591566548914e-02
-4.200526073548004058e-02
2.570852680568992688e-02
-2.794898406734226681e-02
-4.024974251358533206e-02
2.050516486240506683e-02
-6.398933968120279481e-02
1.427661060476614723e-02
1.585718684555869956e-03
-5.321374434776420664e-02
-4.891251867672782166e-02
2.620737681511500425e-02
1.622592643489517705e-02
-3.590734432805929577e-02
-6.823531704616660198e-02
1.035318972841824288e-02
3.736084287200827549e-03
-1.893615912007998517e-02
4.778431266519188314e-02
3.057581686328862333e-02
-1.312605474148963169e-02
-3.056912509351969107e-02
-2.214217612706173219e-03
2.824628983850494338e-02
-8.959686361707984437e-03
6.912136669946315586e-03
-1.006402615988082202e-04
