9.905856609341652519e-02
1.261264484823530485e-01
-2.361376874132297132e-01
1.070091335713327790e-01
-6.379616846428792787e-02
-8.150185301281398509e-02
6.955735160665069139e-02
1.551880443222155570e-01
-2.671824474339534717e-04
7.905862892031338685e-02
2.011676787428735499e-02
-1.566251441062056493e-01
-4.444762406985496017e-02
-5.694045747299678745e-02
-1.225927716483634217e-01
-8.283773238621408574e-02
1.383498975654929089e-02
-6.326969087414133219e-02
-5.862778199927003858e-02
-4.388555501715349361e-02
-6.549167606920952567e-02
-1.580458120053596788e-02
-7.906526740178713986e-02
2.390709760390802852e-01
1.526936184765658767e-02
6.074184257473514564e-02
-1.152729585017632508e-02
-1.474330491376178165e-01
-1.782079318817945124e-01
-1.238559563632488786e-01
5.570734310736126516e-02
-9.243858692198315963e-02
7.760470288625120894e-02
7.083828275715908784e-02
1.327109019187709127e-01
-2.247428325548318437e-02
4.996489231371159523e-02
-9.159362653994447892e-03
-1.645778148653809225e-02
6.801538353363702216e-02
-7.656732513278255436e-02
-1.282728470071755056e-01
1.988586702857137161e-03
-6.705753610277478786e-03
1.168858137259595753e-01
2.721402757266824096e-02
-3.984502026351145754e-02
1.278088434431754947e-02
6.292531143174767694e-02
2.540905075096897697e-02
9.159987065618217794e-02
1.541468543714649524e-02
-3.537742082298084290e-02
-6.368068517766027614e-02
-6.188609330717738215e-03
-7.050083757016624431e-02
8.154017216825162895e-02
-7.941418204439554263e-02
-5.929918881367048783e-02
-5.266971201280188503e-02
-3.712140248816873933e-02
-8.409615185449710595e-02
4.077989591937292851e-02
-1.244928890832633223e-01
1.080580465079563311e-02
2.001088080840393579e-02
-1.115791693819312563e-01
-5.068861824942998140e-02
1.382333626382357405e-01
-5.167357829027167948e-02
-8.431167245600655960e-03
1.282341006227321299e-02
-2.531075521587980437e-02
1.792416288930599039e-02
-2.133492922472208717e-02
1.624273412331191657e-01
6.549884037099804046e-02
-1.569803685925910686e-02
-3.715255734181786146e-02
3.508496613666906710e-02
-6.162462915566636890e-02
-1.148967012027876794e-01
4.988490189832976533e-03
-1.346363901838576738e-01
-7.995985207603063805e-02
1.737067128048893488e-02
-4.575908566238870434e-02
-7.261926902699773756e-02
-2.771043481356490201e-02
-8.438594457546544358e-02
7.365901297188277852e-02
-1.567177870729112230e-02
-5.018034718768170366e-02
3.796869619785412514e-02
7.039748101454756674e-04
-4.887591844185777690e-02
3.186431670880591344e-02
-1.004983935702893905e-02
1.306134375469901986e-02
-2.533329976187484803e-02
-4.016931994263548550e-02
2.527861444914051778e-02
-6.264360319811867160e-03
-3.429893049365242627e-03
8.800654608023771724e-03
-3.589325055175369983e-02
3.880051107202396599e-02
2.365146348513684146e-02
-6.314625455525302300e-02
2.928345914891867380e-02
9.320960382225966512e-02
-8.561761293523538485e-02
-3.470387786355171034e-02
1.437826073299832905e-02
-7.179918651860082990e-02
7.040017584366067838e-02
-2.399719034208704777e-02
-5.657497949047366999e-04
1.318162515169880693e-02
1.267155644174946527e-01
-4.302636462284682023e-02
1.008898339308534481e-01
-2.058757423860947330e-02
7.976036899412116549e-03
6.512103847484788932e-02
4.255522962082798621e-02
-2.931343090685960620e-02
1.647888002666756530e-02
8.193361721876568637e-02
-6.770314485798266391e-02
7.389507342943728296e-02
-6.519452186383464798e-02
-2.852890699724788121e-02
4.970720749571286984e-02
4.898712943842807588e-02
2.054406260756365052e-02
4.702207319465614294e-02
-2.548664211116473746e-02
7.531025307905608868e-02
-1.475116592746734089e-02
7.622386587593972529e-02
3.647418340824693916e-03
-4.126923744979009434e-02
5.626211640319552475e-03
-1.122727592408603592e-01
-9.204402450330023688e-02
-1.762240775617701302e-02
3.163903556770385206e-02
-7.770243973725595409e-03
9.642732837462199280e-02
4.560781373058814953e-02
-1.524596284365007173e-02
5.557963449841559628e-02
8.882731872779774107e-02
3.858630502130139250e-02
3.004573428646241037e-02
2.672820246560598384e-02
1.151565550295847729e-01
-6.454036852851202655e-02
-5.528494507576611067e-02
-1.322898184379626453e-02
4.831053014841943383e-02
-2.541256717432389088e-03
-1.724690632390391053e-04
5.665286662459648181e-03
1.265813816459235644e-02
1.315388813009557914e-02
3.399694531413574583e-02
6.195145934505513763e-02
-4.031783131778358259e-02
-2.389781030259869807e-02
8.803513755985242079e-03
5.901379983783820032e-02
-2.112088749284787501e-02
-1.061292718659023748e-02
-9.766750845073701379e-03
2.446109531477803217e-02
2.295770930735937729e-02
-4.713890389584035612e-02
-8.489414990967437957e-02
6.675177158974580915e-02
-1.413306414747499389e-03
-8.975802068491085806e-02
-5.799436570261050361e-02
4.559384662847752040e-02
5.715223160476363279e-02
5.665917646837351218e-02
1.127679176585094784e-01
4.372843333435131458e-02
-8.018924118834171860e-03
3.105787266482291573e-02
4.397474728804350030e-02
1.610653351628297582e-04
1.220787165631528372e-02
1.789143057471260373e-02
-2.104444636459062989e-02
-1.123981345221593126e-01
3.954783319436690897e-02
-6.004654379978309475e-02
4.224811769324245819e-02
-4.033048386910732114e-02
-2.727748751190501447e-02
2.981483344074642439e-02
2.666914627150526740e-02
-6.603806910377740813e-02
-1.936149271968377536e-02
1.029124017715515177e-01
8.734204065746840450e-04
-1.301720771202942613e-02
1.243538753375504624e-02
-4.533067356094356432e-02
-4.601946530950053876e-03
-5.312224612118633671e-02
-6.366698098570702444e-03
1.061506661799588858e-01
-2.366595640756222196e-02
4.769995417168199775e-02
-5.710507209528420391e-02
2.730420575664840779e-03
-2.187399363865309698e-02
5.174545135454450273e-02
-2.936331810922181498e-02
9.188611409002593253e-03
-6.958640317904080975e-03
-3.548596985420770372e-03
9.617253556835441558e-03
2.548010222099999708e-02
1.434450964154511052e-02
2.096669068554650808e-02
-3.858456324150877359e-02
-2.412134966390813706e-02
-6.425718142524777798e-02
-3.348101699405387627e-02
-2.513861479033748653e-02
2.650525465215064144e-02
2.411806328694093143e-02
4.668725710923706494e-03
-5.699586578866390474e-02
1.329743707602319344e-02
-7.096273785290722370e-03
-1.183118712833398367e-01
9.404970036638686526e-02
-1.283550392951253449e-02
1.143093927749780706e-02
1.332717878757641930e-02
8.969344337750522617e-03
1.702632470186495398e-02
-1.958411189544239511e-02
1.976427108078470003e-03
4.065770842373215427e-02
