1.360380952146145739e-01
3.071035876125666891e-02
-1.945279810774842577e-01
-9.496240776325909350e-03
-1.293311932515398555e-01
-5.017985776908902990e-02
-1.224564809008654442e-01
1.097273818226869452e-01
6.908684738215571663e-02
1.205146566698008792e-01
-3.715193759574265953e-02
-7.341885570891830415e-02
7.909825162345081317e-02
1.348998054603332275e-01
-1.097152969103421388e-01
-6.919093149457901382e-02
-5.178112468251110101e-02
8.731955017513483297e-02
-1.319089980155512543e-01
5.185379443393199617e-02
1.117940941664713334e-01
7.269212613923897726e-02
-8.127940199660112219e-02
-6.317944090659241563e-02
-3.558948985698785761e-02
9.294098979916490602e-03
5.561723488202129778e-02
-1.491026227351698874e-01
-4.198702447512964869e-02
-2.898442812340766908e-02
5.728972905069578542e-02
1.250057562962114156e-02
-1.151190798902840678e-01
-1.352099741920264426e-03
-1.825240729064053768e-01
-2.165770158447302349e-02
-3.697117679809713148e-02
1.382263939576664803e-02
2.372979924728638862e-02
2.446290785557743777e-02
-2.273537444420790574e-02
-8.394244225643440749e-02
6.733806119390392531e-02
5.704456881299530685e-02
-3.385250008184719200e-03
-1.172566027682055284e-01
2.057695139957871691e-02
-3.195096957708877181e-03
-1.453414261700093635e-01
-2.375582828925982062e-02
5.808262111130265554e-02
8.080876358003229176e-02
8.625130162370067688e-02
1.821407856467055150e-02
1.031481888537281316e-01
3.886270599608743215e-02
7.142654411195699382e-02
6.907633318786101512e-04
-1.811746337685292071e-02
-2.271631746704878829e-01
-7.020340352749868292e-03
9.758101914110323821e-03
1.068359142807075307e-01
-7.798666407602149186e-02
-1.388867366481254077e-02
-1.347853353754968619e-01
-1.270230070491522034e-01
-4.136229541229692608e-02
9.660076285594625112e-02
-1.279314590805893936e-01
5.821494609315772117e-02
1.804053024786741663e-02
-2.824054887705864866e-02
-3.953349876990022715e-02
-1.874292971550508072e-02
1.075720040477467776e-01
2.390761094165414283e-02
6.912762194051802218e-04
-4.114204227510550455e-02
3.897316914712246200e-02
4.279116800585064384e-02
8.320426888381848851e-02
4.278658407358192778e-02
-1.105281915844852358e-01
-1.924709815412343344e-02
-9.697292686741363146e-03
-2.462437126003576976e-03
-6.164715736549401630e-03
1.780681381310353015e-02
1.726007570977987002e-02
-1.802947111057574825e-02
7.011941819502283575e-03
-6.288998000878444350e-02
9.964346810732301052e-02
-3.406576512648909483e-02
-2.106063639260467510e-02
-5.507367027026829204e-02
-7.705308055578236059e-02
-1.173158733329947717e-01
-6.531975261043959646e-02
-1.565659696889946592e-02
1.882790876756365583e-02
-8.760189475851164198e-02
8.220686292199182177e-02
1.204628550296172988e-02
-2.256150557270066373e-02
1.071268176746839780e-02
-1.984768944773694643e-02
-1.050746264589956167e-02
-6.034080077984971258e-02
5.929515133505504354e-02
9.312937979876818873e-02
-1.223005630927881532e-01
-1.782277743736802172e-02
1.571936157996347248e-03
-2.238596981673206948e-02
3.606102582672818940e-02
-3.437705579964669966e-02
-1.707841735896284061e-02
9.204971949986784363e-02
-8.107443931879558530e-02
1.195089803966082609e-01
1.206333901322018468e-02
3.228251930754588717e-02
-1.640236748800271219e-02
6.133278936717698887e-02
-1.433934152331555086e-02
1.234874168847416437e-01
3.276684540998005962e-02
7.276880282446118904e-03
-4.968873590692781533e-02
-1.929290542134021527e-02
5.812958237545422235e-02
7.919454625656432989e-02
7.609587215385062164e-02
-4.781320238867240585e-02
-2.365821938185945755e-03
-1.017944542828169291e-01
1.188972658547622629e-02
4.616067877806374897e-02
3.427444623886227726e-02
-2.073956880097183562e-03
1.142953825226125826e-02
2.770163230851517902e-02
-3.108643354011414710e-03
-2.699948928464079509e-02
8.964248189391135768e-03
9.421487419328325452e-02
4.947473358646646210e-03
7.100254640483562307e-03
4.747758161347313821e-02
-1.060742121928102133e-01
-2.607369524371146857e-02
6.002906133010636053e-02
-2.451355549882622969e-02
6.968250213332598600e-03
-3.680189185885860553e-02
4.637791870103656622e-02
-6.325342493230014240e-02
-6.303003035900847650e-02
3.170988038413043858e-02
5.928623991428089157e-02
-9.341640448082492998e-02
9.876707154629646088e-03
-8.366993870247367571e-02
-7.047869590738514711e-02
-1.076292551179001550e-01
-1.137975610671355421e-02
2.005444723188549300e-02
3.879375467923417559e-02
-8.285790952603165616e-02
5.673882373621873774e-03
4.904737005495198032e-02
-4.605380583971471070e-02
1.260472385298527093e-02
3.495376576780429012e-02
-7.379265454937663365e-03
-4.634483745557280154e-02
3.084188235635147365e-02
6.318290289739676713e-02
-2.534408068169517747e-02
6.492062994835687273e-02
-2.997696165373192265e-02
2.607055380761122421e-02
2.033663153791024410e-03
-1.633065940069413757e-03
2.736033771505323037e-02
9.430979044116911958e-02
4.536576722282100599e-02
-6.055294388302724651e-02
-5.015591233269229253e-03
6.658514230489910590e-02
3.472976214057482691e-02
-4.166454644279873193e-02
-2.934864237821321539e-02
8.995438162100676330e-03
-5.233767175978041447e-02
8.793479081872600245e-02
3.490241290420646736e-02
7.900872069459392855e-02
-1.097181819026791030e-02
-1.167684620647924804e-02
8.012149429442845527e-02
-1.603119719611805633e-02
7.645710524990798236e-03
9.885458298051746223e-03
4.887863005871043165e-02
8.683826934238966094e-03
5.676937259952006404e-02
5.921542938014381224e-02
-2.940098896139376958e-02
-2.047254673245130566e-02
-2.816150008702603819e-02
-1.002674919498066919e-01
4.503735892846412459e-02
-9.778466754462195043e-02
2.418216604572116443e-02
-9.423090192848856961e-03
-5.952736116270963135e-02
-2.473868106752006787e-02
2.692351781976760894e-02
-5.387921933182748813e-02
-3.602848952426140200e-02
5.086103651531486552e-02
-6.348265360120653421e-03
-7.451800573382830195e-02
-1.204909997326378268e-01
-1.865948932602621950e-03
1.012536143860488054e-03
9.831156331176144417e-03
-1.721378761050692272e-03
-4.396340450329687399e-02
-8.050410838924969281e-02
1.064030051528120149e-02
4.125506986377338453e-03
-7.451903150888145033e-03
-4.039005299474259653e-02
-3.854990871582052864e-02
-2.537049438931353318e-02
-2.653962150612993592e-02
-1.075521937670330039e-02
4.698770991465792829e-02
4.476520798467790302e-02
5.168601610180276890e-02
-1.312812557384999620e-02
3.871986681993767887e-02
-1.867343345565484342e-02
1.501035868542121600e-02
5.385645994783594404e-02
-2.489203443796450706e-03
