1.336088140414969649e-01
7.309867825522978202e-02
-1.383042613639521023e-01
8.417432781057150462e-04
-2.352877618600559273e-01
9.933750251072041935e-04
1.360034033911536842e-02
1.345694338188725692e-01
5.974363762226320845e-02
2.225530732760933605e-01
-5.619934858988376997e-02
-2.032264941399255023e-02
1.076329513246686853e-01
2.164354520756031283e-02
3.779638499672291485e-02
-7.524425796264420929e-02
-9.758974210441027919e-02
7.670448246727941399e-02
-1.403411748235676784e-02
7.231236205653824960e-03
7.211453050707311574e-02
1.410222493308543878e-01
-9.020278370939545376e-02
-4.240644037131628685e-02
-3.302813414203953357e-02
4.613578228439431383e-02
4.039977715984780643e-02
-3.766587134748449611e-02
3.420025198560081026e-02
-9.523206186255567252e-02
-2.094807487987656799e-02
7.764109864104143388e-02
-9.435207770471684685e-02
1.177470298369697951e-02
-1.040891062162662417e-01
2.495192035501898539e-02
-1.335757734140658598e-02
-7.336671321077214980e-02
-3.774270190436124217e-02
1.101681377396128564e-01
7.495846604802178237e-02
-1.014911362674318640e-01
-2.380510617814678501e-03
4.591886200391811362e-02
-8.353307962579294144e-02
-8.315530032136472793e-02
5.698106700452779116e-02
7.031543346370830450e-02
-6.406739374054615244e-02
3.847187874544159142e-02
-1.547487274971491491e-03
9.856339422139642759e-02
4.764696291981818793e-02
2.002290560295008626e-02
1.131184881996198655e-02
5.637656938327384459e-02
1.774500484153373678e-02
-1.075995618998270772e-02
1.351596307462959654e-02
-2.067734467161669587e-01
-9.641102881890498133e-02
4.495098089863298896e-02
8.461121242165192680e-02
-1.217398089215426804e-01
9.071491343457759732e-03
-2.887639856484464085e-02
-1.422768101987159362e-01
6.378968758407625728e-02
1.223608902742231858e-01
-1.399772839978485062e-01
-3.206577037761142862e-02
-3.152047318957617444e-02
-4.852238100246501068e-02
-3.919338204349092497e-02
-9.165530296214413619e-02
1.250476767273133449e-01
-7.884099344202080695e-02
1.835891999287122059e-02
5.154835708283977275e-02
5.468233352504787981e-02
-4.884809436616206063e-02
2.779534855427965787e-02
4.281570656925610258e-02
-9.896733333161221446e-02
1.345860175502991245e-02
-7.984280302269103347e-02
-4.871688312210263605e-02
-2.685587858352262575e-02
6.988926644578692671e-02
-2.054619684526827125e-02
7.232238205487627469e-02
3.680541984463371781e-03
1.845087567382151447e-02
1.289196133635753527e-01
-7.694315502262867590e-02
-9.699421808926286803e-04
-3.248036366327527319e-02
-1.018461486136110067e-01
-1.045099461464636115e-01
5.821850509041928690e-02
-3.956589767790612278e-02
1.581702715498876921e-01
-1.171127258915457547e-01
-2.719402181857571640e-02
-4.177508534945374719e-02
1.869132392507878715e-02
7.432492311512974015e-03
-5.459164619831759213e-02
-1.001073935222628920e-02
1.258939860806110832e-02
4.051706821634269012e-02
4.234280069832757620e-02
-7.968926874435953989e-02
-3.986779769112260008e-02
3.677529643190861897e-02
8.689399634681528248e-03
8.526416117411002998e-03
-6.091734090859949463e-02
-4.032060014766405270e-02
1.283247869432489058e-02
-6.596713469126828933e-02
4.322287998273291465e-02
-3.214808656648969476e-02
3.068649858106798148e-02
-2.829064087719125099e-04
2.160806299825569765e-02
-3.071909528452208826e-02
1.505238395903155287e-02
1.755081981045111122e-02
-6.048724199259610662e-02
-1.473722964421603568e-02
-7.187455788864834105e-02
3.956871976604563190e-02
1.644713918971570099e-01
-1.530881347346088085e-02
2.060631683529646693e-02
-4.711422243856096953e-02
-5.213899793424017770e-02
3.927411278959418162e-02
7.309297066123976450e-02
4.966843416680521116e-03
4.142603426810861911e-02
-5.913606424202574180e-03
-1.200027978172470838e-02
-1.025163152746056718e-02
2.609007801433965365e-02
-4.444649300762636146e-02
1.021017536977973372e-01
1.178133013449650206e-02
-4.585141726826939823e-02
2.445783296861639075e-02
-4.044391588670395027e-02
-1.942145203182414279e-02
6.166364053164990339e-02
3.357368500091879177e-02
1.941450779246962216e-02
-5.015782864259378526e-02
4.939066459262431152e-02
-6.839413049124611066e-02
-1.977827178276679587e-02
3.274785956827413330e-02
6.926732895400793122e-02
-1.118819062528268737e-01
-2.967913995068523214e-02
-9.395815859283906946e-02
-2.354877179028395592e-02
-1.266357513373249644e-01
-3.117322951299454983e-02
1.958706738410118109e-02
-2.950499491627867066e-02
-1.037467457034316337e-01
-3.758707484156673800e-02
6.167832173174644245e-02
-3.358392696124532645e-02
-6.032793670256358931e-02
1.912519619488669024e-03
1.470865996541044322e-02
1.215746057843871547e-02
1.383742745168963298e-02
3.107122212485071908e-02
1.644995176519856162e-02
5.218139267404381387e-02
-2.593638519173065843e-02
5.033473234742885660e-02
-1.363192235919346955e-02
-2.884136027951703096e-02
1.747138912742335348e-02
7.504807527366506859e-02
4.678800173317591155e-02
-4.293074629701047751e-02
4.246101131163196145e-03
1.384772014618496638e-01
-3.329490074336189515e-02
-1.567409948882205611e-02
-3.854011620247781850e-02
-3.481378663067229411e-03
-6.567937682760485729e-02
9.084067075549101533e-02
1.910166822410561474e-02
2.656355464466718039e-02
9.003063633288540049e-03
-1.314617440178740375e-02
1.440955033147797888e-02
-5.650771720962226990e-02
2.323304671606944011e-02
-2.583764381570334036e-03
4.587440618850697344e-02
5.729599935735481264e-02
2.296136524214456229e-02
4.947244173095907693e-02
4.262795843583999655e-02
-2.090590210206143273e-02
-7.034238599088339650e-02
-9.108292641151179148e-02
1.929322142018173245e-02
-3.837526186273278184e-02
2.206638279565417693e-02
-9.000295450203381342e-02
-3.531224983913389820e-02
1.569873726954563661e-02
9.616604620131119496e-02
-4.477987991435444098e-02
-1.944494829374971909e-02
7.018977126936140447e-03
1.277296117255119923e-03
-4.342483368341307215e-02
-3.997126368661943485e-02
-5.996334828202341122e-02
5.371480121717325627e-05
4.794378951615464344e-04
-5.040344543729757820e-03
-1.404277399990829477e-02
-8.447679858318699053e-02
-1.583556098102857981e-02
5.117936113138508124e-03
-3.974850897673121164e-02
3.558082384521976931e-03
2.327195348176806441e-02
-2.850711723369045089e-02
-1.632929957002067153e-02
1.357424395103878521e-03
7.407715011825194429e-02
4.575280272766407696e-02
-4.091466555545847372e-02
7.104102720411714644e-02
1.758554100722372476e-02
-6.785216273303835977e-02
-5.823806945426284951e-03
5.888778390345994138e-03
-2.506426483005584713e-03
