-2.264174982175025663e-01
8.489563643529754455e-02
-3.805939413783116509e-01
-6.551912530954628888e-02
1.561165020833380976e-02
2.066324211551496259e-01
9.885808586436078960e-02
4.761333232425670609e-02
8.679542167276592043e-03
-1.483198346057495454e-01
-3.620852685499643259e-02
4.999852145008715915e-02
-3.256779897344014990e-02
-1.884715725377451162e-03
-4.718625241565757578e-02
1.020282475309983866e-01
-4.878348821806949981e-03
-1.100167780493403191e-01
1.143937592359108579e-01
3.970541541564956423e-02
-1.149217551958090638e-02
2.836317326142176465e-02
5.933085500925897732e-02
1.210975062091285137e-01
5.800510226313143614e-02
-1.946368245723111012e-02
1.302551327874658660e-01
2.511769715413629186e-02
-1.256640982895904646e-01
7.045586435072975773e-02
2.432381538530176829e-02
5.764879938164951118e-02
5.391281893575580048e-02
-1.008535542236549259e-01
-2.439604968391787670e-02
1.644163256657299454e-02
4.781579370318392308e-02
5.127343529278704376e-02
-1.613757618030743912e-01
1.651033960576561710e-01
-9.368762034663725979e-02
-4.765029402863799057e-02
3.654992582342139057e-02
-7.370355948507038846e-02
-3.666097653559920178e-02
4.712888891029164140e-02
-1.048138220011525928e-01
-3.020122317902750736e-02
-5.088543675620396667e-02
4.743955269801244934e-02
-1.082980919154175048e-01
-3.059531576006055062e-02
-5.498821906233306717e-02
-9.797203167322061576e-03
-2.606161164774429759e-02
4.728743342541099487e-02
4.788405362498484447e-02
-1.023468269525427835e-03
4.175364362716536132e-02
1.024577783053002081e-02
-1.018689081405159923e-02
-1.851387263801389932e-02
4.364567882984412422e-02
-1.043667046094435558e-01
-2.181654665163134180e-02
8.896354358487333636e-02
-2.560051769756848533e-02
4.560153590021349956e-02
-6.506909337483943179e-02
-4.862126740439609573e-02
3.341463931333710224e-02
-3.088511406950160756e-02
2.238236543088745526e-04
-3.065082455624605975e-02
-5.579067886112704794e-02
5.448383752467846064e-02
-4.916304120392029492e-04
6.170359108773516843e-02
-1.009978903416599572e-01
2.589836412006030555e-02
7.604638837801226681e-02
-5.417489596691089926e-02
7.520647007773509363e-03
-6.602433484237073269e-02
-3.042816009517495049e-02
-8.259599577041407126e-02
9.012816847095164730e-02
2.283521254917174684e-02
-5.180431267587626981e-02
-5.217369788104153638e-02
-1.554527811552011002e-02
-9.297657121459268481e-02
-7.624778992312210291e-02
5.458266702814955351e-02
-2.619773405366461472e-02
3.867893324370594993e-02
-2.244035821258245911e-02
-4.701293646670842707e-02
-3.434712747360143398e-02
-4.026563694755761619e-02
2.119833233802828881e-03
3.626943417968923888e-02
-2.175285726316789417e-02
1.118470116925428526e-01
-1.310728608171915499e-01
2.478288902726319409e-03
-4.733211204477510980e-02
-2.716417001589204253e-02
-8.448087709482549057e-02
7.191154609890727800e-02
5.326827437575210045e-02
-1.134356694649953264e-02
-5.149815318187934282e-02
1.770177497544308046e-02
7.048106852369943887e-02
-1.569266125575013299e-02
1.583633497761930894e-02
-3.963033281364923555e-02
8.975931318269505729e-03
9.594039648490823580e-02
7.552206871666811150e-02
-6.402585258065841833e-02
-2.864108156022403956e-02
8.069014960830252214e-02
3.588928503731616659e-03
9.304857367456123574e-02
-5.717465622759715371e-02
-4.439518005757567276e-02
-1.567249129341303712e-02
-3.936885193901642349e-03
-7.153669612562113533e-02
-1.298573970276855616e-01
5.268897583513112645e-03
7.355250004628630101e-02
1.138652333591039581e-02
-3.574054398500761676e-02
-1.312372344183065052e-02
6.744918205042371717e-02
2.374743138767860043e-02
6.254066108462810747e-02
-9.246082958320797629e-02
1.627957735193355515e-02
4.423451587482155750e-02
-3.768424608628386657e-02
-8.665830567264181175e-03
2.342616926178394537e-02
9.592025964237794328e-03
1.291634045961395361e-01
-1.893177836013129958e-02
7.224049201997798098e-02
-2.090161198896743622e-02
-3.165511645763818827e-02
-2.191554175413640629e-02
7.439304762289255038e-03
-3.642781309577462941e-03
-2.481985073164447164e-02
-5.850352223556325865e-02
7.338183368188062883e-02
-6.265538809535997622e-02
-9.067679807048205365e-02
1.252587780940545188e-02
-1.000877249311742795e-02
1.132475489624095930e-02
3.460559444581606803e-02
1.596139536807067091e-02
-8.764941589093021290e-02
-9.291529957202513193e-03
-8.746861486564580512e-02
-1.659765997637605668e-03
6.253705102568764274e-02
-9.724803269671988479e-03
3.469094418792231099e-02
-1.963968111053051441e-02
-5.369214166309228126e-02
6.211046791419040647e-02
4.051350558159840659e-02
-1.055846192646522214e-02
7.625464572312830314e-02
-3.784444659174288766e-02
2.964686385292186407e-03
2.371653060794048917e-02
4.831875108914643335e-02
-3.138429579748967108e-02
6.052472468473574924e-02
9.152777838622817852e-02
3.865922695866396558e-02
5.029540739818198075e-02
5.344486918557377758e-02
-1.865483053572603023e-02
2.053881762535403332e-02
3.950520618358429464e-02
5.211083648774791910e-02
-3.103524615369546852e-03
1.927105766092149230e-02
-1.797107212447910524e-02
1.166171581055562220e-02
-9.858554297425901891e-02
-7.750034789623653185e-03
2.115256076503999744e-02
-2.717480147387267737e-03
-2.691199580696813226e-02
-4.642280774926606235e-02
-4.360196068487701831e-02
-2.432981007033134730e-04
2.024825756035673191e-02
2.950729698709505383e-02
3.459959976078648761e-03
6.664135684292923391e-03
-9.432554094528231708e-03
6.158058412530498932e-02
-3.169141576588360709e-02
1.595841458545927891e-02
-2.051957501760714314e-02
-2.896045585713147991e-02
1.803986196318871360e-02
-3.775823573466002142e-02
1.871898360148458243e-03
3.109145046582363625e-02
-1.431236018783408302e-02
1.128191442615387174e-01
9.339202607100738351e-02
-1.743906866795891589e-02
-2.430973946741463165e-02
5.970865264534973293e-02
-3.505016161240204209e-02
2.358524369381198929e-02
-3.856652461944962140e-02
-2.797842046590442305e-02
2.282100415205743499e-02
3.005258148613934328e-03
-4.052470007629452309e-02
1.132935854938522252e-02
-9.789469692435834314e-02
-1.070170509084608645e-02
4.221672476574877403e-02
-8.417630735155464880e-03
2.320479647317777450e-02
-9.927797877488578338e-02
5.094644344031715177e-02
-3.460188502745521755e-02
4.022556198133777489e-02
4.275465666768495793e-02
8.906412843810447566e-03
-4.574421602787888397e-02
3.436521088811056446e-02
-1.953926185633333631e-02
-1.537447927188725048e-02
-1.377442828589789912e-02
3.918043335816954326e-02
-2.300402420439701112e-02
