-1.727030161168984779e-01
1.288306888974602438e-01
-3.728288392427059894e-01
3.107295803860924701e-04
-5.650063130175059624e-04
1.723845046445607043e-01
2.910256934400367364e-03
1.251878760553460646e-01
-1.268932367192290855e-01
-5.426664808283464259e-02
-4.856900619221821841e-02
3.668117643399153999e-02
-3.173646672080450426e-02
3.477686555876508684e-02
1.746826543409729302e-02
-2.626214465053805860e-02
-5.728776284644129108e-02
-4.219532950385274095e-02
1.232431198206339201e-01
-4.771699141682519789e-03
2.608070369608589401e-02
1.354909303438355667e-02
6.730670981648465001e-02
-1.578454389081672057e-02
-6.886428279549600476e-03
7.073504279445713694e-02
4.100060430264065858e-02
-9.708364153408986785e-02
-1.287032774823041181e-01
7.724974920889414454e-02
2.865473511462692663e-02
1.102198505906691051e-01
5.718526713797255495e-02
-2.600438654519142412e-02
5.382942862712881277e-02
5.261862767543762365e-02
3.716000170675477776e-02
-3.401611735827896749e-02
-2.169687384531567842e-01
1.252875730132005927e-01
-2.021090451159123294e-02
3.828656709117961993e-02
2.589953579047414578e-02
-4.351719307138052911e-02
1.636864314399986420e-01
-7.377745536761573346e-03
-1.750263545688384575e-02
-4.359822031477206261e-02
-1.276938841815200565e-01
-2.965491301704718807e-02
-1.433622799218475519e-01
9.956882968618263607e-02
-6.389114187180132409e-02
-8.565613798968868542e-02
1.629377997818056908e-02
-3.249704426576537075e-02
-1.440424787144128395e-02
6.257644583633428792e-02
2.306047634121057358e-02
-3.192261776775372900e-02
-2.466600352281885303e-02
4.936723034605054565e-03
1.004997214453489662e-01
-1.010359211057032663e-01
-1.182676921129008178e-02
4.393297819311419578e-02
-4.150455006872157127e-02
-2.711163372415728579e-02
4.934316791698944993e-02
-8.340252938536828198e-02
5.471984089570442605e-02
-6.824927441357850344e-02
-4.751452570166149469e-02
3.324683638153005244e-02
-3.207818734457708321e-02
5.943829551350708618e-02
-2.251120446762167049e-02
4.442265715728371464e-03
1.755925896016377954e-02
-1.198574165928704000e-01
5.525583576942841996e-02
-8.718330015409943290e-02
5.537836643656221525e-02
-2.965808720981695165e-02
-4.171763055755618732e-02
-6.313588877922844678e-02
-5.182808302024180741e-04
7.244702489272009625e-03
5.489476280909181410e-03
1.923069330562592397e-02
1.225238409127850110e-03
-7.082016577045481542e-02
2.031159127149226307e-02
7.639432132299601996e-02
-1.569662216420483758e-02
4.255223846937309512e-02
3.395799208637678007e-02
-9.792555350238774711e-04
2.533036548264039345e-02
-6.811237455121814388e-02
-2.567020889563515970e-02
-1.122810962869209492e-02
-2.014134531949689569e-02
3.775961696029419418e-02
-1.092387861070775179e-01
1.518936568093395487e-02
2.080587793484368897e-02
3.035088038014613701e-02
-8.548217174724273559e-02
1.443332757294490433e-02
6.803359996075998561e-02
-5.092825056667206474e-02
4.884707230507030762e-02
-4.869689544284504581e-03
7.233684968561482354e-02
-3.489567593544829621e-02
3.257598951174878188e-02
-2.487710440756050329e-02
-4.007128257430667487e-03
2.402638661415943538e-02
1.622387947503571917e-02
-3.525603214257883034e-02
6.311414726531083819e-02
7.269218862030282780e-02
-5.891626026174903025e-02
2.228409609461100629e-02
-6.413463317523655782e-02
-1.351663435347986997e-02
3.017821111969213113e-02
9.201547961393266584e-02
-6.347733635416061282e-02
-1.547931965767538609e-01
9.093755105420577023e-03
3.185172746256239446e-02
-7.676392705959542324e-03
5.390182070094240441e-02
9.283797098345640542e-03
2.924462300322675651e-02
-2.561761286275126420e-02
7.403773917473616129e-02
-4.925152589992698449e-02
1.205923616779377983e-02
5.061229892721313961e-02
-4.735735196290073723e-02
5.169360646634009807e-03
-2.974914899809354141e-02
3.114511119468747757e-02
5.031392480685557833e-02
-3.506841345811240879e-02
4.751435504613624183e-02
8.075310235576915741e-02
1.439991322109978071e-04
1.083546539618313216e-02
2.295825368158224342e-02
5.489503585793222007e-02
-6.778898233085806080e-02
-9.306709309166506794e-02
7.892299250292400536e-02
-8.907187658989726420e-02
-7.132766117146105422e-02
1.425000940771492704e-02
2.156935662373390267e-02
5.660169350380719194e-02
-1.528998417862488350e-02
2.022288452946420165e-02
-1.365983823094317484e-01
2.428646563464954833e-02
3.666086842648608179e-02
-2.788890137948818460e-02
6.073899779590312409e-02
4.479065873194570946e-02
-7.230333294045456199e-04
-1.969074647061099664e-02
-1.020775683007607293e-01
3.638198316711274694e-02
-4.509688300646504805e-02
-6.500924274217347032e-02
-2.835748732073606077e-03
-4.475048642130045190e-02
1.472784487843167844e-02
1.308019991319022031e-02
6.768966081515907784e-02
-5.152486228296698084e-02
2.941425459533120179e-02
9.814436801687094480e-02
4.873430313398115915e-02
5.607546012612785180e-02
4.668947449925892751e-02
-5.745049995532540421e-03
-6.189955776095896339e-02
-3.097121321445163097e-02
7.092494826296200094e-02
-3.680903155351332185e-03
4.489571427329329401e-03
-3.972218963184304813e-02
1.807310274670954290e-03
-8.196619009149878898e-02
4.638089517849105364e-02
7.646405117061561008e-02
1.936701293920040090e-03
-3.682275225774390287e-02
-2.478310734424950951e-02
3.705399049446576193e-02
4.187354144543006113e-02
4.903571492268827409e-02
-3.318464950812677339e-02
-6.856939004785367027e-04
-2.662342239750497067e-02
3.553150429144703859e-02
9.474149684326667320e-02
-2.717521997286766536e-02
6.751781070122630027e-03
2.518059819367574406e-02
-3.577912545859346372e-02
3.516026026180518044e-02
-7.437949392961377970e-02
-3.849138785259184625e-02
-4.497295296402415571e-02
1.113131381476690183e-02
1.364630524779037457e-01
6.291837124673717307e-02
1.891033875361539411e-03
-4.483970512990428925e-02
5.930962124746407341e-03
-3.341991521524467074e-02
-5.197655332721451416e-02
-3.245141097831191757e-02
-1.000621606785926342e-03
7.475872463783763723e-03
-6.369731132621557490e-02
-4.576510178115737043e-02
-2.956224706683318812e-02
-8.259427068665090022e-02
1.740478157870206655e-02
5.119484862822695770e-02
-2.810082141075106316e-02
2.957494383791223549e-02
-1.033377228303559575e-01
-1.187967242411943443e-03
-7.094027312912996874e-02
-1.019571196310350460e-02
-5.552093206236105583e-02
2.411533227392285289e-02
-5.355412713378587125e-02
4.624126482772661362e-02
-7.457230054204799785e-02
-1.837222775137822839e-02
-4.495066535242572131e-02
-1.834581027606860433e-03
2.059747340740108665e-02
