-2.143062020816749458e-01
1.287138312527781880e-01
-2.356604788578618992e-01
-1.307276323759423986e-01
1.531043760249333613e-02
5.770926342693573352e-02
1.676305227341502169e-01
1.188394235569514706e-01
8.579039409854867515e-02
-4.120372132889358469e-02
6.839136857203277631e-02
-7.651850540749994233e-03
-9.096046463402025772e-02
-1.479260085314021769e-02
8.688209109387758089e-03
-4.539121128535225994e-03
1.080130731318273626e-02
7.202300039793858855e-02
9.640075719803860299e-03
-4.689296069414068679e-02
-2.839881282263826204e-02
1.779153253784022393e-01
-4.189434793875406599e-02
-1.593141543598190421e-02
1.385385333191285762e-01
2.691689238242347612e-02
3.084009758307530366e-02
-5.053951182077753151e-02
-3.682357448391325450e-02
-2.466278395105586316e-02
-3.095294382457405499e-02
5.328816462382635760e-02
1.497802644794018687e-02
-7.313285174645293985e-02
8.765195745915133063e-02
2.711145224297713957e-02
4.787698753189792433e-02
-2.027148568996790107e-02
-1.226903158203865585e-01
1.568240012775997672e-01
-2.792295563631149238e-02
-1.339683176275901499e-01
2.213472366595873111e-02
-2.237643917346583688e-02
-6.827163357177812308e-02
-1.570368677291014425e-01
9.111532849798599509e-02
-1.008460998648358972e-03
-1.313092567478088037e-02
1.638150638099513182e-02
1.527534679822289965e-02
-6.615210332251492131e-02
1.879108762737873375e-02
4.444098123088369851e-02
-9.336707724403391084e-02
5.084893507318389606e-03
6.251331632176869435e-02
1.702703255369675261e-02
-3.785182639169461238e-02
-5.291662836429488620e-02
-7.656124615933909694e-02
-4.671944770426116056e-02
-8.193409739454265983e-02
8.339774930325005720e-03
-1.864341699769402755e-02
1.079206648099524934e-01
1.640742486007123677e-02
-2.776736864297358470e-02
1.089664621198690661e-02
-7.050713093667257403e-02
-4.876251653727782520e-02
4.299122101801004098e-02
5.725563295394296009e-02
-5.382354677531468734e-02
5.861420274704224644e-03
-2.643133003873340825e-02
3.557552930643365086e-02
-2.526659697681561678e-02
5.022396099842808825e-02
-1.538149457816894057e-02
2.569526045674830686e-02
1.194366142400397901e-02
2.781456234936766775e-02
-4.328058694519890809e-02
3.617447072379143674e-02
1.177648152504701118e-01
7.895016112945495157e-02
1.704428489813904213e-01
8.305825909273780588e-03
4.300781493412925149e-02
1.904707542512598314e-02
6.594075924863883331e-02
-6.193184418766485566e-02
8.179879608306607486e-02
-8.917897833652498052e-02
4.254600168139877764e-02
1.065826471147990062e-01
1.128960993659891207e-02
1.041211147319412861e-01
5.193987087969996475e-02
-3.224780211404133096e-02
3.567429355489545872e-02
-1.480338689861770418e-01
3.926592490868822602e-04
5.524559971540214665e-02
2.295410536350564468e-02
3.390502433784574332e-02
5.137914114074513400e-02
-8.103676996256423126e-02
9.189946715349991968e-03
-7.379531437023953422e-02
-4.841609950856901740e-02
-4.205663339364466846e-02
-2.015167457083196292e-02
4.197918243194148115e-03
1.686323994495677880e-01
4.984165391719538180e-02
-5.135447862321016604e-02
4.299955603551028002e-03
5.852008175033856369e-02
3.670444843470883900e-02
-4.318817862332405277e-02
-2.910059084860637524e-02
2.041143025320260943e-02
1.012076645509195870e-02
2.133760674118645104e-02
-3.349356372508251189e-02
5.052565818438443240e-02
1.083629916290750755e-01
-8.784476658543555194e-02
-3.527767612398197486e-03
-8.737747277325284834e-02
-5.439672195135893118e-02
7.586300766135053997e-02
6.055915434208798687e-02
-1.246070653699177661e-01
5.411869773748090306e-02
3.330467472118426968e-03
2.630116675174327956e-02
-3.186591368665567942e-02
7.253097975216585280e-02
-6.247411509790910811e-02
-5.812452998376300972e-02
-2.163960840266792793e-02
-6.495871150179490655e-03
2.150777050028962294e-03
-2.189559620041517732e-02
1.422212789738144280e-02
-4.391754974375643855e-03
-6.429914139549698648e-02
9.860858534958749297e-03
-1.010618968932669101e-02
8.719851728336175389e-02
-5.361893922243196609e-02
2.503903958122673593e-02
-2.607132578971597600e-02
-6.345521135873702367e-02
-9.216790038833655441e-02
-5.018757617317586711e-02
7.132110819364856011e-03
-6.293235076321937460e-02
4.090164354853081941e-02
2.178092310576568852e-02
2.014489999039797280e-02
8.841600073000713267e-02
3.406601577175458889e-02
-5.039526654075046630e-03
-7.151072032691897784e-02
5.050023447803665688e-02
-6.694065687314311452e-02
2.045337175678831748e-02
1.007966225920034096e-03
3.217096010338839351e-02
3.640651913337588676e-03
-1.155777675535108427e-02
2.533160250142939621e-02
-6.700729895370442779e-02
1.104361654796382902e-01
5.620309912303302069e-02
-4.322045302898709640e-02
-1.652674120647885242e-02
4.176901820072526778e-02
2.638565870996494034e-02
1.103495421927407627e-01
5.265904207004074109e-04
-2.813247285703682904e-02
-5.738221865351287969e-04
7.845287647804766173e-02
3.675670404670809688e-02
-2.087442334859292842e-02
8.187156573357050326e-03
7.290841522499658112e-02
-3.103968128979350122e-02
-1.995661993754997351e-02
-2.930729167072432251e-03
-1.726947119057602176e-02
-8.397294162964824560e-02
2.827451068950675647e-02
1.267586416682001949e-01
-4.157308820030854168e-03
-2.622588517815659798e-02
-4.711530394636183339e-03
-5.767013832195742179e-02
2.627570498595486331e-02
4.848905945627664249e-02
-1.137151385285702782e-02
-6.602700194112995358e-02
3.316777491320079679e-02
-5.976846946278392692e-02
-4.446069602113541380e-02
-4.006178587191937951e-02
2.893617406503989908e-02
2.493525148660040089e-02
-4.074670356568380752e-02
-4.522165647729933791e-02
-2.434715700982512457e-02
2.078555455469762239e-02
4.719675114933226563e-03
1.860208444515856763e-02
1.022232426649676978e-01
6.286867731902801015e-02
3.333778643454140579e-03
-5.305859007788353565e-02
3.627688867855471955e-02
-4.060599781363628119e-03
2.606580717082312287e-02
9.766478734058715860e-02
-3.286139641604567119e-02
-2.493955220339276121e-02
-6.007496213826097470e-02
-3.783747798257319078e-02
5.238646035617428726e-02
-3.930059705911161799e-02
-8.414961355310092428e-02
-3.698357637236544815e-02
-9.291420795985393111e-02
2.351007767238043507e-03
5.643705050464949136e-02
-1.058809832671528048e-02
4.164418323542478512e-02
-4.585557452060563810e-02
-2.175001883996569019e-02
5.307027432616012730e-02
-1.493429615064438207e-02
-8.201885576884879181e-02
-1.316426574478186083e-02
-1.562620155771037855e-01
-1.542427338944873591e-02
-4.812962609886881765e-02
5.081734573745237162e-03
