-1.834976101341304622e-01
1.168637888343314196e-01
-1.321333562937560269e-01
-1.218435177331100017e-01
1.381203937118611336e-01
6.663951923334475447e-02
2.219887413563365886e-01
1.098456242095779689e-01
7.522345611994471493e-02
7.247937107735939744e-02
-1.867703110231620778e-02
-1.526370388827583136e-02
-1.823228751256180669e-01
-2.232394046420975442e-02
-1.971948792101474793e-02
1.104832627263667606e-02
-1.404419703565285282e-01
1.179655107874093833e-01
-1.325720640492544788e-01
-7.926773009160975603e-02
-1.046506989368873042e-01
1.545470392113105773e-01
-3.485094674699731193e-02
6.036871147365546059e-02
1.184388368019500259e-01
-2.296253967909635957e-02
1.409396119712002238e-01
-5.054928370573599132e-04
-7.977116902238899632e-02
9.538277813215879919e-02
1.265120135757149232e-02
-3.486833869531994617e-02
-7.784798394063213722e-02
-3.576556446364431707e-02
9.910273367700742075e-02
-1.348952639424319706e-02
3.486813993019625968e-02
-1.392760141409789543e-01
-1.337195019807805030e-01
8.779644340134526437e-02
-1.321572743636397276e-02
-1.428811828268981565e-01
3.628457332911241146e-02
-3.428168343275694863e-02
-8.973748421671337572e-02
-1.462374644504403076e-01
2.195605934778521728e-02
3.230257909620273121e-02
-6.075236128989251749e-02
-3.206416033033984703e-02
-8.421280760382550065e-03
-8.247656112089653269e-02
3.470376117290688983e-02
3.806945101230354428e-02
-2.429075449061597527e-03
8.904339640479740081e-02
4.208858119582212926e-02
-1.066520649672944993e-01
-7.783619054329336817e-02
8.832128271044152254e-03
-9.382286944146105145e-02
3.430457454950160134e-02
-8.176302745437981356e-02
1.479935543182173824e-02
-1.138152287497778102e-02
8.639190278232973530e-02
-1.562161362099538826e-02
-1.526837486868248307e-02
6.446211355839186197e-02
-6.119640257620990315e-02
-3.361350134196155331e-02
1.560534800837364705e-02
4.901378999773116363e-02
-1.312744259392620849e-01
-3.008068316106450937e-02
3.787320358018297223e-02
7.035473754274548797e-02
7.496201372725472267e-02
-7.021377994253058877e-03
-3.880889039994082912e-02
-1.240347375841591680e-02
-1.702323901819683891e-02
1.419669957680191538e-02
-7.904723331439933443e-02
6.367705757486834088e-03
6.165147532689192050e-02
6.035705058639913995e-02
3.750972842400016743e-02
1.784016367655154398e-03
4.726469003680373870e-02
6.153198436003524951e-02
-3.974046940714248688e-02
-1.849082130894184536e-02
6.515298800080822350e-02
-4.699880855635139160e-02
5.660863850134262819e-03
6.813734695041083825e-03
-1.202967937956168354e-01
4.459017278750897206e-02
6.325885575463031929e-02
-1.327711273206272705e-02
5.538093258736755120e-02
-8.841099203626570646e-02
-4.768130173605227007e-02
-5.802050030241396456e-02
7.477119920851493795e-02
2.748663265934246994e-02
2.172082082390132396e-02
-1.760091672267329391e-02
-2.177163844052404026e-02
-1.199971553716582678e-02
-1.678233568828785618e-02
-1.856830657965926820e-02
-3.198057959582934623e-02
-6.045484302725328413e-02
3.080352566087390595e-02
4.082794652635619165e-02
-6.402897122635667349e-02
2.995893952280605232e-02
1.302744717295120092e-01
-1.544570648653214792e-03
-1.904320615142909567e-01
4.666829528318006126e-02
3.792806275432065999e-02
1.132360603068737065e-01
4.743145397557736037e-02
1.846246415129579321e-02
1.638301655480011582e-02
4.522529361273104620e-02
2.652851850812856706e-04
-1.402980312794583143e-02
-1.691262622686486861e-01
-2.904094279905636289e-02
4.474716410770129826e-02
2.849801586370456427e-02
1.725314401126178815e-02
6.192862016435321526e-02
4.592501310315149146e-03
-2.348621952497110740e-02
-2.971482282339745970e-02
2.913741013908592234e-02
-5.272122333978748049e-02
-6.445376542319700142e-02
-3.981358184513877907e-02
-7.228570759184675676e-02
3.754000697784187074e-02
5.760468366366018611e-02
-1.349035458225856035e-02
1.133110278860244118e-02
1.187184330759367967e-02
5.428600177601556470e-02
1.415654902181708551e-02
-1.419285678441062695e-02
-4.930875744128308119e-02
4.654857242367909514e-02
-2.396494532537191482e-02
-2.219861905372492658e-02
6.390845330636095445e-02
-1.136936507491224241e-02
-1.413604308655667940e-02
-5.416468879552509968e-02
5.447522617376585052e-02
9.286773676710245728e-02
1.978733308323333759e-02
6.001643341944037924e-02
2.482804974746330093e-02
-1.932606548619639902e-02
-4.560261607253073002e-02
5.515632799760092700e-03
-2.471703942588395278e-02
-3.211948328976613892e-02
2.955875907378233136e-02
1.510853458171729745e-02
-3.035590660233015645e-02
-8.112167865528220265e-03
3.026685982691825622e-02
-5.917128411352207823e-02
4.301479354468423083e-02
3.563530705258792508e-02
-1.112793170467342961e-02
-3.226497936030522234e-02
4.637226775896847314e-02
-7.658625606298592736e-02
6.865297680877625874e-02
-4.892361688661836516e-02
-2.119959241455205909e-02
1.900820692589982874e-02
8.163184247274622718e-02
2.660159781860425496e-02
5.239117385190475602e-03
2.372960741892617825e-02
9.396863053216504558e-02
-2.942856791776716704e-02
-2.174934361915044703e-02
-3.145186436682118752e-02
-6.067239145512900653e-03
-7.068889484318441330e-02
3.556083638624642218e-02
4.560685639516939144e-02
9.124975553276739107e-03
-7.326780606798559935e-03
-7.317137185547664679e-02
-7.994078192793548088e-02
-5.195256547896816290e-02
4.050067975020509026e-02
3.935675333586419189e-02
-7.159142101480711617e-02
6.509094015469717165e-02
-9.692758067345630391e-02
-4.297812137936391635e-02
-2.619253919405583816e-02
-5.571624935102798687e-02
7.850556522483087551e-02
-3.425607585932190918e-02
-1.247161706832003794e-02
-7.176182898084833631e-03
8.405068151793793074e-02
-4.067367166285425217e-02
-1.386191285347131152e-02
3.368005453087618423e-02
5.732777071884319342e-02
3.251303823466694665e-02
4.493549406239498965e-03
3.337806405295397350e-02
-9.237976838845018968e-02
7.152973757142282174e-02
4.436715831873184329e-02
-4.577623740807156005e-02
-1.013437110640196285e-03
-3.630478111668728608e-02
2.036007478713822497e-02
-1.710903929658851366e-02
-2.252505764186066121e-03
-4.801920244632064405e-02
-4.385315170887654768e-02
-5.196154303705470545e-02
4.276719845561111066e-02
2.875982265912132435e-02
2.133097616130934585e-02
4.662526263390176506e-02
-2.748358492744593182e-03
-1.125043727590602184e-03
2.144695561098087372e-02
4.507860495144983860e-03
-2.341426655019631167e-02
7.388894707950834258e-03
-5.789892230175858884e-02
-1.636999743919860181e-02
2.224002845449310831e-02
-1.143303616953340006e-02
