-2.271726774223401801e-01
1.949882296871204013e-01
-2.921376643803851314e-01
-1.152607954824273195e-01
-3.783271593219496298e-02
1.757056302762736999e-01
2.095104496281378348e-01
1.020588924014887711e-01
1.317042327465611264e-02
-3.490781481560732702e-02
-4.204433435682939507e-02
5.760288850346231837e-02
-1.543851009740937197e-01
-4.239741439513287219e-02
-1.384981760642392881e-02
5.370897883730848393e-03
5.974332550269022268e-02
-2.292077915320060201e-03
2.022246936585396504e-02
-9.189477480780692750e-03
-4.683568742500083398e-02
3.224338932225916110e-02
4.913864881103562759e-02
2.263828348456155964e-02
-6.268920261080071499e-02
-6.566874254693585988e-02
1.184151986239121990e-01
4.292997678624061592e-02
-1.204469907439703752e-01
6.040535057450923534e-02
1.629306186789219665e-02
-2.159204658611553473e-02
-9.348300222024728823e-03
1.155829651983810991e-01
1.486542892448663999e-02
6.192305689327769203e-02
1.519256580585383884e-03
-1.009553590918090826e-01
-1.787284193533014015e-02
9.933397505928431848e-02
1.930993463961855686e-02
-2.255182316837197887e-01
2.441918629424817688e-02
-3.842751026195350295e-03
6.808234200590498886e-02
8.864681811137010981e-02
-1.492338973364183349e-02
-4.822045088346900432e-02
1.665218476348204885e-02
5.380072902647336369e-02
-1.985404489936257177e-02
7.125196302359275424e-02
2.416276033453046423e-02
4.065691330667507014e-02
-1.457372659893484482e-02
-9.397022736270906756e-03
3.006204439386224100e-02
-6.862407941592921744e-03
1.816463917487072576e-03
-7.456148726075881306e-02
-4.716478586213638385e-02
-1.216430335547252599e-02
-1.551644397360587083e-02
1.792165936356510808e-02
8.714619631058408145e-02
8.703596953160117056e-02
-3.129959625571517023e-02
4.019914313873483580e-02
-1.349218802425772579e-01
-7.389661476927605888e-02
-2.560798400385866716e-02
-8.172315900901057362e-02
1.460909787875771908e-02
-9.320354379924955524e-02
7.178515817462575999e-02
2.823675347541758016e-02
9.797923605927043311e-02
-1.106744566300449893e-02
2.207797457073050820e-02
7.072538021377884621e-02
8.227445109390645051e-02
-7.575496739381633315e-03
-3.104133529221416235e-02
-5.448556509359855221e-02
-4.467977944559995557e-02
1.248718492634224991e-01
5.571372047056114690e-02
8.053932846481348662e-02
-1.529428196384180136e-02
-8.734668629290748276e-02
5.457718873077837402e-02
-3.621161664163655841e-02
-3.685674702345072967e-02
1.094852792644793321e-01
-4.116261503895488755e-02
-5.603019534718745726e-02
-4.014564328705283458e-02
4.119124742557358360e-02
-8.122780290150900806e-02
-1.191901080664002910e-01
2.347786099141275368e-02
3.578962904747063495e-02
-3.091231554345058238e-02
7.174801516701211947e-03
4.924343385466117134e-02
2.250261975658259320e-02
6.110198761424079361e-02
4.546364244103068969e-02
-1.823724837629604051e-02
5.818872928027822578e-02
1.868220515574944840e-02
4.840641902550733844e-02
3.488563658022643399e-02
7.924463838170822325e-03
8.130205727874002808e-02
1.998053360842505163e-02
7.749252614862161929e-03
-9.393827298648268001e-03
2.690685030247075196e-03
4.405882049293129848e-02
1.079456794522963559e-02
-3.132946252418815358e-02
2.423872316355973194e-02
8.652549046188551252e-02
-4.255066884903449531e-02
9.432381360895275568e-02
2.356546660306708604e-02
1.321879777094338987e-02
3.368048202654758128e-02
-4.516450518635690796e-03
-9.247087108177358405e-02
-1.409262024495046839e-01
6.756771835867879383e-02
1.829115952192946967e-02
-4.408397269996097712e-02
-1.603480090439118530e-02
-2.977780863542868819e-02
-1.504468981131706039e-02
-1.590869185128387236e-02
4.087357030508924349e-02
-5.412451228023661132e-02
1.074299801131971873e-03
3.464455504869664703e-03
-4.097693163888291995e-02
-3.907966427893822675e-02
9.210991318240043663e-03
1.440984177828860680e-02
4.283019054602474340e-02
2.064910774547066424e-02
1.024208627167423613e-01
2.856116948910609674e-02
-1.216510379677799847e-01
9.986406968668346679e-03
2.442611501542993682e-02
-2.648938694177054368e-02
-6.505638912925093553e-02
7.199447515790675239e-03
3.997236198151626202e-02
-7.191854396687373530e-02
-5.382145191402612494e-02
9.923703623873217361e-02
1.470609997530238425e-02
1.324651265567043656e-03
-1.579147307512666909e-02
2.190937568864097240e-02
-7.098927274061481163e-02
2.780154119881340577e-02
-5.871480588215189506e-02
-5.821606450905010555e-02
-6.474396391614638258e-02
1.707391925367786681e-02
1.358791827335258801e-02
-1.649257107233141964e-03
-8.592284990905357800e-02
9.650284896362245138e-03
5.954033611866198922e-02
1.168062166859228264e-02
2.282425162659989723e-02
-2.676419457731749399e-02
6.897494479449423066e-02
4.923650513347940794e-02
8.819161062112725047e-02
3.966094918429215188e-02
2.895066486110915022e-02
3.327304791066298516e-03
-1.447109293905523252e-02
7.041118327288352352e-02
9.742898802825125659e-02
3.639771133565995048e-02
8.578484496935108450e-02
-5.521083451994880306e-03
1.069564858611138786e-01
-1.259692131638307476e-02
5.326247179603815080e-02
-7.019269127068605493e-03
-8.121056019354525035e-02
-5.978046851030386494e-02
-2.588779044281529218e-03
9.285625351426234075e-03
4.425437494783755060e-02
-1.139784125798686508e-02
-5.453564804168406499e-02
-1.593419207627245690e-02
-4.612354776710003712e-02
1.907872416292305875e-02
6.892951263185947974e-02
4.847564296133242967e-02
6.312267479761039801e-02
-3.766547748394476897e-02
9.034973326026658758e-02
-1.056765074462712589e-01
1.979064235485001114e-02
-5.790132972221830043e-02
7.167303311586701621e-03
5.979103560105595433e-02
-1.981819904959573886e-02
-4.963647268224576775e-02
9.675247275414343776e-03
-3.502421100386167181e-03
4.672077822257088980e-02
2.312307250131103581e-02
3.230657040079788073e-02
-3.091661831094245222e-02
-1.954468857189559788e-02
2.710730864679788618e-02
9.222665738861367604e-03
2.050888814602971552e-02
-1.009612753971104136e-02
-5.080429440033338781e-03
7.660033465398379676e-03
-1.744038216440090688e-02
5.098621287884996800e-02
-3.372167469768299480e-02
-4.608928381714639047e-03
5.235556863313769321e-02
2.672145164436516389e-03
1.212964709436521321e-01
-5.507064655850411883e-02
4.305171979586353698e-02
6.912221966710199728e-02
1.939883740911970203e-02
1.751163093198687996e-04
2.525661241735343426e-02
-6.965136515461324562e-02
1.550600343483883245e-02
2.003580518789782952e-02
-1.603344047055184352e-02
5.566990184573585541e-03
-2.242846029334035624e-02
5.596695099265622253e-02
