-1.895636912867171842e-01
1.216739378100729352e-01
-2.212697086817965175e-01
-4.565273393424188614e-02
8.204535997194169206e-02
2.157750105077452796e-01
3.078466924608475597e-01
1.015044080551222444e-01
-5.159740281858521405e-02
-7.611911628419579245e-02
-1.057166820911234623e-01
1.174065709135019547e-03
3.094281834263133690e-02
5.555921600034331026e-02
-2.502735567901019295e-02
1.487380238574217695e-01
4.053686389320745181e-02
-1.146543947295165095e-01
-2.805277296030463455e-02
-5.700926374512413353e-02
-2.782198595234569236e-02
8.035313509766897622e-02
-3.020870369142385908e-02
4.281373091472057135e-02
-6.049412320140783172e-02
-8.049992757304007263e-02
7.582592724676892604e-02
5.592921222094151407e-02
-1.489802009869136690e-01
3.309521630878312776e-02
-1.719320572475546358e-02
6.867216955232030573e-02
7.611890310010292239e-03
5.284017471536279348e-02
1.275799899187377018e-01
2.689740654160070396e-02
8.106215493565949171e-02
-5.200543717232417734e-02
-1.600961677764356772e-01
1.049955412147101780e-01
7.722005984947893920e-02
-1.866088379401602548e-01
-3.160850090002993544e-03
-5.415049551470740852e-02
4.376017692241918056e-02
4.555052738914949079e-02
-8.765319798956214270e-02
-4.646042755235737197e-03
-3.379391194570501022e-02
6.703491571913572367e-02
1.654433425582260003e-02
-8.414345690415435050e-03
3.706771915005475926e-02
8.451357494423418493e-02
-9.328323760771070616e-02
-4.348970721831738051e-02
5.651766122698304029e-02
6.841994231559347939e-02
1.453595737183469017e-02
-3.285179052960447710e-02
-7.778173902443100141e-02
1.538168912309093375e-02
6.008398746161064397e-02
-5.256288312028940118e-02
1.467419202862086519e-02
-1.111426131677913098e-02
-6.239572530974200198e-02
6.617483972391687008e-02
-7.321442210920237927e-03
-3.923101995981294332e-02
1.206012868193996851e-04
-8.631333596592086210e-02
-2.918344047910691533e-02
-3.328613789137677137e-02
-3.082794257144882023e-03
2.744477192746056990e-02
2.502092970135390976e-02
4.189186198744197787e-02
1.617488622289175657e-02
9.516026263562486764e-02
9.646202561638456130e-02
-6.958331836521494673e-02
4.496433204351822643e-02
-9.195589253580749300e-02
2.932609109210238679e-02
-1.328554130258445889e-02
-8.393666833407765690e-03
-3.893183131291552690e-02
-1.999611972284219205e-02
-7.591713958364369741e-02
6.253542180030781383e-02
8.791041982503605690e-03
-7.571050328791904815e-02
4.535083480387807481e-02
3.021159690411270513e-02
5.963907225980645543e-02
-7.171116970581713906e-03
2.011562463432687090e-02
-2.579396567694401329e-02
-4.797443052499697491e-02
-4.867775530222101521e-02
4.151483069177930307e-02
-3.734522392922101641e-02
3.268401464852162264e-02
3.475948361202042813e-02
1.900664098325575285e-02
9.412053335986367286e-02
-1.803427788083913907e-02
1.362069715143483621e-02
2.453493087936805400e-02
-1.742569820545730730e-02
3.078356982526299704e-02
1.246472163532272651e-02
-2.128972079833229766e-02
2.344549925509947438e-02
3.695957390523261360e-02
3.170056597327615411e-02
-4.232185430274579274e-02
-3.246050635459041961e-02
5.673446944942427128e-02
3.236652262450843281e-02
-4.040545112739287598e-02
4.330588162052902840e-02
5.291207866439830154e-02
-3.851822371789172250e-02
2.517393497028842103e-02
4.700882840381113981e-02
1.932370663908322336e-02
-2.638613017717542780e-02
4.963939829025368344e-02
-4.224995035371028468e-02
-1.941344191474315972e-01
4.449289064958784207e-02
6.310492787695497208e-02
-4.106955003153020534e-02
6.754189794683334615e-03
-3.840423113795105731e-02
-1.590085329895212299e-02
2.225361744677522777e-02
-8.666542472271860026e-04
-4.404657452374484417e-03
2.702650473726419741e-02
-6.588850303233202699e-03
5.493096247867729903e-02
-4.001562878615845531e-02
4.464629183183767280e-02
1.399992119776694889e-02
1.110609636602249428e-01
5.763343631415534379e-02
7.744043129175802453e-02
8.849460514922032062e-02
-7.630416007680049240e-02
-5.570625211467766097e-02
6.778404462145481979e-02
-3.835599062322329889e-02
1.169040655517544639e-03
3.540640596924711503e-02
6.728096061716955234e-02
-5.498651216230319994e-02
-1.921062770525482771e-02
6.731915102466236311e-02
5.526758016130730450e-02
4.315040950709139039e-02
3.571911657860610961e-02
2.018085896674281718e-02
-8.108883340213772495e-02
-2.156265734693721316e-03
2.983450469870921589e-03
-1.255167029034024925e-03
-5.313573923268154892e-02
1.409944771426336133e-02
-1.387438622194129938e-02
4.038163541873308372e-03
-7.176373481214297356e-02
-3.412955507248193170e-03
3.216192680510118057e-02
-1.335613569219237969e-02
1.101686055023726046e-01
1.740827801958339319e-02
6.391359605092353235e-02
7.862533893475862415e-03
6.602850407160192059e-02
4.725980699085120806e-02
9.059541256489936356e-02
2.644938494301479759e-02
1.060523861276411843e-02
7.846106536377281393e-02
8.213937415689408217e-02
3.775319737321916613e-02
2.964081172290836466e-02
-2.954853346556927940e-02
1.228527849338621469e-01
-2.280445468786171381e-02
-2.254820740824089662e-02
-8.535884987243429201e-02
-8.460168088432723499e-02
-1.223367576096530823e-01
-2.449811094104364581e-02
-1.647105983761869286e-02
2.717500268537818495e-02
-1.753119387655387162e-02
-3.025825376557919957e-02
-1.169381750066124555e-02
-4.799096751962902280e-02
4.897612166761739633e-02
-1.295458822585051489e-03
-1.208141663635581807e-02
1.467809025203320981e-02
9.557530160955788473e-03
-7.702371729995250403e-03
-5.068582763750483638e-02
2.057610227491003113e-02
-2.714820239941831762e-02
-3.037611411406179740e-02
5.445778515713360635e-02
4.197448605086142454e-02
-3.905742719848199346e-02
-4.181666891240230083e-02
-6.302973480191530198e-02
5.547101869563902249e-02
6.965924235714444912e-02
4.674186100980638053e-02
-8.556420706360176598e-02
-8.074652065874125470e-03
6.712296074948796709e-02
1.659053429423296144e-02
5.851994713688915377e-03
1.038906994260146684e-03
7.704381751442240626e-03
1.412344615214560645e-02
-3.278777439200488558e-02
3.017934519634963772e-02
-8.278291602350539014e-02
-3.858050392787800570e-02
2.645273497875978014e-02
-4.415225292406385615e-03
8.147993484792931396e-02
-4.411783892050175765e-02
3.456755701870330155e-02
9.411154917309302870e-02
3.199957189095112287e-02
3.604099410395818909e-02
1.302043165567464376e-02
-5.903040121981339289e-02
1.704041363991381413e-03
-7.756246395748665236e-03
-1.320468362164872560e-02
1.684592883748232614e-02
-2.837321910674749439e-02
-6.099056804394395459e-02
