-2.070532491675609321e-01
9.680220977274803240e-02
-1.348789941662877634e-01
-9.710024175615760908e-03
8.966309577148932897e-02
2.989135828440253606e-01
2.125693368578368825e-01
1.234656419949746592e-01
-4.034278619485336115e-02
-1.249558680311536329e-01
-8.267099765821980806e-02
1.072499912131189698e-01
-7.205507526747489955e-02
5.866813315211470009e-02
-1.138384981501861792e-01
9.763646790933599995e-02
4.534007012299436784e-02
2.390361969033188289e-02
1.499350476270037633e-02
9.635527750611308506e-02
-6.091469592888647255e-02
8.193601739697058128e-02
1.135425489194060722e-01
-3.523356257776895373e-03
-4.487879000491185738e-02
3.028685978491543144e-03
1.993772808813784256e-02
-1.298202855653597318e-02
-1.729237438408120775e-01
-1.969159962263764690e-02
6.777078698949411117e-03
8.951386489260847179e-02
3.163823564579542474e-02
9.508393885342328322e-02
7.675145103000370617e-02
-6.846629412947975724e-02
-4.050438135124892480e-02
-1.487938314243084093e-01
-1.026010559271506584e-01
1.071130584926217599e-01
-2.440906738798567788e-02
-1.758969889278806931e-01
-3.958221782987048770e-02
3.106984253533943280e-02
-2.720200560455890426e-02
8.882381258093814680e-02
-5.776481358309826231e-02
2.777671309203444405e-02
-4.716799962123974926e-02
-3.663409801261789667e-02
3.298035482832215731e-02
-3.078076969419319461e-03
3.744557810854372976e-02
1.046502530976046175e-01
-1.832157816678893492e-02
3.719280467036850668e-02
7.375807266751677194e-02
4.070339993584411870e-02
3.817057438099763175e-04
-2.292819720885662382e-02
-3.655293677919908835e-02
-1.875862562332521535e-02
2.601182818528790033e-02
2.728743152193331342e-02
1.451027309309441647e-02
7.403643420942564168e-02
-4.806530234932656492e-04
6.046151540436307814e-02
-5.232552326358887174e-02
-7.401689600618714671e-02
-2.336785637107114885e-02
-4.231988045284849898e-02
4.465838188140752035e-02
4.669934722004018268e-02
1.548599311065960125e-02
-2.227917181803058463e-02
4.919527829973579375e-03
2.713208462342620378e-02
7.358203048097700094e-02
5.610694249002856626e-02
6.113969933200190388e-02
8.511069441691933302e-02
5.584461483741015586e-02
-4.345273258546034773e-02
-1.186464830060029139e-02
1.625512390311924932e-02
3.401723504214998473e-02
-4.647431075735920791e-02
1.980122514199273917e-02
-2.301692908278577324e-02
4.697265064842032212e-02
-7.737359899403974117e-03
-2.629194188417080177e-02
9.119973743769681229e-02
8.634662627490789777e-03
5.822305222115040785e-02
-6.649369597239906948e-02
7.136270878621626089e-03
-2.177008756816657675e-02
-1.895681771878171898e-02
-4.095465263400415584e-02
-3.698115733173421710e-02
-6.560637723310755454e-02
4.119407000769823718e-02
8.461817300939455944e-02
5.492582339171755111e-03
4.737868823247316091e-02
-7.076565303243069482e-02
-7.385473883717728373e-03
9.146837946733475666e-02
8.555223797437004618e-02
-2.325112304512337059e-03
3.190793558153089821e-02
4.085977168088319317e-02
-3.358967568092580125e-02
2.854019069878549128e-02
9.598679558852206417e-03
-4.913831666829766853e-02
4.207755383738624733e-03
1.014625836683957505e-01
9.183891107798972109e-02
-6.551066979084790853e-02
3.325379049496448441e-02
5.455129157363135251e-02
-2.647730686819492127e-02
9.783813125917499229e-03
5.170830117481940713e-02
6.322493142890249496e-02
4.509880141362963141e-02
-1.131027244593638126e-02
-8.452924277807212505e-02
-9.874693871607229112e-02
4.463064490591327205e-02
3.604302604019639367e-02
-2.140689518106313194e-02
-6.313295971754970259e-02
-3.549770850649246884e-02
2.454672741892494569e-04
-6.359040492602870652e-03
-1.806625914206656802e-02
-7.181046754198988635e-02
3.668841487881222690e-02
-3.480481307218506737e-02
4.275094412802070420e-02
-2.381379685073967047e-03
3.731294313156766074e-02
3.384221770214218550e-02
1.518254927636992213e-01
1.979395203757231686e-02
8.941425642161425491e-02
-3.806213900600224215e-02
-7.834502126808376432e-02
-7.129381265161552350e-02
4.621152027082313374e-02
3.160772166679520073e-02
8.881002674210490555e-02
-6.351314472134450551e-02
3.257636693733324817e-02
-7.461424929606264023e-02
3.446205149658989469e-02
5.310103455219915974e-02
2.522220046218888456e-02
-1.921650060615634134e-02
1.440725948684879951e-02
-2.862641004573304379e-02
-4.245383781244645854e-02
-2.231404965968306411e-02
-1.247360549798291404e-02
-3.052412828684893109e-02
-3.784199535902228045e-02
1.869568021052301493e-02
-2.872211748799268979e-02
-3.253487718257129513e-02
-9.765934512869478556e-02
-3.821841157234467934e-02
-1.350066702084317186e-02
-1.189992616299589273e-01
7.431023353128900222e-02
3.355969065497432791e-02
5.016904780293369309e-02
-5.863609843309929362e-03
1.171932506236714605e-01
7.191149757430266055e-03
1.228478248340253431e-01
3.286811760328882392e-02
2.023956192158536324e-02
8.347741964061689002e-02
7.768263981277659380e-02
-6.161013694974102478e-03
-8.203830369277416434e-03
1.345197028079189033e-02
6.546415498212275474e-02
-3.295694865591461409e-02
-8.327175608334666523e-03
-3.894823454136850382e-02
-1.251879792408617242e-01
-1.035449065235281713e-01
-2.609242740609240066e-02
-2.626995727308179679e-02
4.173148630523634134e-02
-8.324960617442993607e-03
-1.375668029644203268e-02
-2.380344920672334066e-02
-1.917044863134884786e-02
2.068044428772514154e-02
-4.254812369338756978e-02
3.573739035671092448e-05
5.587483128032045415e-02
-2.213992492794504552e-02
1.590545287832468083e-02
-8.554503098908072811e-02
5.394316086538741145e-02
1.607729650003992747e-02
-6.286375567529743115e-03
7.337398663498737039e-02
3.401118514165481221e-02
-8.911440616209957699e-02
-4.924671898372751100e-02
-5.063270820973560238e-02
1.834862089140668756e-02
8.115005928564732185e-02
1.621165057442445351e-02
-3.793482661907930653e-02
-5.786138057406214202e-02
1.475435186553067553e-02
-1.523444287640963665e-02
2.963462761623129882e-02
2.424555477678837136e-03
1.657461154456906990e-02
-1.441955764523242083e-02
1.285878249617536558e-02
8.389268084345744003e-02
-8.716716469179371096e-02
-6.362901849858804137e-02
3.969690146275432069e-02
1.137381293091843356e-03
5.259413223366127960e-02
-3.887960288329215391e-02
-4.927128224092920672e-02
4.951734458729831201e-02
1.174748520030039975e-02
4.508359401347783457e-02
9.004896702055828484e-03
-4.540453627581174378e-02
-4.392740182758954337e-02
1.937627748644679682e-02
-1.159828738098510163e-03
-3.390119596707869692e-02
8.925752102135413963e-04
-8.724981360566214095e-02
