-2.454758555028728750e-01
1.082535734992904619e-01
-2.904366686874773062e-01
-1.924563409374775019e-02
4.450667850995817382e-02
1.606315417300211712e-01
1.395257130451194316e-01
1.410435270069624880e-01
-1.900369981465509575e-02
-1.024404417786156929e-01
2.598974504722312111e-03
-8.341929220603620104e-03
3.199428864318051846e-02
-4.204390031076855189e-02
-1.718297191425790724e-02
1.885687616557782942e-01
3.239664100369732402e-02
-1.000543291223646991e-01
1.172075356553255732e-01
8.747705387413530487e-02
2.136199995060420603e-02
5.767784398501896170e-02
9.003520728450739585e-02
6.604679828197482228e-02
-8.153749015290361057e-02
-7.293016082350756157e-02
2.030389576657094450e-02
4.328481748215421560e-02
-2.299605323851988126e-01
2.531096836261868127e-02
-8.878087206821957955e-02
2.532520534922848288e-02
1.712700039831628260e-02
2.541475347518349151e-02
4.681924390131119579e-02
6.162898574233449667e-02
1.434858316634610338e-02
-1.204709868625265523e-01
-1.207327332313925666e-01
1.080149149870283654e-01
2.432026938067606905e-02
-1.324772077584645824e-01
-3.639443094059054140e-02
-1.003780945767057259e-01
-1.158131614070307368e-02
-3.866034815236587944e-04
-6.289667600800849523e-02
1.608823583768659304e-02
3.009119410564919592e-02
1.580403156737634693e-02
2.711695531227829165e-02
1.456374435115041603e-02
1.008429069913093293e-02
5.843596352199085381e-02
6.785499007469346713e-03
3.924419059439964580e-02
1.003674168367483799e-01
8.514606229436030849e-02
1.733964176248168829e-02
-7.363010400147877201e-03
-2.584838310938067374e-02
-3.226094866229240604e-02
4.756369341131703316e-02
4.342136026302476082e-02
1.423210445731282366e-02
2.760558003191952714e-02
-3.843072949664586013e-02
9.350915800833070612e-02
5.777161281054413525e-03
-7.369691074616768756e-02
6.584228333936987566e-03
1.323825569957158207e-02
4.235396424038553875e-02
-1.798462135276683929e-02
5.904346078027232492e-02
-1.696988958148069535e-02
6.825189332307864121e-02
4.735546173326971031e-02
-5.716644638635364623e-02
1.112252609742644671e-01
7.075936684085079587e-02
-2.874538940016920993e-02
9.928093317276946717e-04
-9.656837775274861035e-02
-8.796082793904665131e-02
-4.761969642501664990e-02
1.818831735366414210e-02
-8.729729616930758523e-03
-4.934123788551502549e-02
-3.031148942500527452e-02
2.484814030676821273e-02
3.887796616229312330e-02
-2.705748754520018520e-02
1.035202479179015145e-01
-4.644936572927825524e-02
-7.284486489488069608e-03
-4.551583517808074734e-03
2.432187576633337150e-02
3.391039175476018297e-02
5.942681999272340226e-03
4.625962323516887714e-02
6.663949159400273971e-03
-9.894545055245754228e-02
5.440270710960507655e-02
2.816343682361461404e-02
7.629037314324239871e-02
7.902214219563488684e-02
1.571640480465850628e-02
-7.259933987137760780e-02
1.045047103437628383e-01
1.003578415183205286e-02
4.803093115328557934e-03
-2.527348603061500484e-03
1.186741027649249915e-03
6.403966664981479429e-02
9.765060921939938340e-03
4.046082299437788604e-02
4.082235426054446614e-02
-3.301972965218200745e-02
8.249461252483285267e-02
3.375394239084230155e-03
-1.993559248243731430e-02
7.038863822935222114e-02
6.294272573018444561e-02
-5.459667030328462650e-02
2.867776371377265751e-02
6.811535054220808905e-02
6.649945256199571442e-02
6.900906792731094364e-03
-1.758107207744656272e-02
-5.776036811094303197e-02
-1.013694550115660370e-01
4.661605186454167299e-03
-8.170770403706149182e-03
-5.424701369187887728e-02
2.810648887717541108e-02
-8.137694608044751532e-02
-8.537861024157303302e-02
-6.692612119167793382e-03
-1.078763878474046922e-01
-4.179138278499251041e-02
4.123982554489467878e-02
-2.104651840661357978e-02
8.557310889713835205e-04
-9.074831652531688275e-02
4.712978029729797402e-02
-4.778335877551338068e-02
4.456693372098593370e-02
-4.831157617694337505e-03
8.359936488844378621e-02
1.101089174357145796e-02
-1.086225067385838128e-01
-4.649100576533612278e-02
6.977603833427696578e-02
1.810617120083591464e-02
4.190370378997160250e-02
6.415368853372514432e-03
4.770681922360671921e-03
-9.615871791237898258e-02
1.283454893546136927e-02
1.117873384655297259e-01
2.806891205189777222e-03
2.723837916931541592e-02
4.093240742694853607e-02
1.653169277237550097e-02
-3.753080705321971966e-02
-3.386812176354259130e-02
-6.583135361734862578e-02
-2.463546744484482187e-02
-5.453584813261310588e-02
6.975115510546780681e-03
2.253872469121381839e-02
4.753358155468214753e-03
-1.259422734157761570e-01
4.942565187691826817e-03
1.831963150670896587e-02
1.132312901848949588e-02
8.891807630200783408e-02
5.848440707377376181e-03
9.332303775638975396e-02
5.159994211071150354e-03
3.800607672347477289e-02
2.927474072088671192e-02
1.356180696915829376e-01
1.908858627242813327e-02
1.733586203152333305e-02
4.331499233430508022e-02
5.849921102002731549e-02
-2.774111488453450888e-02
5.615769918908489200e-02
3.385240438230743137e-02
6.262988999786466005e-02
-7.557950024324993320e-03
4.248534138894633633e-02
-3.451269188297392126e-02
-3.144764505332855314e-02
-1.131002595116720189e-01
-1.643364025176419566e-02
1.775991634729268479e-02
4.070817488784417987e-02
-1.114589113430067280e-02
1.030023932788490075e-02
-8.362056287956857667e-03
-3.049757817918824498e-02
2.336821814778262951e-02
7.442202063276993906e-02
3.999119142280237876e-02
1.404973243857223462e-02
1.468066402879550369e-02
8.055866582572183271e-04
-1.335891731086544243e-01
5.329329307781215802e-02
-3.110998908771557894e-02
1.246152098762979936e-02
6.445713793416500692e-02
2.249144655647640489e-02
-5.205813999613798787e-02
3.099662865672293821e-03
-5.484531360482835377e-02
3.781381440872648436e-02
9.969925489658530704e-02
-4.016342116347137656e-03
-3.280488344495755687e-02
-2.537352290997944501e-02
3.045801699515747127e-02
3.765144346630718702e-02
3.872917075356590438e-02
-5.120118049460514568e-03
4.596200091995646803e-02
5.859509019533756108e-02
-5.253438609689061595e-02
4.300073920287591535e-03
-8.241526967246540214e-02
-5.054656259037618865e-02
4.030084588156554459e-02
9.096930479534866276e-03
5.484118739853215130e-02
-5.244159370186302072e-02
-1.283747822695409380e-02
-2.341669319732351748e-02
-1.075097224466863531e-02
3.246968430446751236e-02
4.920478959791844270e-02
-5.214063262430406603e-02
2.903595621759268858e-02
8.539105185597763159e-02
7.932300877991986174e-03
-2.954288113462395435e-02
3.013655087714944836e-02
-3.372036578082892450e-02
