4.480483259491154641e-02
3.016180663716806487e-01
4.276805010530488650e-03
1.033970877978243053e-01
-1.554330758813695090e-01
1.699803081262142926e-02
-1.477630055848226653e-02
2.039427066688443424e-01
-1.675031501032162029e-01
1.399054312541563594e-01
5.460470703538564119e-02
1.213102631225805757e-02
4.178866687043258227e-02
9.733613940881485904e-02
-2.208590364496017602e-02
-1.238830986644052362e-01
-1.619088371079007160e-01
7.302740996560683207e-02
-9.319484988470004561e-02
5.869759342887966719e-02
2.509951309985216858e-02
-4.014166569537919171e-02
-1.424920440931055632e-01
9.087106803692007739e-02
4.167350194579369331e-03
6.104803351663803251e-02
-1.158590016292163766e-01
3.173270069497306084e-02
-5.596158821147122903e-02
7.893860079478747308e-03
-4.061882495217793848e-02
-8.171374681535223394e-02
1.066921856920397815e-01
1.426527902923276948e-02
-6.017760712312197890e-02
2.423489640994286320e-02
9.684523605319787787e-02
1.134326370148943872e-02
1.303714752473396632e-01
5.526794279913192082e-02
-3.851501508210258135e-02
-1.917567371596196057e-01
8.720504546614352148e-02
8.369840796402977512e-02
7.408484241864748965e-02
-7.143777546388177524e-02
7.090457746600765943e-02
6.809072222026880603e-03
-1.817013021570612619e-02
-9.284636726321416830e-03
1.143429345743058982e-02
2.325521439031363533e-02
1.143183678276259467e-03
-3.629384919917093277e-02
-4.937716892834069504e-02
-1.662972880225997013e-02
2.436865238612334963e-02
1.325893876962515316e-02
-1.124894731322218649e-02
-1.328669587354287529e-01
-7.300705940383004321e-03
8.166650562545280101e-02
-2.290892285704516917e-02
-8.500406415345701516e-02
-1.082904185551028242e-01
2.043166523912809396e-02
-1.169578655685497293e-01
2.011916958169773437e-03
3.522546130504324718e-02
-6.767371829452964449e-02
9.144775581607897386e-02
-5.575267126977259680e-02
-3.306455034809015203e-02
-9.526566063828907638e-02
4.541744094151331512e-02
1.333954093754984860e-01
2.207620973951348806e-03
-6.581630625399302603e-02
-4.400528458539781224e-02
3.818206926797646644e-02
6.895580368646664349e-02
-2.519509102375974349e-02
-7.220399237384593494e-03
-5.619586865920161295e-02
2.756462013765455937e-02
-2.989882625362035029e-02
-1.034296553363284188e-02
4.871389996628808228e-02
-3.236552681012630495e-02
8.805830833528992263e-02
1.373719357053259510e-02
4.767831199880878668e-02
-4.085353697789052829e-02
8.070617821841062633e-02
1.912056452746367392e-03
1.998133021383936489e-02
3.950714646660340862e-02
-8.917466778205616895e-02
-1.218278247181759678e-02
-1.046063693039921971e-01
5.220280957282465856e-02
-1.243635113552237458e-02
-7.454633207486117963e-02
4.502988391348377445e-02
-6.068388129456710189e-02
-1.379256834548147834e-02
1.740039428527159066e-02
-1.795673150265371734e-02
5.367409211250369350e-02
6.469320755104294822e-03
-3.940273779321357833e-02
7.314307286484057757e-02
4.354303136813866826e-02
-4.144987815439339640e-02
9.155316043865854847e-02
7.636042032564462415e-03
-1.496164670269066986e-02
-7.375548202160440991e-02
2.219200543197254183e-02
5.302108142710528632e-02
-2.165990297820713506e-02
1.349643945306898581e-02
2.462975706536373738e-02
-5.554826929773406391e-02
-8.822781888738164468e-04
4.862974225975606052e-02
-1.329293383530120477e-02
3.977963816491301985e-02
7.161734510278974786e-02
1.561319666261080583e-02
-1.365625609971402379e-02
-8.356013701818920008e-05
-2.876550247232240176e-02
4.414538143808623138e-02
-5.389911023276959187e-03
1.126089870349892413e-02
2.367650089756863016e-02
-6.367060012133643476e-02
-2.023669158608565159e-03
-4.256487647060035878e-02
2.048275743256114736e-02
7.714283800909502165e-02
-7.701688363490075129e-02
2.564492807445360734e-02
8.762842346669694193e-02
4.031622239003221364e-02
-4.604897232271991381e-02
7.317979019163523002e-02
1.397612178114837102e-02
1.088672059291806958e-02
6.887486621564807565e-02
4.410102850083700426e-02
-8.285145277308499090e-02
4.397799557759925898e-02
1.823519889610170086e-02
8.403683149869940749e-02
3.376689371668641776e-02
-4.810520901983258296e-02
1.869708693199127747e-02
-3.498138735694721752e-03
-2.169891098813814950e-02
-3.754100997285480384e-02
-5.523192263677008385e-02
1.208187621974497472e-01
-1.635743629378830569e-02
-3.276838825737133504e-02
-7.614396736841037849e-02
7.838717692674133930e-02
2.663908455564021824e-02
-2.644165422792977768e-02
-7.195995162405621759e-02
3.867549569487410688e-02
1.506001328432948240e-02
4.717144025784981987e-02
1.757013722550758786e-02
5.047921990508118240e-02
6.370127535638006600e-02
3.852663448931607912e-04
-6.015317316966731914e-02
-2.190932185362138088e-02
5.153509203772460578e-02
6.191716517620743897e-03
-2.299786111968788946e-02
1.058083139844624015e-02
-3.555020713750726286e-02
8.775593816128846036e-02
1.784120139664525581e-02
5.536899844358299932e-02
-5.471114080546125337e-03
-1.074542860120197493e-02
-4.784762336106257452e-02
2.252578120375675966e-02
-1.282712839926536397e-02
-9.129006386103868942e-02
2.259476728429859679e-02
-8.988763460867620070e-02
-6.574519548184643014e-02
2.650984354911983115e-02
-4.598742266279471497e-02
1.702908118852652086e-01
-6.189425834484368893e-03
-4.600568173127305566e-02
2.230975982450473377e-02
-1.820097144228137584e-03
4.894728405974770741e-02
-4.941554617045154640e-02
8.887950164052707547e-03
5.767262891942414454e-02
-8.248617180859903197e-02
8.732834397583186248e-02
-5.851105214564358836e-02
-2.619346368984953313e-04
-2.555439629310732493e-03
-1.548627953753311907e-02
1.726029743258316804e-02
-8.092326194346502466e-02
3.720132490254486612e-02
-4.153801965768433996e-02
3.878212865478766064e-02
3.968372825794220377e-02
-9.377293199272457996e-03
2.350001870114881014e-02
-1.391586685516981933e-02
9.568668155909347550e-02
-6.869068201216102509e-02
-2.486144804520082352e-02
-3.863419700180671136e-03
-1.101918183515191016e-03
-3.424050075470846249e-02
-3.102092900738069939e-02
-4.912874600211616927e-02
-1.364002212792145459e-02
-6.760008445110241015e-02
-3.810388725658281350e-02
4.083056374991413801e-02
-8.849911544666358432e-02
2.513931786913496669e-02
-2.455984143224482219e-02
-2.596914273401643852e-02
5.018986346715883368e-02
2.450938000663193186e-02
3.051419005964703043e-02
5.923072503014113060e-02
1.406519283701638916e-02
1.728672328441728870e-02
-6.793860758069099337e-02
-9.822933984046935962e-02
6.940902696440559398e-03
2.481453883836462829e-02
8.530872501059486024e-02
