9.134793596936270632e-02
2.426802985125039447e-01
-4.607123313992633057e-02
1.372436842137070290e-01
-1.085244954939867529e-01
2.245978124980921309e-02
9.420042254182768582e-02
1.425143036747629488e-01
6.385772918906440498e-02
-2.743473722911804816e-02
-1.104448389494728233e-01
-1.723480418578094558e-02
-7.443462011228797748e-02
-1.197770114272891841e-03
-1.308753618393007911e-01
-1.005998261479723460e-01
-1.083608945987753341e-01
1.006840262494990562e-01
-1.682124423772015653e-01
1.354444334982607134e-01
1.732393418856026726e-02
-5.728463634673439109e-02
-1.625673463110618167e-01
-2.104610757935329764e-03
-3.283062841935500964e-02
7.280595703952370823e-02
-4.613633395514317448e-02
1.627435494704024613e-02
-1.324448008003281940e-01
-4.131489053007183360e-02
2.829012406897821099e-03
-1.453559183457900361e-01
1.720004674953227453e-01
-2.974496731214647943e-02
-1.090741958078312451e-01
-1.134762058461971125e-02
5.720765153114698576e-02
2.121496485934400850e-02
6.885243742173642947e-03
5.536527234182832269e-02
5.137450095364867048e-02
-9.422667181737148789e-02
5.252587775878258397e-02
8.593653681160919044e-02
6.413249772510498659e-02
-3.793072553443423839e-02
-2.351484541457719152e-02
-3.008013530061992916e-02
2.690707455332339362e-02
7.442051602393608134e-02
1.728145868174125466e-01
2.888775216453699779e-02
2.222399484685233517e-02
3.941870685555891318e-02
-9.962589313958042370e-02
-7.573755057049941231e-02
3.179534915630288783e-02
-1.037001463655281147e-01
-4.905372545270898083e-02
-1.332837328704444824e-01
-5.656088766482523372e-02
1.101157109062426628e-02
2.415439399495965950e-02
-1.004753053309026360e-02
-1.308091509800932972e-01
5.738852340491893550e-02
-6.461082874002069265e-02
-4.561562537846646469e-03
1.206557091909531698e-01
-2.899261867330153383e-02
6.062629318720032245e-02
-5.883948149411990375e-02
-6.833120647141704973e-02
-6.316427817842969195e-02
-3.437381810483861651e-03
1.416878759237178986e-01
1.864207877911424130e-02
-3.768060650465680089e-02
7.989740777713844055e-02
-1.817367286340913421e-02
3.935419371069007188e-02
6.833094528459572603e-02
-3.317699479279304781e-02
-7.481640994836909198e-02
-4.184601393124912777e-02
3.184422374024451635e-02
-9.848702065351775184e-03
-5.619336515885936523e-02
3.202669538329713100e-02
-4.399065156955348638e-02
-1.105342627874261307e-03
-1.584522499959284359e-03
-1.235837114031355793e-01
9.379352612254611421e-02
4.555117753030295258e-02
-3.681950620308001819e-03
-1.392158406048747037e-03
-7.119913571469325964e-02
-1.921975873119384764e-03
-1.257093803485407335e-01
1.898318876777297867e-02
-6.900363194293461511e-02
-1.264356429536052373e-02
5.279646730568185453e-02
2.465365260393452898e-02
-6.186000913775893673e-02
2.491967138146050642e-02
-2.247166525017978492e-02
-6.437014508416384964e-03
-9.533815233554703006e-02
6.555168896716152827e-03
7.771189440129572246e-02
-4.623130801304977527e-02
-3.335212055649571655e-02
1.330344626978363642e-01
-2.416833484154821965e-02
-1.944970107902343343e-02
9.454244668436107349e-03
-3.849270162888129149e-02
7.559206951101785088e-02
-8.664513665788112565e-03
6.459394954169214720e-02
-1.223549253538295904e-02
3.029029274673366440e-02
2.454222377628404242e-02
4.325501888727374677e-02
3.595223536284927746e-02
5.165707244597651793e-02
9.940509233049744583e-03
-1.133181878192916249e-02
3.292540658714562807e-02
-1.658304512150123033e-02
6.248036048677355070e-02
2.553584374133381976e-02
-9.834826515468545957e-03
-4.928360250383323482e-02
7.608799798802075298e-02
-2.455969064496057314e-02
2.464333572449194099e-02
3.962073486185871928e-03
-3.562852694616173987e-02
8.328457642122134852e-02
-6.478761956970933988e-02
5.905042250069763438e-02
-2.674784853736926829e-02
-3.978061384486616253e-02
-4.258256076740352808e-02
-1.699872394765007330e-02
-4.082846272369487078e-02
-1.132287313329856382e-02
6.709980855389775789e-02
-2.721902956305102123e-02
-6.073233503666084637e-02
5.029142450229290989e-02
1.285022836773895040e-02
1.083495982687527476e-01
3.621263862371663228e-02
4.378764411267369386e-03
-3.973049862352321521e-02
2.295136749590747510e-02
-5.142931753777558491e-03
1.050571751441077908e-02
-1.086416377833538671e-01
5.071712637271033608e-02
3.669642191352762064e-03
-2.925197718688355916e-02
-7.276942353288998189e-02
5.491299471234042939e-02
6.655627877870723061e-03
1.251476654409150197e-03
-1.828982264285518577e-01
3.118802450000217330e-02
5.037379629607028481e-02
-1.943047119930291222e-02
1.351155339934992199e-02
7.318719185360945956e-02
8.192558874148167525e-02
-1.673401110423075253e-02
-2.757107674985300946e-02
4.612343785583992994e-02
-7.476015683672483994e-03
-5.077569751739389146e-03
-2.993811496652101084e-02
4.057991081484542406e-02
5.073505031832419715e-02
-1.945156203512541856e-03
-3.717361023609998955e-02
5.848576924133192662e-02
5.684750755288372343e-02
1.916105699309962607e-02
-2.148604413153328355e-02
7.412488519054166725e-02
4.397928994282557062e-03
-6.242603362793663208e-02
3.983618134110441383e-02
-1.222571108892410024e-01
-8.942896374468863041e-02
7.223986725264067155e-02
-1.681772148046744783e-02
1.019514353000094131e-01
-1.257611279875170233e-02
-1.164449205541545282e-02
1.438097903085664396e-02
-2.740741055793625633e-02
4.375933799091191040e-02
3.057707587655548662e-02
6.467028139022623634e-02
8.304128089715119565e-02
1.432802340283171293e-02
1.499728198414062436e-02
-1.193766120301882339e-01
-3.333060529208854705e-02
1.694952288018177974e-02
-7.179056062324543075e-02
2.094959904887136112e-02
-1.811888892763488523e-02
2.895288562810650283e-03
-2.640520407613521081e-02
3.256810301556434945e-02
5.899720568585137097e-03
-6.863663181061140355e-04
2.586712657583996669e-02
-3.389516060639625322e-02
3.250871566206413321e-02
-3.973892189851115087e-02
-1.735224031032205072e-02
4.752114648184197626e-02
-1.731995108953496190e-04
5.143875291169618114e-02
-2.528676945884171176e-02
-4.317649959911101093e-02
-5.277054451366471749e-02
-6.218512143361113603e-02
-2.338513350943350819e-02
2.989390909701068050e-02
-6.352174499177430655e-02
1.902599075811865770e-02
2.157693714535658877e-02
-2.292861159409897986e-02
-1.863861805373160166e-03
2.183688332928661324e-02
-7.002092196366755230e-04
-9.220319221581221511e-03
5.647903824469052009e-02
1.245279997073063874e-02
-5.231248812575486906e-02
-4.855084287658814612e-02
-2.969077104672022266e-02
-3.070639600146716705e-02
2.016747511239464288e-02
