7.296504496842605436e-02
1.194257781429022003e-01
-8.351964193104655099e-02
2.089574288663215151e-01
-1.315156200229090355e-01
-1.032549994322246728e-02
7.087127649938403107e-02
1.097375739769724801e-01
-5.534453869203273535e-02
4.940781092941036456e-02
-7.745726501160977995e-02
-3.317066560178043300e-02
-3.738548809994959171e-02
4.596298354733307362e-02
5.199631236118852640e-02
-1.973118501366697697e-01
-1.471318070141916234e-01
5.249348577153477302e-02
2.523646536539786087e-02
6.537576132760411496e-02
2.667171972098154008e-03
-8.898109252160217586e-03
-2.569802179867893832e-01
3.675161572833211820e-02
-4.681029339951711665e-02
3.937957106314021044e-02
-1.041704384468573052e-01
3.833624581471726384e-02
-1.357147490871410400e-01
-1.719264835719501797e-02
-7.803829491344747848e-02
-1.151747217767442183e-01
1.446638365782677571e-01
6.563326244557524114e-02
-1.107499529938951455e-01
4.498694008371632511e-03
3.488630027167990283e-02
-2.929313330039034352e-02
1.046279884786451425e-01
6.918123263428489766e-02
9.555809883081853306e-02
-1.016801311362799248e-01
8.425377602531224086e-02
9.880972411042965309e-02
-6.526075523397820155e-02
-3.391900174533268170e-02
-6.161503156044181168e-02
-5.586862481630145566e-02
-2.448440076021906817e-02
1.164104356450966216e-01
1.312674739541099533e-01
3.322974477100823932e-03
-1.751241478432935886e-02
-3.850948369992858444e-02
-1.004247581066239521e-02
-5.325958295047163171e-02
9.973329795042926854e-03
-2.927899904131518738e-02
-7.400840411195468149e-02
-1.248432328862646434e-01
-3.457761754410809685e-02
-4.307129039510582819e-02
-8.454266401115770324e-02
-1.178530791337219774e-01
-1.432045844878514496e-01
3.280361550220042832e-02
-3.028625989727778273e-02
-3.336112220068522538e-02
7.232822372261303590e-02
-7.222850432165595080e-02
3.008044881549278363e-02
-3.432018421634836641e-02
-1.167786042831645832e-01
-9.469309573346126191e-03
-3.942627851878904160e-02
1.063988043806174122e-01
1.079321850671904719e-02
-3.915999856844271099e-02
-2.512305234173965642e-03
5.336730159637293608e-02
6.931094920378277902e-02
-2.961079823097153771e-02
-2.186369897802988276e-03
-9.764586786615238323e-02
-2.900238108373162302e-02
-3.000343913535188575e-02
-3.573018671818866451e-03
4.114008285298095119e-02
-1.245611239215583524e-03
-2.840999632148582393e-02
-3.916599800215086330e-02
-1.171492811590540452e-02
-1.179913372698552093e-01
1.120452205629551001e-01
-1.078603274431153523e-02
1.605092561693711312e-02
-2.822292923315061416e-02
-8.024422228723694650e-02
1.972979870384401757e-02
-1.052269149962902356e-01
1.051175354902098291e-01
-3.955457149384771637e-02
-6.373513652660947604e-02
8.342199013153689391e-02
-5.704661531965388166e-02
-3.727631196450336554e-02
3.394388075291340789e-02
-2.191976148285076226e-02
-1.190372385463110347e-02
-2.329729247343446594e-02
4.235579860897282362e-02
7.609342764372718781e-02
3.996931200714173155e-02
-7.956038852982383336e-02
1.058849884733745195e-01
-7.260175722557828115e-02
-9.188793678607544077e-03
1.526540654243655100e-02
-6.668987457543094910e-02
7.453848966993158187e-02
8.917598937935311554e-03
2.713737068303067809e-02
-1.037766451088832989e-02
-3.359801509439329370e-02
-2.537279148050643543e-02
-6.364094202788080079e-02
5.369428768102048333e-02
7.177810615716992415e-02
5.255951343743021920e-02
-3.711402219843179529e-02
4.583638532755919537e-02
-7.525648969388606946e-02
2.886805477985909807e-02
1.540359688835839756e-02
-1.692823263766194851e-03
-8.550684418778091433e-03
5.072419514931881396e-02
-3.813158716652592650e-02
-9.968821745985383814e-03
-1.724467734443809949e-02
-2.191881241989127732e-02
4.276867489145357720e-02
-3.299983426907351219e-02
-1.369728337252526865e-02
5.409014862044193156e-03
1.527116871040484075e-02
-2.914063921986485839e-02
6.522391125408685819e-02
3.210141059750017817e-02
6.900226647621097997e-02
2.056151680740797918e-02
-2.180214546608627915e-02
-3.973069046304317925e-02
4.128010353461037535e-02
-2.661409804129865123e-03
3.123888184285872338e-02
4.145347700024448051e-02
1.078382956244130705e-02
-1.527916795534905482e-02
4.360232501604219442e-03
2.400064981172836745e-02
-1.615569538864288640e-02
-1.298166617450119131e-01
3.616045118989136969e-02
-3.228549491653416592e-02
-5.192130249228368161e-02
-9.916504650343889449e-02
-1.369396165216707831e-02
4.072395264035340821e-03
-4.805810782060292163e-02
-9.370434160520858813e-02
-3.783907240437101721e-02
3.900079325698945637e-02
1.477667301340856477e-02
-4.538947835895985189e-02
1.050193413690090477e-01
3.108425237067440755e-02
1.244662176256100755e-03
-3.289672535754683408e-02
-4.225696048076382771e-02
7.167435323863503849e-02
2.514647385977546515e-02
-5.619883093599011004e-02
7.243556952235169488e-02
-1.062479372651653313e-02
3.500506872203805464e-02
-1.252190279231141755e-02
5.766387908948041041e-02
1.079957044952644385e-01
-2.040654838416670197e-02
-3.345948579741448575e-02
9.951101384727611965e-02
3.549929325818876324e-02
-7.832816585735810633e-02
-2.109658494592214772e-02
-5.525115767584076049e-02
-6.112548454887712507e-02
3.465733883270466498e-02
-2.566910249449927059e-02
5.772041612578102804e-02
1.128012170003946102e-02
-3.301722245829546596e-04
-2.068601353062871420e-02
-5.711918474094863224e-02
6.765005512958205403e-02
5.084757333405159202e-02
-4.453864341578345210e-02
1.090145574773750126e-01
-1.235233235753638442e-01
6.963644390377972393e-02
-6.847194365249421877e-02
-7.565184220672208776e-03
-1.934532651993636429e-02
-2.543465004840130342e-02
3.942461765860995337e-02
-8.692060904635344216e-04
5.134349262548708326e-02
-5.597881780491856252e-02
6.725310954677833630e-02
1.660361921041310709e-02
-5.282416642270316640e-03
4.360968025397819053e-02
-3.037723436096535778e-02
4.028433311947865469e-02
-4.673108053750599233e-02
4.688933678599976201e-02
4.024701460810756887e-02
2.729461007835357056e-02
2.127422919487392469e-02
-6.561034935412486668e-02
-1.119587541483250820e-01
-4.249524307380541516e-02
-3.000621853401894135e-02
3.040126599090368920e-02
4.308501791291263761e-02
-7.010697576104904516e-02
-1.269768281044992425e-02
-3.585502239246635831e-02
-7.396115433461472426e-03
-2.150359737511751967e-02
-6.706078871706027539e-03
-3.386734560425225249e-02
-1.853228461961079626e-02
1.812327237917937470e-02
7.678936195387370267e-02
-2.321804571631764375e-02
-8.447372136617239957e-03
1.166489893989837608e-02
3.357069563920246635e-02
8.549565880290129274e-03
