6.843329308498356800e-02
2.451418360845581124e-01
-1.339054644328428181e-03
1.071743256517348059e-01
-9.121039474278253012e-02
-4.088468036331122102e-02
-8.069135186057356524e-02
1.599680063736633462e-01
-2.092048015309625614e-02
-8.034951836170259321e-02
3.632685172571753496e-02
-2.071757307184391994e-01
1.634367698311434830e-02
9.828917245557904081e-02
6.124891480154951579e-02
-1.318503401277709708e-01
-8.060330273239513232e-02
-3.835552115390194333e-02
-5.157026125671222705e-02
9.554206155010268320e-02
3.463498024742416026e-02
7.516724516110941980e-03
-2.183308583094780986e-01
-4.665027447690094087e-02
-9.411550511987623602e-02
8.919810909352565709e-02
-4.368378878542838323e-02
-8.277471902731559084e-02
-8.141621548728923685e-02
2.644947644359892797e-02
4.537974708608229213e-02
-5.929709222953742642e-02
7.447139067525654355e-02
1.299722263161900704e-01
-1.226772848921092174e-01
-1.078656919308881440e-01
9.676135770347310885e-03
-1.842361413823233318e-02
-5.762266272524707578e-02
3.877409204048916716e-03
7.116347286925196747e-02
-8.323561771692269962e-02
7.645609027357976040e-02
1.498287825445872024e-01
7.467938074181980357e-02
-4.665618577352957652e-02
-4.341172318256949353e-02
-7.777755698596371114e-02
-7.940794368142216342e-02
4.299322527495299390e-02
1.194177521436946415e-01
-4.165161636664922729e-02
6.765650492059782639e-02
1.528686850806080556e-02
-6.631956666642040144e-02
-1.662344186738461821e-02
-3.182434114793260965e-02
-6.446535346775160435e-02
-9.537709258678118973e-02
-1.632638461600131041e-01
-6.436172332932359186e-02
6.676492083526332222e-02
-8.568716379096705943e-03
-2.376775469589123557e-02
-1.458107428639532355e-01
-1.785043730216642061e-02
-6.125427875589772170e-02
-6.640980516372056719e-02
5.884239675244184314e-02
-4.115754873484806647e-02
-1.079731169757938182e-02
1.176888073482734894e-02
-5.371471182195017985e-02
-4.085194929494152111e-02
2.040006711286375743e-02
7.741331894308046968e-02
3.869461794137078747e-02
-5.215544313346223010e-02
-2.092628198126881070e-02
2.509907356932292513e-02
3.185561263688781869e-02
-1.686580502915886260e-03
6.473333224824995291e-02
1.205875320654288541e-02
-3.296609714490883469e-02
1.500469531775664583e-02
4.865533520805614964e-02
-3.160427306171453149e-03
2.614635828869699141e-02
-2.736492465236017770e-03
3.180044053502051327e-02
4.272958874321271250e-02
-1.879078228679014750e-01
1.814406819087423933e-02
-5.178025824497040075e-02
2.193258900858138100e-02
-6.184632065589578537e-02
-7.616453928553758301e-02
-1.275628620872241818e-02
-1.764199476598466709e-01
-1.141062696754347079e-02
-1.924896980763486989e-02
-6.937855320328556452e-02
-4.602641374566723148e-02
-8.967338464036538059e-02
2.512297418223501805e-02
6.479875789550397502e-02
8.342481569852455703e-03
2.115481562809086793e-02
-2.519230420442277255e-02
8.005501172534608065e-03
9.296542952023748030e-02
2.894707224817008595e-02
-2.994498669384940484e-02
5.766024689516990875e-02
-3.855654172876107205e-02
2.307518426372093256e-02
1.767550670934110463e-03
-2.307303138408457570e-03
9.352937451650682188e-02
3.773001839582695860e-02
3.344199301299972255e-02
-7.801911737906000455e-02
-1.943305926128603700e-02
-2.027552849932333368e-02
4.427393323218761778e-02
-1.089371691790571965e-02
1.297513189718086934e-01
-6.278778586772011672e-02
2.274323941538303889e-02
-3.118391419034457069e-04
-7.792712738646245807e-02
-3.123667798617798738e-02
-3.877044309195297033e-03
1.018282876408370743e-02
2.201841227815274846e-02
6.828036565183154272e-02
-2.702458722238902655e-02
-5.499593063197987658e-02
-4.833882541202636635e-02
9.776153449724487784e-03
5.171286216550682879e-02
2.243763997547649006e-02
1.851837733171738873e-02
2.141735747527028291e-02
4.468619143780722114e-02
-4.975822990312186306e-02
2.968755337462066282e-02
1.299671542777247613e-02
-1.975139353158391307e-03
1.074636507811699004e-01
3.383669977616021729e-02
-4.483422927992075646e-02
2.818232561395379865e-02
9.987974912250757731e-03
7.047174169524500487e-02
-8.591339860021130620e-03
1.799916844450183059e-02
-5.854081115592510952e-03
-4.545787107424228285e-03
2.391436944807565426e-02
2.445233393076726332e-03
-2.069001256355001636e-02
2.060958973781222558e-02
-4.627388543539215360e-02
-8.326090493027855921e-02
-2.342603066547632729e-02
-8.153830930531040175e-03
5.444946409919893676e-02
-6.581312909908154651e-02
-7.261104724304691393e-02
-5.607985079465737516e-02
5.426154324958475800e-02
-4.608972300277026229e-02
1.686445491820046799e-02
4.293389337175441273e-02
3.572692809688129273e-02
9.583525456498615674e-03
-1.058957705741365302e-02
1.703621092579929094e-02
1.671360738571405977e-02
9.318407451652643836e-02
-8.978821705079952434e-03
1.120601582732472651e-01
-1.084726580303992625e-02
9.727253890390902269e-02
2.153069381680458236e-02
7.850596009275948028e-02
5.300433452092324221e-02
-1.532729885784187354e-02
-2.715025700997567015e-02
3.266381824817022467e-02
-2.083867072691470909e-02
-8.893337787722450927e-02
6.526447319717887385e-02
2.432352604743948533e-03
-8.589858386915434629e-02
8.617875013776359061e-02
-8.147883144417038259e-02
6.352501942997347550e-02
1.695378117836658649e-02
-4.644122621526217132e-02
2.351634214174722071e-02
1.528789021365093911e-02
9.384132312686635502e-02
-4.469597061988423575e-02
1.433744858842755411e-02
1.912658407373080127e-02
-1.426355738056955293e-02
1.761836417526425197e-02
-2.600007194188082987e-02
-3.753235485362113079e-03
-2.258582377553147377e-02
-8.343941149266934088e-02
1.548847291468572265e-02
-8.666913233154319163e-02
4.777480743678631098e-02
8.515824870064521435e-02
4.092503773412155960e-02
-2.765669457731453895e-02
-6.696689013674185509e-02
2.289211651565989727e-02
-9.061977593271358655e-02
6.056612355145622045e-02
-5.451175165071182188e-02
-1.075078760374286076e-02
1.624227270329341860e-02
3.984286906674144868e-02
1.563994076842328482e-02
3.138347518578921830e-02
-7.593199179532571230e-02
-1.508997124504758355e-02
-7.143849412042518887e-02
2.411371150660813079e-03
2.075138787792886116e-02
-3.397324343038472805e-02
-8.862566204716696826e-04
2.973115830962822642e-02
-7.195569608594583333e-02
-1.045686479915214524e-02
5.817518651259810875e-04
-1.302893564334710102e-03
-2.968270027306752282e-02
-4.643954769893552520e-02
5.847578689301007049e-02
-1.163269832650792035e-01
-2.168059262267157949e-02
-3.471397998323284134e-02
5.289107115835967043e-02
-4.392494779418568140e-03
