-2.405024199644337224e-01
-3.434841863012768563e-03
-1.205035750881920664e-01
-1.286031383326056710e-01
8.879448394156674168e-03
1.538749656231421514e-01
-1.018009545505358347e-02
2.860181244980533610e-01
7.212554146436808700e-02
2.039842215262177016e-01
-3.763726470520635699e-03
5.823098850559266237e-02
-6.225829891761894275e-02
4.580165906794678166e-02
3.177533090797838439e-02
2.379365766921336806e-03
-2.237200146453832347e-02
2.244042126867008130e-02
-8.394757806210524642e-02
6.063705141177325869e-03
9.226833180075853791e-02
2.708253728341170757e-02
9.160304982293619031e-03
6.005202854732703127e-02
-7.642669878851976462e-02
1.095274286277133080e-01
7.095539511811660427e-02
-2.281055899337504009e-02
-9.694573096939557155e-02
-1.627242288095936129e-01
-5.391426902991297565e-02
-1.682817950957942732e-01
-7.570909578400841777e-02
1.939047434301814296e-02
1.431846060013921562e-01
-5.100371068561965898e-02
-9.433306708603279855e-02
4.138509363300225952e-02
1.118559826283309182e-02
7.967731026717185527e-02
-4.190391027521511019e-02
-3.951716590196584222e-02
-4.638946567932582254e-02
4.210199231600049441e-03
-5.583857602111875346e-02
-1.649553516675628106e-01
1.352179918273600789e-02
4.168386011104428107e-02
-1.353733114905631141e-01
-2.426169608424215071e-02
-5.019162798099106523e-03
8.897512564012245717e-02
-3.648596734421078597e-02
-2.520984699738179971e-02
-2.732700392670406406e-03
7.028592075033518460e-02
7.721312406659895655e-02
-3.428301734676644091e-03
-5.043619524164244527e-02
-3.713072338079361628e-02
-5.395830589404287253e-02
-1.186522156822738261e-01
2.017569221278911820e-02
-8.724776035963320575e-02
-5.658740394604513946e-02
6.239141568359882206e-02
-6.982536155899335406e-02
8.450077230198232980e-02
-2.312280819752538311e-02
-3.581297136886377186e-02
2.141137399888052347e-03
6.847279594084352411e-03
9.105760311970342857e-02
2.661054125226157419e-02
-8.232113199271032244e-02
8.346129436597464479e-02
6.446037689795179604e-02
-3.217484890151638827e-02
-1.907134961933495097e-03
1.631154961796922251e-02
3.753832430217267976e-03
-1.915026716792418704e-02
1.789892261294574738e-02
-3.402624184655430456e-02
2.771595709754525946e-02
8.799940557061207425e-02
-1.329188851738148658e-02
-8.134544546231961201e-03
5.704434091246235808e-03
-8.989211871108640506e-02
6.177030472638506131e-02
9.514880555470566978e-03
1.051048932294670890e-02
6.408658340920254937e-02
-3.345728422043117017e-02
6.830473141216496236e-02
3.233003440824073343e-02
-1.065143076554617013e-01
3.614913396534055051e-02
-4.789708264772130769e-02
-1.554809863686565374e-02
7.018178178375228393e-02
-5.415202784927083957e-02
8.157351147609214967e-03
-3.902025030489908453e-02
-1.403598742643406144e-02
1.736434258448685958e-02
-3.732374101450846443e-02
-3.081386496432877639e-02
-6.901673338369102018e-02
7.581420738506181034e-02
2.086438449614283139e-02
-6.891886623248686880e-03
-1.392393322760846625e-02
6.301738981316509780e-02
-2.386103776063528206e-02
5.041691024783079289e-02
-4.269640613395500606e-02
-1.176720013707273187e-03
-3.030038104214384173e-02
1.223852538582941712e-02
4.586031898825386477e-02
-3.439748636220844868e-02
1.224695376660310114e-01
-1.559351731272606290e-01
-1.149909512223524638e-01
2.382699555416776388e-02
9.090167975234629549e-02
-5.200005731372858708e-03
-1.358170340438293877e-01
-2.013235967017233674e-02
-1.063036484447991564e-01
2.016019713950045755e-02
5.120410692566244176e-02
-3.060914217784824979e-03
-4.912867266121268006e-02
-1.176582503316616311e-02
-1.476073426343564240e-02
-2.208745557323740782e-02
-2.360835403302317947e-02
-6.495913714660053739e-02
1.394935588032016928e-02
-1.890486142928100161e-02
-6.707005579966372755e-02
-4.000576379735382854e-02
7.994676355462018713e-02
-5.036224148276472606e-02
7.406641678069204870e-02
-6.597164963039159336e-02
7.723861379754999590e-02
-1.467235868309878580e-02
-5.041432773561601438e-02
3.244473819752044519e-02
-2.192334866068020027e-02
6.005313533827621834e-03
1.621723761345034154e-02
5.447772624040982808e-02
7.360132980819442117e-02
-7.265566078991053667e-02
-5.010201145322632638e-02
2.158292659600501498e-02
9.627303684612559601e-03
-7.039723708852799189e-02
-1.039243162169974956e-03
-4.182999005545706868e-03
1.866894726150511441e-02
1.864956165033445148e-02
-5.570961810597824942e-02
-6.367012816022996069e-02
-3.870756509219300256e-02
-6.957153750131238323e-02
7.107606887069801982e-02
-1.525459780061220322e-03
5.545475433558744172e-02
-5.554041324723082984e-02
8.394523032372817883e-02
-1.394395608205290828e-02
-1.909315004712203515e-02
3.513474329084784881e-02
-1.715311320878988230e-02
-7.251191212299449435e-03
6.782934792992791062e-02
-1.116604830997603021e-01
-1.312922378697019103e-02
-5.320780101313286881e-02
9.210073681975539106e-02
7.301288595354162025e-02
1.167187189722777990e-01
2.875627351154474987e-02
-3.268454290317833640e-03
6.955074324711548774e-03
3.666171233129432439e-02
-8.545767692535648306e-04
3.216284189667365651e-02
-3.078260650479406821e-02
-6.555288018216159744e-03
-1.515991686577692656e-02
7.896581138244089526e-02
-6.367146972501686042e-02
2.093485018657461130e-02
-5.567671622957959948e-02
-1.073169323283426624e-01
-1.683767778827065936e-02
-6.594029055349785728e-02
1.323836343629625212e-01
-3.801253391522119163e-02
-4.148252477565067542e-02
-7.850837132922860269e-04
-3.711636863757381694e-02
1.548870085592577751e-02
-4.071850362951267253e-03
3.978782659772235608e-02
1.758824974742001501e-03
-4.585552289414070171e-02
1.358381301501033339e-02
5.640334125728283660e-02
-3.237403773325096129e-02
-2.524898715003952993e-02
-5.329003893456966956e-02
-1.670382316165798390e-03
4.323544686533032505e-02
1.272856546336332238e-02
-5.039524397652239696e-02
-2.462200684688308633e-02
4.597401660394340867e-02
4.948093403513223465e-03
-1.545392078882546448e-02
-6.379982393600325263e-02
-3.584204978561977145e-02
6.056729004285459420e-03
-1.476539620107011203e-02
1.444912230255907676e-02
-7.294449968852952104e-02
-5.689475643872330714e-03
-4.655095654054858603e-03
-1.761923989399733978e-02
-4.108612592024219606e-02
5.402246622997623413e-03
1.333247085218513097e-03
5.210875760058694683e-02
3.914105821395919005e-02
5.791743127577509559e-02
3.296979311599237267e-02
-7.718350902392819013e-02
1.385866610072591411e-02
-4.648052438923647861e-02
-2.175994606963610814e-02
7.841781570611302057e-03
-5.750818693753208949e-03
9.121533759952287976e-03
