-2.537253845492047910e-01
9.828663227274711534e-02
-2.258677995855445098e-01
-5.851327948382105404e-02
1.092566853678791222e-02
7.749401882711270950e-02
1.608787007569554839e-01
1.912879354862516978e-01
1.033382488919590420e-01
1.978651722258669143e-01
-2.226054024503538661e-02
9.760451690623131449e-02
7.959175062069538675e-02
-8.599022723061079676e-02
-3.747641887039430963e-02
1.486712299526321557e-01
-6.552488385431415319e-02
-3.984458604216133820e-02
-1.339718502056226335e-01
-7.520841221774168806e-02
7.045896725689913820e-02
-5.742737691873886496e-02
1.257268570813831199e-02
1.189827819572780304e-01
-7.150524075203124053e-02
1.999038897294489261e-02
3.085932189125427036e-02
4.554658174770404022e-02
-1.109005322136335098e-01
-5.926401918980041261e-02
5.197022281703775684e-03
-7.898928968477925139e-02
-9.058333551050026800e-02
-8.862483384934222164e-02
8.590944997636254521e-02
-4.306431587870573202e-02
-3.490069444476371491e-02
7.583636785532570090e-02
-9.222807401032853680e-02
8.632572033196320160e-02
-1.412819275212897838e-02
-2.845036980166361276e-03
-7.974425649155328713e-03
-2.693138755047693941e-02
-1.386413104936159296e-02
-1.145555543593546194e-01
-1.785276391561246845e-02
2.890851487451152543e-02
-1.559830245279971161e-01
3.570638646107385933e-02
3.830535994107516634e-02
1.269446584009491508e-01
-3.905028738346184164e-02
-5.375970649485870695e-02
-7.636452428508543055e-02
1.088540540171862719e-01
2.706853715672918187e-02
-5.319046792925072840e-03
-1.688898493442645560e-02
-2.147492695749995614e-02
-3.744775384313041300e-02
-5.976535994889391884e-02
-2.202854506470261139e-02
-7.491436451871207047e-02
-1.430814505634980804e-01
1.146553205429539507e-01
4.406653505774332097e-03
7.386756263598062699e-02
-4.006069657028912302e-03
-6.585185670562729299e-02
2.713811919871653849e-02
2.528734255937279546e-02
4.602645676057458973e-02
3.107074297943796318e-02
-6.842784532505755135e-02
-1.543456504303345779e-02
1.485307448996591069e-02
-2.865181757390986798e-03
1.423806434856558431e-02
2.251050060374553546e-02
-8.346351075481847626e-02
-2.679143088510323178e-02
-1.418994805280118961e-02
-3.233963277501465672e-03
-2.137037226128165116e-02
4.549965432403815097e-02
3.623183490438699333e-02
-5.226694547828899390e-02
-1.645507964269800685e-02
-1.124734430241772498e-01
7.581358114010440519e-02
2.378130580436981639e-02
3.783562336526685027e-02
6.282723399013714904e-02
3.941153938028180842e-02
4.650402007769804252e-02
4.676296302559687298e-03
-4.414476944666977792e-02
2.994260243063397858e-02
-7.201757857803589048e-03
1.578746191093894496e-02
1.096628172864175521e-01
-4.631129070084080007e-02
-3.252800295417738324e-02
6.976961958511745075e-03
-8.749273039354322004e-03
-8.419905931731697102e-02
-4.730373470929071650e-02
-2.242942613147265798e-02
-3.536058980153442000e-02
3.318455757057538202e-02
-2.011347025936486080e-02
2.942957109590520204e-02
-1.054872012584522067e-01
1.212956996006896576e-01
-5.194142569287402839e-02
-3.911920894095002876e-02
-7.077553747735038092e-02
8.821430970888432047e-04
-5.313089222742576473e-02
-6.717424574563661023e-03
5.421659664715819393e-02
-2.536953985529425554e-02
8.289281912331232516e-02
-1.310222585292379616e-01
-2.008335216620279681e-02
1.664513405733361248e-02
8.770408543327700909e-03
3.612434105214739483e-02
-1.083397677619090810e-01
1.623943145371964034e-02
-6.339092448595211315e-02
5.688336886099910894e-02
1.949954991738815993e-02
-4.971830091712429317e-03
-5.150474636624906982e-02
1.374071952069204350e-02
-3.430047915614475168e-02
-9.622664716829189280e-03
-4.521359848744847115e-02
-6.923677371541361869e-02
1.038136326102352507e-02
-1.497579250991133357e-02
-6.843471436384891693e-02
9.423561664554982661e-03
2.980961387672649218e-02
-4.365644023220988795e-02
-5.732444040954352490e-03
-5.505092066650727617e-02
7.149018170545020853e-03
-2.354954179361174946e-02
-6.683541719756339039e-02
2.531412520581406006e-02
-4.653516192183381611e-02
-1.245452503123714756e-02
5.275292997277684914e-02
9.269777756191190099e-02
6.191437836383698740e-02
-9.886108866589853050e-02
8.993355086021875139e-03
-5.520392190073955541e-02
5.479488385040478388e-02
-6.241271391845928246e-02
-2.938165294549055680e-03
-2.241945281553521865e-02
-2.877991854252351031e-02
9.916570411691481846e-02
-4.805724845016657448e-02
-9.790147073705726677e-02
4.962827687988768943e-02
-4.887981584543046355e-03
7.740382966875131686e-03
4.777931657291666773e-02
1.944951821657617957e-02
-3.038047062935743739e-02
3.548377016062926465e-02
2.116819795608631052e-02
-4.411970405992634778e-03
3.667961037059797036e-02
-1.788648164929499892e-02
-1.829419873063143145e-02
8.283882451550533821e-02
-9.722070936376475681e-02
-7.935754281729039128e-03
-8.161088475887705307e-02
7.770583620599590124e-02
8.903354165742739801e-02
9.773106573627191040e-02
1.742727980124841175e-02
2.518410883215282947e-02
-9.556186951987925490e-03
7.688128735723451235e-02
-6.701523410246190693e-02
-9.280302576685432736e-03
-5.865052816274816949e-02
1.532522183419618780e-02
-1.221291980144147658e-02
6.709066143226689871e-02
-5.401201157354089399e-02
2.472556746860541180e-03
-4.348963487194499461e-02
-2.863735296337808697e-02
6.807019296875806147e-03
3.019408190369221590e-02
8.980726622397781911e-02
1.053935115322452050e-02
-2.742582624655413859e-02
1.082018916227077410e-02
1.665051700600183107e-02
5.775055198418179575e-02
-2.185401203579745433e-02
2.198419353058347903e-02
1.241948632855628329e-02
-9.429981573886894730e-02
-1.000683552577028360e-02
2.420068043711656736e-02
3.605786328730613277e-02
-3.140716075908921157e-02
-2.022737081124638750e-02
-2.582187266454949448e-02
-5.717054752123736615e-03
4.629821310775728005e-02
-6.077296207659973332e-02
-3.772337402463323691e-02
9.396052485164633084e-04
2.517099821484434369e-02
1.446956416552398240e-02
-6.328016123544163984e-02
-8.699809355211628181e-02
2.338980361748795381e-02
-7.281953885692572792e-02
1.504682761779685581e-02
-5.148034146400481958e-02
-2.746875773900005896e-02
2.639230010225597847e-02
-4.016531731495733698e-02
5.099174805574525210e-02
-1.053548731890438864e-02
6.410365330900436032e-02
1.153325483241759014e-01
1.632387439693827472e-04
4.735224729575460839e-02
6.920533465325322264e-02
-9.618932979408889236e-03
4.424777200431503910e-02
-1.226341384140287351e-02
-4.050374957233104922e-02
-5.631670618493787861e-02
-4.489042342200554730e-02
2.271511870158779423e-02
