1.305881747452738717e-01
1.618824085571122229e-01
-2.502493325289107395e-01
-6.026047233811755027e-02
-1.309885083855547305e-01
-1.196835211354880107e-01
-2.727920522949056625e-02
1.063715630335780871e-01
-6.442226247547081040e-04
1.120785652702663143e-01
7.197850641523174942e-02
-1.571201673629132045e-01
1.769883092932317270e-02
-6.219985909865212437e-02
1.328062635431639937e-01
-1.422707041194491429e-01
2.375544580209376297e-02
-5.679201197958389652e-02
4.318679425339914252e-02
2.097642880777228838e-02
5.645675931611875489e-03
-9.996385341745959649e-03
-1.123852297313650273e-01
9.807851416854170001e-02
6.962903704218077749e-02
5.406114700353396169e-02
7.685210326864834463e-02
5.774530337277920811e-02
-8.406482767997414118e-02
-7.085269773632758838e-02
4.328527204726501793e-02
-5.115002484827736728e-02
-1.289742258045348811e-01
1.280056851743630042e-01
-6.654118182943778714e-02
-1.902117032520963813e-01
1.004042368896270188e-01
4.791514459479281202e-02
1.009930945740845736e-02
1.822295016842192250e-01
1.797045178752113351e-02
-8.093702144249559360e-02
7.518552305212415632e-02
-3.718771807824851339e-02
4.155374259679317506e-02
-3.102412799662294593e-02
-4.624230659203634741e-02
-4.120524977508921438e-02
4.495494822118833132e-03
-6.455249030053625270e-02
3.237679789430576022e-02
-7.265032917084252029e-02
5.229309184289580859e-02
-2.625263186594355841e-02
3.624219951426803366e-02
4.760034501159211145e-03
1.457756572524320782e-01
6.091987832841479038e-03
-1.273222361106469969e-02
-5.607411215587334435e-02
-1.088659824971988793e-01
1.208348879307934859e-02
-6.585707405138153947e-02
-4.143204512243383458e-02
-5.867863572146524848e-02
-5.986369575527399761e-02
-6.586244257325450657e-02
2.653683416804010139e-02
-2.233008677696546752e-03
1.451220150126119462e-02
-2.894120738135008003e-02
-7.477461704668245980e-03
-4.732539764597594456e-02
-4.028301676303620849e-02
3.243651034924851378e-02
2.582670717354438109e-02
5.583354967881769965e-02
-5.495498942752261723e-02
-1.975639104249679937e-02
1.045791354423510587e-02
7.613104161610463605e-02
-3.597367461346920314e-02
2.792481115435977920e-02
-1.767603941315086871e-02
-3.345876913386695156e-02
-1.034988109886404717e-01
-1.168108020262673998e-02
-1.424535302845827411e-01
3.643948445916990464e-02
-1.621114764689306764e-01
-3.589782365719056817e-02
4.307711831574918132e-02
-4.311924309780752751e-02
5.048712767197685580e-02
4.167165246369613357e-02
-6.800698591505682095e-03
-1.733657097790818752e-02
-4.480476135161361000e-03
1.006278045367044877e-01
-1.130856077536252086e-01
4.504809042889826309e-02
9.826117565509026597e-02
-1.018239309714292634e-01
-1.967253670698424634e-02
-1.790517319640334837e-02
-1.930714786245312647e-02
8.647443767228901734e-02
-6.559569620117432220e-02
-5.741828463856706033e-02
4.966113282503291891e-03
-3.984813355560977433e-02
-4.435670385738236382e-02
4.284113390335820074e-03
4.355047044064563888e-02
1.076065865500940369e-02
1.011733188175742287e-01
-1.372279823591759408e-02
-6.902842130674995136e-02
5.493437166867310567e-02
8.902405739762192516e-02
-2.999834509028422372e-02
-1.369259618341759147e-02
9.758358914900239212e-02
1.096232405027387649e-03
-7.183240357456653624e-02
-7.397121610160875549e-02
4.193227279241208694e-02
7.436015398380345365e-02
-1.021073098806004990e-03
6.507083261487109360e-02
-1.427401039583041549e-02
-1.809330201197588764e-02
-6.033661971584929756e-02
6.851119880679351626e-02
1.862185439858445382e-03
-3.251835560602333447e-02
-3.423437233378252148e-03
-1.244361451003195146e-01
4.208499571219672525e-02
1.692197617216114475e-02
7.878911865755804100e-02
-2.595848297730939114e-02
-4.947926179569265420e-02
-4.323735057901256264e-03
-9.459480457303150180e-02
9.869978059853904556e-03
-1.258598902753142214e-02
9.945789493272125248e-02
-2.998220658894834578e-02
-4.795868561268266939e-02
6.468364032567802679e-02
-6.388534441674119380e-02
3.549907093132628755e-02
6.290847105016528218e-02
3.396973384759111037e-02
-9.464562438438101077e-02
1.045531162259115757e-02
-3.608216486530672895e-02
1.826114242586903899e-02
-3.138444474073421447e-02
4.121071710411319811e-02
5.664086997421582427e-03
5.357024014147011154e-02
1.450867737954091019e-02
-4.299362627312375805e-03
5.217017574700703484e-04
-3.378756639679774548e-02
-7.402595526328269171e-02
6.449195445266819871e-02
-4.087849452661316413e-02
-1.011944635478959353e-01
-9.160476843981413264e-03
-3.817608601006159535e-02
2.945546566677543707e-02
4.157748924875882823e-02
-8.028344507410948086e-03
1.009328222119526032e-02
1.295417740800856518e-02
-6.830973102583111356e-02
-8.999684673528833556e-02
2.636125386064913298e-02
8.868346914800083469e-02
4.430084488133001833e-03
1.755681211756742952e-02
7.494519112508760128e-02
-1.767715922752927799e-02
5.125196089242950448e-02
8.612047752156105906e-02
7.012238114730352800e-02
-5.346784299727981409e-03
5.257544974483968625e-02
6.487236198415678723e-02
-5.215937283182709577e-02
4.765007794428023288e-03
-4.392409321442975606e-02
-1.574175768875315726e-02
-8.485824910279318734e-02
9.262129640967248223e-02
2.076705645472701200e-02
2.644402131750028459e-02
-5.913973575963323709e-02
-6.870993292324392709e-02
-3.117596165204826117e-02
2.989864867488890160e-02
2.842167938120280374e-02
-3.454498908092269033e-02
1.285886144297583751e-02
-9.829994099401337740e-03
-9.915146102164161535e-02
2.620464452625707180e-03
-5.141298361290116969e-02
-2.108090090213435297e-02
-2.140192533585031157e-02
-5.059354297364261968e-03
1.303905275074848658e-02
-5.420622883697182037e-02
3.953405855818334716e-03
-3.648454052004232451e-02
9.777626309352260153e-04
1.068059522052493548e-01
-1.830201565068092714e-02
-4.616741077155105816e-02
-2.974319209059226449e-02
4.186485337968851722e-02
-1.172343553470417063e-02
7.347991401094075385e-03
-1.741377229858431883e-03
-3.640793204227241175e-02
4.400603727835561418e-02
-4.059992423212566842e-02
3.423447114093356586e-02
-5.017832238927234789e-02
-5.413591108115119871e-02
-3.670520982402272064e-02
8.248388032768115205e-03
-2.701209656452325386e-02
2.427418334503275363e-02
-4.807880217262543859e-02
-3.179485671042074635e-02
-2.955657831800227731e-02
3.193802827227190666e-02
1.151406318165889078e-02
5.747974268651145219e-02
-2.210632151558594369e-02
7.903485204218457794e-02
-3.101632223169109928e-02
-2.614947720026197450e-02
5.825847477954316372e-02
-4.393522548677981227e-02
4.030916772234374029e-02
