1.549991038575193325e-01
1.621997992711804726e-01
-1.037101882307076978e-01
-7.857644499273581939e-02
-8.587630729221863712e-02
-1.626791683837361113e-01
-2.352382390149393432e-02
1.033517011316012341e-01
-1.673605680957838959e-02
5.073836725760572791e-02
5.593980507319755435e-02
-1.387114968186470565e-01
-6.071611046077903841e-03
-3.339878671252136805e-02
-9.301233457854950898e-03
-2.616628562527081522e-02
1.292227360184390779e-02
-2.463582933824297327e-02
-8.212238556660957089e-03
-3.415625945331118157e-02
2.354833438307034343e-02
7.689241468692949166e-02
-2.315804161037446351e-02
5.914099668993326453e-02
5.135842448902903923e-02
-9.184135399141495418e-03
1.252711964045150617e-01
-5.421173089785474852e-02
-5.045228664371247812e-02
-9.995091442497693046e-02
-1.798769358504367921e-02
-3.403275253432461178e-02
-1.944678312216857330e-01
4.405089201102788815e-02
-1.255318461154096956e-03
-1.094866167177172417e-01
1.332726243658094722e-01
-5.649965992567240747e-02
-1.223329044177060287e-01
1.470362995062750866e-01
-2.383993752549681041e-03
-8.347745043818451116e-02
6.583399446504432581e-03
-1.753880064846760969e-02
5.580671895348363054e-02
6.267572175832906989e-02
6.541094150765450373e-03
-1.098107073273791971e-02
5.340864616214249620e-03
-1.193466823375779196e-01
9.064514703937560230e-03
-3.851895472550100064e-02
1.629754418126382054e-01
1.230085278312844851e-02
-9.818851193955423304e-04
-5.572469917786075470e-03
1.927135079909690352e-01
-3.483675769145907347e-02
8.241589773124505941e-03
-2.425729750594188966e-02
-1.268417080682498199e-01
6.911648997407452040e-03
1.138486301962609790e-02
2.256774467160234734e-02
-8.483183351611335576e-03
6.620352662121720133e-02
-2.549151445374995412e-02
6.989322338536596568e-02
4.448839899371449802e-02
-9.031618160514417668e-03
-1.276590422911650508e-02
9.859963350813773231e-03
-1.244934743924367981e-01
-1.376972265010629470e-01
-1.628351627699581999e-02
4.385300140525448531e-02
4.311526659051856392e-02
9.709934658994872486e-03
6.408417107239170254e-03
-4.489317988138948057e-02
8.015837670004236082e-02
2.085299956204031413e-02
6.616295989927571675e-03
-7.870820161483990662e-02
1.864177231940615173e-02
-4.330163488367328589e-02
8.910153213497848390e-02
-8.493164810589880209e-02
-2.510248299929930538e-02
-1.188755629281397913e-01
9.235863083069237311e-02
1.406015310746150902e-02
-1.489681618024298396e-02
3.602116961342132634e-02
3.734347430030233311e-02
-5.732595973503352982e-02
-4.339173391400216045e-03
-1.029083989029229845e-01
1.223891864831895687e-01
-1.055481675417978688e-01
1.120098327327955119e-02
1.279138626663857414e-01
-5.691787214817507767e-02
-5.041536751777749709e-02
-3.048381206840813581e-02
-1.471975437035719265e-02
6.838683441404456997e-02
1.110300952633851189e-03
-2.530964599865932751e-02
3.033603329562128623e-02
2.465123787464428007e-02
-7.612638543588144679e-02
-3.763954319111059710e-02
-2.289258525427498997e-02
-1.357962494570754027e-02
1.429563099694304562e-01
-3.982612359343912917e-02
-2.817648601135963951e-02
7.567364036520503670e-03
1.521607628192249706e-01
1.092724312438026445e-02
-7.261501179986371013e-02
1.026612487062206341e-01
-3.317716968786454251e-02
6.225560051361738421e-03
-1.042466234714398560e-01
4.534186827987173041e-02
1.729335493588045466e-03
-9.190305631638477635e-02
3.505973830340804870e-02
-9.415365714207979408e-03
-4.679988399200405574e-02
-5.558271565106554651e-02
2.050753472157389179e-02
-3.726895425478628926e-02
-1.701204687750972749e-02
8.411833646549541840e-03
-6.944675081623345736e-02
-2.398509139274627305e-02
4.079410012245473192e-03
8.197733396840703457e-02
3.591085540148632183e-02
-7.036434279480408005e-02
2.954597081854906312e-02
-1.444931069373667776e-01
-8.910350933655211692e-02
1.679820230041816770e-02
2.007728884121798632e-02
1.008123947864755614e-02
-1.889134288355206678e-02
-3.815013845265648879e-02
-9.791426044542039797e-02
-1.345676573068474609e-02
9.370650277930121785e-02
8.396980771969789203e-02
-7.444804810701984021e-02
8.898838847941226843e-03
6.734951947122309879e-02
6.246562704629091828e-02
-7.677470301393457541e-02
2.174860369552501435e-02
-4.397398568775057887e-02
8.611169654852618427e-02
2.925204957772594566e-02
-1.407525483672208109e-02
3.915482956951325116e-02
-2.509753999536526101e-02
-2.977478076617198419e-02
-2.670268677632066379e-02
-1.858334260393748605e-02
-2.587243256381229969e-02
-3.524781108067795432e-02
2.936723861423038828e-03
6.731962281984269457e-03
-1.570235537308111579e-02
-6.159518109834640626e-02
2.042551494595101508e-03
1.086404085338907180e-03
-8.814074852892897494e-02
-8.053394272998301573e-02
6.395026680030248267e-02
8.484338991841434974e-02
9.438648967221454841e-03
-1.660225480653608476e-02
6.510996370259450328e-02
-6.321525916015086066e-02
4.344535698426598563e-02
6.519914231150117367e-02
8.000197323763265367e-02
2.253754121308120320e-02
-1.823218478652633302e-03
1.182343700936881459e-01
-7.363759999992997018e-02
5.739229825679666858e-02
2.805799027567172643e-02
-6.630814785620747775e-02
-7.812226815540268543e-02
6.871685662842738629e-02
-3.099795265691361948e-02
7.236810023093749600e-02
-6.980523791533992106e-02
-7.766682999982428559e-02
-1.789139023253552216e-02
-6.076894946834989104e-03
1.037574024406984208e-02
-6.576554238297833976e-02
1.263135907099997846e-01
-5.430554570355473551e-03
-9.832735921557750336e-02
-3.934914075864474892e-02
-9.027329678480604247e-02
-1.982362751519561872e-02
-6.860003128717236456e-03
6.716519655900661523e-02
3.419341720702228499e-02
-1.389774986096634080e-02
8.024574855578692559e-03
-5.849278138092704055e-02
-1.383805882725243526e-02
9.200498446647305609e-03
4.785063026965322153e-02
-3.838409594230727390e-02
-4.525418961698642745e-02
4.504961743348149389e-02
-4.981620726160639751e-02
-1.960654441828520167e-02
-1.369655255600947747e-03
1.845683579290818832e-02
-6.814868389347042855e-04
-5.898401370292439237e-03
4.164453542688693194e-02
-9.533963718942802326e-03
-3.033071530518189479e-02
-2.682711411672943427e-02
3.015593750401045561e-02
2.065074547693203713e-02
4.565839098006225366e-02
-8.150945307878776011e-03
-1.097616181848617631e-02
-3.125969323764198060e-02
-1.222936671933743877e-02
1.268800930505238622e-02
1.087700856853742598e-01
1.031124256515110645e-02
1.987919369735076727e-02
3.049410715246387432e-02
-6.958931386762783056e-03
-6.123648946114611941e-02
-2.024879403288826207e-02
4.272425793449430298e-02
