1.647291531266051046e-01
1.798953197358839906e-01
-1.251200566328888875e-01
-3.792565797426606516e-02
-1.585264965200336162e-01
-2.190706125435255835e-01
1.024475109202053619e-01
2.791293264590645473e-02
2.870038643920397314e-02
5.978877344656673143e-02
5.600242364096944675e-02
-1.090859626061148752e-01
9.799713814304718273e-02
-5.177682937841717598e-02
6.789111254463690848e-02
-2.320574125895804793e-02
-4.927635065147046439e-02
5.668749848417196230e-02
-6.958710395376526553e-03
8.219689058234634638e-02
-7.975565580498568050e-03
3.606964389218617062e-02
-9.238300936699744836e-02
8.047902940791459847e-02
1.035547611352480302e-01
1.759289266429192328e-03
1.025119467165138375e-02
7.713167513511436091e-02
-1.194192311286934073e-02
-1.195658830183049942e-01
1.118546748935223684e-01
-6.500615267547862897e-02
-5.006810727664067623e-02
3.689745895966145550e-02
-1.003473733603894025e-01
-7.182994617726001785e-02
6.710109838857217235e-02
-1.084470098533163972e-02
-2.319763344352850434e-02
1.012513947807836129e-01
-1.175074580352383907e-01
-1.244522997989591373e-01
-1.351622616936655865e-03
-3.202459076531722487e-02
7.346591130373456013e-02
1.098663042806145435e-01
7.697684430888526719e-02
1.147981319397929287e-02
-5.742193143183153825e-02
-7.452270103590651062e-02
4.944177853470835965e-02
-6.692233528258829944e-02
1.107805315914836691e-01
1.261849897410843857e-02
-5.365393089273268884e-02
-3.157357575175182007e-02
1.137698973645943357e-01
-2.650508872987282841e-02
2.653460402288389079e-03
-9.970088176166519434e-02
-1.042388402818188592e-01
4.890168423319993241e-02
2.279882138193928612e-02
-2.110300777578087011e-02
1.247302058409849659e-02
2.915325060365682106e-02
-1.097677303140764116e-01
-1.529841645832481431e-02
6.665555970648109896e-02
-1.043486869566515873e-01
-3.132269576115779414e-02
-6.930237027769349523e-02
-2.294010362185849861e-02
-6.485779387735556012e-02
-1.972361233493862692e-02
3.353040411779118629e-02
5.997223055095717015e-02
6.053533255677663594e-02
2.870383581682093080e-02
-2.576222792143780665e-03
6.204633775597302031e-02
2.453997474543397062e-02
4.210047170860170551e-02
-1.188710290117554330e-01
5.084382607392174021e-03
-7.164289745287666378e-02
5.439828524611526467e-02
-8.376031209708285907e-02
-1.638347686271820038e-03
-6.315696622744465527e-02
-3.427273151731636408e-02
4.580592116287349191e-02
-4.571054764979438217e-02
1.406543465111442792e-01
-4.894698842994221061e-02
-9.041416152018971752e-02
2.182748375712345937e-02
2.061504530506065233e-02
6.758077524089288468e-02
-1.020691462001599575e-01
-5.191359542289975676e-02
8.816093560325011236e-02
8.165103546461166192e-03
-3.249630204458436866e-02
3.612622079722303120e-02
3.743339267167314355e-02
1.258879520994923285e-01
-3.605765997201179629e-02
1.434841518990252578e-02
7.901631549535559351e-02
4.007092192785436519e-02
-4.626532847662036263e-02
-7.284609015050227954e-02
-1.120969492203710040e-02
6.701418829686248135e-02
9.621334762735940516e-02
-3.632984075840536842e-02
-5.655211930285496819e-02
5.345571614183672327e-02
2.737251829905212180e-02
-2.232223830129561812e-02
-2.498128171684031729e-02
-1.576006408949300053e-02
-9.017526544977005898e-03
-5.768703566002125055e-02
-5.062317258821857208e-02
5.393048563218693151e-03
2.439894142967268670e-02
-2.996374766185936137e-02
2.172339789851698150e-02
1.474484469169446647e-03
-3.816309606033215646e-02
3.869170428998206217e-03
8.961052765662709529e-02
1.474559146416823917e-02
-3.653250058354998858e-02
1.179900508562662341e-02
-9.893657791505466870e-02
9.164423802687117482e-02
2.708963377386779808e-02
6.604345520214448262e-02
4.656286396652825621e-02
-2.957297229451170614e-02
6.478891300679842646e-02
-4.346429160927666596e-02
-2.178463324136643842e-02
-2.485233900303536816e-02
1.517072903348768431e-01
5.716809991193641527e-02
-5.150895142389631115e-02
-3.209969473982247912e-02
-2.646483413747702240e-02
1.053212336416630389e-02
1.400136157286463179e-01
5.209154063522186684e-02
-9.143933788430523568e-02
-3.956002287401109291e-02
4.042880374576197922e-02
9.361813547802537439e-02
-3.221715138176890758e-02
3.727002730288662274e-02
3.870336816481053516e-02
4.121803556875894975e-02
8.256640071448843876e-02
5.712844984963842167e-03
7.305088361128625474e-02
2.774544224821717982e-03
-8.496762982361120986e-02
-1.242924549289775235e-02
-7.800070493102316538e-02
-9.287950638027507588e-02
-4.715903732475770077e-02
-1.671785312799893217e-02
2.411022496707412519e-02
-2.331395214646727471e-02
-1.809909771972861500e-02
-1.753137283669055357e-03
-1.875711095090533409e-02
-5.474286740187090522e-02
-1.155243503902409902e-01
7.255819158156546177e-03
1.234174865138725208e-01
1.333532942774334241e-02
-4.059362709890206034e-02
5.310768460846412159e-02
-6.781593744894368059e-02
2.454505991037442963e-02
7.992243499079516433e-04
1.735517009347391920e-02
-5.941929887501862934e-02
3.914047898612615234e-03
5.830564775305790287e-02
-3.581200738873419054e-02
3.482075583128439733e-02
1.414600428891582638e-03
-5.601063813818095427e-02
-9.698547480464756593e-03
5.918075841053887370e-02
-8.375800065847356299e-03
3.504005801441598122e-02
-8.512164275617857545e-02
-3.905452903045417840e-02
-3.803027724178238006e-02
-1.093168219822929742e-02
4.218908870882286262e-04
-2.571226528688293905e-02
6.250560282734393680e-02
-1.207744453656229731e-03
-8.519909372988711260e-02
8.466984540954540506e-02
-6.440620989428631760e-02
2.766834688044853344e-02
-3.291143641881463799e-02
-2.380781767578970653e-03
1.138113965777797637e-01
-1.428508177200770585e-02
3.402779014591855028e-02
-7.241740718996210469e-02
-2.434051537374837780e-03
5.450916317817368351e-02
1.946113959070411639e-02
-4.500282070822071712e-02
-1.618778691399546527e-02
6.902041032795289133e-02
-4.593703307291178289e-02
-2.716733367173426381e-02
-8.408658054693403383e-02
7.491194729771261281e-03
3.639050713175099455e-02
-3.166144597949920730e-02
5.553803784406408095e-02
4.870364728527391135e-02
-8.563933388347379216e-02
-3.358178917610562392e-02
4.181132851887527785e-02
1.222857706101652779e-02
6.230813484892173265e-02
-4.263708107189918828e-02
-7.353091606954686998e-02
-4.369109707773997237e-02
2.695827293967158200e-02
1.864808216973435143e-02
1.225368639643232144e-01
-3.124492474210334783e-02
-7.451117940345398927e-03
-3.037895315727761475e-02
3.239338968557953224e-02
-3.359444874756578863e-03
2.499475918196223875e-02
3.543705648571175010e-02
