1.956202044353682057e-01
2.374532195705892912e-01
-1.228588847701840014e-01
-9.805332507203052064e-03
-8.557203508533911540e-02
-1.262076947096849033e-01
9.218152927484823955e-02
4.960852151036097835e-02
9.006738993526507142e-02
1.090626258906986501e-01
8.111571600216009592e-02
-2.325291460620172168e-01
1.767654904924679804e-01
2.069567039281175469e-02
1.776859518480344846e-02
-7.285794752686379494e-02
4.404250026290010278e-02
3.838066088444411217e-02
5.622108592871537247e-02
1.048914669635656743e-01
-5.713240407530311565e-02
-8.773711998048658312e-02
-1.143479067620995215e-01
6.538919412602235692e-02
1.787155581521112646e-01
-1.631830005136815712e-02
5.450310732650710810e-02
-1.434582984278798788e-02
-7.282292667476064629e-02
-1.245092508602393781e-02
1.974103165460509846e-02
-7.574062250234055160e-02
-1.279598506945333336e-01
4.108398051331170475e-02
-2.653207421132717028e-02
-3.395548269383850959e-02
6.911982582202741421e-02
5.056528579161435888e-02
-8.572200395585788391e-02
9.360405739356206234e-02
4.681660384910141769e-03
-6.978579557122202570e-02
-3.354818815955221134e-02
-6.749948724485431428e-02
-6.993137840053327212e-03
-2.474989071359645978e-02
6.368491346789297014e-02
-1.519251123748824595e-01
-2.310057052567518476e-02
-6.243772578114451660e-02
2.133819169093537083e-02
-1.258801923865970340e-01
1.563433741158915813e-01
3.301376590780478321e-02
-4.186216543986185507e-02
-3.716032926539710596e-02
1.932314651774155734e-01
-1.139331896965389557e-01
4.013858620041935860e-02
3.476649545188804924e-02
-7.872191592742955324e-02
1.318140337974764778e-02
-4.539886663693735308e-02
3.287891201006271080e-02
-4.584728874223881201e-02
-3.367983687333494375e-02
1.616812874817827317e-02
2.348478773545420450e-02
5.357016262288842590e-02
-8.563961385871349252e-02
-8.360887677963030340e-02
4.543068230508115479e-02
-7.398155006789565447e-02
-6.590802906209382306e-02
-1.222797923756768768e-02
6.326473072021225608e-02
1.993911202329254340e-02
-4.171752729634915086e-02
7.139564138827558977e-03
-2.285012757272561826e-02
8.844003369215994170e-02
-1.019125689917515648e-01
2.595672682123570038e-02
-4.879727258086179881e-02
2.906821819263109147e-02
-1.474991919311494266e-02
9.554585905246808231e-02
-1.821850179635975744e-02
4.499336025791258499e-03
-6.366176866582866356e-02
6.088064741369530325e-02
5.397455562222205211e-02
8.832373612260352794e-03
8.752419454925058906e-02
6.164867696791111185e-02
2.506517959886033278e-02
4.841072739536493585e-02
-7.274687946797789295e-02
9.821689067029261422e-02
-9.540321149688803237e-02
9.095131219369506290e-03
7.709965423988085487e-02
3.293609923965310632e-02
-4.261376420893871718e-03
5.920639426844818975e-02
1.251337556506336175e-03
1.002045770679850373e-01
-3.469412577196391567e-02
1.024984091419625654e-02
-9.410285149519298856e-03
-2.396917537865735082e-02
-4.698603999482588167e-02
-9.147638880379262150e-02
-3.418332066518007389e-02
7.096439232124050756e-02
6.362131587038388769e-02
-5.153763738854370835e-02
-9.166728281265543177e-02
2.464155549577063883e-02
8.573303653643372935e-02
-5.025286470252463694e-02
-3.028912337091292650e-02
1.245804396829153400e-02
1.004025562203369332e-02
-2.793968978993540547e-02
-1.060179035619931709e-01
5.877612362599016899e-02
6.502012562779854732e-02
1.120819091804005005e-02
5.092632446055054586e-03
2.644452208106930213e-02
3.449891319945061485e-02
-2.611111547174051022e-03
8.143225322222918949e-03
-1.913734369055732423e-02
-2.733478722986093512e-02
3.923921158142749249e-02
-4.114160634702285213e-02
3.496913055567561768e-02
4.110914964208717964e-02
7.155816108440359036e-02
2.917766679014805603e-02
-6.092363061752902736e-02
4.042823361400848386e-02
-9.273798294896884453e-02
1.277596447827991817e-02
-1.739018104492976238e-02
4.373564607226608503e-02
3.963709299650687579e-02
3.861774328109998915e-03
3.527180113777322878e-02
-2.430254824920762696e-02
-1.844647472281539871e-02
1.333566719677193868e-01
8.018695490707782730e-03
-5.609605001552244591e-02
3.752902663705720565e-02
7.844981267867053021e-02
1.449728321956161338e-02
-5.761443000400990472e-02
-1.673156634945239044e-02
-6.254380050080954323e-02
2.698164343509828686e-02
-7.395573990232829666e-03
3.236618379290325670e-02
6.237267741615910160e-02
1.772385756448670996e-02
4.406014564406575407e-02
6.730154183128093937e-02
-2.736889713494405213e-03
8.606391273737357128e-03
1.437174122469089474e-02
-7.324422280213249703e-02
1.033526750140739865e-02
1.814370292438222771e-03
2.917250475703458620e-02
7.380334183975612028e-02
-1.914986077738802320e-02
-9.790926048775265220e-03
-4.711971303531977545e-02
7.744972780579823142e-03
-9.459003945701324875e-04
-1.763087349088722153e-02
-2.878892858404743030e-02
2.931835749657398654e-02
-3.839044513021473704e-02
1.971154396217913302e-02
1.058108824169980838e-01
7.627484232141686082e-02
-1.830720104508727977e-02
-2.124341946207435050e-02
3.449064719871337142e-02
1.288224163061605504e-02
5.880007815873895122e-02
-1.534837764649220684e-02
-8.639387799129337464e-03
-7.257292232593183512e-02
3.186094558457511910e-02
1.578445135885556128e-02
7.858267598847995875e-03
-1.426420224203813203e-01
4.324403833045978307e-02
-4.413366244245953834e-02
5.076572787479816280e-03
5.882916098582267883e-02
-6.608245854703916067e-02
6.904900812591518999e-02
-4.691893356435077739e-02
-6.239143617701589650e-02
-1.050733527185638075e-02
-4.194890783943525797e-02
-3.854800522590037803e-02
4.550062279295188916e-02
4.136144822785531999e-02
4.705102088225426166e-02
-3.978625213634118252e-02
1.943130966779692617e-02
-5.977617476008395547e-02
-3.157713497966985715e-03
1.573698089747875214e-02
-6.847231118468294353e-02
1.462508571259313024e-03
-2.717658609738342573e-04
3.595217734539561671e-02
-3.983635422244249935e-02
6.647517792900507760e-03
-2.168937863654389273e-02
-5.900878624266000898e-03
3.472658247689958816e-02
-5.978228147899596751e-02
5.674764704506778806e-02
-3.127466683024335975e-02
-3.111376659548430179e-02
-4.198710013671922564e-02
3.287236668702994691e-03
7.508932912180189823e-02
7.185071003294536685e-02
1.766660285733927596e-02
-7.135235453543520290e-02
1.820011416206667940e-02
-4.803862240707439113e-03
4.033535075674454795e-02
4.450529508785082411e-02
-6.609362608272909001e-02
-2.484051307269959444e-02
-4.102547747135905365e-02
1.748195052250255122e-02
-5.649430255716553911e-02
-1.558927252512078490e-02
6.003417519942187003e-02
