1.482718279769468517e-01
2.240124857778727774e-01
-1.800912186727820219e-01
-2.071418281917430590e-02
-9.619609138075276011e-02
-2.035362693866283323e-01
-5.668981207873045620e-04
4.249997530557234754e-02
6.565341921996388497e-02
1.179514542055735971e-01
2.641553600744863620e-04
-2.026314401624320083e-01
5.427806716685431437e-02
-6.216818706600073241e-02
3.255973788761254428e-02
-6.825635304809002379e-02
6.599565579676627824e-02
8.755455307253171351e-03
5.272625154235791034e-02
6.789958145208745133e-02
8.613902348552471278e-02
-2.641864371756716054e-02
-2.929978234526193354e-02
2.142374425759007231e-02
8.455059515119446589e-02
-4.855246736525942360e-03
4.706704667256605273e-02
-2.644871728735995187e-02
-1.254250114609162803e-01
-3.327007625355794806e-02
1.073191685905951209e-01
1.577085192397646718e-02
-8.569552735402710675e-02
7.384414532911663664e-02
-8.139390622632394767e-02
-8.208032169875280337e-02
9.578111496398868108e-02
-3.961974309332881410e-03
-1.134964870067095392e-02
8.156777613305923880e-02
-6.443785135589563673e-02
-1.123119962438265257e-01
8.220119867357119844e-03
-5.952527384207900729e-03
-3.112873449397373857e-02
1.778756155901572641e-02
3.812030533312168318e-02
-1.445343209797164685e-01
-5.504499175454116017e-03
-6.895856604695468905e-02
7.988465975605522906e-02
-8.286077777424738500e-02
2.522133365044522749e-02
-3.270696565447759468e-02
6.747113829147645403e-02
-8.791190736418150187e-02
1.801947118941249204e-01
-3.352681843012053631e-02
-2.821234277962196210e-02
2.416743145650099289e-02
-1.394448305930068577e-01
9.386611809137027779e-03
-4.935852967725141462e-03
-5.360146040448705851e-02
-2.241808200759594707e-02
-6.461217447035655370e-02
1.812533080252273082e-02
-1.631224092420755639e-03
9.395575610510141507e-02
-3.400035575943053529e-02
-8.509913835909422436e-03
3.671617068321594846e-02
-1.037523914180011331e-01
-1.904537162030961739e-01
-1.835805296962757238e-02
4.346472506549144826e-02
6.759774510682588222e-02
-2.924607722977620033e-02
-8.942053876682258540e-02
2.890455283654264421e-02
4.549778255063335192e-02
7.720717325706494098e-03
8.013405349306672310e-02
-1.032105168380640231e-01
2.923345215741969885e-02
-6.838849547208805668e-02
1.913837955720055009e-02
-9.588001136411461456e-02
-2.766952941225321594e-02
-1.016467235808191372e-01
1.770672872395371786e-02
7.514368611034583090e-02
-3.107723067315529275e-02
8.732662195852626541e-02
-3.651154739509942376e-02
-2.415140732620235653e-02
-1.810616659012517435e-02
-1.050521588030931264e-01
5.763102740889781972e-02
-1.221451795225992759e-01
5.872513560250045006e-02
1.095343184654942459e-01
-9.250633305461428146e-02
-4.441137888836622222e-02
8.994943218261879092e-03
-1.158619076146314569e-02
6.123924071640545613e-02
-4.322895993222888866e-02
-6.007002952827183995e-02
-7.573687027921897907e-02
-4.099775355505071855e-02
-3.284771902526237991e-02
-4.928850908364344058e-02
-3.668428428252067802e-02
4.775611664738780432e-03
7.811711725416466134e-02
-1.350894719778375219e-01
-9.541058527631558067e-03
6.354231289007448297e-03
5.999855219554580538e-02
1.010064058084817265e-02
-3.207713640379018794e-02
3.751417237208802546e-02
-1.174983112239164074e-02
-4.799667283374975391e-02
-6.137416713071801311e-02
5.559894108316795064e-02
4.058190309481580355e-02
1.808331197196186508e-03
8.253980958856864739e-03
-6.808831009782694184e-03
-6.783959617240387097e-02
-4.296195583787908862e-02
-1.915032481796862321e-02
4.518772372234984049e-03
-7.600516925278483216e-02
2.944241329090999462e-02
-2.253520383268779390e-02
-2.746513272799950417e-02
2.065555716266757880e-02
7.416278273220648642e-02
-2.113194322625288821e-02
-2.201466238783513288e-02
1.689176411735136482e-02
-7.334024308219024013e-02
-3.471678005769137515e-02
-5.018174913885609795e-03
3.133028244395213990e-02
1.233754442657697230e-02
-8.547008888251256264e-02
2.459885283930891842e-02
-4.095058757960604728e-02
4.271644673851574155e-03
4.277785638533698059e-02
1.937113409628579003e-02
-1.022927711936875844e-01
-1.180269456638693808e-02
7.351867743816212220e-02
4.258003121310473260e-02
-5.527162798933055871e-02
2.547166617488836465e-02
-2.216577479234833198e-02
5.793457946912066586e-02
-2.206053348406375111e-02
3.002695414101600249e-02
8.796891442166816441e-03
2.912565346268342070e-02
-1.181463335275893395e-01
2.338354395108387107e-02
-1.869834722760588264e-02
-1.255171744891187512e-02
1.853512770242260466e-02
-4.306023717037739396e-02
2.401706360753702238e-02
2.563805815415097153e-02
1.431488973344826579e-04
2.253190189068686108e-02
-9.259357554179574804e-03
-3.684501116521306241e-02
-2.965393181085199115e-02
8.015490104844516517e-02
7.429997518514713795e-02
-3.461966411648752240e-02
1.158301830738382027e-02
1.183819044289694949e-01
-4.318402762343190315e-02
8.387936213757380202e-03
1.293124654713654065e-01
4.350755319556234846e-02
1.111653806980130008e-04
-2.645137178975285816e-02
1.174088674420676603e-01
1.782168162635867914e-02
-1.225266509396480234e-02
-1.321556965100102732e-02
-7.597402740763878337e-02
-1.067373793588232284e-01
8.314571594573949564e-02
-9.709522313639844943e-03
-8.273695494921245661e-03
-8.152459191120393911e-02
-4.641420094381333572e-02
-8.975163938236693784e-02
2.557127475858312141e-03
7.993334721457877323e-02
-1.176627285123745398e-01
5.181847646794507378e-02
3.151295752935659444e-02
-9.700658865405972775e-02
-1.573941873100681912e-02
-8.445784942734478606e-03
-2.928722201686623575e-02
1.685751456208680471e-02
-5.359602191177962986e-03
5.103539826203798424e-02
-3.244115932340264213e-02
5.173994204349156162e-02
-1.341899517584270278e-02
-7.530240593025332510e-03
5.792150118903854894e-02
3.841676792963665682e-02
2.551125710691913920e-02
-5.898252521867107523e-02
7.099311264319506376e-02
-3.691308943999696557e-02
4.254066688493676751e-02
-4.490757660395712503e-02
8.525646618384449121e-03
-5.818572129307384398e-03
-8.941820798423368716e-03
6.976161776476937255e-04
-4.256429843062970071e-03
-2.759921747082162702e-02
-3.423686544824233041e-02
2.032724053743774351e-02
5.202737285747456586e-02
4.325476040060871608e-02
1.336066086715958709e-02
1.971230239773493279e-02
-3.576148860920164846e-02
5.568401464766252994e-03
2.607407635817587943e-02
4.519118752425278079e-02
-1.147473403294151963e-02
5.357821732255893532e-02
-2.510411470941217513e-02
-4.372159672997565256e-03
2.772161592871888458e-02
-3.724788046130705216e-02
7.275984584557559920e-02
