4.405907939713569338e-02
1.570265798524553003e-01
-1.921481435710598595e-01
-7.967541221182890265e-02
-2.282657270200640631e-01
-8.917867858881917131e-02
7.334999147225724049e-04
1.428009698326666854e-01
-6.907203610412172845e-02
3.637267577223193132e-02
-1.242810779754905115e-01
-9.386227314365021279e-02
6.293951995618471407e-02
5.198039498842343259e-02
4.555992336670416920e-02
1.307295077999203747e-01
-1.343504454043573382e-01
-7.817996368488878967e-03
2.601198947677560002e-03
-3.167580282288044030e-02
6.823041712478157550e-02
6.222532451476229381e-02
-1.302554445908015585e-02
-7.900014103508247454e-03
3.917445205138574138e-02
1.002466233280328899e-03
-8.543777997425559823e-02
1.631599368485941309e-02
-5.576074339778913647e-02
4.444583453463199062e-04
1.167031788039635115e-01
3.024432882996226993e-02
-1.444006134659492173e-02
1.519398686555341604e-01
5.129832695537896170e-02
-4.902088960074454244e-02
8.410573628120286693e-02
6.549958741265647644e-02
-8.206748520464502913e-03
6.394976403533189635e-02
6.855855813554254108e-02
-1.588960306524974386e-01
-3.496471049362302741e-02
8.768112794137450372e-02
-7.834764283046874445e-02
-4.386263623598506828e-02
-2.822615300422292098e-02
-6.784579914313157434e-02
-1.179906925776614407e-01
6.797546494292085184e-02
6.111719169078635994e-02
6.191305451381071655e-03
1.204487020836370915e-02
6.406061585660539903e-02
1.467027857718538816e-02
5.601800791220486186e-02
7.174256999310785199e-02
-6.763898552082514559e-02
-1.069393896257754412e-01
-6.705060199160033096e-02
-2.091891936532818685e-01
1.621095773031517098e-02
6.481131812412357918e-02
-8.475367989139007130e-02
-4.344312305395946726e-03
-1.064881694594728249e-02
-4.621546964604951284e-03
3.792123787725379391e-02
3.102169299254654844e-02
-9.398423116825611878e-02
-2.624091039972158840e-02
8.597602792944680772e-02
5.188923302920925296e-02
-8.492030797671774878e-02
-7.637984782615521440e-02
4.438722040789665896e-02
2.788080964066634929e-02
-4.243158266716780952e-02
-2.541144868396609871e-02
1.286031428388799414e-01
-1.842701316621659161e-02
-8.346602597632515885e-02
4.469791381846982548e-02
-6.935165316656922985e-02
-6.037272571409835892e-02
-9.378137653956661324e-02
8.370223425035362361e-03
9.954644202330749370e-02
1.696894734891580409e-02
4.049850768652117627e-02
-8.564214112264005932e-03
4.199195919898196516e-02
5.462899675347869521e-02
-5.210140705880229525e-03
6.890677439712200592e-02
4.744485978779650753e-03
6.127877468690311191e-02
-1.557539560989979477e-01
4.083106315034170514e-02
-2.345525037776936828e-02
2.639842929619621095e-02
6.220335735548970096e-02
-6.447704592855765804e-02
1.336303990608639011e-02
2.811887478780715141e-02
6.873545157600080557e-02
1.009434762752927338e-02
8.326394212515400226e-03
-1.063971476416255973e-01
-4.487319563320794208e-02
-3.756548901719967970e-02
-6.286846828313075695e-03
-3.817755643744248639e-02
-1.078773207595659644e-02
2.530974108688740370e-02
1.340725450736552325e-02
-5.717592595679700518e-03
-1.193944886506029777e-02
6.826170368495769469e-02
1.017303700508309823e-02
8.023366534715509202e-02
-1.986735110059563436e-02
-4.774858116536290220e-02
4.401878875413173242e-02
-6.651133801149859692e-02
-5.166192373198341681e-02
-1.776810349406396719e-02
6.133497137505820873e-03
-4.130820946953384781e-02
-1.155232936000987892e-01
7.452199372422989299e-02
-8.854688627117529576e-02
-2.682190147183872650e-02
6.920849876020906954e-02
-2.806120661529886914e-03
-3.661287807521903387e-02
-1.750915728324458492e-02
2.445112996680209178e-02
1.700293163040610470e-02
2.525221305574609082e-02
-6.479015677771106374e-02
7.351640934553448081e-02
-5.261730246596171834e-02
-3.184383232187783935e-02
-1.607873435057868838e-02
-8.605790552309920682e-02
-1.258747656006768134e-01
-4.503723110324667211e-02
7.398598803091023524e-02
2.470685292618115397e-02
4.736771196527934935e-02
-3.558732355173034601e-02
-1.085521014415279616e-02
1.121072426741723804e-01
-2.546655927652717588e-02
-4.995528216501904373e-02
4.127355951655044264e-02
7.187083437922743567e-02
-4.203473735124964999e-02
9.241307126781029072e-03
8.194062223219514274e-02
6.715399128508266896e-03
-3.135529951661936154e-02
-1.011445791368950978e-02
2.443785157228165351e-03
-1.710810772631731619e-02
8.748990504614351932e-03
-5.239398719769453733e-02
5.117685942555744855e-02
-1.002400016484435441e-01
-7.697110425340293605e-02
-3.227343568232530352e-02
4.984979075103215806e-02
3.386957578143358349e-02
-2.627356333822566947e-02
5.732801437530152255e-02
1.649386811488647367e-02
1.603007026089825222e-03
-3.301909286063255122e-02
6.039490308542140584e-02
1.117567841507214124e-02
1.585030392241709371e-02
-5.662226245123907348e-02
5.183675008727887251e-02
1.622893086062911217e-02
-3.085702688635644231e-03
1.636714528380357400e-02
1.030874289778879321e-01
-9.092476995058567171e-03
6.026054254983863323e-02
1.178711519916357704e-02
7.119223484501546739e-02
-4.421799970728002016e-02
-5.374141140577227624e-03
5.790826970524207140e-02
-5.565493666572655235e-02
-1.004571156612222849e-01
-1.219219382039124153e-02
4.718647414244499932e-02
6.790879268758472087e-02
-9.136236136895044616e-03
-4.944667410894207360e-02
-1.569142215114868733e-01
-6.062441960917702016e-02
-4.032981251603067613e-02
-5.920093367417615660e-02
1.898004603562315588e-03
7.676243375798415258e-02
-3.198579552661875991e-02
-3.255490961788515963e-02
-2.252068263678615179e-02
-3.535973397177057109e-02
6.754715789011785099e-02
-1.996737700127069332e-02
6.477600249964705903e-02
2.251290479091929558e-02
4.231526533258245931e-02
-9.480524936665166158e-02
-1.886520018539099286e-02
2.600536779718624902e-02
2.952081398763633374e-02
5.823728659954660603e-02
-5.144698191039270840e-02
3.840917508170264838e-02
-5.516559804760799539e-03
7.037072615183553870e-02
7.445244857087088275e-02
-5.061801068942162196e-02
4.372690932207433379e-02
-4.986941054240799642e-02
-1.102394034998504385e-01
-2.681387837857967735e-02
-2.410224803372951891e-02
-3.980862677226811031e-02
-4.564334251539324712e-03
-2.635943496083672372e-02
-5.054955163165662790e-02
-3.801481727504821967e-02
3.204563589031507453e-02
-1.954726821843546288e-03
-5.777709738575786264e-02
5.390471113363441702e-02
-3.307381806443445565e-02
1.975972253076244481e-02
6.643800904123138562e-02
5.634972252782357444e-02
-6.126928010929087731e-02
3.596062511799749412e-03
-1.050527715082794772e-02
5.443097700194965416e-02
