4.422596767655163214e-02
1.737688668301253514e-01
-1.054991678190064369e-01
8.268641136456408858e-02
-1.030688954862179346e-01
-7.349146585999900838e-02
2.162722458544000595e-02
7.456149950657145475e-02
-9.370607620114806968e-02
-4.321444605305967135e-02
-7.465294942019558289e-02
6.962599045768270989e-03
6.293900161586900299e-02
6.177745171551021069e-02
8.182146832950337734e-02
1.145403368275390993e-01
5.005763280682692246e-03
-1.005311852607096157e-01
3.810894033847501972e-02
-2.493556867139311017e-01
1.085720773032470832e-01
-5.545228211845960181e-02
2.289893232516974214e-02
1.174001617107201523e-01
-3.841722307232431355e-02
-2.985174619701014970e-02
4.299174212847777172e-04
-2.632679484738342096e-02
-8.587140255288014390e-02
-4.474799841308275267e-02
6.928583127588534840e-02
5.431468101666322990e-03
5.951710970825537655e-02
1.453547782886452366e-01
1.390226429745612391e-01
-3.819259528303795004e-02
1.121456891618642232e-01
-6.857416718564039726e-03
1.003227776410867272e-01
8.311248105643995188e-02
6.637223769122273243e-02
-7.207347806256801659e-02
-2.662814503428043503e-02
-5.932601687097263654e-03
-7.753115052831234533e-02
-1.067263944799657915e-01
7.011614474626577664e-02
-3.429773118885695582e-02
-6.554822653625347328e-02
9.417284558254761587e-03
1.622643880880172279e-02
-6.289030793679747933e-02
2.204666026109358343e-02
4.980630310224589546e-02
-7.583771837733234433e-02
9.322700071965621393e-02
8.732564524896588298e-02
-1.606254543803032481e-02
-1.256091597243301772e-01
-3.663668628834580027e-02
-4.202516596489175305e-02
1.868812320840271615e-02
6.612714396189064980e-02
-9.710216178565703182e-02
-8.565778723052276666e-02
6.968589562416988015e-02
-5.345653784823035243e-02
9.912507235231651781e-02
-3.460170181216177306e-03
-1.019341138413160236e-01
-1.993840307573449197e-02
9.196073287322873964e-04
6.853064803922225001e-02
9.086081298357492550e-03
4.750257462889735660e-02
1.670332174793212332e-01
6.493720047210049806e-02
-5.046904132285154332e-02
-1.327002264942428542e-03
5.776579576573599717e-02
3.009289268668998221e-02
-4.167741083451989570e-02
-5.392957637495994667e-03
-7.685395015234211535e-02
-8.075995939377654531e-02
-6.051178093054274815e-02
-2.445719639562080744e-02
4.680786045010031787e-02
-1.648635956439060621e-02
4.254746206207175863e-02
-3.388048473855673204e-02
1.036901047652721147e-01
-3.729444899678473809e-03
9.756650975113544122e-02
8.802148721052069358e-02
6.026366872382952350e-02
5.699326457665163104e-02
-5.066653598578878259e-02
2.340776136941852617e-02
3.399558492001326926e-02
-8.520630925651558399e-03
4.526415804525715098e-02
-6.927100424962856495e-02
7.231963323449568104e-02
6.322778034202480857e-02
-8.071707047889951567e-03
-5.971168540405481784e-02
8.896020050597315543e-02
-1.354133401086682065e-01
3.250548536624611740e-02
-9.310918059154854598e-02
-4.119286228964465224e-02
-2.114911103630037412e-02
9.452478014313950684e-04
7.812914075058855629e-03
4.531540582057425742e-02
-2.315052739039966459e-02
-1.244654221575281980e-02
7.172622048341284473e-02
-6.088033370177144826e-02
9.090973885321421144e-02
-9.915824243342789834e-02
-3.687760058745784275e-02
3.158146641672601729e-02
-1.225926393779788737e-01
-8.330397193469603334e-02
-5.294790782446823912e-02
9.852943720579920850e-02
4.119558223629578991e-03
-8.253807476183393221e-02
-3.013160217134698213e-02
-1.039795800631312384e-01
-4.223380577508241418e-03
6.740644765019487838e-02
-1.783342972840542759e-02
-2.181012441268823099e-02
-6.620380001933907910e-02
-9.404835826813655320e-02
5.904486726347246695e-02
2.804881960828143825e-02
-3.200100160262292492e-02
2.688962478368155454e-02
-5.827372921779477161e-02
-8.012568110276448163e-02
-1.957366486383360334e-04
-7.512860838333296210e-02
-3.264768550397065955e-02
6.397367595597672207e-02
6.796828248405968609e-02
4.984862812574402530e-02
6.423144065629335375e-02
4.038420888222998134e-02
8.867390953590070790e-03
9.141266362302517823e-02
5.652181821381538921e-05
1.626776872986651981e-02
3.523057337995268851e-02
6.232392880182042322e-02
-3.305726966553415580e-02
-2.072655737302232445e-02
2.836672166565304062e-02
-1.357820255602213699e-01
-8.812703440861716087e-02
2.903284323453205612e-02
-7.502442115856207232e-03
-1.393621055846552478e-02
2.127018183235696025e-02
-2.045940553975115692e-02
-8.315872014950922639e-03
-6.612346208288727434e-02
-8.504944794293979593e-02
2.003937280263757420e-03
-3.712286016719549414e-02
-1.598509329863521955e-02
-7.597341717915906401e-02
4.406967025435474389e-02
2.782259965510173322e-02
1.211192243750107596e-02
-2.372894726482015215e-02
3.301036717084264438e-02
-1.090446514488411026e-02
3.942658864054403300e-02
-8.396740672700500965e-03
2.801919872584896637e-02
6.659673280018464647e-02
3.131033417372147687e-02
1.005650850836054683e-01
8.088421451761983183e-02
1.509772728874320645e-02
4.349304156431426510e-02
-5.922849683250513454e-03
8.666174607552133702e-02
-4.331339240501496518e-02
1.674790565395394785e-03
1.899070068830085306e-02
-8.253054515342164721e-02
-1.165481881773739875e-01
7.122512006806301296e-03
5.763158961755929927e-02
8.008849744183860198e-02
2.030506515233983927e-02
-4.111862764811734933e-02
-4.826959958451722960e-02
4.217078262097076653e-03
8.293505429257511108e-02
-8.213618605908828973e-02
2.879879514221005826e-02
1.293437459865809033e-02
-2.900189554885512430e-02
4.392581161257462681e-03
-1.161762520578719371e-01
2.839203043754103331e-02
6.026993786915957330e-02
3.166926762142787538e-02
4.455471635044665896e-02
2.827450884016336277e-03
-8.212646722532265450e-03
-1.022635259168332839e-01
-7.778384020621894115e-03
-1.853660227788586981e-02
7.508183856896590014e-02
1.638446107521640202e-02
-3.003265581939169523e-02
1.576282058510776810e-02
5.506847110991965749e-02
-3.901464940322163012e-04
5.921761704590060293e-02
-5.709433381379804689e-02
4.013072312237669914e-02
-2.910608277362601234e-02
9.337211982451855755e-03
-2.801346030181669361e-03
-3.513842689462524232e-02
-3.707300553528507236e-02
3.971885022521652597e-02
-2.176361995897005755e-02
-6.334490389842913072e-03
-2.852587171482550907e-02
6.418772248938854619e-02
5.834892579167429844e-02
4.448260459411048501e-02
1.039653169282533582e-02
3.030591094758735768e-02
-2.191610282183913475e-02
7.843503523859782223e-02
-1.396715824414245313e-02
2.136411950206442908e-02
7.907239834715326654e-02
-6.383757911317666789e-02
5.175988819938254909e-02
