1.197418997406618640e-01
1.853772492020790141e-01
-2.091507311597425312e-01
-3.655230082225565530e-02
-3.359765067629902346e-01
-1.119817255675073925e-01
8.737015620394825155e-02
5.952502621856010229e-02
5.442837133423220758e-02
1.106826718539424825e-01
-1.594999122421082993e-01
-2.374845106279225432e-02
6.681501741017212281e-02
6.634433712608257816e-02
7.960875535117759028e-02
1.628864762809319744e-01
-1.121490844513620133e-01
-4.689032563212092164e-02
-2.796554350879544223e-02
-8.206065582945659687e-02
4.199630495898943466e-02
-1.102493224143894467e-02
-4.731810528314631809e-02
-3.513608262859126141e-02
6.172787758124562152e-02
2.993966885331277375e-02
-1.747918992587835577e-02
-3.072129584335963476e-02
-7.788013169741768438e-02
-1.622904757549702981e-01
4.701972375487935979e-02
-7.651523512661519144e-02
-8.769801119650737220e-02
1.673372677705744771e-01
6.107661016554827987e-02
-2.248904893898371130e-02
6.016813787248481704e-02
1.002370639263854141e-01
-3.745172220896168802e-02
1.053898145380274959e-01
2.389621622629068201e-02
-1.102073832329163727e-01
-1.093615379072858246e-01
1.008414522886417058e-01
-3.106937447283461204e-02
-4.818178719346660061e-02
-4.563281325799140899e-03
2.608590564822931696e-02
-7.350065339303098189e-02
-1.376947869194155780e-02
8.170455405222155909e-02
-2.160182804143348338e-03
-2.249929337145420427e-03
2.935709549612310759e-02
-1.024078558515338112e-02
6.372448100089239675e-02
7.511711874566566471e-02
-8.958248946853204775e-02
-8.892850346557716612e-02
-5.848407252694610980e-02
-1.043463080266716636e-01
3.654179116176003517e-04
4.455326888872154778e-02
-3.575983263668176121e-02
-4.470550977514397770e-03
1.592064374323061762e-02
-7.811204045188739620e-02
6.702985211052432668e-02
9.587363191751885338e-02
-9.911229817883154825e-02
4.371683915798298820e-02
-3.404012727526672250e-02
1.039220758004823358e-01
-2.298671617462985303e-02
-9.612652683947667254e-02
7.932211016302245787e-02
6.197772238091449337e-02
-8.986558723185110453e-02
6.219497728699598105e-03
1.207059041514861181e-01
1.698122430870394398e-02
-4.469725455286192861e-02
-5.746589529198983110e-02
-1.178200574705975390e-01
5.833723566153563127e-03
-5.821416985787707804e-02
-1.922064398535374211e-02
-2.400777776435938319e-03
3.952288785717206210e-02
2.700637950942973847e-02
4.011908730415258278e-02
-4.999780348150558405e-03
4.489282706788935359e-03
6.261025806733730437e-02
1.123728042905559540e-02
7.527370274099953046e-03
8.204165887215693516e-04
-1.450299000288022000e-01
1.860889554540019752e-02
1.942470379718520129e-02
-1.189557638741878427e-02
1.051875450153656466e-01
-7.971448187269350449e-02
-3.280844148008386224e-02
4.726446291506454511e-02
4.588908983726958449e-03
-6.283291699443073475e-02
1.331109835751722974e-02
-5.781407338197423057e-02
-1.635319749870828288e-02
-1.139194152120730046e-02
2.980393841145444894e-02
3.923087180150813813e-02
-5.031644180019155532e-02
-1.378867457026006563e-02
-1.869705071025151016e-02
1.808132384992107780e-02
-5.001050127320849636e-02
6.794336373606520152e-02
2.565573894497778437e-02
1.588410858276948293e-02
6.964629342489100927e-02
-7.088318432006695743e-03
8.348380310527742099e-02
-3.715469997432350319e-02
-2.869773862565941358e-02
6.447431378142726155e-02
5.248139870878716640e-02
3.656400400886434914e-03
-4.513464871979814413e-02
1.345253120191576730e-02
-7.944524227368730818e-02
-1.279668860278499604e-02
3.650449347072666495e-02
3.298747039704403444e-02
2.852587086537764979e-02
-5.795669975248583794e-02
-7.399397751976569126e-02
4.147241330235893614e-02
5.831150854309839066e-02
-2.048488652062083887e-02
-7.042533444169288281e-03
1.601874495902416359e-02
-9.315106623959857821e-03
-8.626193405446162810e-02
-8.646035777075916640e-02
-8.827683820784211488e-02
-3.206928412756032687e-02
1.427566637789488141e-02
2.985724924450481113e-02
-2.027495853873346326e-02
-6.097559144147834953e-03
1.210417822918052888e-02
1.645179601704893982e-02
-5.478182083121598683e-02
1.504545756732048913e-02
-5.812074328602637695e-03
3.199322999135539858e-02
-6.894201355767155814e-02
-4.707349873697369569e-02
-2.085401762459020494e-02
-1.655556648187956129e-02
-7.963935603457653056e-02
-2.714585629714296941e-02
1.453933618837344871e-02
2.258781322484007016e-03
1.828906370060116165e-02
-7.918160561671186426e-02
7.150182868867378805e-02
-3.865416661437438839e-02
-7.352505437134258803e-02
-3.118375405867027800e-02
1.669278883137921901e-02
1.574920697848967988e-02
-1.219140509594390277e-02
4.573482658715555954e-02
4.369180826311170468e-02
2.591539718157631969e-02
-3.364686042101087265e-02
7.066019385794211627e-02
-3.832863236703513282e-02
9.798120011217780617e-03
-9.258845129129965323e-02
2.331201834744711654e-02
-3.233984986669218020e-02
-1.504625325139586842e-02
3.174878921269847637e-02
7.896275934247962147e-02
5.896367110338053552e-02
-6.155441845281309915e-02
2.685738766631510371e-02
1.012886267390044476e-01
-1.964749533829119460e-02
-6.502907134948182621e-02
4.457236530653063689e-02
-4.465342562170983298e-02
-3.702752313627549752e-02
-5.565909567782398315e-03
2.184915317486364836e-03
1.463471881690945296e-02
2.640643371659430905e-03
-1.730215021910662745e-03
-7.413952139855368995e-02
5.022745779776171399e-02
3.413060318533788634e-02
-3.905989918581116715e-02
1.769869927017341318e-02
2.078001900557999854e-02
-2.371811560741844682e-02
3.775441369263694835e-02
1.714281448301207406e-02
-5.523373623252786200e-05
-3.231236561258847562e-02
-7.646192429356483966e-03
2.272410727625178914e-02
2.139272889712462780e-02
6.515677864358007665e-02
-7.855788876212450866e-02
1.610471199266818795e-02
4.129454475800869301e-02
8.806502047627572105e-02
8.384424799142389806e-02
-6.061345572667168474e-02
-5.605418597475257669e-02
-5.522989042616353178e-02
5.535799556229948487e-02
6.762731139062419516e-02
-9.378031972921042903e-02
2.481310950915189759e-02
-6.643507826417886786e-02
2.331685875890567115e-03
-1.172055904433864405e-02
-1.961656311986085394e-02
-1.904449942316681355e-02
1.839485652912336427e-02
-1.015657568717581727e-02
1.258748999796671826e-02
1.197792968922046543e-02
2.386488616582264910e-02
5.422484197845100357e-02
-2.695482581204583505e-02
1.136358864532131252e-01
5.823876975720752858e-03
2.772528007153425914e-02
2.705531408006551716e-02
-1.514110542388162096e-02
-2.047663129833878631e-02
9.811414565977229565e-03
-4.243419642847275769e-02
-2.491005035233551795e-02
