3.358710478996702886e-02
1.345492720473987214e-01
-2.248064180933930234e-01
7.462007831577538441e-02
-8.804918852535567608e-02
-1.441909748763885342e-02
6.838808078399309653e-02
5.446184057208655616e-02
-1.215186717523378257e-01
1.355032711567472070e-01
-2.142225269440136692e-01
-1.152962270645664089e-01
9.839363329740050124e-02
-2.663378069132673123e-02
2.949595170744511580e-02
5.426130032308721513e-02
-8.281290997803847365e-02
-3.896886446716630453e-02
-2.700721004811573039e-02
-6.751557611846108198e-02
8.390061416592473065e-02
5.675778847046905736e-04
-1.121234322988287346e-01
-1.552566420024475979e-02
4.235501766168517368e-02
2.451263246953605882e-02
-2.942814388377515064e-02
-1.075028432324165034e-01
-1.458620973012302313e-01
-1.160809497780420779e-01
6.547567917718477570e-02
2.871348693891747489e-02
-2.376643377063517720e-02
1.986060586192436306e-01
7.782347691996246986e-02
-5.278707069771342020e-02
1.015041435201872178e-01
5.072032158036289540e-02
5.426189086253517015e-03
2.009358062166173853e-01
3.081813479378026077e-02
-8.198035356927924067e-02
1.627933148628141896e-02
8.396404505015697683e-02
4.216194599982161367e-02
1.490479881476664513e-02
8.418209305690716945e-03
-5.698396507903215336e-02
-3.017594051294694019e-02
2.345240573478657095e-02
6.929466304943303345e-02
-2.536662198649426367e-02
1.078248609196196667e-02
6.599514546568921447e-02
4.263277962790701543e-03
1.030911314425039943e-01
7.027561854769949490e-02
-4.736234059127248514e-02
-4.622086257600862419e-02
-4.999225591627540211e-02
-1.215100915615353189e-01
-1.836407468798698789e-02
1.019707391592932361e-01
-8.054204263738636016e-02
1.108415795830268169e-01
-3.109339565175198508e-02
-1.024046814406893435e-01
4.630517076660647241e-02
1.328772811821923860e-01
-1.176342074765967943e-01
2.346838503749568063e-03
2.344320026692154127e-02
6.658606702739502947e-02
-2.491833307027454397e-03
-4.302986530022841205e-02
8.330833783725007102e-02
1.266322570449407159e-01
5.199533098609158271e-02
-1.106805012641960684e-01
6.888774663218406868e-02
-1.478311295087531008e-02
-5.386213039389071977e-02
1.725882800473531320e-02
-1.132256568096115246e-01
-1.065520747212244240e-01
-7.673803067702425484e-02
-6.987957500381564158e-02
5.271738704285586913e-02
-2.473491846526562361e-03
-5.557393056541148207e-02
1.683006162791237520e-02
2.370515661850719838e-02
-7.271124639432838266e-02
4.424290280153741345e-02
4.365882454990484274e-02
2.640124709929458913e-02
1.885505613253170287e-02
-1.027090524196833388e-01
-5.200623859707127761e-02
9.981909131189692364e-02
-6.035750851945665546e-02
2.073196418617508086e-02
-6.329776969316217028e-02
-3.397755557790268534e-03
7.620723992616508513e-02
8.995937521377150858e-02
-4.588738147599240313e-02
-2.122159086375097897e-02
-2.223950718393590681e-02
-2.240117604221460515e-02
8.535101378769319527e-03
-2.510219926427306736e-02
6.233800413979257576e-02
-9.201636306142363386e-02
-2.339800663034642680e-02
-2.066683115882816599e-02
4.351157180167892352e-02
-4.169375243044467355e-02
4.464766548668210044e-02
2.713337706428853302e-02
1.018049017872643541e-01
-4.394238769776238375e-03
8.774339330416372137e-03
6.342188719007446629e-02
-5.897967577455630328e-02
-3.398919267878866557e-02
1.894207385706718830e-02
6.239396643688904093e-02
-2.954993396051024124e-02
-7.025675602297982991e-02
-8.711116871871631834e-03
-5.862305942322645902e-02
1.839113528974872010e-03
3.153515389642971845e-02
5.713719269696668906e-02
-1.301361360152882354e-02
-5.679961255842942702e-02
-1.457478452868600782e-01
7.829410212236036226e-02
1.700406233936875306e-03
-5.912376739985497794e-03
1.326230018434300210e-02
-3.013460275159076523e-02
5.682344256203476079e-02
-5.562777386801826332e-03
-7.580178248872870839e-02
-8.047805595132075107e-02
-7.410710796119836241e-02
2.604483917365225248e-02
5.939419972939938286e-02
-4.446414666882943196e-05
-5.749314903361941315e-02
-9.931310321785147624e-03
8.773901636472601628e-02
-3.706256839158399152e-02
7.897332670034130919e-02
-5.126730005961866593e-02
9.573196779266687773e-02
-4.747002719648604763e-02
-1.702872604572411991e-02
1.958468498927552759e-02
-8.821617223866588808e-03
-5.125291868718047372e-02
-4.599395647753925370e-02
-3.105011258397904345e-02
2.064769073319181608e-02
7.813760916865483686e-02
-2.621814513281693279e-02
8.502875293718792360e-02
-5.471917682093239976e-02
-4.606582860211567293e-02
-3.855805743708382027e-02
1.557207365333035040e-02
7.964553428017608072e-02
-6.872593882344703309e-02
2.567679414712393388e-02
4.292839672802555538e-03
-6.880416793149250754e-02
6.654024811375738868e-03
5.323872916254789728e-02
3.706246417874024118e-02
5.651323566379050367e-02
-5.504546723472952818e-02
2.310072212472779815e-02
-1.385447230017389057e-02
-9.316419806015654656e-03
4.096447094984670412e-02
1.374661200688739350e-02
6.234328425720949557e-02
-3.426671148170842146e-02
1.844848709142859686e-02
1.181050063670676109e-01
-1.949659039868791022e-02
3.426188295328110034e-02
2.174981103113084180e-02
-2.804958164896851486e-02
-7.300620347976981284e-02
-3.617967717929104765e-02
3.251944420569635036e-02
3.922015637107436302e-03
-3.734227566422259476e-02
-3.660340660199916385e-02
-6.949555067457821589e-02
-8.995791623395895178e-03
1.258647989259138039e-02
-1.769113761824592582e-02
4.978612291132787637e-02
3.703120032561371677e-02
3.092839198247312321e-02
1.443990531877528335e-02
-5.137568141712393899e-02
5.098429271359448955e-02
-3.614949019221665866e-02
3.414290662332739815e-03
3.355174189831947734e-02
1.562984230638524456e-03
4.159044276466881268e-02
-1.224059746416830512e-02
2.586552360716436183e-02
3.284048923969112854e-02
7.508222754021453942e-03
1.490535461660000630e-02
4.267568058191952007e-02
-4.169246713870502358e-02
-2.844503465340441489e-02
-7.350270820503354390e-03
9.789059790059478905e-02
-3.900811797164737554e-02
4.300957853331075637e-02
7.188011422776712303e-03
-1.008751495328961967e-01
-6.865646359427698964e-03
-9.781695415767453425e-03
-3.983212892721870596e-02
2.429097175086902469e-02
-1.516161399939371969e-02
-1.100970482896260205e-02
-6.996377898156973252e-02
5.030312282919677247e-02
2.000761544684818288e-02
-5.949354930711255041e-02
5.115224908011307275e-02
-5.126646635686862852e-03
-8.374300960855247250e-03
3.948124428229538713e-02
-1.058111214021258822e-02
-7.556007816644610964e-02
2.300019146811874485e-02
-5.595493272218001607e-02
-2.418752313463483003e-02
