-3.038779198894072664e-01
-8.544644043030588665e-02
-1.330170561042165744e-01
-1.280939699580960489e-01
1.373009954089084161e-01
1.512202994815334822e-01
1.480144276716179041e-01
2.310387319729718947e-01
2.192360706124342473e-02
2.455682378124445786e-01
-1.167995199365187177e-02
-3.914514137013138523e-02
3.906564481506128589e-02
-4.206255230117304095e-02
-4.837653802760755878e-02
2.270614807521378897e-02
-3.954695908000048499e-02
3.385945672486545543e-02
-7.981181062296115181e-02
-8.978912321772659910e-02
1.875876352921288653e-02
1.016874603377582453e-01
-4.483206345844108903e-02
-2.269147073786722396e-02
-1.340000281063241649e-01
-6.584175026979109668e-02
7.068793399488418339e-02
-7.068527159415621819e-02
1.063677560174925429e-01
6.198683294907352849e-03
-2.340642773335807614e-02
2.731295466818727327e-02
-9.609273240799054427e-02
1.895219718210349119e-03
5.694284650322852664e-02
4.580530745788874425e-02
-1.990905717707126821e-02
8.199986028790672010e-02
2.886772842664274072e-02
-7.081801616378592679e-02
-5.408301852126512488e-02
-4.572130530158668299e-02
-1.772450276641473754e-01
9.708444254582072538e-03
5.944335278694250907e-02
-2.421552448792291604e-02
-1.657945199998991578e-02
2.655341952717407694e-02
-7.122017520708168181e-02
-1.019186796009805829e-01
1.066190115528600629e-01
3.196386153988577117e-02
-6.042386718837811782e-02
3.504555624918091750e-02
5.668285283213839003e-03
-5.824742285993912694e-02
-7.059761717018883664e-02
-6.594135136369171091e-02
2.022670206392497907e-02
-4.951560180572869146e-02
-1.214987937547755553e-01
3.999939653704389503e-02
-5.893104544686220136e-02
-5.971795552869386958e-02
6.990716791473249037e-02
9.218210947204137640e-02
-1.304714596748402511e-01
-4.648739404439183182e-02
3.083367243085791132e-03
-2.635428560605817747e-02
4.069291779334023584e-02
-2.754458353152160720e-03
-1.023897538631198534e-01
-3.291270019932693996e-02
-2.322855888472336039e-02
7.297756448760503445e-02
-6.760494221856772068e-02
1.884508675281626466e-02
3.081131509141140853e-02
-1.268902234956220398e-01
-2.157636856629792810e-03
-2.259671657862524080e-02
2.622348663696045384e-02
2.824076718854592535e-02
-8.308738271860155455e-03
2.786902095356593237e-02
-9.693869317263512152e-05
-4.477994184418946505e-02
-1.691105742399419409e-02
-1.012196970098576052e-02
7.375880843455406843e-02
-2.783055267638087638e-02
-1.146873486923206086e-02
9.976814247962539906e-02
-5.343165194316181615e-03
6.444651575495848050e-02
-3.897737599092592625e-02
-4.184300664114262019e-02
1.300385806231447172e-01
-3.689118022049695661e-02
5.479787311672797839e-02
7.986652637125540855e-02
2.422043968926687954e-02
6.302305296574073346e-02
-1.120266546314731097e-02
6.822879732248190478e-03
-3.964304443960645769e-02
7.783917648358334995e-02
-4.120867260102985263e-02
-2.590410094963075185e-02
4.809712248454024036e-02
-3.474501216700307503e-03
-1.081525202388343432e-02
2.601240604591130781e-02
2.146352373544273620e-02
3.509487892933389058e-03
8.330901051253461476e-02
-5.738620449112265959e-02
1.079422588480091934e-02
-5.178618589324167354e-02
8.728216573224867325e-02
6.772471611798419611e-02
-3.829092033656153471e-02
6.144220133348812091e-02
-5.648525491144248956e-02
-4.660532474330431746e-02
6.088019584648549781e-02
2.844498697771911944e-02
-1.128673588613470641e-02
-1.023790018601799245e-01
5.766985256868062404e-02
-4.254960096768019284e-02
8.476326157683747309e-02
7.234930618248688883e-02
-1.097615660121294134e-02
-1.650616771328511020e-02
7.109818264039190205e-02
-1.175368001381134168e-02
9.297239875479701432e-03
3.956573241846701727e-02
7.132161950148628755e-03
-2.791595429973226308e-02
-1.447492662454907472e-02
9.321713482171523762e-03
-2.111331563968526365e-02
-1.402262570087633303e-02
-2.673862704448207520e-02
6.156265789975791380e-02
-7.710090641505132347e-02
-3.441787821088809762e-02
-4.324684275832717251e-02
-8.133470383936618198e-02
-1.444410421612129722e-02
9.201434409283591742e-02
1.979122887818678470e-02
-5.072248853572799802e-03
8.022810087012080538e-02
-5.093001925913983284e-03
-6.019421805891843336e-02
-3.431650218316882606e-02
-6.211991885212990450e-02
9.170376480791415930e-02
-4.999374166979991471e-03
2.805620820474858529e-02
2.919011784812708746e-02
-5.658949813994573058e-02
-3.256378917059078726e-02
-7.427995631038498969e-03
-7.950092413795536994e-02
1.056879904982907653e-01
-3.517359041752265297e-02
1.398524969065660130e-02
-2.555740858816791736e-02
1.851392506226665069e-02
-6.696204070944569708e-02
8.123837954636153880e-02
-8.531642652808948957e-02
-9.022432333672347066e-03
3.785868981837664515e-02
5.989592677735659093e-02
-2.543603042164612263e-02
-4.633550066952626251e-02
-4.411574112924358110e-02
-5.072750613709995499e-02
-4.518967848955718347e-02
2.146011040117609681e-02
2.899501166144582281e-02
9.178978083143353450e-02
-3.984340716105835151e-02
-8.250370255900574962e-03
-7.672219697816739375e-03
-2.952039207176737623e-02
-4.907760275263317595e-02
-6.400319190040699990e-02
-2.866146063690955953e-02
8.111891284702906629e-03
1.877006166563547143e-02
7.258591851385051696e-02
-2.426095596701192438e-03
5.424102176446798235e-02
-6.161105897965889894e-02
-1.900227079579512937e-02
-6.846465872030687606e-03
-5.720413724133997790e-02
2.638708774836060963e-02
2.885503082317083037e-02
2.761994995212906090e-02
3.528633284834984535e-02
-1.564587094472064122e-02
-1.691460729163150184e-02
-2.291794546645892910e-02
5.906024014885460222e-03
1.309495995389114709e-01
-4.335309985404774136e-02
6.930758161745413648e-02
1.944566291703193894e-02
-4.646421750472133627e-02
-4.530347905400702868e-03
-1.190291098794893192e-02
-4.619947929900057137e-04
4.795799497983190690e-02
4.173548661174338731e-02
-2.183124223598809088e-02
4.492149281622711404e-02
6.413620953677803826e-02
7.792095997261209127e-03
-1.212245664797935267e-03
-5.108935370270668852e-02
-5.107406196519213154e-02
-5.550074690891491219e-02
3.333950351602786577e-02
4.533768066335878283e-02
-6.591285002256525027e-02
2.865572623534160326e-02
5.623993857769891969e-02
4.198834641421623354e-02
-3.335953978817305429e-03
-5.728673993059271718e-02
-3.647529957344927687e-02
8.561468367630868659e-02
6.199260148398415271e-02
-1.604618678751242380e-02
2.039958744453039888e-02
-9.850575493445049013e-03
-1.106695129270562038e-02
-7.906766961949049377e-02
-5.559171226712092406e-02
-4.579772985581679820e-03
-1.935708689281257638e-02
2.292886813611218558e-02
