-2.424673288099611079e-01
1.082414930649304163e-01
-2.974247518247273847e-01
-9.986131829528754889e-02
-3.129222809761370884e-03
2.858973734898136443e-01
1.438373729826301906e-01
2.253323745960794655e-01
-6.104197624362337621e-02
-2.230148064509054548e-02
4.346432574643137314e-02
-2.951320878661562244e-02
-1.233791046261510510e-01
-1.974545743386076080e-02
4.458887916577272681e-02
-3.518615395430496184e-03
6.233380110253620987e-02
-2.816310611451874543e-02
2.854846563353153482e-02
-3.714958523816395183e-03
-6.995290258523990945e-02
-1.880561846737954096e-02
-7.470886283083391297e-03
-1.311822147750500234e-03
1.059543745730117531e-02
9.838437567684892027e-02
1.146018744441920090e-01
7.467397680425662265e-02
-7.809865535548332627e-02
1.079298378390621399e-01
-7.195004358456810745e-02
2.204269220130906232e-02
-3.690719793211823252e-02
2.393910736089529048e-02
1.148286672258332364e-01
3.284240448475359703e-02
1.055514039962662971e-02
-9.605864057169585801e-02
-1.476231118262652520e-01
1.562240633864536710e-01
-1.279765989610399252e-02
-6.616635712827356741e-02
-5.220475419515135246e-02
2.670589191380737595e-02
1.570214006644110594e-02
4.118923923670410325e-02
-6.962417404385981340e-04
-9.117234505532462174e-02
-1.742335208869838850e-02
-1.950464974558877018e-02
2.982425905248544534e-02
8.399533489593283275e-02
-3.977396892921861160e-02
6.826795455400083701e-02
-8.838196706247298043e-03
7.507019199435271961e-02
-1.109469750046662186e-02
-4.051749837620274158e-02
3.560895377544406014e-03
-7.739266703729191788e-02
-5.284342390907077053e-02
1.641162370906800241e-02
-8.104985188125631707e-03
-9.478143557941224109e-03
3.922392585507215867e-02
4.558464332322179069e-02
-1.241094929976132855e-01
-3.468000408893494313e-03
7.908978148627759941e-03
-7.910692201956701780e-03
-4.046073296301482339e-03
1.785781419425205852e-02
-4.244093508238640927e-02
-1.784094253207305775e-03
-6.906337612529646341e-02
9.212068707067296025e-02
1.208212665349259196e-02
5.565181626632070833e-02
-8.855085172870701127e-02
-2.746652828519212039e-02
3.850493089691407050e-02
-6.934434643568777867e-02
-5.356181390723041384e-03
-1.081480267451698576e-02
1.190998192504470234e-03
7.409624000573665492e-02
2.492492328725872883e-02
5.043235583524741800e-02
-2.982254499915650697e-02
-5.105385140698861374e-02
-1.690748925446436748e-02
-8.170690565735085065e-03
2.509242998905183292e-02
7.180602949604814045e-02
7.058932050360954003e-02
6.777158487527243369e-02
-5.544256732463453963e-02
2.721983904137964452e-03
-1.460770021146705171e-02
1.667881437505018202e-02
3.413990924587410880e-02
1.432004173220397247e-01
-7.513650233196061956e-02
8.361545362579489438e-02
-1.247820740803347317e-02
6.522836665067649475e-02
3.496087357265986045e-02
-1.444459627410711079e-02
-4.659089345397731535e-02
7.943840648982894437e-02
-3.593395173016703924e-03
-2.847015692262103853e-02
-3.826103119087222171e-02
8.449600651242800131e-02
4.027080913239025617e-02
-4.098012473057315030e-02
3.203989143792057570e-02
-4.818590409878012459e-02
-3.383400113999111836e-02
-2.043538070320443170e-02
-1.629594191380879945e-03
-6.738582204959400919e-03
5.793953971823782162e-02
7.569807325496644146e-02
-1.560954757778941840e-02
-3.746423165513567549e-02
1.925093624401650813e-02
1.578004547068597276e-03
1.172627573884865021e-02
4.682763446670417523e-02
-1.143771654136565702e-01
-7.182118710489819591e-02
7.234303232133912354e-02
4.030824943451656595e-02
-5.146092226816800091e-02
-5.667497166814404463e-02
-3.764030862357348878e-02
-4.085419222422909113e-02
3.387241609989270069e-02
-2.800695921714098455e-03
-1.300627026890291069e-02
-5.061767524810599495e-03
-6.915280937840068143e-02
9.042064864836142635e-02
-4.513704014214622862e-02
4.073034346899080671e-02
-2.130047350098824774e-02
7.822559612849146193e-02
-4.214574821203150717e-02
9.130587317053812102e-02
3.801457720928135692e-02
-4.662046927612377434e-02
-3.021203841149203845e-02
5.872746650733043361e-02
5.295157731323815037e-02
2.774531401781126297e-02
1.396654343977622552e-02
3.376406104239251110e-02
-7.110884670672307228e-02
-8.555162810083483116e-02
8.348303460391190423e-02
-1.671158304163290406e-02
2.331398202916339785e-02
4.781284543306916351e-02
5.080830486539542751e-02
-2.491178221173684024e-02
-4.266352675292729019e-02
1.702276774305793577e-02
-9.006862914704101553e-02
3.671213194150683978e-02
4.557244329658637072e-02
8.262711703277124745e-03
3.483363031965249629e-02
-3.234690863713406139e-02
-1.146442888618611454e-02
-4.950757365094984701e-03
-1.588961044818306897e-03
4.118450038338291458e-02
1.914584124873018253e-02
4.811051936119546679e-02
3.663778907947506935e-02
5.075486673219899159e-02
4.985115732118076959e-02
5.082887350534273652e-02
-1.541935487605443009e-02
-1.951859743444192552e-02
1.202432608652955343e-01
-1.732975133338261970e-03
5.012822900047096686e-02
5.690946088532111702e-02
-3.713829265152621822e-02
-1.181732221861541039e-02
4.476858589420124740e-02
4.701984370176733215e-03
-6.155672998452690198e-02
-1.149199489678216224e-01
-1.038387958495425312e-01
-1.173219090327794374e-03
-1.246597377250925620e-02
1.044006020347699737e-01
2.116983575021180383e-02
-7.078838595198846430e-03
-1.859307585459069739e-02
1.734464007112225536e-02
3.422977941453277106e-02
6.163927341542655564e-02
8.728325887862098398e-02
4.733818709650735451e-02
2.067319720037297595e-02
2.612573527529361492e-02
-7.284155296895090947e-02
7.100650764031857243e-02
2.119914270124783305e-03
-4.007883515954872161e-02
6.038283871642304707e-02
7.868106378954688174e-02
3.419704435683884776e-03
1.544291470710518546e-02
6.679632213999306574e-03
-8.769634573089607130e-03
-1.475262173998468382e-03
3.172897560760596508e-02
3.780529465870638862e-03
5.287081515344504989e-02
2.628920891043038527e-02
-1.496755058387852326e-02
4.199121454131628239e-02
-3.710821269604772099e-02
-4.159812497787884755e-02
-1.706424111184057929e-02
5.911914449743815164e-02
4.522418799081186214e-02
-4.714749026144032795e-02
1.558346708007845444e-02
6.047929622728705906e-02
-9.076214856748658980e-03
8.835242484921533579e-02
-8.171671945288126737e-02
1.077841096972132484e-01
6.031158787216113482e-02
-1.360729802736320403e-02
-4.447628938828337986e-02
-2.034473753010331010e-02
-6.763120054674316706e-02
2.773721427560979155e-02
4.245552134012682555e-02
-3.065903663256914352e-02
-3.044020915757418219e-02
1.905314793341208665e-02
-4.885909014150001395e-02
