-3.291375939927234096e-01
1.392014395479124547e-02
-9.137066298572869838e-02
-2.321565369835076054e-01
-1.242839042928772786e-02
1.043043211596713787e-01
2.776425629136977657e-01
1.132435530213535824e-01
-4.758212432377041667e-02
6.319134454503112786e-02
-3.020470685368209507e-02
6.403122944345054912e-02
-2.958322017212759031e-02
4.015872767704834617e-02
-2.322440689676281630e-02
5.754852179231557084e-03
-7.272238472463472825e-02
6.659524177918199617e-02
-1.507210899959120776e-01
-5.427555475289965597e-02
8.140538485201884167e-02
3.487265292684092743e-02
-8.114048626799599817e-02
-7.122423500007234176e-02
-1.558180931019395032e-01
1.449065292984660358e-01
4.570068237060562200e-02
2.146644356642938428e-02
-6.196081178909161602e-02
2.426772290624939002e-02
-6.906730875344227472e-02
-8.338059508338657722e-02
-9.852039825571728970e-02
2.096712428689917820e-02
1.513638440393373086e-01
-1.618059268318901844e-01
-9.074175671326591142e-02
1.274359192080900816e-01
-2.965626476537981671e-02
-6.952444510017927529e-03
1.829153025858585050e-03
1.237600555899563172e-02
-7.802115592997399540e-02
9.305689294361696451e-02
1.295616639843081841e-01
-3.477690182692972504e-02
2.130765792479309348e-03
-5.216832697295696597e-02
-4.988232542931902991e-02
-7.323270546654617186e-02
6.375245110746996513e-02
4.169688562672391879e-02
1.981123517397660391e-02
6.800870582820502108e-02
2.902556755718054340e-02
4.545708312944879426e-02
-4.493515328624549804e-02
-8.006793962881042157e-03
-1.226767313553565608e-01
-2.301832136308622212e-02
-7.441296409788301924e-02
3.689350003849365539e-02
3.306738970446719116e-03
1.156809525967148200e-01
8.741749215739788928e-03
8.574635722928855563e-02
-9.341501612892276485e-02
7.160864656351005738e-04
8.378579429376560583e-02
1.519183625167455122e-02
4.287660058114076828e-02
-3.158283190290489539e-02
-3.094999196802090957e-02
-1.624356326292352923e-02
6.212938361528796277e-02
2.840590379235781796e-02
-9.740390972899730382e-02
-4.033596635296946009e-02
2.348981717671036820e-02
8.307488874936819201e-02
1.304834202306810395e-02
-4.520478505757190985e-02
2.399137512591117613e-02
-5.542878944321280588e-02
1.379896796362107061e-02
4.189804608712519030e-02
5.896502403589155838e-02
-9.826128823184270694e-03
2.612946456631288356e-02
2.391433290824716146e-02
-3.673174016429498617e-02
-1.485501240923478225e-02
-2.988751934235303956e-02
7.968311231243387083e-02
-5.156318257999785437e-02
6.640338778841137213e-02
5.853513549714531999e-02
8.379340577064565065e-04
-3.800589499781596020e-02
-5.394941256288818265e-02
-3.523499760352555299e-02
6.155228655520197933e-02
-5.663402523187451715e-02
2.199534526660683678e-02
4.087599743950934283e-02
-4.454911069204777613e-02
5.883159932352365756e-02
-8.304546623369740699e-02
-6.029754418582466274e-02
2.917766917080032857e-02
-5.887135170067449991e-02
-2.961478541448308091e-02
-2.597665937079662868e-02
-3.300160479714678297e-02
9.107423114034565725e-02
-3.909449609663928626e-02
4.865802896746190126e-02
-5.226462174978815933e-02
2.173412449704283447e-02
-3.918644145811045476e-02
3.966414158482169799e-02
-3.508922822697405075e-02
4.752970747248302930e-02
3.715795088858237644e-02
-6.303805963458546102e-02
-9.311647353785028336e-02
8.833115721196130310e-02
2.910228996489161793e-02
-1.180367366720849742e-02
-8.061228814971502232e-02
-6.412829176416880335e-03
-6.204780009629215498e-02
3.137744995112477786e-02
1.565645615131042168e-02
-5.703449125494998440e-02
-8.508479836063027185e-03
6.136577339064550746e-02
-7.348055818007714901e-02
4.841602877606979161e-02
6.127270869433903977e-02
-6.452843797729132524e-02
-4.652678346005317822e-02
-6.858164535890273923e-03
-2.912074299917644105e-02
4.739602691215277080e-02
-3.987230588319242743e-03
1.535161330416496932e-02
2.259019177908117015e-02
-5.172043313386002344e-02
3.643617180578489351e-02
-3.752093518517290310e-02
-8.498271502365079000e-02
5.099049889726248869e-02
2.633123266562474585e-03
1.111643405932887137e-02
-4.294983706036475946e-02
3.450490346195154295e-02
-4.643032877824551825e-03
-1.040909119780723813e-01
-7.245886132340952079e-02
2.758690248386560032e-02
5.779589479091713777e-02
-1.085450970786839830e-01
3.561157382311616604e-02
2.664132039599846277e-02
-3.355765836232910138e-02
5.780923086595486649e-02
2.728010879600719415e-03
3.312911302538522969e-04
4.122558169907154096e-02
-2.015442323447994011e-02
-3.660106581752239907e-02
-4.856678718788720595e-02
5.694862228258473769e-02
-6.080517852413139246e-02
4.650340535249303242e-02
-5.720629316167106376e-02
3.029047988306146112e-03
3.125192454459457814e-02
6.583019240975128417e-02
-3.058064345336681741e-02
6.960334221557036571e-02
-6.452754250942308034e-02
-8.247035199531967120e-03
-3.816477658243812993e-02
4.284736995144176191e-02
2.075301152340371103e-02
3.709027910253960038e-03
1.560189657333831137e-02
1.989943875899833486e-02
2.554206962574212536e-02
1.758107244812254916e-02
-1.330385098687253964e-01
-5.294751194230776226e-02
-5.457198659828269710e-02
3.963651000488740972e-02
8.296413856266397074e-03
-6.460256992438354745e-03
-5.558188246768670793e-02
5.783724621783269126e-02
2.540570266180714864e-03
4.956833601751940016e-02
-1.718665083315771072e-02
3.883266768816470010e-02
3.638285948662926209e-03
-5.557881229213845579e-03
-2.778524861668096868e-02
-4.426758199047188536e-02
-4.252314662114795724e-02
-6.377800392271013030e-02
-5.664141284178750291e-02
3.406727552234407874e-02
2.374675249290493159e-02
-3.593483772355114680e-02
4.595330025243544309e-02
5.267919139178842136e-02
-4.159927962908566146e-03
1.462919460146159568e-02
2.758491966215735267e-02
-5.211213636422484807e-02
5.055104804092324516e-02
-3.166080156943244794e-02
-4.908555091255636244e-02
4.323328462165830499e-02
8.428764007192406094e-02
-1.200461026064270423e-02
4.307030946963845419e-02
-5.771619815064368830e-02
-9.021423019588610884e-03
5.418776692081674756e-02
-1.030459649378258000e-02
2.021102959615088662e-03
-3.206171532644203070e-02
-2.196998433733843986e-02
3.847355309200479329e-02
-1.506253708769962098e-02
1.666113911848145918e-02
-4.044345447815367312e-02
-7.659480353984735382e-03
9.636695793757429906e-02
7.118825638036622994e-02
3.238430762597582779e-02
-5.352304193362432405e-02
2.679665209014297361e-02
-1.789291913323745598e-02
1.784056624394065454e-02
-7.135119955139078429e-02
2.245206586040500787e-02
2.122578657683963298e-04
2.978681118817122497e-02
