-3.386973741576070340e-01
-1.164131126595154553e-01
-1.425359795127603135e-01
-1.616445568361944141e-01
1.248869090823689076e-01
1.311116629074013940e-01
1.970186673650818621e-01
1.893587224987091644e-01
3.243685985402532806e-02
1.403671792255573869e-01
1.209677495788311075e-01
-6.063220148480046034e-02
-4.485083162367371756e-02
-3.230624899345220513e-02
1.257508860302877229e-01
8.184944946787041375e-02
7.741882339223722653e-02
-1.678450295464554293e-02
1.236947376103291266e-02
-3.544935072144102944e-02
1.041828645179445206e-01
7.480476512343155193e-02
-1.732146643409749817e-02
8.708555549961254083e-02
-1.586280712217132960e-01
9.975630266323873285e-02
5.161557104115544609e-02
-6.478698159133494672e-02
1.683949151642406827e-02
1.706409356490643792e-01
5.651674358416192145e-02
-4.529404012634724586e-02
-9.814572485726190745e-03
1.946841719169922769e-02
1.414529167410024935e-01
-3.397452484182583721e-02
-5.629206511443134858e-02
1.350113697295772242e-01
-4.237836108563827059e-02
1.058986257509999390e-01
-3.404865345258728526e-02
-1.569470121827303694e-02
-7.017968170804081418e-02
5.026649285177289123e-02
-4.042305397638280146e-02
-1.088068363515431493e-02
-6.477770683075700919e-02
-2.448703529842851181e-02
-7.309358916526860483e-02
1.327079290978047839e-02
-3.139489087164462795e-03
1.359982112024554074e-02
-5.313041386528666310e-02
8.233965703819166870e-02
1.578324565540093621e-02
1.652046754208801385e-02
1.072200533433037214e-02
-4.631023430592334962e-03
-7.599367132395701274e-02
-6.637053406499106301e-02
-1.481682949795282665e-02
-2.653998792073479843e-02
-4.682163140415674524e-02
-4.853096630497650069e-03
8.377800914025319845e-02
-6.328026720905853726e-03
-6.421163380312412683e-02
4.021695976473908807e-02
-1.298028795579828781e-02
6.830482533098941600e-02
4.716667333981441196e-02
4.864559817728801735e-04
-2.671547889616442822e-02
4.641454930972684079e-02
-8.020872000578255223e-02
4.578942349938801976e-02
-8.104862426051594182e-02
-2.709713355709977844e-02
-8.543926812856413033e-02
-9.824698301113707344e-02
-4.463695633948522095e-04
-3.185220256830557928e-02
1.685616524330574642e-02
-2.762582964697290339e-02
-3.630443501502295112e-02
1.535292455412969569e-02
-8.011878609141451224e-02
8.656797522766054853e-02
1.869850785293786927e-02
-4.731468740282027824e-02
2.489859845695786486e-02
2.833241356051490259e-02
-1.697166553889235124e-02
1.116601626011008569e-01
-1.418399208893124028e-02
8.407153620723269161e-02
-8.152236652554155014e-03
2.837843999409453075e-02
6.977888699812252737e-02
2.038964060191179525e-02
9.961099808085113749e-02
7.925147439811935923e-02
-4.529466539110530571e-02
5.172395026588633843e-02
2.917530519131459818e-02
-4.822528131214578670e-03
3.517527633582348545e-02
2.983721741158611163e-02
1.930240939843354958e-02
1.955123003521155173e-02
-1.893906110013703764e-02
-3.773993868874218893e-02
3.598172892600052380e-02
1.167816714974624775e-01
2.341606097865989514e-02
2.887542126596146647e-03
4.387177122334032925e-02
-5.309373166614697603e-02
-3.620804003148826288e-03
1.230451570005638637e-03
2.214375140679505222e-02
3.643834588404140824e-03
-2.285627533553864776e-02
1.468038283297111619e-02
-5.473046638116943474e-03
-3.572165352357738882e-02
-4.583048255183414660e-02
-6.373011046555373746e-03
2.170714292101218190e-02
-9.728782687226869563e-02
-4.694988015342162202e-02
-1.119137074604953375e-01
5.862551845459081784e-02
1.274873852111522154e-01
-5.649579721476682276e-03
-5.141513894926530437e-02
-7.815760844081943992e-02
-2.041770804216261684e-02
9.954562317670256552e-03
-3.664579483599424842e-02
-5.176535668764249698e-02
-3.068208904745300600e-03
-4.290323611310101204e-02
4.025940829442535042e-03
5.879607678581796025e-03
5.567635301239448609e-02
-4.672468062972600505e-02
-4.394916510561610798e-03
-5.915720192053024878e-02
-2.036980581430880219e-02
-1.203926449491373243e-02
-4.053317004766385928e-02
-6.335074844206461941e-02
-2.613248898313284829e-02
4.573314967116236945e-02
2.417794608635945482e-03
1.507304910103457333e-03
-1.650195275786315446e-02
-6.612265132535015411e-02
-4.350380291322035464e-02
4.485889059166651982e-02
4.119129594245599102e-02
1.279896117596006876e-02
6.120299873504981419e-02
2.363914154956431313e-02
-4.258351740014488379e-02
-4.606217788162742660e-02
-9.328852926890583708e-02
-5.463987246511233659e-02
6.247958094942808460e-03
-4.109194831978600637e-02
-3.404976503437939783e-02
-6.121585139952110365e-03
-1.066562729531170435e-02
-9.940011017272894212e-02
3.762548050108569658e-02
2.769040560170839271e-02
7.432556916023839132e-03
7.185160493416981216e-03
-9.217583589500201804e-03
-5.703352490670085366e-03
6.697620719396792099e-02
3.781708941250094130e-02
-1.856831383553678508e-02
-4.200285486149054476e-02
-3.274883223136767357e-02
9.258462009905110701e-02
5.355569811156239701e-02
4.273580410566418450e-03
-2.634768427069947641e-02
-4.159236854782229209e-02
-3.283911351504574527e-02
4.643007671788539938e-03
-4.627355210678366776e-02
1.530338969051871917e-02
-8.337193441682239081e-02
-5.084670381032418973e-02
1.612543916271632141e-02
3.011605075675112889e-02
5.192830763097987246e-02
-3.144366152277353055e-02
-4.787808568676589493e-02
-3.847486793798304133e-02
-1.509052177732932848e-02
5.130179234340091765e-02
7.551385009600580789e-02
4.929146193543591098e-02
-4.329350553292522080e-02
-2.360999726445238509e-03
2.480477400631743781e-02
-1.213378368417422810e-02
3.114030390432004358e-02
5.700479746476096871e-02
-9.520003310816592054e-03
1.252046477902578336e-01
6.005834738462278999e-02
-2.965210430626850913e-02
-2.682802655261573924e-02
-9.760591294946765681e-03
6.516036886269145623e-02
2.159139946690855419e-02
-3.219078343479660209e-02
3.698124937869495810e-02
3.955879913301595802e-02
8.167569533899095291e-02
-2.968416649358473006e-02
6.848594368924161568e-02
-3.885162469164689381e-02
-4.511948704805470584e-02
-1.889213150635132149e-02
4.171783834260690133e-02
6.348587510366821007e-02
-1.684133257376725298e-02
-4.461792050129530229e-02
-3.509715297799663892e-03
-1.607371587245212327e-02
1.125480732944810769e-01
-3.980574397551977193e-03
1.548357015163382387e-02
7.982828113743231646e-02
8.037882675690664544e-03
4.815684955806891210e-02
7.674068902518707547e-02
-7.269918605065496531e-02
2.121697008762192874e-02
4.286016231865668290e-03
-1.148094822397393022e-01
2.215920934109160551e-02
-4.900130435076375385e-02
-7.031206415209511652e-03
