-3.342675702139618066e-01
-1.198539483136604328e-01
-1.381882837861142244e-01
-2.017843436429526960e-01
-1.797381207586247129e-02
1.053399913993952053e-01
2.027885633542179378e-01
1.407443245012058863e-01
3.781796874588546492e-02
1.654755946654298815e-01
9.127480091141521035e-02
8.321427962160191094e-02
-5.999506930810483141e-02
-2.602641454778956837e-02
1.206888991160163654e-01
6.256156820884367642e-02
3.043629396659540756e-02
1.804742032819710296e-02
-1.154433672274469552e-01
-3.123876759179778154e-02
-8.904293053865246221e-03
1.214015593130410298e-01
-2.992203858226390178e-02
-4.980117838446772999e-02
-1.382980446163090960e-01
1.525818212081352376e-01
1.565730056609831999e-01
4.886709200123261904e-02
2.618589352572565573e-02
1.135854521702217429e-01
-4.222504149506075416e-02
-7.021652573704202649e-02
-1.188158480904263625e-01
-3.223734055106822205e-02
1.490677371797476947e-01
3.518701668184499171e-02
-3.082795803099238827e-02
5.420133469776772239e-02
-7.116267411714177760e-02
6.755647118195140521e-02
1.649753726292511489e-03
1.515838830908050605e-02
3.721877819249603224e-03
2.763553838990645203e-02
1.497836049992072767e-02
-4.306286579251462215e-02
-1.023515564975298331e-02
-2.088847166172471542e-02
-2.483956083413617344e-02
-4.859451091973197856e-02
8.041887008230448608e-02
6.489721853246951944e-02
-2.899389966562687312e-02
5.801115483210799589e-02
4.766045794923055856e-02
9.721789044137821301e-02
-2.429677097522738027e-02
-3.098212438427063939e-02
-1.430158557888670627e-02
-9.642293468125766320e-02
-7.728164827728611908e-02
2.615679103467551114e-02
-2.096405126534747407e-02
-3.791359598972646877e-02
5.014319112659086641e-02
9.198462102607564417e-02
-8.277122677277885809e-02
3.412198579525109465e-02
8.575615333760602810e-02
4.379092925977363243e-02
-3.264454153663433333e-02
-4.100908529035721811e-02
-1.633461677341823196e-02
1.298288521806469954e-02
-4.223015364331640653e-02
2.954811667946006734e-02
-1.025881186521050530e-02
-5.433856079506155234e-02
-5.754207346373492286e-03
-4.941870282183744023e-02
3.759069533127804008e-02
6.674193555988438154e-04
8.467331346395158553e-02
-4.912627457652073842e-02
-1.430733256908260122e-02
-1.212802042642533058e-02
-2.055738488352051516e-02
3.443416096618275718e-02
-2.804364151928238815e-03
-3.256598819971254222e-02
-2.134208293439605192e-02
9.138950682619724486e-03
2.036950508194192502e-02
6.307816248453397556e-02
2.034384410246257990e-02
7.654269225884186012e-02
1.938526618542752572e-02
-3.837656282783297179e-02
2.631339651751364583e-02
-8.814920673772341786e-02
3.340708694506872023e-02
6.649798919116212126e-02
-5.958466070010380589e-02
1.378214787955878429e-01
4.060649526204130125e-03
2.462625394221412342e-02
1.266557116869042598e-01
-6.488936654005070248e-02
-3.460840837241294099e-02
3.080420157733377087e-03
-1.255617119601950193e-03
1.428568111764690236e-02
-6.934903093206516711e-02
2.622378356573812352e-02
6.542363615186674863e-02
-1.548623405211609246e-02
8.430580680601758303e-02
-7.472072930307467609e-02
3.458094310531395488e-02
-5.946220303110406891e-02
6.188011550509207176e-02
-6.351259484806319813e-03
2.063704084065431238e-02
1.112773339391622957e-01
-1.734381498200434149e-02
-1.254814211611209596e-01
3.197244439831790214e-02
3.306701214150000595e-02
-2.000928239995388574e-02
-6.549360241622839696e-02
-5.930028492360809450e-02
-7.339808623967640500e-02
1.141797644644914206e-01
1.082604648009207332e-01
-6.943580380147643116e-02
-7.276725382747585742e-03
7.495077597457894952e-03
1.720030729077545034e-02
1.554407149414571004e-02
-4.585897699921968169e-04
-1.411165757673248644e-01
-1.688312020978922565e-03
-1.777493948489755268e-02
-2.949996893020259692e-02
4.101864133219457892e-02
6.429057693946561847e-02
-2.272513622031860359e-02
3.086611537287443224e-02
-7.281282879623864057e-02
4.713246993134956320e-02
8.666898922220980794e-02
-2.206416552232329242e-02
-1.445361351720834443e-02
-3.532430960460622438e-02
5.550252678613246116e-02
-3.373633602291958161e-02
-3.826389508980648085e-02
2.989103156539302600e-02
-7.246927906836544975e-02
-8.352692257080533700e-02
1.536685035461648509e-02
7.643764262409828182e-03
6.924822471450112205e-03
8.585572328402327202e-02
-4.773419985249997832e-02
-2.198644750374392082e-02
-6.471942937646743554e-02
-7.316807298090582945e-02
-6.857024693505400781e-02
5.346294669579630676e-02
2.783294082058870161e-02
-6.538103491640298755e-03
-6.455139673870490154e-03
1.017598169837548305e-02
-9.012065826405124547e-02
5.633102893088485358e-02
-1.187311468105043191e-02
6.524838636362565109e-04
3.033334933407475648e-02
-2.827569295480849079e-02
-1.514736210696047448e-02
3.698518977121986046e-02
-4.388251356283728866e-02
-2.156825372879147499e-03
1.603734368171545743e-02
-4.123699354690488900e-02
6.073526159769588456e-02
2.647982534405872099e-02
3.801634014584493598e-02
-2.806302090482668335e-02
-2.886138476378431739e-02
-5.090155994331311412e-02
-7.197343410030102029e-02
-6.457983097508110393e-02
-1.976770833532411412e-02
1.203733826717150006e-02
-4.845233973785096487e-02
3.186572412688948048e-04
-1.158406112183713553e-02
4.983462453089848587e-02
-3.056553442053564981e-02
-3.465465159584967675e-02
-7.389032263250154553e-02
1.788326356754342886e-02
-8.372729873478663293e-03
-3.850326391401224374e-02
-2.002314868443816689e-02
-3.274157211529060696e-02
-7.546232492748099208e-03
5.459045939440372586e-02
-1.340251574056611911e-02
8.936235627279640178e-04
2.669329929964926046e-02
-4.468311607495262239e-02
4.664878719835087451e-02
5.501286317380199575e-02
3.209430063811109096e-02
-1.542502192398307118e-02
8.366882645081678144e-03
1.974672513856235920e-02
-6.537979864525619855e-02
-1.514856496537356732e-02
-3.639655764167869234e-02
4.671664846048961123e-02
5.659014468070557718e-02
-8.626867125978527825e-03
6.481662701879219168e-02
-6.603682664067525576e-02
-1.788439960048912938e-02
-4.698565437948466587e-03
-2.848572539882823426e-02
3.928401926231152308e-03
-6.788358184484565017e-02
-4.704833666790035618e-02
3.794022593848302149e-02
1.902370699409160551e-02
9.952477240129087299e-02
-7.044877764897031214e-02
2.256061191959425963e-02
4.737023494433786897e-02
2.447359116195223921e-02
1.004580568789172415e-02
4.339044423368063064e-03
1.229505068217695042e-02
4.048824759748739788e-02
8.174659188122471512e-03
-5.321535833910107094e-02
2.013508134232332852e-02
-3.554954484245812646e-02
-2.413304858011176834e-02
