4.296858567452833955e-02
2.662187117556132354e-01
-1.803125405147468219e-01
1.040023894986577963e-01
-1.425495689261642718e-01
7.034690061252522886e-02
7.718840306077802416e-02
1.094230114778376867e-01
-5.194795680842659996e-02
1.504603853104013178e-01
8.301892238886584077e-03
6.217587311607052081e-02
4.865425857873520443e-02
3.868522480724365803e-02
6.871357450405846112e-02
-5.925189862569352206e-02
7.315712368550195133e-02
-3.334415922816437450e-02
1.230538223146351168e-01
1.418631379590935826e-02
4.502449387005029099e-03
1.675766205562180533e-01
3.188079595776538433e-02
2.801736002540530443e-02
-7.556349126739148048e-02
1.026108958668387472e-01
8.253358089910704798e-02
-1.963996038014094100e-02
-2.219744716290544539e-01
-7.568780802778722616e-02
5.506058910007592677e-02
1.470669173447587408e-01
-8.401823301931427013e-02
4.708533677667193357e-02
3.389624584882267033e-02
-6.535018929646582708e-02
7.598657947866201134e-02
-2.401834606885789106e-02
-3.439601187871898363e-02
8.491834330355374494e-02
3.301074990130145603e-02
-1.074043983104344541e-01
-1.908635538683658983e-02
4.597996149034387636e-02
-7.345991249733607731e-02
5.785047230614819708e-02
8.365366542044376519e-02
-3.502129671402252203e-02
1.993942775181183416e-02
-5.875760506387568693e-02
3.860462452594890653e-04
7.849771477312934842e-02
9.439991619013471391e-02
-4.232871813526998400e-02
6.814212863216297100e-02
-5.602564144769772714e-02
6.655846596232757595e-02
1.472938507898170594e-02
9.974442974043108354e-03
-1.753924437517862811e-01
-9.464253948586892617e-02
9.059838557586483154e-02
7.735238730655195905e-02
-4.344560774749729043e-02
-8.750236048503172437e-02
-1.645741968124615415e-02
-5.512436075121023710e-02
6.495566547059920294e-03
8.177847520256581459e-02
-1.327001070005495720e-01
-1.643859818698776426e-02
-9.787063136414536624e-02
-1.120448298116497390e-02
-1.199214828113505243e-01
4.842795778894608272e-02
1.422561117795506924e-01
6.575698663455474546e-02
-1.863157114657964727e-02
-7.276231516476417381e-03
5.613012446540438863e-03
1.335755120965272380e-01
1.136391210900074972e-02
-1.845173888631250828e-02
-1.018056206074507836e-01
1.137324377422129808e-02
-2.552672276165971615e-02
-5.166060478516067839e-02
8.701205265140979361e-02
3.551049740092337287e-02
-4.824537347825796907e-02
8.929448306606507790e-02
-4.859605429396975790e-02
-1.792799522171390283e-02
3.238878650616116694e-04
2.770071606317590918e-02
2.817226566806637147e-02
8.851242625505637007e-02
-7.414896898377393297e-02
5.929292631990046303e-02
-7.630898060384102774e-03
1.591589840358332425e-02
2.828313850399185106e-02
-3.118531802034526720e-02
1.182464330878807077e-02
-3.120910585846679505e-02
-4.704288560810931247e-02
-3.736319672398163289e-02
-5.051404364080838184e-03
6.816196237485206040e-03
-1.553614707825227287e-02
2.495964221112162429e-02
-7.898068380562868820e-03
6.067942197509291341e-02
-6.298731676433308446e-02
-3.491833206896191588e-02
1.413753607465484223e-02
5.601982101922118457e-02
-8.798963157336153751e-02
-2.209365057616585401e-02
3.801704594468907628e-02
2.479799878984368516e-02
4.885370315234722344e-02
1.154342487835695041e-01
-4.485937084479181200e-03
-1.066881376474214556e-02
-4.768892153624226110e-02
3.951881138992787194e-04
-4.041189920067935620e-02
-2.470101273707692169e-02
-1.808868966008805867e-02
1.952348854508313344e-02
-8.306918685000296010e-02
-1.272050214961860937e-01
6.886509544102936697e-02
-6.543553449227950541e-03
2.105366021190854114e-02
-4.045482486069387762e-02
-5.441942461751573569e-03
-6.318198479066272633e-02
3.573967677218730515e-02
1.288854804222074914e-02
6.135962128776210195e-02
-2.827583133563270693e-02
-1.806262426299744955e-03
-4.766513369812073325e-02
-4.453443909853603555e-02
-3.577032891997953645e-04
4.263270899211558246e-02
2.461778693641502799e-02
3.543404101164180503e-02
1.763668910301555495e-02
-8.277949400224103582e-02
-4.747027587521033404e-02
7.496205753573638442e-02
5.367137302722595898e-02
-2.293498718589763105e-02
-9.268222550152151185e-02
3.976962757139808347e-02
-5.038719625933587611e-03
-1.249557422176363411e-03
5.239606653559358146e-02
-2.144793097566749518e-02
-4.910841016372295004e-02
1.536482403135573140e-02
-1.085038582699955970e-02
7.218179068975580370e-02
-6.190247114149022983e-02
1.199783268872872156e-02
-2.815037579575241367e-02
-1.081271120571931747e-03
-5.579513350036851421e-03
3.815037804267078139e-03
5.403578246227916382e-02
-2.701763816903190660e-02
-4.175240081780172245e-03
2.411507905951697922e-02
6.172766849061314676e-02
3.142139333404336127e-02
-4.071747169569793490e-02
7.001304842697388120e-02
-7.930226247895774683e-02
-1.215229547270136115e-02
5.970421551040061559e-02
7.345206757199812531e-02
8.304286839080467220e-02
-9.814302109029493515e-02
5.787853056733675144e-02
1.571164564992546392e-02
8.793130075754226893e-02
6.247913641935654711e-03
-2.407329217898700885e-02
1.426835969449421204e-01
8.193423492984028625e-03
2.214103645582815322e-03
-1.046709163216104528e-02
-2.553143604341518141e-03
-9.108088011691227448e-02
4.352877028263225923e-02
7.391820797433702739e-02
-1.077396107048145604e-02
-4.425765241826559032e-02
-5.422757190713399511e-02
-3.062870791451226260e-02
-2.035660063631545072e-02
2.300356701707778617e-02
-1.816375420777740710e-02
8.725113307763654458e-02
-1.613179201419427319e-02
-5.982423021496588444e-02
7.822491382105478674e-02
-4.565869914464940754e-02
-3.681408358308852630e-02
-3.119642112031954448e-02
2.310725921569796101e-02
-1.081264794019239951e-02
-2.058812083207538224e-02
-1.103334973084918978e-02
-4.710096336182091614e-02
-8.573801147031580305e-02
1.191043136329018003e-02
-3.161062052505796876e-04
7.188969375197097611e-02
-4.994924064923937645e-02
7.424797953340210588e-02
-2.016693058661241100e-02
4.038757360557902049e-02
1.111961227680318895e-02
-2.673591677766178412e-02
-2.161159889380684374e-02
-2.729388709232354396e-02
6.335514253783991467e-02
-1.817722976501114085e-02
-7.163565102862790024e-02
-3.242823256219513894e-02
3.254100336392818510e-02
1.812342243436656716e-02
9.761269781089675079e-02
-1.671611242081778165e-02
3.396102974838768190e-02
4.221920550817327006e-02
-4.905605794019751026e-02
8.804853177892309896e-03
3.608102592267854736e-02
-1.006086368381440763e-02
-2.082198185233131299e-02
1.838834682833971265e-02
-3.018746249701598043e-03
-7.073557237715186186e-02
1.286801837873554656e-02
5.644474393077237445e-02
