1.392831398095810413e-01
1.026492005260128682e-01
-9.230829887490450691e-02
1.743436270907121333e-02
4.375008666905629701e-02
-1.659814595639521606e-01
-4.452823730246555783e-03
-3.640506015692741848e-02
1.549347219482739291e-01
3.538124443436717059e-01
-1.467922182275238630e-01
-7.224488198418772822e-02
-4.233249517631685471e-02
8.226113556890478351e-03
1.217158269018250340e-02
5.467212947744821798e-03
2.120333285416942104e-02
9.923060455073379194e-02
-5.513107164344966532e-02
2.406708973313217981e-02
2.468365227909060863e-02
5.341151841184418186e-02
-3.303311674234207101e-02
8.926273139932874856e-02
-4.733987002411001350e-03
3.104471933038770171e-02
-9.675830681273606820e-03
3.860716981365091421e-02
5.275815857864447900e-02
-7.361870070393057575e-02
-7.765299528885895308e-02
-3.277361587318835395e-02
-5.886273253904932001e-02
-1.445784934270885613e-01
5.638048353467591672e-02
-1.296826955706904261e-01
2.712129657179936440e-02
1.017843682829195767e-01
-9.128082262220477139e-02
-3.289248710979822410e-02
-4.380701047253649644e-02
1.955375846360452995e-04
2.376784779375788574e-03
-7.785506039227518132e-03
-6.632688626891670991e-02
-1.690304827847645130e-01
2.136543290387752161e-02
6.332483558520889122e-02
7.824095194369240849e-03
-2.662798893927867741e-02
3.447333056732462819e-02
4.663729781893023035e-02
-3.567682584360198222e-02
2.005570545921664741e-02
-1.095442442116425219e-01
9.411050201341799801e-03
-2.259449429537729870e-02
5.903596776785304673e-02
-1.446561197043471081e-01
4.830914256768636256e-02
3.374823202282496194e-03
-2.827634741948254968e-02
-9.240064406705957023e-02
-6.238628077706874497e-02
9.731260194915404560e-02
4.042514778921654089e-02
3.581217586536772357e-02
1.500510179832525472e-02
5.045000873938394054e-02
-1.120784893827699025e-01
8.001794094103537036e-02
3.184501233142388726e-02
-6.708331050403307239e-02
9.615611120762228292e-02
-1.436051251854540411e-01
-3.720781697632671511e-03
-4.316244999063362231e-02
7.287174777057371655e-02
-8.732287440889179020e-02
-5.011512142784723539e-02
-1.725044026814698261e-02
-3.822662186829393210e-02
5.147127744971427554e-02
4.914805672150536139e-03
8.201849745659989255e-02
-1.366500859228005592e-02
1.566534112435702744e-02
5.016206196731066817e-03
-6.030275437818540842e-04
-2.766765629322964770e-02
-5.516905284341087901e-03
3.867126108873289447e-02
-3.120320364665383345e-02
1.051314495303862836e-03
1.633927544077076873e-03
2.236375930555394367e-02
-9.887872649178391926e-02
9.225083111152594662e-02
6.819001291604533110e-02
-3.922165251293918686e-02
-1.535512399409250973e-02
4.038579069068891358e-02
-3.037225690546361059e-02
2.012962001010999702e-02
-6.135051713532945622e-02
3.409931014074783773e-02
5.416365496305591137e-02
4.195905070727950353e-02
-1.194181722888385255e-01
-9.129976522572375019e-02
2.194699003049511640e-02
-5.888669877221777010e-02
-3.207126765149613534e-02
-1.311025268983054270e-01
-4.708609673270951201e-02
-6.292896076977490261e-02
-4.463968508634500593e-02
-1.240263765641665128e-02
-7.459997236291170120e-02
-1.377984812611392218e-02
-3.531739634135739030e-03
-2.907715238277600728e-02
1.177313846416983278e-01
1.468581973634295046e-01
4.332448604505955737e-03
-7.157331549321385711e-02
4.369933841030440580e-02
1.511318982989137520e-02
1.557741160667091077e-02
-1.671038408200933162e-02
-3.914773796204583378e-02
-3.706939518101735193e-02
1.327463737111170966e-02
-1.009166562521291721e-01
-1.107572747849615291e-02
1.378816751279456077e-02
5.320727746883454311e-03
1.708194069022300580e-03
6.254687693764611478e-02
6.790433797648869063e-02
6.581626791257208335e-03
9.300754332541202310e-04
3.307756146580131517e-03
-6.485377886890454809e-03
1.684490216510701327e-02
-1.404464460486626876e-01
6.424207996439018631e-02
-7.859580578326266125e-04
5.885940478437706042e-02
3.885787133150780254e-02
-8.108672614836856529e-02
4.393327316423570328e-02
-7.071305891279491829e-02
1.137836116782485994e-02
-2.804574042022351527e-02
-6.792440049744544184e-02
9.239075679596604751e-02
-1.716804634236759886e-02
-3.211315256366902710e-02
-1.099634133097823069e-02
6.659009886443562065e-02
-5.613406970072366831e-02
-1.537809830038749936e-02
3.454490929041917346e-02
-2.184232574652448730e-02
-3.838923388025930472e-02
-5.239264952459480457e-02
3.631025114640924062e-02
-2.780022252022148685e-02
6.811680231325571711e-02
4.241687295584316286e-02
2.330177015379574987e-02
5.558217438738665556e-02
6.917154055615507870e-03
9.728908368296070031e-02
5.013080027197612532e-02
-7.667786717696506438e-02
-1.094127339068063157e-02
-1.377988012375500233e-02
7.344636140907707944e-02
-9.027737659795564973e-02
-2.195678130866540734e-02
6.042850510762733801e-02
2.674170855567476954e-02
-1.025905168522732967e-02
-2.728870822992664202e-02
1.805914864878704288e-03
4.064513157163722468e-02
4.958581644911225217e-02
4.822796455226800033e-02
2.719537111089810957e-02
-3.763303362863049117e-02
-3.302447737925064131e-02
4.162048366701865537e-02
-9.264731388214045293e-02
-4.210588788219274403e-02
-1.707424205777930970e-01
2.785116276481984857e-02
-3.633492132768143586e-03
-3.031274129305597601e-02
-2.360043613563060985e-02
-2.657608876544793539e-02
4.404846467212144429e-02
-3.393001062179688138e-02
6.097739264270288922e-02
-4.870127365911407907e-02
1.307903579119350582e-02
7.734981763963189039e-02
-7.183307234349620152e-02
8.334233586097675520e-03
-5.044165735506223047e-02
-2.614242473589920013e-02
-1.660997548430226249e-04
-3.182133407702514728e-03
1.109351176740806938e-01
-6.887140268283056289e-03
-3.669758259167504172e-02
-4.306066549436013413e-02
-1.747455174626690727e-02
2.018276809194283553e-02
-2.679783241812798422e-02
1.238116723925239242e-02
-2.204307894665647263e-02
-8.258242388298274450e-02
-2.210691424060981861e-02
-6.601145352315624694e-03
-1.083177746290701730e-02
-6.627207430974774161e-02
-2.238337385953560049e-02
5.111047204890327433e-02
-4.387612537726794104e-02
1.111070090019590784e-01
2.527544865085359915e-02
-4.097521923701203869e-03
-3.002489051390594063e-02
6.186231940439402069e-03
1.703906385117664665e-02
4.733532635907674452e-02
8.908780029554781710e-02
-1.221097178635120913e-02
-5.918283694040735871e-02
-5.197655219999864490e-02
-5.559881316074793273e-02
-2.602867312186202958e-02
9.302750985344555856e-02
-5.132421629131347918e-02
1.648988833733137579e-02
8.121481270560929402e-03
-2.729613168265705367e-02
-1.341670689750412357e-02
