1.643927114758496344e-01
1.150014786184784255e-01
-2.184740777187422212e-01
-2.113164230079508932e-02
-3.957234227336894200e-02
-6.479817445324635716e-02
-9.529802306011588009e-02
4.049430967647126706e-02
2.075231755275891155e-01
1.674072940690148059e-01
-4.729979169487166096e-02
9.694194626144916893e-03
-1.327613137575360813e-01
8.263887518779895747e-02
4.473770778586850377e-02
-2.177568536073571856e-02
5.470964887221098361e-02
8.708947137381853332e-02
-6.751971265129851074e-02
-2.793011573040864171e-02
9.000942023006484882e-02
9.170880733961485343e-02
-6.789885240105197894e-02
5.207797714763891944e-02
7.663628571631012076e-02
4.851195736566086408e-02
-1.217274113753184506e-01
-4.115318817562060166e-02
1.668727201852017450e-02
-7.770262293310294111e-02
-8.173384224288211819e-02
-1.210013286923196027e-02
-1.327948269079787524e-01
-1.790859510430295731e-01
4.792305802460153363e-02
-6.506176142949891827e-02
1.991122286047010415e-02
5.912089734656429674e-02
-1.662805477976023460e-01
3.270929732777504845e-02
-9.371514929207311329e-02
7.966595278483378645e-03
-5.892835682618654224e-03
1.655695495899620062e-02
-2.311336525101730446e-02
-1.422771985004338789e-02
7.217768479690454819e-02
6.032783325820798709e-02
3.361433027269188772e-02
-3.040581967202872146e-02
1.021930157860680977e-01
5.506014946473902771e-02
2.366647453969304357e-02
2.567669434076939525e-02
-7.433903396430846522e-02
-1.330137652602338995e-02
1.863320491635879136e-02
1.138045397294190110e-02
-1.243690089692891521e-01
1.937913933815490694e-02
-4.313384382805801609e-02
1.397456037314831478e-01
-5.278175330693547079e-02
-1.884063424083450289e-01
8.570593325538340690e-02
-4.291106320377761039e-03
-1.737578581949409881e-02
-2.577161269043086456e-02
1.241875683458732865e-01
-4.457476699072249887e-02
1.020377595349726552e-01
5.914555192539316247e-02
-2.247480098637198286e-03
9.005545634118250486e-02
-9.283946703623824348e-02
-4.297691547709971138e-02
5.718602876909476690e-02
8.281782544971694193e-02
-8.805893352834441579e-02
-1.458614690745320130e-01
-4.016369639933331515e-02
-3.144355330818892486e-02
-4.132292409999648898e-03
5.758551832994508735e-02
-1.540110703465156269e-04
1.103984011556038702e-01
5.111918797096103029e-02
-6.729668299086831104e-03
3.621423209986975728e-02
5.778848279202105503e-02
-2.283305727613622535e-02
-8.274617419176408598e-03
2.161573299938715498e-02
1.066565262752837417e-01
-2.627085901756707337e-02
3.355566447112076633e-02
-2.948328304344117329e-02
4.021296998039820825e-02
9.329274840544243830e-02
-5.110862172289151739e-02
-5.929376401110893896e-02
-3.350649761983435365e-02
-9.038532250987109384e-02
-8.802538480130890283e-03
-6.919312884808506703e-02
3.835334589675701983e-02
7.668947272258595793e-02
-9.895344681986727869e-03
-1.068301400482777330e-01
-3.796335528619141503e-02
1.113378722423768868e-01
-5.048418136559836705e-02
-6.295605405327586723e-02
-1.162910233786655645e-01
-1.137981359427102206e-02
-1.071175633417241480e-02
-2.655810442804934848e-02
2.465671342442968608e-02
-1.902824740310577953e-02
5.868209565064055194e-02
-2.516485389977255599e-02
5.351438208301442789e-02
8.693962276483274687e-02
6.191369546004820562e-02
1.847250544656086832e-02
-6.493325877620909070e-02
4.271464483478173979e-02
-2.098734364029024996e-02
1.618617570855698101e-02
-1.151066430268739629e-02
-6.933707174266165452e-02
-5.331013686359670212e-02
2.600037018230614769e-02
-5.106205196288145232e-02
-4.043318908999510297e-02
6.822878972292623035e-04
7.400393803647435827e-03
-2.199344968542757059e-03
6.228902851436923099e-02
3.234858625310576413e-02
9.101214649888363095e-02
-1.006842480608832052e-02
-5.858376194806772658e-02
1.427190597833407184e-03
5.665109911935343849e-03
-7.891799049724654291e-02
7.641962426599589742e-02
3.115819345712645891e-02
-3.723314571842466919e-02
3.565884590925311876e-02
-3.122874184070168618e-02
5.041060897163288090e-02
-5.169656049594453795e-02
6.804521450394077076e-03
6.501586762475254980e-03
-6.258274886474596288e-02
4.859036817625077970e-02
-3.064781165643551408e-02
2.869736053130791595e-02
-1.705036672490884211e-02
2.708741297612406868e-02
-2.491845041785525905e-02
-5.985050211225299843e-04
5.592957024023639812e-02
-4.457882272230474091e-02
-3.268346872138291198e-02
-9.305168141244912761e-02
9.985022599524834286e-02
-1.754520155453455008e-02
5.732644958098151444e-02
4.020332872374219463e-02
2.717279679890799785e-02
1.774133531078780565e-02
3.367815468022287984e-02
-8.371172292107904997e-05
3.110806603783372593e-02
-1.607101427757715202e-03
-4.320090570553622444e-02
3.760776724088917000e-02
4.638088387875242968e-02
-9.455902607392094707e-04
-6.342217857249048130e-02
4.334780145731741835e-02
4.889284036846285736e-02
-3.045402595530881731e-02
-2.339705300221691861e-02
3.207055518016559137e-02
5.944361262009473235e-02
1.362843214387867222e-02
-2.309539907163985287e-02
4.839473249229710172e-02
-3.743305059351755004e-02
-3.949919679851737753e-02
6.410777509285262021e-02
-9.876200917386712685e-02
1.868578712055656010e-02
-6.012248516441263957e-02
7.782073722128737825e-02
-5.387078838995168484e-03
-7.134736269692365518e-02
-1.510105405075169716e-02
-6.016314921001348487e-02
3.833623355560741158e-02
3.008285536234849792e-03
1.010720684992863910e-01
-2.981101461656016083e-02
-2.237660959017045981e-02
4.398938973235300143e-02
-3.996375594764761674e-02
1.404592346069926875e-02
-8.534892214636810581e-02
4.082442488130964137e-02
-4.015850221678062687e-02
-7.905570748807846937e-02
5.155076761854097966e-02
-4.806529324272243442e-02
5.085069142489839072e-02
-9.535718693398657908e-02
-6.790603887280297069e-02
6.226907004579348981e-02
-2.130870700329326808e-02
-8.249742265472025105e-02
-6.677434745498761481e-02
-6.816361340486781772e-02
-1.835777093469495927e-02
7.041675018176446303e-04
6.736321121945412077e-03
-5.349734089505046863e-02
-2.792506385422725834e-02
-1.068212103234782509e-02
-3.222278742087077413e-03
8.934392448464976988e-02
5.916497674507650156e-02
-8.703315362737397073e-03
1.919730737221796157e-02
-1.892653392421441913e-02
4.111907022309985171e-03
5.365547885016487550e-02
4.498268820407273078e-02
6.747072368297622746e-02
8.402835459723614203e-03
-4.319389711674938466e-03
8.397819160135057068e-03
9.033786333504037133e-03
5.151085068138949036e-02
-5.031263103498832823e-02
3.049643325395816687e-02
-3.883010781722679577e-02
5.437882213551607823e-04
-2.325894466886390538e-02
