1.528985931954636168e-01
1.590793958659376950e-01
-1.162188864972140898e-02
2.249609206456393978e-02
1.249637378213267341e-01
-9.202695970330196373e-02
2.442401509445402130e-02
-1.158588726976822331e-01
1.441697146920349337e-01
2.107825588187559329e-01
-7.469716392881413369e-02
-4.734133223781514244e-02
-1.092625265557683745e-01
-1.739468759185255897e-02
9.578979177596731731e-02
-5.176323076393616468e-02
6.853797995300180135e-02
1.564440948533644682e-01
-8.969296254756768672e-02
2.017545919280238145e-02
1.010718642159673525e-01
4.386333093399030769e-02
-1.981712486211201218e-02
-2.900403382533221427e-02
-2.106572061230975804e-02
4.571103252666460642e-02
-6.589667573265473033e-02
1.061706601519674976e-02
1.005420811299267136e-01
-7.229856082275198936e-02
-1.207885782813861025e-01
-5.936972381393600118e-02
-5.897061769711502838e-02
-1.645266279864772974e-01
1.841069120085598032e-01
-5.009741207345712322e-02
5.361525609554279592e-02
1.064600647933976185e-01
-4.953757721516773016e-02
-4.564535457494852538e-02
-8.831683436555564162e-03
-1.990052657011274345e-02
9.826679391688535395e-03
-4.120201602106381839e-02
-6.983513736608429334e-02
-3.626591416241043558e-02
-5.360492914883662613e-02
1.222743722054094179e-01
-5.584591231745610063e-02
-1.597267775042621185e-02
-6.982280935012016854e-02
6.038698166456359789e-02
-1.236625068029691349e-03
-3.709171256510833403e-02
-8.538791217275876200e-02
-5.034154252292627647e-03
4.862026562729850759e-02
6.319133729605347360e-02
-9.423996363568981627e-02
1.774591098000130943e-02
-1.913740451524401087e-02
3.955835202594058103e-02
-2.435440647098125952e-02
-7.588880067191970669e-02
6.807623322173125824e-02
6.395074307944316472e-02
1.448348915534032263e-02
-6.538207933294671453e-03
4.126179796514489045e-02
-1.691936217633168218e-02
3.130479893803275737e-02
1.359558613888695380e-02
2.340125430336708126e-02
9.404814685396405138e-02
-8.121864864045313936e-02
8.777658139929039871e-02
-4.481076576086751029e-02
7.146082747126562829e-02
-8.091334264509827956e-02
-1.001641649072121804e-01
-3.081989697677743612e-02
-3.675481826218164605e-02
-2.221594236845180273e-02
5.704834054120271839e-04
-7.500068325518870205e-02
2.925831255460950922e-02
4.680358060812234177e-04
-1.319572962109424354e-02
5.043008983759029312e-02
-1.638452639041474146e-01
-1.947562095321613007e-02
-1.828544927867442257e-02
-1.808180474829902771e-03
5.120375323944283130e-02
-2.007051025689915100e-02
-1.400987894204054098e-02
-1.521180689847267120e-01
7.343391749297788207e-02
3.157783769160327214e-02
-8.880702486699267040e-02
-1.503827488709137128e-01
-2.827282167845177052e-02
-1.246601827615725737e-02
2.513918295389130919e-02
-4.930834758499434006e-02
6.616363981169220976e-02
7.500096912222553591e-02
4.730123938589705923e-02
-5.057588202638334252e-02
-6.042207184333683173e-02
1.047301761532847680e-01
-3.790236001485323275e-02
-5.294957896686001281e-02
-1.258634328530501278e-01
6.457850709236383213e-02
6.784807559294604717e-02
-2.772016922946320822e-02
-1.968416095659756074e-02
-7.785581601909889737e-02
-2.328708615552546081e-03
-1.629899497298948480e-02
-2.386314396815604824e-02
3.501228000568822052e-02
1.425731472912325770e-01
-7.986267408453893990e-03
8.254017621842702976e-03
4.242777814169323980e-02
1.848552047108919724e-02
1.121717239230226627e-02
-1.135038643147395776e-01
-5.839581055277065502e-02
1.800587131663598101e-02
-5.806234665428614689e-02
-5.616733406701332476e-02
-2.685292010642218591e-03
-7.822029649108153126e-02
-3.316908081884430148e-02
-2.492328187431101100e-02
6.511800965765733584e-02
4.780822457574896572e-02
3.115797048123112797e-02
1.154902828870449025e-03
-2.995629265845623987e-02
-6.697500192902923477e-02
3.246073803491178467e-02
-2.750855615543564003e-02
1.567025543880556648e-01
3.414510234940641015e-02
7.410402556073182601e-02
1.618168228774252704e-02
8.053338961974618182e-03
4.799164401326729001e-02
-1.444071629995177276e-02
1.582877943075228569e-02
-1.264139770326419250e-03
1.561645168913260162e-02
7.646078487927518430e-02
-4.404850130710932787e-02
1.225431944201864076e-01
-3.757125451942273930e-02
2.986299280430461042e-02
-8.216183119515721445e-02
1.152037011826036531e-02
5.056230334213300537e-02
-1.067125925870742037e-01
-2.816873034365907982e-02
4.411678779553666885e-03
3.788928159791737915e-02
-3.753805820976863217e-02
-2.317284654092462842e-02
4.289685021578303926e-03
6.672683360766458460e-02
6.208957000265735715e-02
-3.550679424605759221e-02
9.529238313184985876e-02
1.525461548724082669e-02
-3.701217006210506810e-02
-2.729036813956055296e-02
-2.558509979799633224e-02
1.073587950238716511e-02
2.871998919084300592e-03
1.456571166181405176e-02
7.309441465333993415e-02
-5.510194335405626392e-03
-2.784259178799384019e-02
1.386179981695269750e-02
5.051785101790296634e-02
4.055952985574541071e-03
4.444457008666378994e-02
3.294421066098286027e-02
1.004250900450962165e-02
-2.795375833194854026e-02
-5.432188367725422629e-02
2.702122432436710603e-02
-1.465613855224534856e-01
-6.283371763295522716e-02
-1.134645933305524212e-01
3.030765898012342113e-02
-5.041040074542730426e-02
1.427648568728195379e-02
-2.020422456338532777e-02
-5.400103366177069070e-02
-1.561227088371868301e-03
1.973901169429298844e-02
9.047041368765848524e-02
2.623748410946563289e-02
1.033981072283270825e-02
2.504123776039087618e-02
-8.616243317572183646e-02
-1.589881685478032255e-02
-6.565811969040415141e-02
8.398559142349538292e-03
-1.652622353390493029e-02
1.289760603504021752e-03
5.455947491825544754e-02
-5.189015572829717288e-02
2.894686041796238826e-02
-5.397691363053654795e-02
-1.392154602765416360e-02
1.701230469668725542e-02
-2.810494626106212201e-02
-6.819322430656176576e-03
3.924614948832173822e-02
-5.240796813216975353e-02
-1.331961724818873406e-02
4.005050786325594497e-02
-3.389064495323108883e-02
-6.113041462726934161e-02
1.853504693522331145e-02
-5.513696206607027715e-03
-1.546822963052633254e-02
1.059893489838459324e-01
-4.435766650746165995e-02
-3.430761775985513747e-03
-3.035507717486076590e-02
-3.148535970518258342e-02
7.709119316228671415e-02
6.518111480604178720e-02
6.497121693423531241e-02
2.435787260880305574e-02
-1.091497520097313954e-02
-3.073124246197460330e-02
-3.407263505556516053e-02
3.154760725245647768e-02
7.207161812887338814e-02
-4.375920386581802490e-02
6.511193498312430050e-02
8.574188703113718238e-03
-9.343242498997065756e-03
-8.531540914553789601e-02
