1.319782669521595286e-01
1.341079087598210373e-01
-2.723564686094169240e-01
3.402330706301774405e-04
5.297130239797190332e-02
2.927316744923389238e-02
-5.670826176275207964e-02
-5.626036132078374857e-02
1.521199324554152466e-01
1.346736759070434886e-01
-1.193012955249224127e-01
-5.888033697670561062e-02
-1.198919518317008853e-01
1.233813075714153273e-02
-7.438760616061632254e-03
-1.535494056542517811e-02
6.252473651594807336e-02
2.898323484791623730e-02
-1.363006611217134068e-01
2.371104946369645416e-02
1.505661875088654122e-02
7.140222979440133400e-02
-1.298058088280589772e-01
3.062351748769161913e-02
2.802982339186038327e-02
-1.992260608914934311e-02
-2.662510011252641751e-02
2.643869249095647661e-02
4.271213006903234327e-02
-1.559068441893742829e-01
-1.074714257729242478e-01
9.867664108622636876e-03
-1.609860428594981074e-01
-1.022373225433258481e-01
1.083703247480504034e-01
-7.530265698194388291e-02
6.081309334877429626e-04
1.166394434229223731e-01
-1.109176170960659985e-01
1.949827202622916172e-02
-4.291110410542707532e-02
5.319701052463101168e-03
-2.838307540748909175e-02
-1.373633760197355835e-01
1.029352981213088429e-02
8.591215728538948923e-03
5.461875590050049162e-02
1.370682915364399013e-01
-6.302495640800409582e-02
-5.904700732069755736e-02
2.052384463999080283e-02
3.474947875182643475e-02
1.495507794190063799e-02
-2.135549066929564796e-02
-1.706215937990024911e-01
-7.560978572986387647e-02
1.250455743103992545e-02
1.722838067471978499e-02
-1.092601731197016396e-01
-7.560762750903524121e-02
-8.553582623089972525e-02
4.306440740428683911e-02
-9.094603331811201494e-03
-1.135208143255459073e-01
1.166726521756726448e-01
1.892133086471652070e-02
-9.368439782948846661e-02
7.536715993670935285e-04
1.579904671593672025e-02
4.514514114317042665e-02
8.481390136372157773e-02
-3.258565351104042267e-03
1.833279796875331158e-02
4.951289276013900315e-02
-1.142265873465226761e-01
5.432920620932985001e-02
-9.595449804107803599e-03
9.303790626127242391e-02
-6.682718454784378204e-02
-8.433533329997862371e-02
-1.422362209306312908e-01
-2.211800401205746627e-02
-1.278032235691799710e-02
6.242932226931442036e-02
-5.131848815338509867e-02
1.011150825224494017e-02
3.970907021602789605e-02
5.361981294696312877e-02
4.085522471608613732e-02
-4.954805087363772093e-02
-2.079035010231376421e-02
7.473048479226224172e-02
-1.453694006135943656e-02
1.112703469614942375e-01
-4.400685370613269254e-02
3.721298339767231678e-02
-3.883063952876040364e-02
3.048285022368337968e-02
4.803513807276512532e-02
-4.175346230095836747e-02
-7.140233422444143552e-02
3.717698984385283539e-02
2.783805502823222255e-02
-2.331066468997143940e-02
-1.140124709543141324e-01
2.122074110755946957e-02
5.702558984458804686e-02
-2.401027633858258264e-02
-1.251569315431541041e-01
-2.164960047221711065e-02
7.115768945051173522e-02
-3.864036799570694236e-02
-1.061426927527662177e-03
-1.080874237694324919e-01
2.941515749375000002e-03
-3.856253280582264912e-03
-3.752550769766389849e-02
-5.485076463957867104e-02
7.526342609688143823e-03
8.204929010226785779e-02
3.471317190788666962e-02
-8.856997142583918070e-02
9.670883103069906339e-02
6.457622984360500418e-02
1.625669396164727137e-02
-4.470667421482402842e-02
3.978526933528404169e-02
-1.559874989903411481e-02
-5.876974556424477978e-04
-3.612054074823637523e-02
3.705630352751614065e-02
-3.975616816411084442e-02
-1.025203627619972191e-02
-1.220296347524497393e-01
-8.926220335161692832e-02
-2.873239389160755358e-02
-1.846981018135821634e-02
3.540843230482717402e-02
6.894506057098789831e-02
2.958694490970661603e-02
-4.980129372086859393e-03
-1.242780135156995071e-02
-1.383095818030248732e-02
-4.716913456026895768e-02
-1.404758089347330798e-02
-8.686031242942721109e-02
1.598117270586275548e-02
-6.466022640585492032e-02
-4.770712331682609199e-03
8.554435468417416477e-02
1.298754636648024804e-02
3.367785249038280498e-02
1.021907119354300252e-02
8.142062126089472834e-05
6.398794061773535602e-02
-3.061262195350835172e-02
7.235174252896031666e-02
-1.369147445674865834e-02
4.250643770005815836e-02
6.754726448431358499e-02
4.821896975334605262e-02
-9.103274506140439370e-02
1.528528572868167491e-02
-2.328114579863786032e-02
5.399144464964859141e-02
-1.102283440214242918e-02
-3.333079665713307299e-02
4.255558943892963353e-03
-4.629731777554082356e-02
3.883119648897424836e-02
-1.832980430760391272e-02
1.837526618505869180e-02
1.061085789396684458e-02
1.839775345369252385e-02
3.529589153161790532e-02
3.107145273967331853e-02
-2.480474527361353418e-02
-6.378555520003084678e-02
-6.552184385666709465e-02
5.249022801326665849e-02
-6.384702968363355213e-02
-2.939374933553048561e-02
4.842748173340281209e-02
1.221615647031033640e-02
1.101173000787897260e-02
7.118202164985390490e-02
5.399628324150634179e-02
1.499458730706998942e-02
7.241450498305751493e-02
9.005942227770371428e-03
-2.675845727372799191e-03
2.283094789578743455e-02
-2.422160792972190974e-02
3.829160647180232524e-02
-6.955816933638685196e-02
9.310651679761497435e-02
-5.685227078804337003e-02
5.323679836990728026e-02
-3.889841462478219047e-02
-3.165156161240217925e-02
5.259549349368263134e-03
1.935280098037654023e-02
4.189910739687781327e-02
-3.651591288003682573e-02
7.157335582010401764e-02
1.309204602660218181e-02
4.733291567315160708e-03
3.900305352495758715e-02
-8.862476238687579111e-02
6.737718275901186105e-02
-3.027691418461563380e-02
6.211108912713096675e-02
1.332395033564026665e-02
9.803822544111101892e-03
5.886766613184073182e-02
1.851126890727601559e-02
-3.857854541197058146e-02
-5.765645171680317677e-02
-1.558506956378164290e-02
3.359845084989708519e-02
-1.490529962278859012e-02
-3.868346279225289702e-02
5.113765013395357023e-03
-7.565677924790671638e-02
-1.193489156232058201e-02
6.630005651545654854e-02
3.735626141268293815e-02
-5.727744029128430808e-02
-6.095389985283599515e-02
6.488951996389061283e-02
1.280820517762341557e-02
1.500466132493784299e-01
4.734137450639931688e-02
4.075337061697995034e-02
5.299072638542961372e-02
4.172725036089446754e-02
8.556423120180563224e-02
8.318458387815619304e-02
4.343050431484725415e-02
3.433760667369094299e-02
-3.742017259722120459e-02
-2.729515805979061335e-02
-1.628193122133694479e-02
3.548080232261315546e-03
5.756730327257523344e-02
-1.612890640258410682e-02
2.090146366497506319e-02
-1.553699693532448363e-02
-2.803507970387850851e-02
-6.063716354122724445e-02
