-1.534360377356073502e-01
2.315831283695119203e-01
-1.785091587888102682e-01
9.295766114385822787e-02
-1.031158019953539728e-01
4.464684751393674378e-02
-8.276462698547749908e-02
6.108723608507100888e-02
3.926074638835256453e-02
7.831838197873873531e-02
7.676845033651544248e-02
-4.518521104262269300e-02
5.116584952975795214e-02
4.992262769055062777e-02
6.978782979998759961e-02
-5.881822533639355366e-02
-3.015396485611582938e-02
2.236836620112175530e-02
-6.575641993541170294e-02
-3.540072920444881088e-02
-5.959094487976284577e-02
4.350300235319560366e-02
-1.968367584496473824e-02
-5.708247754588934367e-04
2.292625376792920347e-02
-3.457899689409976718e-02
1.471380829610786645e-01
-4.176184998466467291e-02
-2.066339410461840720e-01
-2.887338387129885151e-02
4.811138470073577506e-02
7.515133303369757323e-02
-3.429768860780935125e-02
4.265836814345835837e-02
1.309685313063080614e-01
-9.352862103376777259e-02
8.442417022580506192e-02
-1.598950151567193612e-01
-1.434822574907466675e-01
9.024831240045433356e-02
-2.134274618471496479e-02
9.168461278966597364e-03
1.151937165191635054e-01
9.119033035051041236e-02
-1.135916982562077820e-01
5.932206712293387751e-02
-1.120546362654105954e-01
-3.074181405235887343e-02
-3.782002100088155405e-02
3.080467605053207811e-02
-3.238906187767565809e-02
7.493126537217235927e-02
-1.883373839303878472e-02
-3.622452201017054008e-02
7.379677688713995320e-02
6.160600801841012442e-02
7.048876979143961496e-02
9.987930422266956543e-03
-4.413175744937831990e-03
-1.619654752201404591e-01
-1.867362101327488255e-01
2.949075557501281038e-03
4.687735064417386521e-02
4.237824210861129010e-02
4.615590703483301444e-02
6.215467402395949414e-02
-1.061864130012309670e-01
-1.196846844090733442e-01
3.051417998159625111e-02
-1.058550785895807783e-01
-2.599321668363816298e-02
-3.040554796325932105e-02
-5.411185123350654297e-02
-1.124050893718302746e-01
2.838497891074732993e-02
-3.448424788556895410e-03
-6.944274749298197380e-02
4.594229108832717165e-03
-2.490915966731753473e-02
5.828269921117163604e-02
7.600819510122025502e-02
6.065064751635059620e-02
5.474503132794864002e-02
-8.631057062880391484e-02
-3.867421455800353763e-02
2.889219855855434862e-03
9.218375934904558811e-02
2.714212863627934492e-03
9.233417551125154901e-03
-1.160604757201976062e-01
6.962386841410218852e-02
-4.630139151958958393e-02
1.928306149873463757e-02
7.671629615855765638e-02
3.204857346199273954e-02
-7.814432078766590795e-02
8.002187119414598884e-03
-6.203374659061178936e-02
-1.865065831238388316e-02
-1.481698844636035288e-02
3.690279655252301939e-03
8.202571983338782791e-02
-8.569397583318129341e-03
3.702770986216542132e-02
-3.474596457651252940e-02
1.682492429773490075e-02
1.580227679924280093e-02
-1.916122204284492758e-02
4.982953383404050730e-03
-8.441981278477103667e-02
4.573742380250209183e-02
9.367832784510772559e-02
-1.177280920489525706e-01
8.712956687152692559e-02
-4.141953752389773702e-02
4.007930350911091677e-02
-2.192191427750259450e-02
-4.012659356684465661e-02
-6.916262145813491247e-02
-4.606085401878819499e-03
-5.707437067884927814e-03
3.161637611291903682e-02
1.608432821501188520e-02
5.977311293787574559e-02
-9.169204408445270904e-03
-2.494493121813184250e-02
-2.522198339922621796e-02
-3.864442182163128209e-02
1.484722030469727908e-02
-5.625993454883629341e-02
-8.590698376465910613e-02
-6.210775553096509194e-02
6.164765704782848403e-03
8.806976077649897316e-02
8.095439735404265369e-02
-7.103057873861758076e-02
-5.618001435126628029e-02
1.375198256758389075e-02
-2.831846882240609403e-02
3.971554162930045900e-02
-2.702636933066968755e-02
-7.758271757346507733e-04
2.344651196022566608e-02
8.121526957966956201e-03
4.127341124550048743e-03
-3.461176214838670995e-02
3.190879756277687634e-02
7.719892497634313344e-02
-8.966194946316863876e-04
3.542332709632300264e-02
4.669862800455298890e-02
-7.509117332453772720e-02
1.100439643464100293e-03
2.378754083371125566e-02
-7.758004906306438520e-02
4.817471959948631255e-03
-3.332273651040299628e-02
6.538468630301184914e-02
-7.933991478301281874e-02
-6.845908051350753365e-02
6.127214021080992779e-02
3.330405693759817126e-02
-1.293906647514092047e-02
3.119522437018742381e-03
-9.526548351848998855e-03
3.735485572584489739e-02
-2.300441747764053746e-02
-4.542740369544476242e-02
-4.515386449006775216e-02
-2.163415427619279352e-02
1.808989956349974296e-02
-3.218932894097594616e-02
-1.085958752213776052e-02
-3.899977282688766450e-02
-5.626003588467429206e-02
5.780648832979288360e-02
-4.431926252829260227e-02
1.133096806190513617e-01
-4.284996043450533393e-02
8.829655038194492156e-02
3.429069643498728996e-03
4.246694474547472314e-02
2.401318196632652030e-02
1.012911488963103152e-01
4.453784393086047261e-02
1.277956386612755235e-02
3.459416349118722700e-02
5.889774019061157218e-02
1.081850935127347535e-01
8.503137456710627151e-02
-4.311269048382892349e-02
1.290802393009998772e-01
-7.944736454990640462e-02
-1.574478560048363923e-02
-8.517665638018685759e-02
-4.574586845566882415e-02
-1.375140833116855199e-01
1.695605287210802392e-02
-2.086640018888554285e-02
3.265483200213926962e-02
2.155798350462880680e-02
1.557859482616221619e-02
-1.776275369982027383e-02
-6.902098773522236108e-02
5.693175737616938681e-02
6.554537116346855798e-03
4.569395072799972007e-02
2.784745984737805810e-02
-5.467963593382541010e-02
-4.490305829101560314e-02
-3.305159558652533830e-02
-2.172302580611955736e-03
-2.528106219278072539e-02
1.721172319138421572e-02
5.623530994020208007e-02
-1.272869327545111950e-02
-5.491774137451479326e-02
-2.959682041878705736e-03
-4.229555206480258012e-02
-4.284151578133859467e-02
5.464690445815113123e-02
1.590182237077232205e-02
-9.044466747588734978e-02
1.302815756605001929e-01
-2.762867577313418352e-02
3.811875905130810566e-02
-2.696141305851113001e-02
1.820795581477075570e-02
2.515493285308230756e-03
7.024667847445553032e-03
4.074869427633198704e-02
-3.838689367865840557e-02
-3.663962738123476698e-02
-3.854845678304445744e-02
6.793081679000900763e-02
1.987520057878638252e-02
2.173798973153101555e-02
-2.823284003929536507e-03
2.457113709035930321e-02
8.410806996846768163e-03
1.609091504448193974e-02
-1.997977916360327982e-02
5.600629094632012493e-03
-5.504366804253719991e-02
-7.557457905041453303e-03
5.425277560555308992e-02
1.281604476780786629e-02
-3.311249842516385961e-02
-8.955926248066108791e-03
-1.589925519620962943e-02
