-1.343804041049276310e-01
2.185761814117988810e-01
-8.832220365171025711e-02
5.409499371350206393e-02
2.970238235583084769e-03
-1.172685183485614735e-01
-3.778548910211735907e-03
1.722504153189982901e-01
-1.049738315979462655e-01
-9.709962674230732116e-02
1.138739854264481099e-02
-2.971090824757208898e-02
1.025890379285952086e-01
-7.658499794585475751e-02
-1.588064874820274350e-02
-1.848644896931548320e-01
5.986333839502815807e-02
-6.181962706093967891e-02
-3.604599667105827521e-02
-4.425334285214208019e-02
4.539567200157169913e-02
1.613803945525525696e-02
6.407800596509032054e-02
1.156476165104464299e-01
-4.131713801157547994e-02
7.870934842839409640e-02
-5.534707179036629093e-03
2.556872830029761554e-02
-1.174208967347022958e-01
-1.008692989010353813e-01
8.042561394450378764e-02
4.762745573724554149e-02
5.247093413770507336e-02
1.270022798391217678e-01
1.629211249395205174e-01
-3.827613136594264914e-02
5.617369734355020031e-03
-6.601443596957985716e-02
-2.340620427778104026e-03
1.096087589675006496e-01
-1.800815696842400851e-02
-1.119686065091643479e-01
-1.198010590554531712e-03
8.038929996116145338e-02
1.260221531486212243e-02
-5.853628159120492780e-02
-3.809985943134180670e-03
-5.746384370246895856e-02
-5.140726774253005435e-03
-1.030425592316705635e-01
-6.029061538936913989e-02
7.650156349910301745e-02
1.095609718705805868e-01
1.361230542736686575e-02
-4.267307057220134925e-02
2.426710882780114611e-02
1.138084448265607035e-01
1.998370783419537930e-02
7.733397823803715709e-02
-2.192494461715631393e-02
-6.196919856914099439e-02
-1.639434249710620961e-02
6.570515310662075614e-02
-4.352629129386206830e-02
-1.439174034519286882e-01
5.581568006236647950e-02
-2.039230856444639306e-01
6.577939502812063521e-02
-5.084147132187454704e-02
-2.088493318581645941e-01
2.468519329689026348e-02
-3.692784754770193217e-02
-2.391038972766443629e-02
-1.335572169772196102e-02
-7.338771837094006101e-02
8.356433502840560079e-02
-4.783225256890659416e-02
-8.784019253754894382e-03
-1.050081105947824403e-02
1.232091702495988761e-01
5.377129051512877234e-02
-4.580077466019061294e-02
1.166273221692560452e-01
-3.700780848300355003e-02
-3.117823877642202438e-02
-5.410702820266768964e-02
2.724053988704041793e-02
6.407435702376896615e-03
6.248078715958983731e-02
-1.156591597959726395e-02
-1.049207465189153782e-02
-2.468056194829007857e-02
1.845122265117470767e-02
1.193070485381004728e-02
7.849935887254495814e-02
-3.652934105224085043e-02
-1.062319444623804066e-01
-2.630648108072198774e-02
1.357346525387898017e-02
-6.522124734985026984e-02
-5.180654612942449389e-02
5.442525798905894358e-02
-6.804805412272470211e-02
5.192503146444580470e-02
-2.710580974594422460e-02
-2.320916144642786241e-02
6.617786643760746601e-02
1.853269228336881097e-02
-9.575379894226365707e-02
-5.720311982786327638e-03
7.148991802409294938e-02
-3.961799445089676103e-02
-5.401047160154874571e-02
-3.151123975796992632e-02
6.746190783700779618e-03
-6.173299979053174097e-02
1.359370986101765197e-02
-1.095889353920529025e-01
-1.012489993143017748e-02
3.858587034656691533e-02
-6.502729208423055351e-03
6.954152370238628200e-02
6.486547557101814132e-02
4.968679190951110630e-02
-2.063265801380869107e-03
-8.605821099168060873e-02
9.032848983091919942e-03
-3.813645410247808870e-02
-2.183259833294663721e-02
-6.578023709150249143e-02
2.016682153377376968e-02
-9.502151957382133640e-02
2.340827435026142378e-02
2.249109189755426480e-02
2.669674237223576899e-02
-7.346048668152170558e-02
2.616582140997859504e-02
-8.236832433838296719e-02
-3.102842166640100083e-02
5.940385247633135635e-02
-1.516798243936268858e-02
-5.185984172430081751e-02
4.605255161136410924e-02
8.629890077499308143e-02
-9.511291853672643182e-02
6.904305726630462214e-02
1.879485468291847974e-03
4.454406523472619756e-02
4.040413078980333028e-02
8.363022648803545081e-03
3.515274285278538469e-02
-6.671429589782092162e-02
-3.583765615599859844e-02
4.719607368391803143e-02
-3.398953754868069832e-02
-7.968726470251727076e-03
-6.202049426348543032e-02
9.455954255095322392e-02
7.086665077762609741e-04
-3.293032707223463723e-02
3.345833589862957230e-02
7.132925934803059642e-02
-8.876169056508809163e-02
3.248231426711556402e-02
-1.746488574323301970e-02
-1.800106960162676031e-02
4.871487533698361932e-02
-4.560867895120580828e-02
6.596829791344925586e-02
3.326055626181727981e-02
4.401921414601319901e-03
-4.397507599041450971e-02
-2.101060412836290234e-02
3.367716711998815227e-02
-7.664022326931450857e-02
5.890819291818920334e-02
-3.373474320372223112e-02
4.682303960575794760e-02
-2.804481567463103231e-02
5.616699592246963274e-02
-3.450677498098279200e-02
2.140247937469189760e-02
-6.222322102266610727e-03
2.651833019320604806e-02
7.927602199840569352e-02
-7.447127851351131866e-02
-8.055599342479374814e-03
9.317782179925815367e-02
5.467710511218094177e-02
4.711860385278771046e-02
4.703520449201021095e-03
1.080632568880355304e-01
-2.245688307266655720e-02
8.280149577639691824e-03
-3.322504925588255775e-02
4.322441157146841850e-02
-8.562854815109105511e-02
7.867012230918953020e-02
7.643423351452915959e-02
1.179399937236393081e-01
-7.314860745646856177e-02
1.305373671740558007e-03
-1.826765283393114864e-02
-5.522637603896762143e-02
1.575461992871901584e-02
1.419610095280944388e-02
-8.356145797851760940e-03
1.164008772914865673e-02
-9.795653149126363687e-03
1.251818440654822381e-02
-2.078587846333136702e-02
3.506043165454994504e-02
3.318627925434315673e-02
6.347052740703316986e-04
2.556129007375793072e-02
-1.731247227111795337e-02
-1.991364114363051302e-02
-1.875706708865790967e-02
4.479535098226029854e-02
-2.320638965446259958e-02
-3.605515411033589912e-02
9.965469264466354001e-04
2.586881863800483475e-02
4.740876485978393062e-02
2.600958356667095600e-03
1.109695684785464050e-02
-5.071677576941208696e-04
5.693962416129235565e-03
-1.999760187999592188e-03
-6.619319900835200950e-03
-2.227910244117322844e-02
-1.160903313334546993e-01
-1.125986804346345016e-01
3.146727703224244665e-02
5.191689151842124317e-02
3.817950459287523107e-02
-3.711390846911679503e-02
1.405982702884652803e-02
-2.555511494229102329e-02
3.698279218336771729e-02
9.856246626645404768e-03
-1.009045603051503814e-01
3.665740485823072020e-02
6.774750766735231902e-04
7.524380149441128873e-02
2.401757737897924558e-02
-1.181326858941862540e-01
-4.203250594043230620e-02
-3.272433731744929346e-03
-4.419166170942148003e-02
