-1.229009395098826507e-01
1.610372652567230167e-01
-2.690798780062824691e-01
1.231101926678259155e-03
-5.474886953203745438e-02
-5.952097340088023658e-02
-2.720426307897556850e-02
1.609363581802186471e-01
-5.498823464296931363e-02
-9.622762206061275664e-03
5.847794660374308617e-02
4.890099300701553769e-02
1.279791459741178861e-01
6.223047967665379376e-02
-4.525577380911741110e-02
-1.237383436682312071e-01
1.668116771588507366e-03
-6.625177794698405842e-02
2.047651955882567529e-02
-6.988614118074326642e-02
1.079681871068890464e-01
8.896106678592212436e-02
1.634918877318448233e-02
1.708502381918281243e-01
-3.087005521875007402e-02
7.276766999646235023e-02
8.669608554664344491e-03
9.580441742582022219e-03
-1.490927860512603342e-01
-8.139143434846793368e-02
5.588016777528776596e-02
1.150559571098754702e-01
2.180439973630299982e-02
8.938480532059034367e-02
6.671837084500721604e-02
-1.641847473971830562e-01
6.247012953418602105e-02
-4.573873963666156423e-02
2.002373687092021300e-03
1.156856386232577166e-01
-4.605011004416073583e-02
-6.738855756229139571e-02
-1.087183876188757906e-02
-1.803378525426911280e-02
2.174823346938099811e-02
4.172391935148960992e-03
-2.529250999744972125e-02
-2.480669670390191553e-02
8.699339659074958875e-02
-1.172778348325238945e-01
-1.368759823158735289e-01
6.938765666347922190e-02
1.242445875303551939e-01
5.830688508357378952e-02
5.436937350040094846e-02
-1.388128998782066185e-02
1.012698436732268337e-01
-1.482251987532730818e-02
4.062810765330979179e-02
-1.017966604772271993e-01
-4.002871605954137768e-02
-9.856645944936112680e-03
1.109222551190511274e-01
-5.760801014630283906e-02
-3.829172620398957338e-02
5.149065655736045910e-02
-9.403792070380558032e-02
5.946804612653738137e-02
2.009762861371493931e-02
-5.648283395496037779e-02
-1.835085059377558961e-02
-3.683595920962329934e-02
-1.161042873124444319e-01
-6.233241895958448187e-02
-2.644253032967403341e-02
5.294421676557390516e-02
-2.997901191955776659e-02
-5.177522519110027560e-02
3.766151079073164210e-02
1.000461807514831103e-01
1.195391143659978450e-01
-3.894877898433190405e-02
8.740150965572278385e-02
-9.517017996683212189e-02
-7.878176734944736248e-02
-4.492336774651627118e-02
-1.657403180749772789e-02
-3.942359394044062104e-02
5.191599679165573994e-02
-4.472322647978468207e-02
5.769379005966281115e-02
-3.295098337421779877e-02
2.345226390594054577e-02
3.548604676394272878e-02
3.800519993737225266e-02
-1.349033290551945874e-02
9.703594647239901713e-03
-1.657250129452076531e-02
-1.397479365271553191e-02
2.459569947303141737e-03
-7.726759170868120752e-02
9.937862794025231761e-02
-1.338811243532091189e-01
9.444073036334697802e-02
-5.314734787160931700e-02
-7.657419814346728970e-02
-3.790048437508800310e-03
6.574140525915476985e-02
4.058867024915922828e-02
-2.416217277397563964e-02
6.940146687359692590e-02
1.937928412764402739e-02
-5.464465227630384107e-03
-1.935714507946564855e-02
2.082722059050027066e-02
2.449361781680054959e-02
3.777936028995772938e-02
1.057872773013681343e-02
-7.726631034897957218e-02
-3.264548586535115544e-03
-4.232334653858307177e-02
9.221842552079800859e-02
2.662619188690948727e-02
4.809241944195395690e-02
3.614491480386238659e-02
1.104421723508356573e-02
-6.744273060301084199e-02
-1.069838181094270729e-01
1.612053725309135419e-02
-1.076813405003462926e-01
-1.293319058858020953e-02
-4.640985178039692266e-02
-3.146510442686292069e-02
5.850193650482383989e-02
5.334250607283451406e-02
2.989889134488005196e-02
-1.566586811895847101e-02
-7.329341900071136007e-02
3.802940339840327894e-02
-1.267834238125349752e-04
3.982295104745259273e-02
-3.621257771477413151e-02
3.660513649670238401e-02
3.906086236490059760e-02
1.655879786437819759e-02
3.131148363596597539e-02
-5.621844673652143243e-02
5.557007872749023664e-02
3.405686798338553728e-02
4.429439809963493790e-02
3.510712022550694419e-03
-9.453373572169122829e-02
-2.580014199925050045e-02
2.633500289471118680e-02
8.348058456202119698e-03
-9.285373077953747167e-03
-4.266287126619333625e-02
7.922358729323876469e-02
2.656942053346170868e-02
-8.642041524416503584e-02
8.024077333639278997e-02
5.444319405654558103e-03
-1.053840049286011438e-01
6.777139936648218788e-02
4.889668621468501453e-03
-7.529785710065603488e-02
-7.913108024144517626e-04
-3.540222448346026785e-02
2.504453130185681480e-03
-6.052182210783831062e-03
-7.329662239996546751e-03
-8.318217012483863915e-02
-2.439107344734408808e-02
2.931612183390794671e-02
-9.279589162633831989e-02
2.803376551916398132e-02
1.072345018977234610e-02
5.202256320684235658e-02
5.866954547246372095e-03
3.562037597266493744e-02
-6.371212301832825109e-02
4.405154484284860145e-02
-5.504863651557174997e-03
-2.721077665745891966e-02
1.140966458132456618e-01
-9.002868857066579841e-03
3.297664616157569561e-02
1.933913485699256113e-02
6.221275420078106744e-02
1.593374348325188317e-02
4.537330296841807914e-02
9.924216313202736950e-02
-1.707757057691825647e-02
1.284456320921659048e-03
-5.284697580154924801e-02
-8.465694395477927486e-03
-1.398221486098754629e-01
2.235356914843203077e-02
2.862390284842053143e-02
8.273223490293681037e-02
-1.325944256528095999e-01
5.285501989300955133e-03
-7.510917688458913777e-02
-5.801590965132576161e-02
7.889271174361459082e-02
2.808580296038069163e-02
4.350671781637514141e-02
-1.255109624421536958e-02
2.898101067860333821e-02
-3.438386386057973657e-03
-3.792789123537314028e-03
5.004734722676015130e-02
2.674649732556371590e-02
-1.920185140229156359e-02
4.676688842392964091e-02
-3.846186229770768433e-02
-3.479446845830612423e-02
-5.113507924015461142e-02
-1.719563363609461284e-02
-6.380733516282531548e-02
-1.369250299177863887e-02
-1.516111917648638868e-02
3.789244028362769717e-02
9.244387364163703102e-02
-2.059205549192378790e-02
-1.517685142615655784e-02
-5.196233930086515372e-03
1.947171999278753118e-02
-5.701555925091832122e-02
-5.681125356515639990e-02
-2.710652380840026729e-02
-6.919929678733774403e-02
-5.160003484522567713e-02
-4.836890839090841193e-02
6.454742717049910192e-03
4.050719712812977935e-02
-3.752604259560797430e-03
3.045660315502003029e-02
-3.464650700609144679e-02
5.022271553925997112e-02
6.426374836988542382e-04
-5.757942870629119414e-02
7.908989876436739452e-02
-3.924452392213605145e-02
5.769624599909095597e-02
3.077149730169872338e-02
-7.850695128677005752e-02
-4.928885347003777312e-02
5.066777447563053371e-02
-1.841684061841018794e-02
