-2.377133557036912592e-01
1.942994418616243446e-01
-1.992566598707352366e-01
-1.503033772567053880e-02
7.398824970157408254e-02
2.667711046363136496e-01
8.450629794391475991e-02
1.555455979508066910e-01
-8.534981618119809321e-02
-7.297586909863179594e-02
1.917029500879079140e-02
3.169440331231087454e-02
2.336735634078018764e-02
6.269013599891101740e-02
4.985055801635131234e-02
1.480200433969082185e-01
-1.924123514442520680e-02
1.061672955941967388e-02
1.175577763898040112e-01
9.433592323577982830e-02
-1.038127800710659798e-01
-3.594377264314354420e-02
-8.423792616620830176e-02
6.463453748889456951e-02
3.939282269088271310e-02
1.047582229973882534e-01
-4.372110257142156065e-02
6.102959856333619454e-02
-6.229855059068389184e-02
-7.669601673668205444e-02
-1.058676287274725458e-01
-2.396103142527714405e-02
1.094271949495487922e-01
6.173724021787228844e-02
3.284569684621822805e-02
-5.675362668164062041e-02
-1.680639440935043430e-02
6.959627551637515008e-02
1.115340410691854694e-03
8.806482904728038519e-02
7.510707501192502578e-02
-5.786627578368486874e-02
5.072012674118522163e-03
6.671267631629006212e-02
3.486052091248087459e-02
-1.361074142197077341e-02
-1.079246511331714425e-01
2.297628849190837264e-02
-5.196023346046368258e-02
-1.042810677757499555e-01
1.748098127306076457e-02
3.754872420395813370e-02
4.870233533461880426e-02
9.293254379187976255e-02
-1.970834971457049306e-02
8.032631607065056356e-02
-2.778638162828329233e-02
-2.926335801250836907e-02
1.662983766127586888e-02
-5.132015055377398167e-03
-1.082030290584138667e-02
-3.631379307823277836e-02
1.488092869097980830e-01
-3.375373748313013900e-02
-2.292822447977863401e-02
1.004186948268606799e-01
-1.484829484842969775e-02
4.456172247631515898e-02
-1.294654024932365144e-02
5.537239877814779249e-02
1.470610404154768305e-02
2.707384041185027096e-02
-7.655920854709524770e-02
-1.475475462094676983e-02
-9.101077689770173396e-02
-4.906455787542137598e-02
1.148671233173782997e-03
-8.006619073867204950e-02
-5.795650363129380839e-02
2.905436754483441478e-02
8.129912063489019847e-02
-7.590404741118753074e-02
1.009807987906837512e-01
-5.972634960270998509e-05
-2.333029909094002860e-02
-4.107451105211117753e-02
-3.965539780380970478e-03
-9.303201869997022866e-02
3.290590625121922463e-02
-7.759688055053366729e-02
2.824763052573507280e-02
1.098440372543150328e-02
2.827426758055499954e-03
-1.072838436433842975e-02
-9.705662925477051561e-02
2.574136659962759227e-02
-1.017238760090800366e-02
6.910217885183973785e-02
-1.954963151227559481e-02
-8.332964400159724450e-02
-1.194152279080955698e-01
1.384243549336430235e-01
6.362736698346237521e-03
7.256596208922670536e-03
-6.692974070990684310e-02
7.484874388571156889e-03
2.648503038529322409e-02
-3.768522185793174439e-02
-1.665747533084939447e-03
4.357425373034175958e-02
-5.657958872242855892e-04
-3.437953575161329517e-02
2.272758396970367412e-02
1.137071002823447294e-02
-5.086897681177222214e-02
-2.766962023772548407e-02
-3.531410993147407213e-03
-2.396606900300215365e-02
-9.995623829091316789e-03
5.012286324515813005e-03
-7.223382699894613512e-02
1.544306025796850501e-01
4.460454188697775962e-02
3.537331872172147507e-02
-2.709540538498816237e-02
-2.867020048736672322e-02
6.444938925552186337e-02
-1.095021030402405782e-02
-3.230895329080531175e-02
-1.867730247088003614e-02
-1.040214600031267311e-01
-5.495748869497472239e-02
-1.330024031274212523e-02
-2.504649140918913455e-02
5.769372149462469353e-03
-7.240976267579432579e-02
5.894504199993485377e-02
-6.631781303214598355e-02
7.621510058372850567e-03
-6.839239795196835892e-02
-5.297423574938594365e-02
1.191180108223198648e-02
2.835197049176545886e-02
7.922474273880994455e-02
3.625358367323177483e-02
3.108872085077074229e-02
5.507656185065291227e-02
4.860907113879204405e-02
-4.745425820126859123e-02
3.216206994576849276e-02
5.187949420103540876e-02
-8.254747379989657574e-02
1.585650047257249756e-02
1.345098810096525578e-02
2.201687146299274173e-02
2.230922349082853969e-03
4.060846610463353379e-02
2.933429814814278447e-02
-8.857276179858107612e-02
-1.169221789975269897e-02
7.496885216010037989e-02
2.044073070629037758e-02
2.187571577482134294e-02
1.011608404384174015e-01
4.560457007330667029e-02
-5.403888984721449268e-02
2.300596189494611213e-02
1.309283702709112054e-02
1.890816844730506814e-04
-3.145256507755328501e-02
1.185573215207346397e-02
-4.067844012947136739e-02
-3.241708869210796484e-02
4.290660216199257415e-02
-1.609706206092032660e-02
3.202298449501832928e-02
-2.624301963075052757e-02
8.714581615203589871e-02
5.328822175827366975e-02
1.838985000494116825e-02
-1.094327500866291124e-03
4.838586504082558609e-02
-2.499721975856367129e-02
-1.164370533618169475e-03
5.176632122200774261e-02
-4.748400061222036832e-03
1.510817520231337863e-01
1.059465392771787307e-01
3.846853069021408111e-02
-1.310204958361562907e-02
-2.196932501021831366e-02
5.901356685857782336e-02
-3.173912044060961390e-02
-7.732999244297908414e-02
-3.229114924898266598e-02
-3.997476642999264751e-02
-6.502125783918177859e-02
4.123426437311669690e-02
-8.884699924898103660e-03
8.608381885889794527e-02
-1.231215049554235455e-02
-4.454012299922024964e-03
-5.504623287243177315e-02
-7.217544630366722058e-02
5.877807735191202532e-02
-1.389843541560878415e-02
1.080670834677525949e-02
-2.057822897501758799e-02
-3.971702187104854398e-02
1.574073969676828555e-02
-7.107442503513893006e-02
8.546657757175590842e-02
-3.372734195600935597e-02
-3.969732011158976642e-02
3.938844068834108925e-02
5.627032975565265938e-02
-3.949888785476411701e-02
1.877850257682154439e-02
-6.459327075629789361e-02
3.746598371502266739e-02
8.684342347270711249e-02
-1.940133350500092974e-02
-3.324128471345974556e-02
5.205518835018445312e-02
3.157546817246076332e-02
-2.691277594047796970e-02
5.939066060485628101e-02
-2.653437104383272668e-02
-5.213948151718585111e-02
4.026791204883991421e-02
2.975593650293487796e-02
-9.986790816094036696e-03
-4.837989585626101957e-02
2.366001890422916865e-02
3.266706986072242386e-02
4.491845888795144986e-02
-3.289151810114162439e-02
-9.403439315537653886e-02
3.915702264860372595e-02
1.219638281894673687e-01
1.979933664923389305e-02
1.195962356666257879e-02
-1.874613786513619137e-02
-1.308566020403083008e-01
5.959292280091121885e-02
-5.307250301898069900e-02
-4.340445975784323895e-02
-7.151707629975659342e-02
-2.269911820516165319e-03
3.222069216874653974e-02
