-1.649927860337481456e-01
1.404530277866284371e-01
-1.605399195800439049e-01
-9.258231748810320794e-02
-4.297863141392044978e-02
3.420446783363453869e-01
1.327119342712366201e-01
2.308668404772850624e-01
-6.117266019172951097e-02
3.991041983536221076e-03
4.156130333573027080e-02
8.215646210378312053e-02
-9.843842639071034156e-03
3.607817371129740103e-02
-1.067946492277143528e-02
1.747026617192101450e-01
-3.663010528213628964e-02
-1.560950338460811125e-02
-2.660137596905440618e-02
1.713129703787581032e-02
-2.278369295323579014e-02
2.105992570035690112e-02
-6.746041007317474247e-02
1.590348035846974872e-01
7.133917629009156602e-02
1.112465607235008369e-01
-9.584128191073869318e-03
5.888761642267342084e-02
-1.109852092047874661e-01
-3.993756792473919515e-02
1.914625824439879914e-02
-3.059494176994476469e-02
5.778815290854544262e-02
-2.480404285086627164e-02
4.544051292596607700e-02
-1.296714846835739510e-01
-8.851573151214233576e-03
5.857578855687722158e-02
-5.135954673422715028e-02
1.287359328749055065e-01
7.246292301984319506e-02
-4.690995442195529386e-02
-1.832826857653746880e-02
5.038774063032285672e-02
7.513134828724940539e-02
-4.333711579512835449e-02
-8.941997434336346195e-02
-5.782648764781645606e-02
-1.703692673221485557e-02
-3.397672060193517724e-02
-1.832642687198174358e-02
-3.609628380609536391e-02
4.351750052466966251e-02
4.368690323815645205e-02
9.422682323380607294e-02
9.823420181886437230e-02
9.568848864389334005e-03
8.449085673380464512e-02
-2.138508887136215258e-02
-7.082513608520473077e-03
1.285547296100061042e-02
-6.059849174366224028e-02
7.401360415012384064e-02
-1.947217173948230517e-02
-1.271679942908249088e-02
6.003203117021706919e-02
-6.104919777521608526e-02
3.252116010139374097e-02
5.898996744807585152e-02
-5.989455133569618339e-02
7.009261515098502704e-02
3.333471603606535938e-02
-6.216588463750409577e-02
5.267571748441212537e-02
-6.321429200867059728e-02
8.245891091860108046e-03
-2.252844634406825711e-02
-5.598529467669013243e-02
-3.495026609347543639e-02
2.792003643095360491e-02
3.880645437676467219e-02
-8.000067871002698727e-02
1.197898871011105482e-01
3.922503289551309419e-02
5.714079375720804849e-02
-4.522237325303240379e-02
-6.739983845667534001e-02
-9.056947083125531373e-02
-3.693903416853922678e-02
-9.794157542834359964e-02
5.628204784964132429e-02
4.719589610705157701e-02
-1.673962786902493186e-02
-4.634206141163344991e-03
-4.651548859063090596e-02
4.703965817057423338e-02
-2.116098071144233844e-02
3.897626635793052102e-02
-1.913947122205455001e-02
-9.851867696144406272e-02
-8.824319334353493416e-02
7.274207768259523255e-02
-3.681557175202580107e-02
9.131242809129080928e-02
2.425497615378073568e-02
-5.235011094008790687e-03
6.755713366799023442e-03
-7.410006194732315921e-02
6.169983106798587746e-03
2.452536566707312106e-03
-1.481170425557991679e-02
-3.515319465100440882e-02
4.089232120868307487e-03
-3.964091706870776638e-02
3.300511913187040292e-02
-4.653305299519013699e-03
1.292136505732766408e-02
-9.024488745612872440e-03
-1.273228338960655064e-02
3.573077366306376401e-02
-1.726065973009554416e-02
3.707818517941623149e-02
2.673227341507056903e-02
1.076514170081656618e-01
-4.456624895223536970e-02
-9.216878660406307294e-03
3.688927403989471915e-02
2.197156945544084805e-02
-9.797049701099647470e-03
-1.503035551311239504e-03
-5.206178186019716492e-02
-1.780599868073773351e-01
3.234080947749235629e-02
2.665117020333882328e-02
-7.541094632332040471e-02
-2.902185323423613073e-02
-3.590931668804934335e-02
-2.278601213675040746e-02
4.244617416347636063e-03
-3.700284582083110396e-02
-7.407901876749201087e-02
-1.425182607063947386e-02
5.661607848702598922e-02
7.225330975688973312e-02
6.826990743669578143e-02
1.496149622611222738e-02
-1.493673553152970179e-02
9.163271415578737311e-02
4.968690383558959506e-02
4.188789894361219512e-02
6.699578894053319356e-02
-2.988813648822536383e-03
-4.586901618593145456e-03
4.280690951691904639e-02
5.191256968554350260e-02
-5.332676004486096993e-02
-3.459396447322246604e-02
-3.625845612391893902e-02
-4.221340317101665573e-02
2.358118513150470053e-02
4.673550407376021731e-02
-7.717765257685963625e-04
7.564729840797181082e-02
6.683041069255706013e-02
-4.289411763819662299e-02
-5.934688296984740215e-03
-2.393973772399244845e-02
-7.686592702798319444e-03
1.738957904899630230e-02
-1.797831060530977187e-02
8.896456173350053781e-04
-3.426065005427613580e-02
-1.550432159109225300e-02
6.000716815871478572e-03
1.606341534631451629e-02
-3.441797937123095008e-02
4.798342943846359981e-02
1.070911977668260184e-01
-4.865169534707246171e-04
-2.943971553454621110e-02
-3.320866159091794868e-03
1.102092376853086031e-01
6.900454292059059191e-02
9.206135383831243538e-03
9.843232148116451419e-02
2.519322230800292647e-02
9.256062630111355771e-02
8.126616847928960774e-02
1.723688809907071920e-02
-4.999723105322927824e-02
5.531747214140023822e-02
7.046375272460356221e-02
-7.160520028147408789e-02
-5.914395441231842972e-03
-4.628936819795576030e-02
-4.047237846433782149e-02
-7.814693486340978934e-02
4.540142786261679077e-04
1.744578514358583951e-02
1.507704954472801062e-01
-5.911029214571655865e-02
-1.938578215356282983e-02
-3.073419509774153943e-02
-2.244638817441872713e-02
-2.310333101057386596e-02
-5.204929919598613904e-03
3.711658812996709161e-02
6.060439201936854148e-02
-2.871855177842013579e-02
9.807690660754948137e-03
-4.650546153249417863e-02
8.248087495071010355e-02
-2.812995664466634918e-02
-8.683231123128978823e-02
6.007940390406711628e-02
1.569671150588568959e-02
-7.974116889586935208e-02
3.371015092031391658e-02
-5.144825550366124295e-02
4.798359996666320265e-02
8.335926570687123005e-02
-3.594785606115988297e-02
-7.060495007387580790e-02
8.188024052606425462e-02
5.251586435010317105e-02
1.028639742268380036e-02
-1.358427638046895316e-04
-3.036520617943801528e-02
-1.871557222347848201e-02
6.997385931278066878e-03
-1.119156110618278570e-02
1.579841452412962186e-02
-8.539973793205499208e-02
1.915168104114621170e-02
5.289505085474302537e-02
5.993179469448973139e-03
-2.833019085664157614e-03
-1.601832769033917012e-02
1.681189772001718055e-02
1.225589922175630564e-01
1.862372573517167076e-02
7.274975145157742962e-02
-7.978673403080359383e-03
-8.547456570604132498e-02
3.943890936345664788e-02
3.845458648970140336e-02
1.392185400440538665e-02
-1.875448675862815412e-02
8.154692610711793480e-03
-1.322691748537843312e-02
