-1.612413770128768575e-01
1.416462692436663562e-01
-1.487821301025172849e-01
-5.975839524292930749e-02
7.632246856070160589e-03
3.506981290467012236e-01
1.359120259728271718e-01
1.977368117501559219e-01
-7.161495213975625773e-02
-7.433754886947347915e-03
3.289490209730398795e-02
4.031936188592442211e-02
-3.851919961554502170e-02
4.420186896395095211e-02
5.378688418233488339e-02
1.445504672227854726e-01
-1.368665077114711998e-02
2.704911764654184883e-02
-6.330627878118702534e-02
3.428781420143491021e-02
8.086770227615582701e-03
-4.142908563990896353e-03
-1.747793755771988311e-01
1.618567957618048947e-01
3.383835457748549103e-02
1.005684550808281508e-01
3.998317760203356358e-02
-2.808562515960060305e-02
-1.040114219308810040e-01
-5.362956117483163448e-02
-8.394243756301159043e-02
9.535175456086271081e-03
1.168376518091399779e-02
-4.423637875064975050e-02
7.976703083807921979e-02
2.579646441417969907e-02
3.252996543836458171e-02
6.985637502942897148e-02
2.106723630833642891e-02
-1.101870783226403389e-01
-3.253450893791989817e-02
-1.208746378720473441e-01
2.191111331353075634e-02
4.663839863769666388e-02
5.606293467713051315e-02
-1.920065570476286315e-02
-9.032272485077383339e-02
-3.776348731164549943e-02
-3.288359537321976223e-02
-8.445193381085609741e-02
-2.330853423401427899e-02
-3.129083865506024440e-03
3.084966831655908126e-02
1.248706283893487139e-02
-3.928705104039387219e-02
6.779601937230149422e-02
2.539226636976990147e-03
-5.949348494061233034e-03
-3.106893552410659731e-02
-5.121668544533575576e-04
-3.102336179574255795e-02
-6.538449628771138278e-02
3.273223787658303963e-02
-2.892516676445588616e-02
-3.497762842018094925e-02
1.204710641252863812e-02
-9.857313042878632428e-03
7.870034893866071149e-03
7.612428874040320925e-02
-9.214907293920107656e-02
-9.932159394331896429e-03
1.480823618045928013e-02
-5.691843055523348321e-02
8.502344362515028633e-03
-1.340605672456361974e-01
-1.714827718425921202e-02
-7.574880838783924243e-03
-3.347109414396435417e-02
-7.662261699697432704e-02
4.061791489487238255e-02
8.001973265304143657e-02
3.919382259150305803e-02
1.487370766221939311e-01
-1.360122604286658800e-02
8.938693735839177423e-02
2.500988405986618104e-02
-7.913725324322826160e-02
-5.705518642352830350e-02
-1.220023275250368966e-02
-1.163465376587330402e-01
1.873836329580987406e-02
-5.652751617746251678e-02
-7.477022182331011235e-02
1.727826982802511957e-02
-5.282622883360805349e-02
1.030578419555074760e-01
-2.487975268328941961e-02
4.065877170766753895e-03
-7.612962995362089480e-02
-1.008244864832507498e-01
-1.204498726884291326e-01
2.261473144695631474e-02
7.390990498003013670e-04
7.146227668141648393e-02
4.948717285888142026e-02
-6.771104552565621049e-02
-3.851808975305822530e-02
1.151177117866342657e-02
-2.568474981824319867e-02
3.950732406082003989e-02
-4.880828384898976656e-03
-3.622931052286715997e-02
-9.415761189147631507e-03
4.869452294409324505e-02
4.034502745593156886e-02
-2.160531151521591364e-02
-7.764702007228646563e-03
-3.977691659550318393e-02
1.358437000634838375e-02
9.614631205180007578e-02
-9.806224685283332354e-03
2.413656101556906075e-02
6.326951458631192848e-02
1.065903608349636350e-01
-1.364940101143404839e-02
-1.140304627480073357e-01
-2.025266660943404046e-02
4.382524406569748149e-02
-6.093217887232356411e-02
-2.971136560353956901e-03
-3.550692877677421450e-02
-1.450159158031852913e-01
6.256548025445382577e-02
4.375282553843408417e-02
-1.132045863250207354e-02
-2.748255363083815933e-02
2.804431746517018625e-02
-3.642655389669232496e-02
-1.581554043683423106e-05
-8.913867499337672917e-02
-7.260883399668154048e-02
-5.987846849071947961e-03
6.442935556821582921e-02
5.398391945694377275e-02
6.471087912463201197e-02
-2.915157871176214319e-03
1.326941184251747945e-02
1.020385026277913498e-01
3.602946590883856354e-02
3.331803717039472784e-02
1.431403522501092408e-02
-3.279903772500703668e-02
9.899522500579568257e-03
1.040940026365391041e-01
5.134702492112878935e-02
-6.208109464537306388e-02
-8.574239173417470827e-02
1.420107203377678033e-02
-2.373128779187518283e-03
-1.945321878691423992e-02
2.543288040014607052e-02
5.229325205752728689e-02
6.519394677200970878e-02
9.777038770200884021e-02
3.343342818581873654e-02
-5.325813875698501981e-03
3.368647683280808630e-02
2.524198405241726353e-02
1.735703538138488183e-02
3.588258254535173913e-02
2.997839158122199421e-02
-1.764199257486959507e-02
-5.577485599540168981e-02
3.238672381116255300e-02
5.535231053675706073e-03
-1.226838524583346787e-02
3.326119140114918089e-05
2.970703020320052123e-02
1.633096751234254518e-02
-3.646227759548605757e-02
-6.523355498950721663e-03
1.105989760380522852e-01
2.033871563536339411e-02
7.027593773264034782e-02
4.499042626081907470e-02
-2.698058363798223544e-02
6.808066441696178361e-02
1.661578597301641494e-02
-2.388701537205366321e-02
-1.909105678419181773e-02
-5.651163127062026892e-02
4.996715370121772304e-02
1.703153352392942086e-03
-4.455483991795460008e-02
-4.283340851773224933e-02
1.629944048107701687e-02
-6.630134675141251266e-02
-1.990736064322982252e-02
1.056009877943909700e-02
1.073485703294584370e-01
-1.030722354846331026e-02
-3.820389461968699829e-03
1.747530510263401587e-02
-1.692009639361462259e-02
2.997398681447752469e-02
-1.277850579132679652e-02
-2.094109350007158921e-02
1.667231959343755399e-02
5.670096687422700871e-02
4.254182683252946684e-02
-3.585202664376215616e-04
1.454203913132167958e-01
-2.916614565690133290e-02
-4.693008437250757725e-02
7.008129559901860040e-02
1.816501527177192057e-02
1.594293184039671102e-02
4.552416606735951859e-02
-5.488127796072055781e-02
1.148350436845285531e-02
6.426665666429216828e-02
-3.637574300471872941e-04
-7.648932944895074637e-02
2.089635216857264888e-02
1.196813275995260413e-03
2.528363857887480290e-02
2.437330855728360099e-02
-4.134040069057346584e-02
-1.430765351571185000e-02
2.461588287705381711e-02
-1.684230196993080977e-02
-2.917724428176928994e-02
-8.158578330511243037e-02
2.954606545941247664e-02
4.582833775514687930e-02
1.049118325564964496e-02
-4.966103975407847038e-02
-7.026490847417782293e-02
2.794644146711591781e-02
1.166009389506281607e-01
3.551466313097906974e-02
7.466204491405029064e-02
-6.705445781510860348e-02
-1.220987815117799552e-01
3.294557425646674523e-04
-1.410787826808868051e-02
3.255691428687208094e-02
1.762333301181034928e-02
2.233799417251442973e-02
7.549357469907901075e-02
