-2.086512660616275661e-01
1.347672339070281888e-01
-1.838102938531397668e-01
-9.352144061663032054e-03
7.754431988736988635e-02
2.859112387330575156e-01
2.120393896561271752e-01
2.797305727680352017e-01
-9.528336571124047805e-02
-7.038693949405254446e-02
9.106404598750005019e-02
-3.191290947884282275e-02
5.378531484979740679e-02
4.255707377467938396e-02
7.556613708517138928e-02
1.646186503071986884e-01
-2.873962169427256644e-02
1.538622853597263473e-01
3.177084897636847649e-02
1.051105528544260016e-02
-1.044923505313290549e-02
3.229488289541396911e-02
-1.416250463162833928e-01
1.429349372187618261e-01
8.975887319998096525e-02
5.287349066012130006e-02
3.863651413860394370e-03
3.729450127537495274e-02
-7.207789896913729955e-02
-4.192869195697836865e-02
-9.011415371959038967e-02
-5.357972137465141088e-02
2.739318155878721697e-02
3.684741140919375879e-02
2.415413100748918171e-02
-5.172763504211963514e-02
-2.533304574606211682e-03
1.963411224473060254e-02
-4.430284094134660094e-02
8.555170423805363161e-03
8.454984807387945500e-02
-3.050784838078047720e-02
-2.286476067349830100e-03
1.166644408093060747e-02
5.487836635928153989e-02
-4.936117723145223672e-03
-1.098775617037204000e-01
-5.131547861615107231e-02
-9.338962424047179967e-02
-3.970351906824405586e-02
1.664544494483640238e-02
6.752074928796584618e-04
7.722775376311176443e-02
9.248843196738214256e-02
-1.886186023662563341e-02
5.410074991909951531e-02
-4.289567931265167444e-02
3.847684149467179432e-02
-3.774226977452976861e-02
-8.609525693405419011e-02
-5.708272783682533493e-04
2.642823010203472489e-03
1.012314544614521666e-01
3.792440193830260570e-02
-5.729607711738394366e-02
8.279244719909331640e-02
-1.956143388484325035e-03
6.639383076151329777e-02
3.195860409906546573e-02
3.630266302652541098e-03
9.760261005645859758e-03
9.696437190271238460e-03
-4.909993585247075798e-02
5.944695585343660535e-03
-3.808701532512036997e-02
-7.540258653853292893e-03
-1.846389047139097503e-02
-6.552456655403891828e-02
1.320858903966087329e-02
-1.468290301688666977e-02
1.216183322531885352e-01
-1.764933700793138577e-02
1.021967937084752864e-01
-1.953564583184631484e-02
3.444421047038410955e-02
-7.100847035030574683e-02
-8.842813857045616482e-03
-5.750157364496227830e-02
-5.068477005682627684e-02
-2.817425579554902818e-02
6.555836893929553599e-02
1.708490826902853491e-02
1.850719371827805673e-02
-3.929019927146360641e-02
-7.388496931442005422e-02
1.850913266963120918e-02
-7.585956505661521632e-02
5.006798963138828912e-02
-4.980164234717683255e-03
-3.599223691488560861e-02
-1.200098428423245628e-01
9.361337922662567312e-02
3.312181333167785180e-02
2.292764732905223229e-02
-9.527166737140980307e-03
-3.075002340478929022e-02
-2.117910099877882632e-02
-5.408714494377155763e-02
-2.257146196547801797e-02
5.253465891115780689e-02
4.526481933935759192e-03
6.031560605964917179e-03
4.856068116530300877e-02
-3.895682890214482996e-02
3.715383035470370965e-02
-3.179117564972069876e-02
-1.737823929290470068e-02
-1.088760610139609675e-01
-3.223681130238704312e-02
2.640460721138214104e-02
-2.501773994018354624e-02
4.780723698532362426e-02
6.018017030763142539e-02
2.743632322639487017e-02
-2.724520725468575211e-02
-5.697446971960763024e-02
2.629062918767263030e-02
3.383447490152925730e-02
-8.081306871022704563e-02
-3.520369771541415754e-02
-8.535034414002867775e-02
-5.817403429009163768e-02
7.136743487748614667e-02
5.748648214026357006e-02
-2.732050319889986131e-02
-6.087059856863333285e-02
-4.801263656533430978e-03
-5.463150553616927252e-02
4.314690277630853221e-02
-5.972535695189349486e-02
-4.886596905585695316e-02
4.030488483042447140e-02
7.253888465334944191e-02
1.176433850316571661e-01
3.926001626206618994e-02
3.842099969570098028e-02
5.541445409257247240e-02
1.240665168633913323e-01
-6.668893915746318575e-03
3.822713687624156725e-02
4.787833186827256809e-02
3.684110981729600554e-02
-1.428225103561348193e-02
-6.453573367978674216e-03
2.741835561052231862e-02
-3.446253356067140172e-02
-1.507615466716199192e-02
-4.828195690828725878e-02
-2.190604617693178366e-02
7.910792257440837916e-02
6.678271977124401737e-02
-2.396737767632466185e-03
7.344133724481863475e-03
3.358651533931686362e-02
3.729828223051361025e-02
-2.874692507770277780e-02
-2.327223130036341209e-02
-2.607963896459369185e-02
-4.925598912054368617e-02
-7.572315982892090236e-02
-1.637767576296596641e-03
-4.399945968628992538e-02
-1.289425270945888241e-02
2.948062426973588682e-02
5.649974979664398878e-02
-4.399464462376292267e-02
1.994909489205031264e-02
5.263264058620381602e-02
6.006237901292738046e-02
-9.195056686201749999e-03
6.713392849301181783e-03
2.642199314184874581e-02
1.561456914207670285e-02
-2.396172240154462868e-02
2.665104792836789013e-02
2.761047337376389826e-02
1.140110828300838208e-01
5.836999764018363512e-02
1.243042322992878902e-02
-3.526910500772718893e-02
2.348037772812438910e-03
1.057926759404652500e-01
-1.038896598190573034e-02
-6.056928552835336155e-03
-3.450493196359368658e-02
-2.229147739008272011e-03
-5.530196259823370875e-02
-7.017397800376456996e-02
-4.736648102689605677e-02
1.206075569127898622e-01
2.174049204722840190e-03
2.099005324184640559e-02
4.101786955883473564e-03
-5.622344922881968368e-03
1.047610245571642812e-01
-7.398004256243631907e-03
4.106120512157770269e-02
4.209243639875213938e-02
-3.091334774043655071e-04
3.483342263867369309e-02
-4.877978266820930109e-02
4.203177953725433652e-02
-4.226784686450072055e-03
-3.752426701072359566e-02
2.852190977316936688e-02
2.826128239544971332e-02
-1.255092905652725049e-02
7.054683834897589045e-02
-6.120687736498184317e-02
1.113035634763968017e-02
4.465375882041141414e-02
-2.169909543583858208e-02
-6.640630468188525592e-02
-3.034853121126307104e-02
-2.694722274756201821e-03
-1.429003915688198054e-02
5.667196099265987136e-02
-5.128209633702095205e-02
2.318488154190386993e-02
4.992780344855532459e-02
5.365029920390618212e-02
2.998520404353807733e-02
-2.066524657433738490e-02
2.797583644040970048e-03
4.876963548946113697e-02
3.536262709466093251e-02
-3.604006438159671616e-02
-2.850032278143759673e-02
2.315980443773642001e-03
1.323352072247683531e-01
1.340565112885299358e-02
1.283301416255513278e-02
-3.893782717888392975e-02
-1.390921941636595882e-01
5.984263119290336719e-02
-3.733124440351721224e-02
-4.107535946645571312e-02
-2.860754679126696273e-02
2.537163087798986055e-02
2.161963074621519459e-02
