3.947567822683858280e-02
1.107266266607196820e-01
-1.398656717975082231e-01
6.984806144709779230e-02
-1.079647784999578364e-01
6.465619268604619330e-02
1.897175805946080956e-02
2.231894557330237616e-01
-5.015523022963165253e-03
6.814932616452623604e-02
-1.327428594732612266e-01
5.536349931340096842e-02
1.171033088390565358e-01
7.364116866336931078e-02
-3.901839665135058838e-02
-2.471444095813897165e-02
-6.486161940874747567e-02
-8.201865639816918740e-02
-1.064066463964796240e-02
5.683672170482931968e-02
8.212054128960934174e-02
4.736064905363115973e-02
-9.784094382405747817e-03
1.529022376031734243e-01
-4.674467322141276360e-02
3.408666744219051442e-02
6.258768930261231211e-02
-1.490236458181794788e-01
-2.131820126257716053e-01
-1.275792939495595801e-01
1.064163513297167046e-01
1.329786521543140920e-01
9.048683622684310437e-03
9.518240078886804068e-03
8.415962553744650576e-02
2.290790314190952262e-02
-8.114852628647375998e-02
-6.759212097330452584e-02
-6.233022114349336118e-02
1.005253215944145739e-01
-5.686854171241153416e-02
3.820125479882766767e-02
2.991780685264216338e-02
9.315934489766636295e-02
-2.359265888424716753e-02
5.162206156746484975e-02
1.253547000719711091e-01
-3.561693590459781567e-02
4.863875832736627020e-02
-1.161288253337386910e-02
-3.077529011754083499e-02
4.883931567589982342e-02
3.358934879021226172e-02
2.503937023854007835e-02
-3.192544305897936779e-02
7.536857914937307446e-02
4.100699495729587946e-02
-5.376762956012279965e-02
-1.023306758822004892e-01
1.131872499250497280e-02
-9.331222295747419737e-02
-2.582469208348079151e-02
1.127505617444794356e-01
-4.650181318479700704e-02
-7.476782011142885098e-02
-8.963334314355411378e-03
-1.597442831655127848e-01
4.330003059401973248e-02
-8.927929906344174438e-03
-3.199256602927764981e-02
5.456536154617156603e-02
-2.912474135017081855e-02
-2.720505821473832159e-02
-2.852587595773626791e-02
-5.757456715163462163e-02
1.131214795586869271e-01
3.840688441211928539e-02
3.284555188609083326e-02
-1.454279173311931114e-02
4.899412119631571527e-02
5.491504347859198915e-02
-1.385803599078166796e-02
2.610288889791100280e-03
-1.384220038020701482e-01
-4.737130080962308198e-02
6.073222103901680657e-02
1.767477996082572611e-02
4.782854857001269527e-02
1.717715697296198774e-02
-8.520880659510131350e-02
9.458657875528833983e-03
4.141324954931782654e-02
-2.686653526478562440e-02
3.521298073926618782e-02
4.321157029663923177e-02
-8.534761757398012794e-02
4.649758629749863037e-02
-3.919494528002934186e-02
7.943335686608611265e-03
1.233764153710338769e-02
4.944578946547146039e-03
4.567648807846443060e-02
-1.216947228980493900e-01
7.884145738391927505e-02
-3.446549798942057791e-02
-3.795619678081675608e-02
1.120828826268272516e-01
3.167247230794589113e-02
5.213909442180275633e-02
-2.996666966981144375e-02
5.130450397851211986e-02
2.677641802758414999e-02
5.125144808914285088e-02
2.040538297067793268e-03
-1.016109891432290246e-03
2.872362665310370169e-02
3.254030299295098544e-02
-1.748342031905344637e-02
9.247932326910290879e-02
3.812652343139230171e-04
3.128028479685295016e-02
-1.831895758509892100e-02
-3.686728298255716185e-02
9.628362328294053085e-02
-3.982441333650417470e-02
-2.434203527960245375e-02
-1.312853272874844601e-01
6.252360969116886602e-02
-9.219389002361785823e-02
-7.216077747108290419e-02
-6.284752451861835842e-02
1.380284975021401142e-02
6.053778422329130632e-02
1.281482329799216169e-01
1.656273663526939416e-02
-6.872039554608663607e-03
-3.119879040974017637e-02
5.120819857830581634e-02
-1.722169145753772506e-03
-1.195688352926527025e-02
-3.442491987135612441e-02
1.097131205318631897e-01
-7.172442744149648552e-02
5.956093366108637654e-02
-4.291440321201388242e-02
-8.604573028018065728e-02
-5.087464644781601597e-02
1.305614136612146259e-01
-4.574665440761754159e-02
7.580773583212560562e-02
-4.845838859256977604e-02
-9.464626240394147239e-02
-2.429716264404284658e-03
1.085787254262730178e-01
-6.926177527126322134e-03
-3.742570551732081474e-02
-4.167819084518031847e-02
6.733918403736943725e-02
-9.928146701534554253e-02
5.685481278246638792e-02
-5.140977037979098732e-03
1.327263915203467370e-01
-2.487665198510162143e-02
-9.515331980425520420e-03
-3.286225654469403928e-02
6.471246100976223159e-02
6.380212474608461248e-02
-1.037247709434031481e-02
-1.109787858493918762e-02
-4.410371403738461149e-02
-1.670070223668853465e-02
-1.819144084908137782e-02
3.554548460170599278e-02
-3.058338943419435744e-03
-8.887852251735850473e-02
1.376379331157697415e-02
-4.322127522987630893e-02
3.143968917064948049e-02
3.277487833046191512e-02
-3.828498098243398456e-02
5.110671946804629800e-02
8.630979238348508720e-02
-1.129887552975177706e-02
9.245446917178842816e-02
4.351884809568229429e-02
-4.654323668032114142e-02
8.294502101848225117e-02
5.996231887894058754e-02
1.463764308409497110e-02
3.090750715223417738e-02
-4.878795054144990234e-02
7.066168652938846495e-02
-2.786756362233729079e-02
1.332382506646314323e-03
-6.914974585030693455e-02
-6.865225812283674844e-02
-8.751587549765578455e-02
1.846040614165192842e-02
-4.603371077782516391e-02
8.350246291539266397e-02
2.102940679631244356e-02
-2.200747470205931255e-02
-4.086787964253158628e-02
-6.224328252554026109e-02
-3.171839321155549285e-02
2.618783242505925979e-02
-1.245741461559029747e-02
5.893126271402123265e-03
-2.598081639273377638e-03
6.790369328984274810e-02
-2.679275072010509420e-02
2.318799360184941108e-02
-3.743297576347402560e-03
-3.466798279856219550e-02
6.279467151983940398e-02
1.169522229794632204e-02
-5.279666282503722025e-02
1.749823133214697263e-02
-1.041154029599702935e-01
-1.830560062123604004e-02
5.237461658206852416e-02
-2.015163447238155561e-02
-1.162789643705771682e-02
-1.780895827122552094e-02
-1.850379091288250483e-02
-2.788876568902596761e-02
-7.037648998959211699e-02
4.962744417400666297e-02
2.229683049895725064e-02
1.819252293222976477e-02
-1.105158571524732410e-02
-4.312446260319419827e-02
-7.505031144335420901e-02
-3.814478358452130444e-03
7.963645034699867731e-02
-5.547481861729111619e-02
-2.323381306016385553e-02
2.482298742396138111e-02
-2.074224898080966745e-02
5.619403194488515468e-02
4.954419140177776341e-03
-5.802298917134521110e-03
1.117085156725842882e-01
-4.311783484391034510e-02
3.694891263006348792e-02
5.123477724563803293e-02
-5.688304838961957821e-02
-1.072050208693977463e-02
-2.369998800652764470e-03
2.748798914294272103e-02
