6.960329753294081101e-02
1.141760368433180142e-02
-1.757233551711751274e-01
1.691220122309060672e-03
-2.156759675934969700e-01
4.075959690215952974e-02
7.489192672220354452e-02
1.992594526429239954e-01
6.503693022589954707e-03
-4.284172945292842594e-02
3.066763428889690926e-04
-3.724232331925141776e-02
-3.180714975174928072e-02
6.176968908345444736e-02
-1.213291539447644996e-03
-2.153144543929220167e-01
-6.637306605680469429e-02
-1.487625256577207455e-02
3.396455266610996088e-02
-1.071004141605278598e-02
1.329124497314073117e-01
5.175463012422166359e-02
7.195704280847119161e-02
2.063979396321488358e-01
-4.233572217487672346e-02
9.436057498944451505e-02
1.013772949638837573e-01
-3.790672501893347507e-02
-6.223357831872071769e-03
-1.479588772604799318e-01
8.898253183641371966e-02
4.544133706567574094e-02
-7.527105860899318927e-03
1.227193621144271884e-01
1.056521720540238574e-01
-8.740807460499494530e-02
3.598486343625568670e-03
-3.757349901871112619e-02
3.288397466246888168e-02
1.534045455878180197e-02
1.231885334804718457e-01
-1.756565640175170029e-02
2.613740787665502080e-02
1.334408713144067012e-02
1.594302405258258004e-01
1.088207207529783560e-01
1.183564958457947319e-01
-4.470048347314884568e-02
5.974298415499805850e-03
-1.368206009919148702e-01
1.890134047147186457e-03
1.204239982843419571e-01
9.053533928181321799e-02
2.083560811130675400e-02
8.856604277471124978e-04
8.441192492440558956e-03
2.751527949088138081e-02
-2.014483050859322208e-02
-3.325705989955171638e-02
-4.417025484540947761e-02
-1.565114115095908864e-01
-2.033512622005611073e-02
8.140764354248636314e-02
-2.668949479557593610e-02
-6.442740013476384864e-02
7.618403321300214193e-02
-1.072292703508318096e-01
8.951463701061380951e-02
-5.038965107919777392e-02
-7.204461497663892933e-02
5.844330197663574755e-03
-5.523506779512271647e-02
9.248743411302511042e-02
1.178362754658459771e-01
1.611772705299116190e-02
1.116538193966458842e-01
-2.023129064922865941e-02
4.148314456621520277e-03
-5.346419870081348157e-04
-5.165333136620224065e-03
9.116895171919503493e-02
4.003705701305500936e-02
6.582355070155219978e-02
-1.788954137070283557e-01
-3.146641756568397535e-02
-9.271310620035892736e-02
9.648545109848574719e-02
-8.923113949160098313e-02
-2.011678656426331771e-02
-5.560040359033990853e-02
4.084345072826617296e-02
7.365771516480472403e-02
3.454298073720196011e-02
3.036825562668858669e-02
7.503238969987574558e-02
4.994671661274305979e-02
3.022365729663068629e-02
-1.955302335625337673e-02
-8.124733782353488198e-02
-5.682808198598653278e-04
-1.386475927257442911e-02
4.590275898985475556e-02
-6.928292935106053485e-02
-3.180746250949273869e-03
-1.403065988004773695e-03
3.567735307271750061e-02
3.480430720728978911e-02
4.836183412320910202e-02
-5.634546203697328448e-02
3.794168438447980546e-02
4.823940684207619900e-03
-6.088785125034957418e-02
-1.510748479076733791e-02
-1.038866198413533892e-01
-5.990335937567031060e-02
2.429655054953237456e-02
5.252780201690570444e-02
3.310269657772590274e-02
2.534303795913672719e-02
-4.442383187363166397e-02
6.384125737266660439e-02
-5.916372206325685307e-02
3.651130422021318933e-02
1.540328411435611111e-02
-6.108141354268856182e-02
-6.656297950880336878e-02
2.608879142297777787e-02
-1.024142606377428759e-03
-3.393873277684463646e-02
-6.118903695729786818e-02
-1.179401805383941959e-01
1.121768198454253795e-02
1.193813682202402200e-02
5.248759527144139514e-02
-1.498651704577056744e-02
6.663870163358014131e-02
-2.947383798212470027e-02
-7.746018905888447936e-02
-4.529027507558641696e-02
4.889432155687342685e-02
-3.543103897431557070e-02
4.004470220233948691e-02
-3.385095210351460326e-02
4.704005039764255075e-02
-1.407618350715080131e-02
-9.342039046175486944e-03
-2.465570069160121294e-02
6.783350571530348538e-02
-1.420691624391548329e-02
6.559794811593915032e-02
-1.063758587215210688e-01
-1.027343160618796915e-02
-8.675448042289231679e-03
8.960453748642727145e-02
1.645004953084353364e-02
7.717922835267968830e-03
-4.217426967753257205e-02
4.348507213121777237e-02
-2.195173624512068017e-02
1.593024616121937673e-02
-1.241019250948053980e-02
-3.274073161596596088e-02
-5.028727504450644648e-02
-1.540922651148177820e-03
-7.148457011069007938e-02
1.964188130625531183e-03
-2.036643674526211062e-02
-2.375885048681044762e-02
1.692353000357579504e-02
2.123051688871074871e-02
-7.382299025679111767e-03
3.467649354279735835e-02
3.162526374849932570e-02
4.011514219633789680e-02
-4.312547022796394541e-02
5.337985836266147255e-02
-3.333980169812606614e-02
5.605890644224666153e-02
1.003986064828886193e-01
-1.730426042994311076e-02
5.599892645722384828e-03
1.153850540269384106e-01
-3.513826297558021033e-02
-1.911797733510583672e-02
5.390178153476905126e-02
-3.198166857259782808e-02
7.395459176506540000e-02
2.593599188986924625e-02
-5.500887444488312787e-03
-4.390117893345601985e-02
3.097646518512969099e-02
2.728898188806064620e-02
-5.062995327875326884e-02
2.676546017637539999e-03
-9.916846077615472377e-02
3.475537799586908734e-03
-4.460596113290431208e-02
1.470420105601079677e-02
7.379404279009121881e-02
1.049767543316000723e-01
1.589118619414773767e-02
-7.535560745230750201e-02
-3.094904675628670082e-02
-5.328717781801729086e-02
-4.481901865791873552e-02
-4.854069680160564941e-03
-1.468338529064076858e-02
2.979298988389153177e-02
-5.309782037978477004e-02
7.462125227067241406e-02
-7.273494081816746226e-02
4.116013531894573141e-02
-4.423106885108150921e-02
-8.502972572031268494e-02
5.821578809370157176e-02
-7.541982704229717449e-02
-4.061273976617666565e-02
-7.690980493212237756e-02
-1.978512435275824044e-02
-6.394088808938758021e-03
3.563137768442944248e-02
6.427279355691535578e-02
-2.218342023130093904e-02
1.724681725772832588e-02
-5.905283206777144772e-03
-4.533941279216942288e-02
5.960919334251958863e-03
4.684071946247981427e-02
5.966298767439404821e-02
-1.705012738795477767e-02
4.685673960911684865e-02
1.137861321898093157e-02
-6.579210117290466842e-02
8.174792396736667993e-03
6.549532882522514365e-02
-6.168413246518899412e-02
1.409102212453477825e-02
-6.507397464306891033e-02
9.802279441101438909e-03
-3.240510780637710642e-02
-5.171240782885507849e-03
-1.039849995271005393e-03
5.458734650842498627e-03
-1.261963594501502341e-02
-4.703171019115038459e-02
-1.703247395087969726e-02
-2.397809366497322128e-05
-3.258657679930244966e-02
2.447127787554322434e-02
-1.273445278772382134e-03
