-3.356140103122212670e-02
5.110734896626628609e-02
-2.382610588136640228e-01
-3.232771407298936500e-03
-7.213788811834677406e-02
1.309228565757975804e-01
-7.814294517836194165e-02
2.391857654332373850e-01
3.156871962856962199e-02
4.851284789912945622e-02
5.194698177645811626e-02
2.302545495113776305e-02
7.274357629003934400e-02
8.244849365355025328e-02
-8.252616394051599802e-02
-6.999296761736937753e-03
5.277077371661612754e-03
7.454586710948554740e-02
-2.510090906836691393e-02
-3.404503113065422693e-02
3.869604396937977725e-02
6.439770552782873858e-02
-3.912624865029786653e-02
2.318185936455153806e-01
-1.360301198206967932e-01
5.830614064282894915e-02
9.281092384566431985e-02
-1.047250256186897654e-01
-1.711146121683692900e-01
-9.813462339902542797e-02
2.386592149133136970e-02
1.322411171054108103e-01
3.795972698100843080e-03
-3.275915267431008665e-02
8.867942484564744765e-02
1.641817803623742134e-02
3.719976540978662399e-02
-1.298284025278619302e-01
-8.626914475970375029e-02
9.256584057434129320e-02
-6.721187777583435830e-02
1.271805093914111714e-03
6.804707514241671584e-02
2.975822490590591257e-02
4.994009361457528440e-02
1.898296496611083517e-02
5.554442668653528786e-02
-3.326772797539541415e-02
2.105641813133571350e-02
-1.600192666062911495e-01
-7.700930582034268800e-03
8.345227122649237494e-02
6.449138343082864988e-02
4.278989172251630724e-02
-8.011434979136902723e-02
-4.300536090417613616e-02
2.386965660173934189e-02
-5.034395242743715422e-03
2.811350905679598638e-02
-3.852466243021403919e-02
-6.245304697327870927e-03
-1.825178375455045049e-02
6.492028749294395662e-02
-1.481538213161695235e-03
-1.148083563554082170e-01
-1.192110510504038393e-02
-1.195615511431518396e-01
9.458456770224937804e-02
-2.696446236834385002e-02
-2.530170460199542004e-02
9.652125579798241650e-03
-2.028585151449127655e-02
-6.196147976422967940e-02
3.399527412414804495e-02
-6.288091721019181679e-02
4.976077496579261322e-02
5.009573433130743575e-02
-5.440798599571005506e-02
8.134376805199269866e-02
2.884375649075438322e-02
9.121923322466755912e-02
-5.405365074495387806e-02
5.757849444647611392e-02
-3.021454201047972174e-02
-1.511205661545007572e-01
-6.485418937840289758e-04
2.558674021500370252e-02
-1.887221227267448301e-02
-4.612664593563715193e-02
-2.626899815005968863e-02
4.051691029326562332e-02
7.247848349867361262e-02
-6.261045519761462841e-02
1.685501920796966726e-03
2.440804608768830028e-02
-1.911952994040227310e-02
-1.889042093591334140e-02
1.293321997800030154e-02
7.190347659104652511e-02
-2.164960035300160165e-02
-8.024000957723720351e-02
2.520702622299337420e-02
-8.084506411412843707e-02
4.688353938045240754e-02
-7.361369026909622693e-02
-2.325689839963167652e-02
6.954085251200453621e-02
1.449522981093372825e-02
-7.958253009783410395e-03
-4.276924856767225225e-02
-5.935957517467705356e-03
-3.040806741849271660e-02
-1.749739149974053123e-02
1.368447740800353245e-02
-5.093426661789691307e-02
5.356831983631814981e-02
-8.691775335188792195e-02
-3.005866784934707950e-02
4.429487442332803726e-02
-1.118942365547893059e-01
1.096550378652107055e-01
2.142899539453082050e-02
-6.839554093396036857e-03
8.695387053556501156e-02
-1.113373049136007903e-02
-1.689637221605791786e-02
-5.709383052184181101e-02
-3.131626618403087620e-02
6.468610941004420724e-03
-7.532697207355247560e-02
3.647105203903151099e-02
-3.776393382739060001e-02
3.644077096536688792e-02
4.882032752378563656e-02
3.570308665979262525e-02
1.492566793625231016e-02
1.363071849748880709e-02
7.303774958386713596e-03
8.528991219801400694e-03
5.268866798604091711e-02
-2.063515103603670488e-03
1.687821691153917059e-01
-4.764453477687641964e-02
8.759164063772603703e-02
-4.153366070503543284e-02
-8.444290921460645416e-02
-6.699444099137033537e-02
3.509983297970524496e-02
-5.731400194071166465e-02
5.092005985866659284e-02
-1.831297953668104342e-02
-1.338308067744033159e-01
-4.794667852952121112e-02
8.577044082183948870e-02
2.945918262886773956e-02
-1.340604493660933977e-03
-5.138778238966474525e-04
7.631074012645189253e-02
-4.382835246353244951e-02
5.184319906583663429e-02
-2.687525325815347255e-02
2.231511698962185958e-02
-4.010137926037885686e-02
1.211396352905195692e-02
-1.486107053571445423e-03
3.320699908206581341e-02
1.842710049932458566e-03
-5.734945214038732197e-02
-2.696673011394869202e-02
-6.431326535324853599e-02
-6.067203294347792153e-02
5.521627055783497919e-03
-3.975834938844680783e-02
5.422913423572837260e-02
-1.159880176095256926e-01
7.135965118548596997e-02
-5.056985990871925435e-02
6.448934912962431265e-02
8.464627263664044332e-03
-1.967699516879194144e-02
-1.100013359587497311e-02
7.950442627126742823e-02
3.443818485029324222e-02
2.124930990454735810e-02
5.390307910663254265e-02
-6.214356639661826852e-03
4.734362494463426052e-02
8.819052557260410874e-02
2.025360283802245948e-02
2.746530065501267409e-02
-5.303853444398755335e-02
1.834115961074118603e-02
-1.189876114099270264e-02
-1.794527125669633308e-02
-1.244713204252295841e-01
-8.634301323786139348e-02
-8.122347748733597939e-02
1.065804750630494069e-01
-6.765932399318923263e-02
5.979721672721100695e-02
-7.915999573293239222e-02
-6.850195823138746642e-02
-4.055866349175472896e-02
-1.566075100422102337e-02
3.820220901472590885e-02
-8.853782414214525498e-02
6.153707784412398157e-02
2.987277940815038363e-02
-1.324800307747206821e-02
6.481226943391343864e-02
5.947396293092116308e-03
2.143659901214704441e-02
3.800895040031348343e-02
1.462462470720986589e-03
1.294998462087607882e-01
-7.631630944286378398e-04
-4.757760293233358889e-02
3.729394355078760603e-02
-6.965790820425434016e-02
2.289419249965763889e-02
7.082536365114575072e-02
-2.985153596770504653e-02
-1.507904090737961778e-02
3.402588868981337722e-02
-5.189352300874403023e-02
-1.149857074013867046e-02
-3.087518966388958994e-02
3.636853659801273647e-02
7.855057245083182926e-02
-3.053286012515903352e-03
7.255218523083090641e-03
-8.879224518948820562e-04
-2.001975824712341756e-02
-1.271508286033478340e-02
8.478207057933025148e-02
-3.077574234927736227e-02
-4.280069686333936793e-03
4.816968463039712767e-02
3.609510650662921954e-02
5.952045171582037025e-02
-5.225619555951799278e-03
1.061154871664570995e-02
2.409059505221083572e-02
1.825908722936603681e-02
5.510151596039008365e-02
5.129343750266340818e-02
-1.908531366112925509e-02
-5.032711108140120598e-02
3.210914341572292108e-02
3.813647774138563019e-03
