1.067822381458355917e-02
1.409480689592693958e-01
-1.850508033842873379e-01
7.041244820263460602e-02
-1.260390225835113787e-01
8.490237746613681080e-02
-2.422133437317846791e-02
1.061921066285538284e-01
1.437651138522549887e-01
3.257899992511283094e-02
5.975130825256134287e-02
5.915643121736006982e-02
2.034069939767904900e-01
1.419965120516237800e-01
2.761543424517865983e-02
-3.022536364496529460e-02
-4.494019530586855493e-02
2.217411794269408612e-02
-1.536584641549332102e-02
-1.966236803586479676e-02
1.405125358702104810e-01
7.298571408249480974e-02
-9.351517612221884462e-03
2.104692385926474618e-01
-8.710925421062487572e-02
-5.463398779203446770e-02
1.594615646828087541e-01
-4.798277533197778388e-02
-4.624349028649388932e-02
-1.849872837481348065e-01
8.279955059603248679e-02
5.696941534416484661e-03
1.109543568927462420e-01
-4.888874743079256457e-02
8.641619768246626421e-02
4.352764795714030542e-03
2.023316596162254288e-02
-8.122874901268412051e-02
-5.825752466744769931e-02
4.698779840818340797e-02
-1.566809020938728647e-01
5.723941773779370190e-02
4.771663965665373652e-02
1.934037585702867712e-02
-8.752499673236011080e-02
9.188412403728475966e-03
3.162160047284420100e-02
2.375571118531129289e-02
-5.478310251066141612e-02
-1.173591890928179504e-01
-4.456920126051523885e-03
1.555590968096810245e-01
7.169285924129244203e-02
2.802154512313649246e-02
-6.158226967385360684e-02
2.817603809540556933e-02
9.929194781363717692e-02
-6.724216101651317445e-02
9.886495665683342135e-04
-1.097804915193779651e-01
7.082386703026538437e-03
-1.316306136201143284e-01
8.833103173898809723e-02
-5.474654444668874964e-02
9.252775687511113553e-03
2.813241448253050309e-02
-1.202751868224218451e-01
2.470168624258846715e-02
2.564477883712933115e-02
-1.511697036460251699e-02
-5.161506505155369351e-02
5.390040102564461200e-02
-8.275543485537316390e-02
2.799591932637104236e-02
-1.734940260188684580e-02
1.018263004465572441e-01
-2.095989809101752102e-02
-4.378569867600886484e-02
-1.160099856203192399e-02
2.431417076447827189e-02
6.883753383708932083e-02
-8.648629073973690407e-02
3.924156647619179289e-02
-9.526479585117193782e-02
-7.747212672361658559e-02
6.587851007834837069e-02
-1.196608707397428008e-03
-3.062405745417482762e-03
-3.915410833853412431e-02
-1.124916234827966037e-02
-6.136376493764778006e-03
1.288574735558805362e-01
-3.129792099874780485e-03
-3.438988956320471625e-03
4.413925733700598680e-02
4.183673204245100252e-02
-8.811340580239700182e-02
-2.044576516441739752e-02
5.455092365245043512e-02
1.500405867490388068e-01
8.862869874448856423e-04
3.957972856793889882e-02
4.504621369138927384e-02
5.656871787183374162e-02
1.069646769458529843e-02
8.653891326066677492e-03
-1.473114218175259650e-02
2.733442928037342623e-02
-5.860574022678729025e-03
-6.138380156886356909e-02
1.611999709286779381e-02
-6.685471584237215326e-02
-1.740511849746056647e-02
-6.964444764333202476e-02
-5.476148404013912036e-02
-3.717990258004129356e-03
4.422225117262084532e-02
2.561957486417894975e-02
5.790716483704817091e-02
5.908837697519558202e-02
1.465623330259323287e-02
-2.390598591942968282e-02
-2.959997468714068575e-02
5.784543795210971701e-02
3.442686945099244361e-02
-7.763069732609799434e-02
-8.674135353991538344e-02
2.033675886020661072e-02
5.259527814182064775e-02
-8.023574060002675035e-02
-4.888734135140899995e-02
9.961580304765651345e-03
1.738912434447252575e-02
9.663192683581108000e-02
4.953164207694254334e-02
3.845802873970083358e-02
2.867023984674367532e-02
1.036765603073889173e-02
5.106933049080797371e-02
2.271925491970179165e-02
-6.121661873015782351e-02
3.370699195859234304e-02
-3.790790018088147561e-04
8.002240320555552289e-02
-2.051606913359559081e-02
-2.824461961733890016e-04
-2.559089084475424727e-02
8.376004342294496308e-02
-1.043264853504567158e-01
-7.787640969837577622e-03
6.857238241733376247e-03
-1.053245556488949380e-01
-3.008869272888289176e-02
1.301278662789304708e-01
3.848727519087895982e-02
2.104443861395429924e-02
-5.745240361241903126e-03
-2.508491317857879793e-02
-7.705698178561934397e-02
3.936857059651219237e-02
2.656790510442359060e-02
4.548807413767420871e-02
-2.499383438650844974e-02
-1.510297987473605691e-02
-4.260708778472105385e-02
6.091290558330803018e-02
-6.218491529764906892e-03
-2.373672911363318427e-03
4.840558340261543607e-02
-4.294215650182431343e-02
-4.138541571231159344e-02
4.364083734751719040e-03
2.186249559931174521e-02
-4.217004316032481326e-02
-5.336015017449479564e-02
2.431086647792689640e-02
-1.855968543128943410e-02
3.420175614168387279e-02
7.056697632688826993e-02
-8.820631249766598680e-02
-5.854844249190705938e-03
9.604045954311493660e-02
-7.851543762622095746e-02
4.839883422157433002e-02
5.875770225616594455e-02
-2.947971974786138538e-02
5.692217107687710248e-02
3.557328112439664403e-02
2.217678949352285683e-02
-3.242120266629237857e-02
2.487073213647742961e-03
1.247167806831925296e-02
-4.523954960662929584e-03
2.180066325841952674e-02
-8.470847911914336503e-02
-5.685119921999171738e-02
-8.908532302430093378e-03
4.302571276919259918e-02
-7.606003635068799007e-02
5.372214531179330538e-02
-4.291681192093557695e-02
-6.509694085299440325e-02
-2.365960565944470739e-02
-1.607862320700642611e-02
1.771723296862715014e-02
-4.824413033739771706e-02
1.097574669694720978e-01
-2.222888473468389442e-02
-3.193708953453134464e-02
4.769846608062117826e-02
-4.538219636009185182e-02
2.567086160969444045e-02
-1.315816117535971441e-02
-6.951927142621025513e-02
1.048333066642623129e-01
3.854046014356226485e-02
1.367236440592901545e-02
-2.303861069969373107e-03
2.126846221174060608e-02
2.435888408887559864e-02
8.910008685782834503e-02
-4.565058176242959426e-02
1.719346839824961726e-02
-2.867621568412382152e-02
-1.010489143073693835e-01
-8.964459109911344925e-03
1.665029993237890013e-02
-9.387196876579817842e-03
1.931942527421357317e-02
-4.941894481434989939e-02
2.906049717965181883e-02
-8.518450729444890235e-03
-3.905677249320691630e-02
-1.891201377282594742e-02
4.543295582583850578e-02
-7.071978200389707203e-02
5.491316485364107491e-02
2.530310154692331885e-03
-5.364561944134284971e-02
6.251509788889444974e-02
7.517919792085442018e-03
-1.861578799869363036e-03
4.291403491415304167e-02
2.859090181752608692e-02
9.941986588555688786e-02
-3.939577823258415962e-02
-5.584806703577267772e-02
2.991222976624562883e-03
-4.830937242079508015e-04
-1.054816147160390037e-02
