3.733767169592362017e-02
1.192647453830421589e-01
-3.143702622181410167e-01
6.357581590777533487e-02
-1.264793997552438598e-01
-9.704998549731902457e-02
1.656865417282708253e-01
2.471359703632858978e-02
1.034898639356077697e-02
1.593921955262170842e-01
-1.763516896684724777e-01
2.982003559026527584e-02
1.413886938924096004e-01
-2.119557232273757905e-02
2.863610036247708768e-02
1.528288641181724805e-01
9.976656671106828855e-02
8.398919095319483386e-02
-3.895275310219809689e-02
-5.125423027834034861e-02
1.885604154490286566e-01
2.116828887768801987e-02
-9.267595039378716260e-02
1.955505510877581649e-02
-6.339952050945849016e-02
-5.421931871731527214e-02
5.413423501678261973e-03
-7.329842244156968556e-02
1.260602940135683615e-02
-4.656317139739856587e-02
1.152873056393220880e-01
-1.214964449650190459e-01
1.946772344945240513e-02
-9.348028852549645010e-03
7.836883206694206239e-02
-3.451060176791045930e-02
4.833551753715846500e-02
-1.271236093155561978e-02
-4.682448890833597333e-02
1.255717786949835102e-01
-7.373369501016505123e-02
-6.209579679268297653e-02
-1.196862530532885951e-02
5.591049198895933076e-02
4.904183850679920929e-03
-1.779849703027653329e-01
6.868829007709544021e-02
-1.480073928334102729e-01
-1.048217025342458759e-02
-4.030282172281061427e-03
-5.381551757179061680e-03
-5.200523327819204372e-02
5.758771559851824651e-02
2.742121720887083502e-02
-2.019815608667080431e-02
-3.461163673767072430e-02
3.458201295196228903e-02
2.420531199796742070e-02
3.747864642666501322e-02
-1.092600662119408567e-01
-1.442147476198735179e-01
5.552196464562946659e-02
6.209391836136466530e-02
-3.895380009670338511e-02
7.511942303186942838e-02
-7.847876648999728422e-02
-1.241438013655951633e-01
1.258137268075731063e-01
3.387846343836495300e-02
-4.902912060295556984e-02
-2.136521622655023281e-02
-3.214845898815713032e-02
-5.052490622353931343e-02
-6.719589179167587134e-02
-2.090435388048739185e-02
1.160071759496194843e-01
1.134275354583706569e-01
-4.385970840892142869e-02
-9.670786464573823127e-02
6.001141549639128075e-02
9.281242920694701692e-02
5.140712227006839774e-02
-2.575883628612218434e-03
-9.813953724985112481e-02
-2.920637363434249595e-02
-2.120477971559290783e-02
1.701772551312302068e-02
-1.358512323358107739e-02
2.525153665435422856e-02
-1.000070675077240900e-01
-1.667388020000410559e-02
6.454958238560501438e-02
-7.404834765296006149e-02
7.187220036767549836e-02
-5.227458801165534019e-03
4.215935853837807223e-02
3.408124163887436137e-02
-8.490528035136558904e-02
-1.770861871078878783e-02
3.712519339926228373e-02
2.618770371186166998e-02
5.744532434579911057e-02
-9.005566188056833565e-02
4.958073273746202263e-03
-3.449446573494661158e-03
3.328922108958021209e-02
1.138932940434435152e-02
-2.744785398084359854e-02
-1.009158587383138656e-01
2.729443849186290530e-02
-5.104760283332620413e-02
-1.571923676887393775e-02
4.701593493302343857e-02
-4.285601020582292114e-02
-1.616002145560008207e-02
1.202888907729498039e-02
9.113625259189340327e-03
-8.248290459360219096e-02
-4.104486368145529585e-02
3.197878429038843173e-02
-2.721683772264745990e-02
5.181391042932873003e-02
3.024203596380831485e-02
2.902475088163111033e-02
-2.174299647922288935e-03
-9.534923530534718250e-02
5.213078023695845963e-03
1.135464309226328905e-01
1.380508446155961910e-02
-3.001366798583143120e-02
-1.437477264826031095e-02
-2.034448896576278656e-02
-1.200767204158488533e-02
4.597848655410742558e-02
9.148761163028555979e-03
4.227874670593691903e-02
-7.390992882056982016e-02
-1.096533666184566075e-01
-4.140050307973671545e-02
2.634672370084125900e-02
-3.972595854435310297e-02
2.605362682727276405e-02
2.385404534144338132e-02
1.584244338698147583e-02
-4.374980477982225169e-02
-7.434350772158310194e-02
5.188381270953471014e-02
-8.160210506905082872e-02
-2.207655661102515127e-02
2.830346404935596069e-02
4.367214242269472357e-02
-3.831248516825859485e-02
-1.692272615874617497e-02
9.504917899771413159e-02
-7.944286366563106314e-03
-3.937302901420301759e-02
-5.265920452256839940e-03
8.388858709881910972e-03
7.929258916016623457e-03
4.907324834195783648e-04
-4.682652130943446879e-03
-5.593281760708679329e-02
-3.718317841848160082e-02
-1.578987810402482372e-02
-5.691828578821087753e-02
2.967521161501914580e-03
-1.233276383547673299e-02
-1.210442665145588723e-02
-3.185665546074222670e-02
-7.139902043919750529e-02
-2.604928487947142171e-02
3.129247939217231350e-02
-4.194293861534388601e-02
-3.087340444445287047e-02
2.551402433562107580e-03
-7.369455589204091349e-03
5.296107767360769270e-02
3.209500068047537336e-03
2.932634688706605916e-02
2.608392808001403287e-02
1.594049134300607037e-03
6.355820176492166240e-02
-4.988784086102775184e-02
1.779767483165032313e-03
4.021077858821341111e-02
-6.410377828404469893e-04
6.630548455284070164e-02
1.086433248604142948e-01
8.280359285178061357e-02
-2.517833942085220128e-02
1.137032953346898273e-02
5.058184424825334230e-02
-9.958183376879709003e-02
3.270536768310210174e-02
2.761109274180037487e-03
-2.528661097028137017e-02
-8.920014419392408023e-02
4.292803726899551559e-02
7.972315025348782058e-02
-1.083004957478446266e-02
2.471073319841706611e-02
5.785260520835605082e-03
-2.043687083387641171e-02
2.189450274292923174e-02
-2.453289810229833737e-02
5.835836514232210781e-02
1.528654165439894408e-01
2.685531667876280698e-02
5.923694750203872122e-02
4.166757906045320120e-02
2.593220625861542006e-02
-4.494183881804839770e-02
3.524540714688623178e-02
-3.973224051138483232e-02
3.802175942930501734e-02
-3.893064304176290392e-03
-2.153556839135175802e-02
-3.946624231912966574e-02
3.415299155644260787e-02
-6.930272188191916385e-03
1.630262826601148367e-03
-1.290534665404498293e-02
-4.973895208358462827e-02
9.474567376700482324e-02
-1.796288440579352219e-02
-8.763374803214547815e-03
3.493863775683692108e-02
-1.507401100801234080e-02
3.911780870656110520e-02
-1.785347347999095141e-02
-2.884670022782011289e-02
-4.534976635368213188e-02
-3.204970277114365523e-02
9.330383915739943329e-03
2.107350508100344286e-02
2.421676734961351191e-02
1.993554522957980552e-02
-1.310944899466402053e-02
2.636655500852965253e-02
-3.020385145832134646e-02
1.083691662698090842e-02
-1.325057769518560129e-02
8.138577752788477004e-02
6.288322904252748036e-02
6.389333238848186880e-02
7.386536996618300877e-02
5.353867990701010812e-03
3.934531445376892450e-02
1.706952094717872556e-02
-4.303670913985317703e-02
