6.674113904592378355e-02
2.204896268350219624e-01
-1.762889505943945612e-01
1.900928451783889805e-01
-7.314963026276695424e-02
-7.176350662455358020e-02
1.250483549560628127e-01
-6.077551647740982166e-02
6.427202936125593624e-02
1.360923149196726634e-01
-2.202611039388787523e-02
2.714944175206369589e-02
1.917480531196502913e-01
-4.092691689409328100e-03
3.175609888369163090e-04
1.114812151582512401e-01
7.992546077787479608e-02
6.445337719524887876e-02
1.272287856250670091e-02
-6.936176475794518861e-03
1.147443152625545193e-01
1.664118786334124397e-02
-8.287040185004769521e-02
6.497529309536900777e-02
9.064577378266116007e-04
1.350670224615302221e-02
-1.379396002951922551e-01
-9.728827582234063701e-03
-3.619034365171153178e-02
-1.220924380305037221e-01
1.457126855916835995e-01
-6.060043050848977486e-02
-1.988082356312983676e-02
1.470307026524749969e-03
1.141523931180801754e-01
-2.743836702084818946e-02
1.529080610666750106e-01
-4.265997600055853461e-02
-1.199699472029323866e-02
8.159938395632022889e-02
-1.083295621806384529e-01
-3.753952932179831442e-04
5.673256791841097685e-02
-2.375614410486847836e-02
-6.415280767175018592e-03
-3.443758429557876311e-02
4.390858486028919455e-02
1.250065271045366043e-02
3.713789048170181711e-02
1.382304252309089765e-01
-2.914799690181600275e-02
-4.692212501612576941e-02
1.275489146821641440e-02
1.012450006100268363e-01
-4.279576700719535387e-02
-7.925888875876746509e-02
6.363134909885446999e-02
-5.020429214778584365e-02
7.344010340831103045e-02
-5.942073734357815329e-02
-1.908250612437098828e-02
9.120962307135929703e-02
1.027339525157011935e-01
-4.763664603576314716e-02
3.640887570695191394e-02
-4.244471559392365423e-02
-4.356224743533080451e-02
1.014439731316687382e-01
2.205884095154976576e-01
-8.295958065881046950e-02
-3.388344441564532933e-02
-1.665304319215901588e-03
2.682371923122166615e-02
-1.319114646130012045e-02
-1.177674944691212700e-01
1.207239039009220527e-01
3.576217983259841887e-02
4.967133003624498583e-02
-7.093796062643283051e-02
-3.724191483574976029e-03
1.285686136765617216e-01
1.982809021625196386e-02
4.023072414245015068e-04
-8.128502425805429754e-02
-1.988004962475004023e-02
4.730459129181370515e-02
-3.219231869775807282e-03
6.076264095709141277e-02
5.002895992574495077e-02
-1.001478725986324619e-01
-1.517587625726789929e-02
-2.620238742831509406e-03
-5.900119238369457529e-03
1.108888708655697136e-01
6.922632554148101282e-03
2.532231395343605487e-02
-3.829974788486088105e-02
-6.117381331086629154e-02
-9.600941300776341669e-02
6.521560096229545023e-02
7.400687255544202703e-02
8.889224048814860224e-02
-4.846750406549066997e-02
2.697016948008929688e-02
-4.911796409469135205e-02
4.562563751389959316e-02
-8.001696140177695649e-02
5.123837936024415451e-02
-4.622494725199926408e-02
-2.521121861691816637e-02
-8.226725759906630686e-02
-1.710966683623824178e-03
-1.694879319029261172e-02
1.984536311372830583e-02
1.258297161085007027e-02
-2.082471177532473072e-02
1.964294304839456912e-02
-6.843620481374453057e-02
-6.415555163509673031e-02
7.849958485015373633e-02
-2.534827606817646045e-02
8.540673863670593391e-02
-4.482489272294956639e-02
1.803927236742418685e-02
-3.406243525548162399e-02
-1.021104747927415457e-01
-8.789533749693771714e-02
1.045653017964004450e-01
-2.676138201263088441e-03
-9.859514113465950302e-02
-2.864071547287744962e-02
-4.543250470912340439e-02
-5.086498927101018412e-03
4.570380529025892119e-02
9.029285788147449476e-02
1.583101509576461882e-02
-6.389364385157056403e-02
-2.364177711974508808e-02
7.845649055400605310e-02
6.388301978835700390e-02
-5.134651965931191775e-02
-6.541045753891754251e-03
4.222737962527022687e-02
4.054715940273463659e-02
4.467766853570213914e-02
-3.589635260444110770e-02
-7.095255991859715852e-03
-9.528817279582872668e-02
-2.168603483400237050e-02
-1.016656009404283065e-02
2.085306606323905024e-03
-7.934729362915043938e-02
-2.408109268733071243e-03
3.676467628755417105e-02
1.198725013251127069e-02
-5.367600382446123530e-02
-8.337110480275798305e-03
9.520743695120917338e-03
-2.709596964582329515e-02
-4.102031718492767098e-02
8.692042139151649749e-02
4.090697039130491985e-02
9.472900231642662761e-03
2.762727834355276774e-02
-7.330536777219212596e-02
7.988271827189973029e-02
1.083534839123775906e-02
-4.509598222998150406e-03
1.525618995368029258e-02
-4.044306469065217513e-02
-1.315962606183209392e-02
1.249541103688140906e-02
2.073208542287013900e-02
-4.706224304188598440e-02
7.320542418414674631e-03
-4.690358567402794915e-02
7.622600014343600128e-02
-4.235905468688722260e-03
-1.421615748730446598e-02
1.030200986421218740e-01
-4.992176946014329625e-02
5.790093343976376872e-02
-8.049733088250899532e-03
4.864498220758463332e-02
4.018741877219887682e-02
2.832019944659040778e-02
9.693039967971982251e-02
5.286614766803997972e-02
6.690190715481761363e-02
-2.961615926355763359e-02
-2.787128000729187025e-02
-1.745266225455661263e-02
-1.072783076077555992e-01
-3.030352208186764748e-02
5.479800340106083002e-03
1.680128757090708011e-02
-1.033195424370681181e-01
3.922808697142534523e-02
4.619926656939696286e-02
-9.600248274136252355e-03
9.463496880328151062e-02
-4.882784273931990715e-02
-7.364607655438837330e-02
8.988305750937289340e-02
5.303898217985517777e-02
9.420870465110059433e-03
6.756204141376574712e-02
2.164336268606183861e-02
-9.507551563647133677e-03
4.444721079360946375e-02
1.357910066368114713e-03
-1.661969348379329151e-02
3.695548727719097371e-02
-4.214115585395757785e-02
7.308750411827974469e-02
1.508462188648658150e-02
4.192287005183804177e-02
-1.312564313115562736e-02
3.647184614785344090e-03
-4.085951389701656528e-02
-3.565956263924100790e-03
5.109506004391296992e-03
-5.582143137128832422e-02
-1.292923867777393855e-02
-4.905397346228919375e-03
-2.162756730731056273e-02
5.208200737323829405e-02
-2.302783291046383695e-03
3.508523000339837383e-02
9.619913344786505671e-03
2.742573775365061972e-02
-3.148557224093591084e-03
-4.412803156997843063e-02
-7.506920851876287652e-03
2.116848113202289550e-02
1.316099804350536612e-02
-1.980838996658444706e-02
1.885447573446948077e-02
-1.305444080021446115e-02
-4.249336817479897055e-02
4.918870909840809998e-03
3.150119172460087019e-02
5.587476276145967452e-02
5.206705629090133125e-02
-2.191670365019863370e-02
-7.351767314137687415e-02
-7.218343855362704953e-02
3.800434967689992477e-02
7.923229342171631689e-03
-4.938310834780577224e-02
