7.347959028463654785e-02
1.370252982891695115e-01
-4.194265614958914146e-01
1.074335822197139412e-01
-2.182308242163434053e-01
4.206373941159070179e-02
1.305142769817445036e-01
-1.394891847901612823e-02
9.101277707811643303e-02
2.088488877784804298e-01
-1.567016467382003064e-01
-6.817247900842304635e-03
7.297175961916144149e-02
2.214395747419077576e-02
-1.623409116621255324e-02
1.240028311759494017e-01
1.969656110218980308e-02
7.559705346193841546e-02
-4.367712710130645937e-02
-4.644884022803342366e-02
1.456080675648130096e-01
-3.871454523297797323e-02
-1.336436136583868117e-01
-1.393262427234997179e-02
-1.849637359514650151e-02
4.507993094575157150e-02
-3.918423635258921206e-02
1.877814255170415572e-02
-6.026338864606511220e-02
-1.029786677482566887e-01
4.636681408144948530e-02
-5.584383815420596031e-02
1.113197994901736097e-03
3.277509465397863281e-02
2.024230273748336278e-02
-8.308504144119661927e-02
9.662575575681869866e-02
-3.712891320592000277e-03
-2.906801569568438423e-02
9.986147825574225034e-02
-6.778259358238312993e-02
1.439777652477363876e-02
2.012079824248382345e-02
2.924676216320050426e-02
5.621213947081435403e-02
-8.753780076708279900e-02
-2.134149228617310962e-02
-6.153192039068811070e-02
2.292291198325125824e-05
1.687576943313971733e-02
2.204602896558996092e-02
-2.415686343757473750e-02
6.878669549617940152e-03
5.535380376655261309e-02
-4.077267659963373231e-02
1.598468204694179079e-02
7.353849759691259702e-02
-5.245098595091858551e-02
-3.026323983717005978e-02
-1.305384407351171394e-01
-1.364168288562693510e-01
2.178039094709459389e-02
2.746932218031686301e-02
3.856012578743838251e-03
2.952190241444106397e-02
-6.358792926549357294e-02
-6.382091356321507869e-02
4.847340356973365433e-02
1.388967809878818849e-01
-7.953097781844868652e-02
-6.668614694623839489e-02
4.874873974329886790e-03
3.476060414563332535e-02
-1.028406731242663408e-01
-7.162332421980480146e-02
7.253387322358395561e-02
9.404846288357930628e-02
-5.447456968099559545e-03
2.328220087292606419e-02
-7.995720683570991041e-03
5.551883567134370534e-02
-4.846373806838459586e-02
2.829689807960962533e-02
-7.954968840045210932e-02
2.399052538395268080e-02
4.173266333666451194e-02
-1.550757853271489232e-02
7.029918318870391480e-02
3.582540932634820097e-02
-8.237074129926838517e-02
1.036471547199391968e-02
-1.398421715117267351e-02
-4.607423674331567742e-02
1.171525377096839515e-01
-4.187297637482979840e-02
-5.282131179821495173e-03
-6.246297593111323557e-03
-1.395362061480756415e-02
-4.398459453611314185e-02
3.242632026239301163e-02
4.727840800429339990e-02
6.477596958840900476e-02
-2.363727743262104136e-02
4.547827368547192189e-02
4.083703708327902221e-02
7.221990769834326675e-03
4.057355421035472448e-02
4.773755197209467172e-02
-1.066529297171732033e-01
-5.143254905370259894e-02
5.841717992723171639e-03
1.246768039727219266e-02
-3.799129797155770261e-02
8.096718641924546822e-02
-1.618981272084319550e-02
1.335974739509333299e-02
2.388867842885900386e-02
-1.580958300003610928e-01
-2.943559863043574906e-02
7.907578495086105275e-02
4.874263349751414842e-02
6.495739366102856738e-02
-8.042490607835393879e-02
2.198868903191105763e-03
1.271013427401811949e-03
-4.455675303151275524e-02
6.774308258024675997e-03
1.122379568108930470e-01
-1.007638311756071589e-02
-3.115387007127715102e-02
-1.588721069043181472e-02
2.914684177763248243e-02
1.536635119036793701e-02
9.715709710125097764e-02
3.711745174992837210e-02
4.864881935773084608e-03
2.892642916240891621e-02
1.347037820107517721e-02
6.876707060999430465e-02
-3.963570669600862545e-02
1.306125973349945776e-02
-4.242426914265491622e-02
1.621302951631341249e-02
4.066753161874189781e-02
4.124360856063437678e-03
-8.756457681811737059e-02
4.372640156595421213e-02
1.696948561176070402e-02
-3.416614315894516557e-02
-3.625529556033608991e-02
1.700540470461195039e-02
-1.124391690383015757e-01
1.921857593750200821e-02
8.508756352137450407e-02
1.118020949460035371e-02
-1.934109269784553900e-02
-4.151349156283035136e-02
1.873278653354925813e-02
-5.495830190053958841e-02
1.860057161813589294e-02
2.665742006699555258e-02
-2.848890195775993436e-02
-5.299212341158302669e-02
9.626382191576120587e-03
-7.976797852382538911e-02
3.801869444328697528e-02
3.135465780031562733e-02
1.803464998340408671e-04
-6.861013682795512325e-02
1.699469428419812453e-02
-1.288914197130043224e-02
4.791580863379918398e-02
-5.664091547829593759e-02
4.002791053622349084e-03
-1.257693974698153444e-02
4.547791449454340745e-02
4.987744825556818251e-02
5.291493001567362103e-02
-1.215475979109627118e-02
1.816480771440870043e-02
-7.400965813395865220e-03
9.453147672126627210e-02
1.706388751851793673e-02
-1.542486665799469928e-02
3.007322783598695426e-02
6.853362916018196620e-04
1.031449731481579729e-01
1.430301869245996782e-01
2.146172328606247084e-02
1.906461364405324585e-02
-2.146939691044432927e-02
7.652242725494889930e-02
-4.806758312795609417e-02
-2.732789891564526641e-04
-7.128078668888698267e-03
1.685425063114974475e-02
-8.523169704487031095e-02
-1.604724657594451195e-02
4.473755668343763064e-02
-1.437514749627735212e-02
2.966819108350796791e-02
-4.412425449986295128e-02
-3.288164374486374913e-02
2.806064840981073449e-02
-2.755663822966617285e-02
-1.118899334548852272e-02
6.978325440047689066e-02
1.906402587707932070e-02
2.226046594991191660e-02
-1.633861572640968405e-03
8.363597501809323003e-04
-3.091647752125117540e-02
4.720696166324018367e-02
-4.012721050109680637e-02
3.191646506622992929e-02
2.955788681473386220e-02
8.505559552873688534e-02
-4.580392924274964694e-02
2.499103538846381839e-02
3.097140107959280800e-03
3.195839244370356907e-02
-1.415241646687883693e-02
2.589635979691914600e-02
-1.234826574040217770e-02
1.522838922009836851e-03
1.917628936909985399e-02
3.550817842903012528e-02
-3.893136593891641933e-02
-3.776827305867222571e-03
-3.667101007950813313e-02
3.802728237185050431e-02
2.700949248437933825e-02
-6.433540558772804507e-02
-8.714925414359460387e-02
-1.672915422686507619e-03
7.702121283976963440e-02
3.670157396215247003e-02
4.155156580125267396e-02
-1.876707294036181715e-03
1.563420966187592867e-02
4.438979455719600092e-03
1.917204438539925337e-02
4.313811213249231502e-02
1.847044654085205212e-02
7.505960587172141874e-02
-5.895580305139657556e-02
-2.385785331644847684e-02
-1.341506279808425683e-02
2.042591460939478798e-02
1.354701648373143191e-02
