2.266619012737037739e-02
1.221255960374143940e-01
-2.201561891844847907e-01
6.282974305165874018e-02
-1.390509545337204611e-01
-1.255982477471228598e-01
2.931903987575686377e-01
-2.741706039155083693e-02
5.512093333743092044e-02
1.694568554330762311e-01
-6.220689470732483628e-02
1.443181226306511078e-01
1.598196364929959368e-01
-4.198245190212425535e-04
7.264623745567361235e-02
1.804505145333547278e-01
-6.359124095389014075e-02
3.822545408511392878e-02
-4.863674980726540031e-02
-8.404538044725685941e-02
1.307179927817299636e-01
3.265723851101019759e-02
-8.432902185540801232e-02
8.806653474090185563e-02
-4.248218930483330102e-02
6.954936656806848250e-02
-2.208988716193928739e-02
-4.513855275334453798e-02
-8.483115523522939683e-02
-6.302385243271522997e-02
8.357013134003414556e-02
9.063100542016363365e-03
6.672031659268161385e-02
2.498271241046325086e-02
1.225097275444533701e-01
-7.676213855012836706e-02
4.185046175120074596e-02
-9.371867998385231824e-02
-4.484670160008789701e-03
9.460360594232637699e-02
-6.819655560849639288e-03
-5.722030257723987462e-02
9.522937878813562962e-02
-5.609588461240513912e-02
-6.579790063939106037e-02
-4.904004913120305759e-02
-1.179409163058526590e-02
-3.770799349876512857e-02
2.864376543810766285e-02
3.359547496023366532e-03
5.526511478366129271e-02
-2.553223680816827171e-02
3.937732008186788785e-02
5.206056586583133333e-02
-4.644672102172067545e-03
-1.615276158245138038e-02
-2.317981010334793993e-02
-1.084577798350698508e-02
1.042419171660902665e-02
-1.184925548010097307e-01
-1.156387346504762492e-01
5.438631970779820440e-02
-4.438582835553918533e-03
-2.812524780303283633e-03
2.887254601737790360e-02
-4.321243379973176840e-02
-1.090976466638928360e-01
7.065007140648264794e-02
9.536443438036462661e-02
-5.206697862810258370e-02
1.680964689576342971e-02
-3.920974262383473269e-02
7.222828038940169726e-02
-3.609902439791862899e-02
-8.029546485671093525e-02
6.550125753190974565e-02
8.796671410620718334e-02
1.417544623554126137e-02
-3.925124940381014005e-02
-7.547976227066734156e-02
5.572070278457986331e-02
-7.684532828486687062e-02
-3.503718371766481599e-02
-1.288346138316062983e-01
-5.778332196368052981e-02
-1.926742612361132673e-02
-5.516606931803236941e-02
3.004206472785655307e-02
8.401018072468009745e-02
-2.943447312013500183e-02
-2.581186143116051199e-02
3.883988127459713641e-02
-9.562908414640478375e-03
5.172939249996640759e-02
-1.295839556734883734e-02
1.705724294235698782e-03
-9.993528924650231515e-02
3.045966944455313560e-02
5.912711277412385086e-02
1.100515979041765957e-01
4.300895191997115841e-02
3.681239134815816882e-02
-8.691646572698215334e-02
7.664357291802542660e-02
2.235975170169452603e-03
-2.322529843352472839e-02
3.029547454244327365e-02
3.709761832939836163e-02
-7.437810608839975912e-02
2.533375829237753327e-02
2.246077032494538106e-02
-4.342345596040472072e-02
-5.854605308942563077e-03
-1.614071122697464944e-02
-1.721026836292847279e-02
7.801653827330715628e-03
1.595216896920858413e-02
-4.168179200948403385e-02
-8.238468642875000636e-02
3.593183452441835180e-02
7.074030813272799700e-02
5.252577301015676214e-02
-9.020557854289444621e-02
5.845969220850904396e-02
-5.895009234747150551e-02
1.558618346529975834e-03
-2.052816813914629113e-02
5.960387698452052768e-02
-2.626840077593249959e-02
-3.393380102247806063e-02
-6.506723332500218004e-02
-6.661059493491978956e-02
2.016017424265801120e-02
3.070173360281380770e-02
4.566767611063719812e-02
8.702319241335355893e-02
2.743622820844950419e-02
-5.426320876617333339e-02
2.801052278130113787e-02
3.050924502980389974e-03
-2.790950415805028631e-02
-5.186374339304470477e-03
-1.617844786649388911e-02
6.009138785696517548e-02
5.760010018450215097e-02
6.529742330257378574e-03
-4.621769379774770189e-03
-8.833544793680368420e-03
-2.530278676470487653e-02
2.867406750158716516e-02
4.527138854324887218e-02
-1.185168669217084025e-01
-1.053582310906921310e-01
8.587706971467770622e-02
4.037647777266817339e-02
-2.721505838000666880e-02
-1.299116407785574044e-02
8.046684769015778615e-02
-5.351802464928032826e-02
-3.659016447098930452e-02
8.346615298035041375e-02
1.830244634161932137e-03
-7.854083444141761114e-03
-4.265889261686783840e-02
-2.844771813438679020e-02
-1.456852742179396559e-02
-6.374039052913285479e-03
-4.673691613197321348e-02
-5.287974339354638981e-02
-1.016087735545941340e-01
-1.180053962781404432e-03
1.106860385495392861e-02
-4.648847444639882948e-02
-8.837466444453936920e-02
-5.398023682221533837e-02
6.156674599884158494e-02
2.448371494186242503e-02
4.043493256721758522e-02
3.387139991268480615e-02
6.234533285547712300e-02
2.003671095145780848e-03
1.346399254349583685e-01
-9.473587797291016521e-03
5.464392248233149868e-02
4.280441299148451950e-02
3.654326674251114765e-02
1.056805604822159406e-01
7.887376955515926213e-02
1.020562927502373374e-02
2.739200833674394937e-03
-2.905629632091930731e-02
5.800512602135898116e-02
-2.168172541386189853e-02
2.763833592486627383e-02
-3.292072552345173125e-02
6.883148954326456575e-04
-1.206525634027352245e-01
-3.613626774803238920e-03
8.066367016294441472e-02
4.137461364969996502e-02
1.856184609898687415e-02
-2.855116796970751103e-02
-8.487689021010891288e-02
-5.626585804755062509e-02
3.307886001286568928e-02
-2.577419526155634230e-02
7.037576726207807332e-02
3.904484302257418826e-02
2.784590505970086297e-02
9.123035204782217050e-03
-4.895474529901250316e-02
-4.595928061919110630e-02
5.703725697284915686e-02
-4.202350062765172062e-02
8.486085830443079736e-02
2.789949743011054320e-02
9.427690741606829794e-02
-5.678275487457887238e-02
3.229600972636850059e-02
-8.965080413651681235e-02
2.001535856719201603e-02
2.859218146027744240e-02
-1.083351621828504592e-02
-6.838611968003095731e-03
1.083030983714942420e-02
2.277344533810480090e-02
3.496643192293593522e-02
-6.904740936303478682e-02
4.098706435178013641e-02
-1.083968233585355092e-03
1.083792058797683477e-02
1.669738832105913118e-02
-3.009421246500732297e-02
-7.815332037845533486e-02
5.960831658916985326e-02
4.406349896401536709e-02
5.502625700653624580e-02
-6.959221227643020563e-03
4.217236832323415993e-03
1.341098859687698229e-02
1.004111725829606554e-02
7.535665132904248789e-03
4.621653104414906454e-02
2.165720188341802022e-02
3.442740754257613695e-02
-1.142317323262163897e-02
-6.347796056541735177e-02
-2.276956949277602824e-02
-5.142203796539466382e-02
3.313389701653427118e-03
