1.694982413035881486e-01
2.590583238082447837e-01
-9.118491538199249846e-02
-2.686878184447452286e-02
-1.498915796086018430e-02
-6.783300452790605450e-02
-1.355127498011700349e-01
1.678270798865530711e-01
-2.362411707159934454e-02
1.709596045884472643e-02
1.201902277829092064e-01
-1.383853623658013177e-01
-2.150147813125885890e-02
3.824896740019231856e-02
-1.188756641512048878e-01
-3.495477901591456530e-04
-1.176463603133247673e-02
1.309020876879739802e-02
-8.714221199311462940e-02
2.441635941078359184e-01
4.194490132213137684e-02
1.361439848368315164e-01
-7.335766552251378469e-02
-2.413810686736242092e-02
-9.924385863107446082e-02
8.421007385348756868e-02
-1.128676443743383551e-01
-8.888203272273237712e-03
-2.786894347475700820e-02
-2.144226511762534204e-02
5.371679572287699211e-02
3.992631058639265623e-02
1.087469395610494161e-01
2.076327765161426961e-02
-4.465203000995108390e-02
2.001594343438280882e-02
2.193208350137145282e-02
-4.896447385448380414e-04
1.122671792683421592e-02
-1.802201031722461613e-02
-3.201774408161164182e-02
-2.079515891056768137e-02
8.866858804132969618e-02
-5.084418315824572321e-02
-6.906216944962515099e-04
-1.486903021062069286e-02
8.957136944273923207e-02
-1.879744032802177674e-03
-1.514550462718084745e-01
5.958909441042987976e-02
-1.630945188420645717e-02
5.772112352227389692e-02
-7.616686285964076319e-02
-6.939383178405334265e-03
1.458261981564379535e-02
-2.907838230161167645e-02
2.209291368678894044e-02
-2.907286038421125207e-02
-9.189026218955655134e-03
-6.150412314813039072e-02
3.130156181348825450e-02
-9.465049157992502793e-02
8.486777241782277048e-02
-4.020990792910896644e-02
-9.344789437400044529e-02
7.682654097927046379e-03
-6.887758460067373856e-02
1.289541010910721930e-01
1.905457414206433372e-02
-5.019402079564568714e-02
1.476338447016722552e-02
6.898757147115899824e-02
6.209114811554817398e-02
1.170574599777332581e-01
-4.421944508454399986e-02
3.546630304981958359e-02
-7.318856982551577572e-02
-4.695376661088280362e-02
1.630709030946916882e-02
3.588780941138556418e-02
1.107360106125720028e-01
2.480740493114255360e-02
-5.377086883855287935e-02
-3.908427027638782664e-02
-9.471956764099075110e-02
-3.717882675379749566e-03
7.159982042100405952e-02
6.814403781242323044e-02
3.164128128525543759e-02
-3.726780255492891797e-02
-6.431811309281246225e-02
7.991471669675995204e-02
-6.102003505602622557e-02
1.822034786611670745e-02
1.803538099772250894e-02
2.185630473553665243e-02
-7.715031982156095314e-02
-1.081691177892990102e-01
-3.231457318866481909e-02
-2.172263265959799641e-02
2.977647073976259773e-02
7.971127397895048927e-02
2.576408580302670670e-02
9.223373239767121076e-03
9.407218360161105630e-02
-1.653189138703500122e-02
1.726693152401645795e-02
1.117163766899095662e-01
3.707210441309614912e-02
2.461153314410851820e-02
4.591929268882910531e-02
5.815485450600937217e-02
3.708530144839276843e-02
-1.045876855130782601e-01
-2.668027261397438663e-02
3.344094015123129371e-02
-1.906516649934188179e-02
1.080917067585722424e-02
-4.714442904187870348e-02
1.002238774180094771e-01
-2.007852516492098643e-02
1.139425081702077382e-02
-3.113486242026779552e-02
-4.479837818558254567e-03
-8.638491054133019820e-02
4.303601830883977547e-02
4.593710868647954415e-02
3.138098712854975325e-02
-5.368713712249986031e-02
3.891135438496185622e-02
1.112332957399727804e-02
3.300175670817589307e-02
-2.325105772118806272e-02
8.059971228673501464e-02
9.545696935270950312e-02
5.110520662479675624e-02
5.392492686112078382e-02
-2.351093512941070454e-02
-2.875776380198433527e-02
1.329906921688652974e-02
-6.863215447319687135e-02
-1.218173180478616252e-02
1.859371977789027811e-02
9.569927386656348900e-02
9.989252764494357256e-03
-6.705253880627203011e-02
5.085838733570972187e-02
2.562676717786135233e-02
-2.910508893356720389e-02
2.780580607957475886e-02
9.115220062607297391e-02
-9.210245662551008738e-02
-8.301369314576848013e-02
3.426742185120221912e-02
5.087328609397880064e-02
8.995689651860179492e-02
-1.017622697141525312e-01
5.458675818124625843e-03
-5.602207468591464262e-02
8.371223306144272291e-02
-4.450814759617768152e-02
4.643446327196082586e-03
2.757138505785849524e-03
-4.423333670064571316e-03
-1.342582326800653425e-01
-4.333420184846286521e-02
-4.428404109941692403e-03
-3.633907856044944588e-03
3.721157623875726017e-02
-5.403248269878823534e-02
-3.036307895869733153e-02
1.958179570216428064e-02
5.976982433591306043e-02
-2.603497231700994952e-02
-3.359201147633733391e-03
-4.274387762222092713e-02
1.347438141209004320e-02
-4.110956371689562100e-02
-2.884937901017507397e-02
4.700853430736377618e-03
-4.548028289097497817e-02
1.284198295358006114e-01
-4.575262802464890449e-02
-1.205128952959115540e-02
8.013163428218805784e-02
9.531801846265218828e-03
1.347122106942690543e-02
7.685095549456921749e-02
6.710376414064705974e-02
5.422897960854684840e-02
-6.070202123441795911e-02
8.615698385014147753e-02
-3.656967938773774004e-05
3.269759977362907133e-02
-3.123206900393947147e-02
-1.345957642222965212e-01
-4.178049404556769680e-02
-5.423721039108710812e-02
-7.443544655776453828e-03
7.414136104489145451e-02
-3.694683676489902979e-02
-3.231481629194659505e-02
-8.533932332639514173e-03
-4.155423434831118090e-02
2.199435267054734508e-02
-1.200220350409578196e-01
1.052523993435448141e-01
1.529143952723327829e-02
5.616727680321770668e-04
1.162480996946076844e-01
-7.156109754112055521e-02
6.057807328975049060e-02
3.127839754363866132e-02
-5.692023712497036592e-02
4.732015798556526293e-02
-2.103399052039623893e-02
-4.605473594582072672e-02
9.976958684244347994e-03
-1.738737183561823649e-02
8.700808843965267270e-02
2.700113421688351070e-02
8.777938569465957783e-03
-8.198995049715336603e-02
1.170309617200192449e-02
-7.994104130927267432e-03
-6.198855853063708725e-03
3.300578527684539052e-03
1.654244901527229805e-02
-4.157316167524975625e-02
5.407037208170563380e-02
1.959895184804988713e-02
4.957924732506474585e-02
-5.985671639462922244e-02
1.794015396934532311e-02
-4.251911127369534249e-02
-4.437339891999114716e-02
9.786945686301204428e-02
5.631452793389578326e-03
-4.832629301077148720e-02
1.613959214832286215e-02
-1.143974585975385694e-03
6.410251521091400728e-02
-2.409952290363993541e-02
2.695199262492373529e-02
5.665233730844898563e-02
-3.053905100566568082e-02
-5.943569623962680071e-02
3.743380736734428643e-02
2.036750550887670222e-02
-2.676695629844902738e-02
