1.507550929813589735e-01
2.921030314994002564e-01
-1.734793428291134809e-01
5.031815048702343446e-02
-8.789350608598986425e-02
-7.107322873391555551e-02
-7.723537476903301509e-03
1.464294256451285914e-01
-1.229732266872957946e-01
1.690851270673316420e-01
-5.392536777463188824e-02
-1.427483943406204214e-01
1.038225581678707682e-01
4.052810775100263579e-02
-1.216239587951563894e-01
5.040469766118337025e-02
2.774503906730042130e-02
7.460203657944769473e-02
-1.142719486787139860e-01
8.515415399059358958e-02
1.143967272373295346e-02
5.100073068912772817e-02
-4.351328318067398254e-02
7.689113274555837985e-02
-9.895431153404923852e-02
1.365154340800380506e-01
-3.149525705085677585e-02
-1.203967568842713165e-01
-1.464161180597212397e-01
-9.372516446048775873e-02
6.035826094307270712e-02
-8.075183240940296894e-03
1.126944413361350983e-01
5.981437322581319854e-02
-4.400406820700349803e-02
-1.069219809734612142e-01
3.841673327106329833e-02
-1.228350448052484001e-01
3.919099858797640834e-02
1.039187110571568734e-01
-4.248936500850528097e-02
-8.738851991935754626e-02
9.506109285454500402e-02
-4.056783903117561901e-02
3.241874603531112731e-02
3.515723648848678717e-02
1.585556995679953951e-01
6.341243157574323608e-02
-5.872589571244775375e-02
-5.071074021287724082e-02
4.164221114226278331e-02
1.182486828282685726e-01
6.236837650575191572e-02
2.569586239061982802e-02
1.045018832771416051e-02
2.715558005037263176e-02
8.705640471232124755e-02
3.783991167337124456e-02
-7.929240196372371041e-02
-1.007393789137727390e-02
-4.170271757375512700e-02
-4.229836764960144546e-02
7.401688577362300347e-02
1.657643260363918583e-02
-1.914645604634644671e-02
-1.603625952173079183e-01
1.586123764785072124e-02
1.286649798953050650e-01
7.353494055822352993e-02
-1.034724122995511475e-01
9.997264498812133415e-02
2.283677393923236668e-02
4.859001531921044309e-02
1.514128770351143467e-02
-1.614991970443286490e-02
8.414874516983075758e-02
1.425603010351268567e-03
4.936635495998800173e-03
-3.327534605330559488e-04
9.159387647144966171e-02
-2.189732861735914360e-02
4.033056829375706448e-02
2.907372328416949099e-03
-7.077749397619427507e-02
-3.971998308608669370e-02
-3.907008146301622908e-02
3.630902874873029318e-02
-2.426161104538752944e-02
1.331830806608069739e-02
-8.403433823053747809e-02
-2.487040914326698812e-02
6.805454499566458704e-02
-1.903559141396015536e-02
3.444095650175384160e-02
-6.387449519471878612e-03
-2.588606193265272082e-02
-3.415974201108373104e-02
-4.739970446043778596e-02
7.567069632173890545e-03
5.376487893287293200e-03
1.410170040799739975e-02
5.056493120154362947e-02
-8.952319065192843039e-02
6.393222522350025527e-02
3.942041880738488685e-02
-4.543385177775851463e-02
4.845894996365186780e-02
-9.899535123389056890e-03
-3.394165079124265155e-02
-2.922230869821398208e-02
1.237822449071071945e-01
-1.651602191017135721e-02
9.426027619216688358e-02
-1.077944735035248625e-01
1.695309790474896355e-02
-1.235665152252041037e-02
1.041233989535660966e-02
-4.440374254667128762e-02
5.795035388854113262e-02
6.281627089709951837e-03
-3.400640160848841798e-02
-1.262315427009032959e-02
-2.679480726133204316e-02
6.176497164992003630e-02
-9.469716071069547714e-02
8.675846798003616911e-02
-5.401785070631164726e-02
7.051890557198410570e-02
-4.981284519364274216e-02
4.588174616910611209e-02
9.039163027228770686e-02
-4.491357943987893571e-03
1.353911186328298107e-02
-6.138907225300636178e-02
1.632831155677580068e-02
-4.992259288240970781e-03
-1.699997762408559515e-02
-1.636367080049601005e-02
3.521295601875347459e-02
1.958378734232275528e-02
6.667626848209767809e-02
2.388922204270601049e-02
4.066322601626560368e-02
6.738367674522573181e-02
-7.436834006161097133e-02
-8.245951155264497068e-02
2.036816897715942876e-02
2.316569787878489800e-02
-1.403698150342647631e-02
6.642664753951692258e-02
7.253052103038069853e-02
-7.562068916026817855e-02
-7.229752659139039236e-03
4.766202664760395974e-02
6.283848211878657886e-02
1.334539554448296583e-01
-8.489301257239639797e-02
1.146095847784972185e-02
1.666639443400675909e-03
-3.513936539057765929e-03
1.037643813616415805e-02
-4.028052921961149807e-02
-4.315468045352236631e-02
3.598406198085764979e-02
-9.032206064114144117e-02
-3.849495123709058275e-02
-8.151859824772920982e-02
-3.893984583700343667e-04
6.313667415247036646e-03
1.319968865370883988e-02
2.955656205446441191e-03
-1.424406285044853282e-02
2.233156438387619638e-02
-3.761811858324899671e-02
-7.859070606939159639e-03
-2.457275962505544101e-04
-6.071437448158698708e-02
-4.494147111768710678e-02
-3.306593508102038254e-02
-7.130440415044009619e-03
-1.911878775726212967e-02
1.074255310697258131e-01
1.741270424776201337e-02
-7.513839290544550029e-04
4.739881090554232818e-02
2.898676124523666409e-02
7.383038810187128598e-02
9.881616156467668000e-02
7.478968310749357917e-02
6.301224663327804898e-02
-2.085212469107367017e-02
4.957755304206413333e-02
-7.514509456716143149e-03
2.352414104256233054e-02
-3.873554089269225925e-02
-5.742079496228377593e-03
-3.049916673114657154e-02
-1.531843496153569885e-02
2.351332264579233597e-02
-3.039063172402343624e-02
-2.562868621008639394e-02
-2.343414729951991821e-02
1.966139896752812366e-02
-2.096484025860054570e-02
1.570802489595475929e-02
-3.767377428816601204e-02
8.143572103117560634e-02
-1.143660910694853025e-02
1.080869531684126861e-02
1.504459229875309938e-02
-2.914638844477501420e-02
-1.887299633566190057e-02
1.725904471841832252e-02
8.871819342914659748e-03
2.857863004673688243e-02
-2.558841241444117370e-02
-8.696570889043241104e-02
-5.278889359831049483e-02
-2.710563671425157695e-02
5.206291215842687864e-02
5.004395678481761423e-02
-2.945507974848041687e-03
-4.665463924100120285e-02
8.988233589455230099e-02
-3.445771065604365246e-02
-2.485068711021726912e-02
-1.772806530050850121e-02
1.534734784493868402e-02
-1.305668795776095126e-02
2.640512158888846939e-02
1.816855595129375153e-02
3.544709931403793035e-02
2.178710223846961128e-02
-3.822931013174128700e-02
-2.012256903160822286e-02
-4.306478244850446557e-02
5.507074558723301649e-02
-1.056309537129006623e-04
-4.887872928846741932e-02
3.829074203080391758e-02
4.577653008016610570e-02
5.110128752754142939e-02
2.843470388321870171e-02
-1.836673366203608188e-02
4.653148822880238955e-02
-2.908990301031222359e-02
2.200445946678942014e-02
-4.966780208650523748e-02
2.093225741759122127e-02
2.092839598393585535e-02
