1.655640941623161833e-01
1.659102361925220148e-01
-1.979102083978734883e-01
6.635941057096515772e-02
-3.307651512667617033e-02
4.342599013239505784e-02
-6.555404657945547442e-02
1.123605188427585951e-02
7.050380893242469416e-02
1.459365018096474564e-01
-4.557093751659616054e-02
2.092847514337188228e-02
1.659396994724740559e-01
1.042929027564025862e-01
-3.679973967856482037e-02
-4.861575116087107906e-02
-1.820288823929533395e-01
4.166361897423792593e-02
5.658934573148267227e-02
2.420751842931682940e-02
3.843522643180027898e-02
1.453500520485506986e-01
-3.871746267646910405e-02
-7.230089731206378045e-02
1.162290681041542872e-01
-4.165994464911569606e-02
1.132811604925421656e-01
-2.084162371253888424e-01
-1.630102665049344424e-01
-5.477089819085271399e-02
-3.076014502275407902e-02
3.670716042127960405e-02
9.768244846664921044e-03
-2.955973957137457420e-02
-9.516433387587598658e-03
-2.250476062080625575e-02
9.375092058586881674e-03
-5.047705438143128970e-02
-4.327087866905778013e-02
1.150057582148633489e-01
-1.054908014252220610e-01
-6.672749553344296813e-02
2.500522471519793857e-02
1.044580756894670781e-01
-4.111641924692344130e-02
-1.151597364751255348e-01
8.099277093483962103e-03
-4.033365063794108751e-02
-5.851235701040399112e-02
-5.909822300021964209e-02
-6.595035860034888751e-03
-2.991745400874105953e-02
4.449683269885724296e-02
-1.327595477736588821e-02
1.649462924494755900e-03
1.550117071271839841e-01
-7.769844657712465796e-02
1.347756190626851194e-03
1.505316059396041677e-02
-9.158255367144942094e-02
-9.929667907735513499e-02
2.448371092425190645e-02
8.560957762065846133e-02
-5.577879647741734032e-02
-8.523325118127096645e-02
-3.018234881241247530e-02
-1.420384205893254481e-01
-5.083882087827835961e-02
1.074608234620155756e-01
-6.461026011535059288e-02
4.964672558278276221e-02
-6.173123751490840194e-02
3.008757182795135290e-03
-8.917837749895229926e-02
-6.840449872661084896e-02
5.887590916058148965e-02
1.550434711527733100e-02
-3.027355449021274306e-02
1.319336831083364227e-02
3.658374430455740844e-02
9.119815745258789963e-02
7.105258827614686912e-02
9.835172507068805445e-04
-3.005172140339431794e-02
-4.522627208433664669e-02
-1.535589751244202834e-02
8.663337508976130460e-03
-5.729275578572239763e-02
2.790958985713734575e-02
-5.664143873344917174e-02
7.380242572603009461e-04
2.721665334647032503e-02
-3.228701597821759944e-02
7.492803977445440522e-02
-4.077402022081407645e-02
8.579229803164309387e-02
-3.134896420846235848e-02
-2.103685056473394641e-02
2.033738955151344341e-02
-5.661218149041986891e-02
5.303788729418625059e-02
7.013730358635456019e-02
-9.619929167829401051e-02
-2.531606575264072276e-02
-2.668875241091930167e-02
9.692842200838930333e-02
5.076389211737467044e-02
2.924879551547042433e-02
-6.737898428315179655e-02
-7.117095648826189669e-02
-2.740060997899142203e-02
3.676763225810426167e-02
4.053810794427497449e-03
3.417201344489309567e-02
-1.058665784328155675e-02
1.241520462707457195e-01
3.766018420742073963e-02
-5.468206193766397133e-02
-5.527980939002439392e-02
1.039478595897846969e-01
-6.257691606430117182e-02
7.404321420974073475e-02
6.952815542426910023e-02
-1.194554002773645304e-02
8.507951329741865465e-03
-5.666320996828552725e-02
-1.049497141266155821e-02
1.063721930412233757e-01
6.001055449411931558e-02
-1.872707364233958463e-02
2.386590921141130972e-02
6.868371309641280176e-02
6.544989491500961820e-02
5.526143776441326538e-02
-1.408059763964596318e-02
-3.613365664682845202e-02
-1.923155504767231835e-02
6.194843477096514429e-05
-2.196933933757516666e-02
8.968100457198035407e-04
-3.399200585339121061e-02
-3.213255696513567239e-02
-4.938842396063908811e-03
1.479036049900354401e-02
-6.572890324788882577e-02
-8.520282639567947069e-02
-1.997198306903126899e-02
9.845611711154379081e-03
-1.401899259974623453e-02
3.058748608149664677e-02
-3.760730139725040194e-02
-8.221573742925933348e-02
4.962090228846582039e-03
4.518784619824534055e-02
1.234504562093235655e-03
-6.843657180758427883e-02
2.434491071729833617e-02
5.390835895328226213e-02
-8.315114505850605686e-02
6.088360161474958704e-02
3.292789382640525647e-02
5.209932043212416042e-02
-1.037287049829619112e-01
-6.013517249289083988e-02
1.978778606010030486e-02
-5.711827685164740792e-02
2.930991980255042220e-02
-2.912417751669889657e-02
9.508514701856897455e-02
1.284963004472645942e-02
-4.295663802238976203e-02
-7.188624800504636592e-02
2.914821515768541496e-02
-8.375775209854435799e-02
-3.390323827917671867e-02
4.916968142766178947e-03
-2.529240584601256253e-02
3.498029629280827169e-02
-3.019793893956658482e-02
-1.966148542645972455e-02
2.392768594874665825e-02
5.523894540034731543e-02
-9.742651626911703888e-02
3.177837949494291547e-02
7.833152936173526371e-02
-6.757612727872835956e-02
3.097040570241185384e-02
3.420600953714545561e-02
3.600357866960427269e-03
5.252372215348466433e-02
5.778532138902323784e-02
1.056985553223198232e-01
3.876388966306019979e-02
-1.913392788577993747e-02
3.100629046645600809e-02
-3.522108477651891834e-02
-1.017674051758977877e-01
1.369903786242085142e-01
-1.828605160921125544e-02
-2.265633511696980504e-02
-3.112376585190582828e-02
-3.389770962174981639e-02
5.471506218478974087e-02
-4.042818724599234886e-02
2.923821895343635749e-02
5.317606939037159558e-03
8.766417781423738176e-02
6.468172058805479741e-02
5.766781166408629922e-02
1.451499215175943748e-02
-3.167591046536610833e-02
-2.754851015003274665e-03
-5.384902031953268248e-02
-6.844992986807536123e-03
-1.769125735274346828e-02
2.814807759521071109e-02
-1.081814032598170938e-01
5.735350233844403733e-02
-4.637963243835682703e-02
-2.223962544072497893e-03
9.788608162529211301e-03
4.193709864969022948e-03
1.091641993812943710e-02
1.024436183563356105e-02
-9.036916789393719535e-03
-4.398867696840227937e-02
-5.326432187227923137e-02
-6.159223127103209683e-02
-4.965661535507435824e-03
3.483047311048802219e-02
4.180193842837176543e-02
1.423646457169996070e-02
-7.270861004268222572e-02
-4.818551172669955501e-03
5.926518158661456259e-02
-5.524066237470348639e-02
3.527966794155177471e-02
4.026019847498372300e-02
3.478373706851281555e-02
6.151932853986869648e-02
-3.520106485552586262e-03
-2.304461169787629105e-02
3.427321191344633380e-03
-4.791786976405825599e-02
4.649147614791836886e-02
-8.035450288767335969e-02
-8.896746436903918420e-02
-1.368689541977394751e-02
-1.608094144356961297e-02
-6.557588649326608066e-02
