1.624089275052280068e-01
1.605769622121438200e-01
-1.451571432672998652e-01
-6.459987934651116592e-02
-1.898116409006213312e-01
-3.721953058178686241e-02
5.889526953916406071e-02
8.935979929109126585e-02
-4.765135814296549144e-02
1.557015406007531688e-01
-1.464070172929569924e-01
5.182489008592523066e-02
4.249391819946670562e-02
3.056050422162659083e-02
-3.126066309162937179e-02
-9.590493232723770745e-02
-1.608608470915763866e-01
5.488144617272668752e-02
7.722483213943765086e-03
1.218356525653676269e-02
4.077428511808862954e-02
-1.184266584064911851e-02
-9.611629335881045899e-02
-7.047743324777200769e-04
1.187966420234157355e-01
3.340084625381180283e-02
1.208111217076043575e-01
-5.730680382885673663e-02
-1.709693547189410079e-01
-9.167771169578277368e-02
-1.291341919760989956e-02
-2.830612230041360672e-02
-4.364001219388598252e-02
-9.439567609793404757e-02
-3.463768838542207601e-02
-9.802448165717925210e-02
-3.410728351026946770e-02
-9.133151807293857574e-03
-3.005853874025335784e-03
5.652081771915461184e-02
-7.789387057495870959e-02
-1.420751342624381186e-01
-5.997983534632556762e-02
1.324210121282859767e-02
1.289909768904796972e-01
-9.338197121465242889e-02
2.047358066877709784e-02
2.971502615811152243e-02
-9.359275531341580689e-02
-9.831620603537440106e-02
7.511488704391085236e-02
-1.623292089658631698e-02
1.532601645748571731e-02
-3.183915701330392034e-02
-9.166362774778939737e-02
1.428675684447155148e-01
-5.387693827717085493e-02
-1.712411240093768619e-02
-8.336509409230487277e-02
-1.213252027779742892e-01
-4.456795771191643385e-02
1.064279152722962946e-01
2.582184962327998060e-02
-2.842799087208633391e-02
-9.694297020018498301e-02
-4.667352490553684959e-03
-4.488880022837254957e-02
-2.850825240703648913e-02
3.401439732796140286e-02
-1.072046025826003945e-01
5.901771504364615450e-02
-4.230767071371345500e-02
1.063005488703225310e-02
-3.568465174830249415e-02
2.237857886808233485e-02
-2.395604891778760695e-02
-6.079948718231544674e-02
-2.891336105088425368e-02
3.681781566034713748e-03
3.963036310601050077e-02
5.682211239454042911e-02
-4.723213161390026754e-03
4.100281838504606091e-02
-8.352884119849282585e-02
-6.101654966753370518e-02
1.270046311650537517e-02
1.488862672609267135e-01
-4.769388148473822919e-02
-5.602910127945365942e-02
4.562554342593401480e-03
3.469195400672663715e-02
4.049932572858920554e-02
-3.694239920994629722e-02
5.325493683422523328e-02
1.895631525459046118e-03
4.732138651323173663e-03
-5.702030578316997882e-03
-2.925721300526689175e-02
-4.799035707430462233e-02
6.096852849545993103e-02
7.610941739558704788e-02
8.594781865649575581e-02
-1.028627759454259355e-01
-3.291459370718780031e-02
-1.603364151678619148e-02
7.015625135907507803e-02
6.860355548294849726e-02
4.451902023479249043e-02
-3.691918614867529397e-02
-6.918951559392072514e-02
-3.992992698296821130e-02
4.696755701496944935e-02
2.722729188412169321e-02
6.677304949049975291e-02
-9.468010397295190117e-02
1.818146055438671013e-02
5.445051130135374062e-02
-1.038612769523195312e-01
3.611707985753498384e-02
1.425069175644130548e-01
-1.929952240171557351e-02
-6.559352733036127522e-03
5.583820439400139640e-02
7.960043782506583815e-03
6.333117016148939737e-02
4.203939695735787324e-02
-9.872338484989107393e-05
1.327466397933374509e-01
6.941991540820259543e-02
4.435394957686540629e-02
-3.502314737652728605e-02
1.983301556425950268e-02
7.643806547358167336e-02
6.391828413808035847e-02
-5.665174752965680509e-03
1.575779975946068126e-02
-1.408089364319982904e-02
-3.959357515510734254e-02
-5.578125773199448661e-03
-3.517338746753122941e-02
3.248878335665097983e-02
3.238347615032949323e-02
-6.728556944856198263e-02
2.760538649760145569e-02
-6.354110582965076526e-02
1.254336770623719170e-02
-8.087281223028827681e-02
3.811438730633891908e-02
2.000711352379196464e-02
7.863679034730279571e-02
2.063739564941320312e-02
-1.418182294761494502e-02
-4.559364243529843638e-03
6.574909556554583978e-02
3.030933482620753235e-03
2.851816207646796358e-02
1.364429125540544963e-02
9.426552684358570355e-02
-1.472572126306192497e-01
2.080860894489883206e-02
-3.688450230566513166e-02
6.488668282721464509e-02
-5.293036122312026748e-02
-7.229439828781268618e-02
-2.097208455329413468e-02
7.026498622502869509e-03
1.365165563303089719e-02
-4.043145128042839945e-03
3.638301194542901962e-02
2.473803043504824509e-02
-5.149451120950251232e-02
-3.228499032604816715e-02
-2.920332069342721111e-03
-3.018424221824717035e-02
-2.484092809846002656e-02
-1.393479389353369582e-02
2.840817153322338154e-03
3.740218072178758818e-02
-5.281405835619672196e-02
1.209073676750963694e-01
8.726600831422674787e-02
3.643544495663323529e-02
-4.742197644540604301e-02
-7.059519541533100691e-03
9.320111974752794820e-03
3.942487321420365745e-03
2.266416060871892513e-02
7.834476053409093754e-02
8.390910779431373298e-03
8.917175313246176668e-03
2.810188808589774573e-02
1.728017611959382638e-01
-1.848930511402004095e-02
-3.194870637263545754e-02
-7.475552577812347166e-02
-5.285213592161493862e-03
-7.779793004248340693e-02
6.089407022582753182e-02
2.051301572315852514e-02
3.939779130938750318e-02
-4.100875739926013175e-02
-8.080052594299702573e-02
-3.151919686467388130e-03
2.759992260452451274e-02
-9.289025477495146954e-03
-3.642746970897434156e-02
6.103630113194849494e-02
-1.780278900809757672e-03
9.218198490839346962e-03
-4.123820697126773238e-02
-1.610813372364267720e-02
-8.253471809350559907e-02
6.739932702367949736e-04
-4.574635994366024055e-02
1.089109322721389522e-01
-1.614994438370973354e-02
-5.804290221916066916e-02
6.109667545358753171e-02
-6.738195116495032666e-02
-1.374861428222860782e-02
1.419678926343440409e-02
-3.471347020679361323e-02
-1.641421354762382517e-02
3.262660242364150143e-02
-6.552096954527737716e-02
-1.089999156736777726e-02
-8.661743402482618981e-02
-7.952333245195515599e-02
3.365245683314390529e-02
7.739112453743162215e-03
-6.090272421796803955e-03
-3.011928637135727511e-03
-6.714978661501630475e-02
-3.888323511788043321e-03
2.642837569204493572e-02
-2.884674228001441951e-02
2.086928870155459192e-02
8.480080835702631659e-02
-2.322578773002550653e-02
4.088230730233655130e-02
5.817848142936187655e-02
-3.300819257120154310e-02
1.475023751373760912e-02
-4.864884103313667219e-02
6.426603887323224795e-02
-6.506237583627889898e-02
-3.969542076457262952e-02
2.910904308493185433e-02
1.568710852170120129e-02
-6.228912769610064210e-02
