1.146968296841700125e-01
6.024383172063138558e-02
-8.168165614699084143e-02
1.280773117902736513e-02
-1.475280900427125563e-01
-4.585182713202608923e-02
-1.614357076722723952e-02
8.312491009875855319e-03
4.658577425868878907e-03
9.745794489350345646e-02
-6.364281434964180750e-02
4.823736395602739452e-02
1.132535031541944542e-01
7.276636683199783073e-02
1.825410876176747701e-02
-1.828225459076325277e-01
-9.912499374910944960e-02
-1.246240406618077425e-02
-9.320065237871670571e-02
2.678484244258273750e-02
5.979058081274426367e-02
5.923285357468843770e-02
-3.977677711307808783e-02
-3.785599484290468053e-02
6.024140035066914700e-02
-1.903653813125942215e-02
5.660737319560709378e-03
-2.163187315171931357e-01
-8.453619334997797274e-02
-1.520129152390407024e-01
-5.348687315003349332e-03
4.382464520917655343e-02
-7.881089771455407345e-02
-8.689280775815973190e-02
-3.097006479699607878e-02
-1.500869073379036689e-01
3.453688453160921185e-02
-1.068141105319488637e-01
-1.607984710075407997e-02
2.354952367222492571e-01
-1.146744393070550094e-01
-6.789121603396959526e-02
-1.398988502813313869e-02
2.465322047866841046e-02
1.568981181188531249e-01
-1.286999239461278921e-01
-3.056079628305283930e-02
-3.369116696489107138e-02
-6.175570836790068852e-02
-3.175017166383752032e-02
6.156747678589824524e-02
-3.174694193358916505e-02
2.242252926106858696e-02
4.383255623382981830e-02
-7.395556076726295114e-02
1.089987871657856211e-01
-5.312732070845258003e-02
2.121315858402723388e-03
-4.668154120391811157e-02
-1.089554579757121694e-01
-8.411527603367831285e-02
7.243918427110829228e-02
9.577964641568406656e-02
5.005102079144635278e-03
-5.939611825319798116e-02
-2.985856583321105928e-02
-1.036044844471622345e-01
-1.636174085995881905e-02
6.629511237651565525e-02
-4.191072157964291500e-02
4.559667844240604395e-02
-1.145451775189129801e-01
-4.537096021606033119e-02
-1.064758597943655160e-03
-3.933938454360141890e-02
-5.333997485738921351e-02
-5.997137312844431911e-02
-2.732391708122671944e-02
-5.583212906869014502e-02
4.529664013124425070e-02
2.499774923122888987e-02
3.754202151583987956e-02
2.042470522328555110e-02
-3.297188063620966336e-02
2.005872961031183663e-02
5.053526259407613297e-02
5.917685948734897200e-02
1.291899357162800029e-02
4.762110239335811540e-03
-2.516983216198956028e-02
4.394026229424687763e-02
4.692170249362163231e-02
-6.461714050063151193e-02
6.524748223561946392e-02
-5.628167848797804157e-02
1.354294842432706390e-02
5.171930347658543897e-02
-7.774813501732570631e-02
-2.713111307213109807e-02
-4.225278267313724301e-02
7.503265766053737740e-02
-9.257168962967750325e-03
-1.246672609845694418e-01
1.666798460788992270e-02
7.630005461473739203e-02
6.512536940094851290e-02
1.741909648070399941e-02
1.501563283936913420e-02
-4.058384678412770008e-02
-8.925029310483542644e-02
4.751332375473323695e-04
7.638526143072769947e-02
-4.904145792055605163e-02
6.907275296830882316e-02
3.013639521277742053e-02
2.531455310839899817e-02
-3.552082729513615644e-02
-6.566596818195688523e-02
4.061944639506744059e-02
2.977466542496165838e-02
-8.165356838056131439e-02
1.041138745988044872e-01
4.451588006053235763e-02
3.442805350897081701e-02
1.009414085564258774e-02
-5.850202731096233559e-03
-9.243560548999962085e-04
6.785772119105687450e-02
9.498781816827837551e-03
-1.922741881784759740e-03
-4.980744832597490401e-02
-3.852654490502945006e-02
6.202301390733196140e-02
1.333058095931135001e-01
6.927299624370684104e-03
-1.461717847839229950e-02
-3.988582587033995958e-02
-6.460371353218330448e-02
1.421781688981761139e-02
-6.734902053238900344e-02
5.467788154049431533e-03
-1.386548597991559689e-02
-4.423024852362446302e-02
1.460817878062160326e-02
-5.501555165241502759e-02
-8.838672129899155516e-02
-7.072332657073782114e-02
2.917190340894842970e-02
-4.120798308234634166e-02
6.271871231846920525e-02
-3.089135373060639470e-02
-1.241583788803819893e-01
7.930584480283851823e-03
7.578293488396144195e-02
3.460452742130509796e-02
1.170530449122087098e-02
5.474058911205788303e-02
4.451896463436505469e-02
-1.304339987766632292e-01
-3.067481664755094747e-02
1.113063024163715893e-02
1.066010209137652626e-01
-8.772782003922320604e-02
-8.739040395102989911e-02
3.790306181068127389e-02
-6.561723191540024501e-03
9.513696638536534717e-03
1.282544026173744640e-02
3.497540206330721629e-02
-5.848907210086500691e-02
-4.401545331755689350e-02
-8.630387189073777943e-02
1.251008794872390285e-02
-5.970570059868917506e-02
-5.436158571077900209e-02
-4.644265003285157761e-02
-4.808632870553690430e-02
5.234173418692010527e-02
-1.512370179082533038e-02
2.692397486698940370e-02
8.933448382591614723e-02
9.670911923423597401e-02
-9.872214840655900436e-02
2.341757649039325276e-02
6.226564285610164395e-02
2.807437575017033768e-02
-1.396535359388720657e-02
6.924407382788730358e-02
6.687591948466085900e-02
-1.398614725042998663e-02
2.373419892204379003e-02
1.206675122402610656e-01
-5.712340425326561943e-02
-5.752167716872288311e-02
-1.876255539670795315e-03
1.577534522981085402e-02
-9.514317182213465063e-02
1.104218280866731960e-01
-1.180455519042594020e-02
8.567871949760955119e-02
-2.513481317671245260e-02
-7.875087553668015661e-02
1.547443598015512192e-02
-5.358811974995384125e-04
-2.029725789033922159e-02
-2.729713572253811282e-02
4.951426865545287964e-02
7.202483528261707790e-02
1.827192671178929978e-03
8.782834085706526725e-03
-3.115978423225900310e-02
-5.286389810314011395e-02
-5.524562457123043807e-02
-5.713708524544124090e-02
6.949958540854649092e-02
-4.585382303274136533e-03
-6.863975138040576129e-02
8.853888151170338783e-02
-7.630168762441352781e-02
-4.023409240060359798e-02
1.588660762241148744e-02
-6.311408210561333942e-02
-3.722231451035664523e-02
3.736616451827214427e-03
-4.847375117892385038e-02
-8.061751446381371089e-02
-6.440985713907416976e-02
-1.419343061198733401e-02
-1.235948816748038206e-02
-4.902403915067727810e-03
-3.708528685397699531e-03
1.771162294735557311e-03
-1.029869527658559686e-01
2.787866861276159028e-02
1.160325953101441765e-02
-4.631295277546258055e-02
-4.063000652430644004e-03
4.949264034952007701e-02
-2.992018473165720255e-02
-2.797345575218522246e-03
-2.841527559233941042e-02
9.693146257391765594e-03
5.031607640643495638e-02
-1.013057511597234735e-02
2.138861640145191603e-02
-2.208221004456214359e-02
-4.706682262017412854e-02
1.360699869273545269e-02
4.061334982560987211e-02
-5.549014055340364959e-02
