1.465418054350687005e-01
1.026863298063215857e-01
-2.857098485872052590e-02
3.310320905687628296e-02
-3.137057016076960636e-02
-2.034765114923575442e-03
-7.857208355159459034e-02
7.246683222755050113e-02
5.130413521090399637e-02
1.614157766440522113e-01
-1.668513277186706167e-01
5.907492303975127312e-02
7.378115665469285600e-02
-1.695374088662244053e-02
5.588375391995849956e-02
-7.731813289240858922e-02
-9.629435823713521081e-02
7.039941674359815466e-03
-6.915329776076702128e-02
5.761790032184240656e-02
1.960525970660073614e-02
7.786517364737484403e-02
-6.956955319745024291e-02
1.024088016695770542e-01
8.286832794296357385e-02
2.231108550299286918e-04
1.089549432808103180e-01
-1.842985009840837074e-01
-1.253528925252718473e-01
-1.282679307087965237e-01
2.181706482926476856e-02
-1.403929099803521464e-02
-3.602236530496315953e-02
-5.317844288163663113e-02
-3.907447620891493084e-02
-6.563926502561205634e-02
-1.460442182232822583e-04
-4.681857015497516150e-02
-5.232148099993218834e-04
7.956439003734734616e-02
-4.244437668439333955e-02
-6.865118803164890759e-02
-5.267515656264361301e-02
-1.522091814834780621e-02
6.428706911187101469e-02
-1.817698255007328123e-01
-4.675775516581572033e-02
2.027734990420984248e-02
-7.838515283521816160e-03
-8.469553525026619900e-02
6.008660649000646496e-03
-1.834645561418072127e-02
9.252967509019069392e-02
-4.092834063057099181e-02
-4.061308808096212447e-02
9.562601841975237882e-02
-5.639895321143498924e-02
1.034818148670619588e-02
-1.067071786300943098e-01
-1.333059414794295072e-01
-1.289732228019382643e-01
1.333996642166528357e-01
1.193076105164146000e-01
-3.012647344178597322e-02
-8.089514995430485689e-02
3.086298193504644072e-02
-1.758605499277285100e-01
3.975432454601172255e-02
4.601286346969651886e-02
-4.588332827815557835e-04
8.238864695833594820e-02
-6.840351586298021314e-02
-5.247756300052580647e-02
-6.978836214575002972e-02
-3.128390696279571837e-02
-2.601101943838371802e-02
-7.573311925716959270e-02
2.538279398204862369e-02
3.423806675966117874e-02
3.707545001144176705e-02
9.962756381588987187e-02
4.081483647607569987e-02
-2.671017120311576856e-02
-6.295436046793317919e-02
4.080516637804128266e-02
-2.619614850151418678e-02
8.173475713535437170e-02
-3.596239598977630375e-02
-9.411505640976558854e-03
1.531265539015724646e-02
7.948967658029051529e-04
3.374551682327671387e-02
-1.097739969074824733e-02
8.920058757599824695e-02
-2.815528094854116703e-02
5.327985022148049726e-02
-2.173036486285729110e-02
-3.380026502089365087e-02
-4.894341793219658676e-02
-1.325421140400109485e-02
4.283779892381658731e-03
1.382084973407133634e-02
-2.060800842749332257e-02
1.695815309865335643e-02
8.173310255584277650e-02
8.879326686867761165e-02
5.586753904074488741e-02
7.125957747902500472e-02
-7.313675308757773552e-02
-1.089559360285172612e-01
-1.152995938759651257e-01
1.691211901979747939e-02
-3.645660050567236382e-02
9.290357329137714781e-02
3.513510623397976540e-02
5.434389192116920869e-02
3.825329001309448612e-02
-5.910198460687421385e-02
1.928688184013663265e-02
6.370300254427864461e-02
-7.084482954811900657e-02
9.458352302214796670e-02
2.605874486518477973e-02
1.137655780581167848e-02
-5.286344771106290912e-03
4.691324887147187844e-02
4.822852927788760097e-02
1.224550987371013089e-01
-1.032726024799293998e-02
-5.567546074366572229e-02
-6.508071575093182792e-02
-1.009161135710849588e-02
1.034184996244183335e-01
5.462627349114775738e-02
1.115403524571920504e-02
-1.336959074860951703e-02
3.676328601025453773e-03
2.912074647777252237e-02
4.034842889597441834e-02
2.054730374363464979e-03
-1.034943161344828791e-02
6.077049935479826581e-02
-4.519594241217263220e-02
-3.702470957308623412e-02
-5.929696761020705753e-02
-1.357012578541460070e-03
-7.352179212414224063e-02
5.307221887699235807e-02
-2.110166141688550948e-02
7.053656300089242159e-02
-2.406574869082053411e-02
-7.161071601981865153e-02
-7.645628080903654452e-04
5.572300232829883321e-02
-2.358239086283380609e-02
1.222407020008324519e-02
8.954804927343278792e-03
8.067806912238385808e-02
-4.220358021280615907e-02
-7.419391909018494165e-03
2.569900251093085175e-02
6.490308744825390441e-02
-9.700439345821020021e-02
-9.995439842207988479e-02
2.073710239783117457e-02
-4.661792481286931161e-02
-7.280149851009539612e-05
6.076461640542370896e-03
3.829958147098550675e-02
-6.578313990625346552e-02
-1.079110506827294508e-01
-9.834372042019440263e-02
1.434130691155133600e-02
-5.623820161977532983e-02
-2.591211235202404289e-02
6.093889878064484740e-03
-2.052292627216384391e-02
1.074331345829141748e-01
1.781437961168597789e-02
4.941751011491838513e-02
6.415532781431459997e-02
1.371673991435854167e-01
-2.163796578924321798e-02
8.203316974237857828e-02
9.185306237524989981e-03
-6.074167290286295456e-02
1.347735902746461344e-02
2.028599048610371658e-02
5.006915706345092115e-02
1.203287434541026706e-02
6.458412128685235391e-03
1.431628966933604918e-01
-1.199636329085444590e-02
-7.820200926750160708e-02
-4.043101079781970253e-02
4.493657788162201683e-02
-8.569052583167109660e-02
6.502409236320173813e-02
-4.495312367673794801e-02
5.990291139578603902e-02
-4.314051343757093621e-02
-7.802015259496072885e-02
6.887985092015107280e-02
-6.253906101052331135e-02
6.428519392175786364e-03
-3.555334716607690126e-02
6.462096325731049584e-02
6.684626239510239876e-02
2.328467685604783052e-02
3.572979887887990647e-02
-1.830012738785611465e-02
-3.945638992862419980e-02
-5.348369441730876223e-02
-4.105059567226092276e-02
6.974835809000307085e-02
-6.025132907249395285e-03
-1.022910691452188076e-01
3.859626596163093226e-02
-8.338360077130725634e-02
-4.725129784990713538e-02
7.095006080505632251e-02
-4.064507661818626133e-02
-1.055022402928850606e-02
7.779060726405238879e-03
-7.351377660561941862e-02
-2.425245879659541470e-04
-1.066046682372427251e-01
-1.772962837225882174e-02
3.048022254136457249e-02
2.264453842722926116e-02
-2.112008240211458304e-02
-2.255905181913028454e-02
-6.671455786597960125e-02
-2.843736837105098961e-02
5.078382510715836323e-02
-2.331681246700632176e-02
-8.057691916157513207e-03
3.339996708438890127e-02
2.480387499515900041e-02
6.968618266880076406e-02
-6.354357461622826830e-02
4.890532583499635280e-03
2.011601001761272132e-03
-1.493813212559975609e-02
1.230363709037407549e-02
-4.290946060088535879e-02
-7.037537018802966782e-02
3.782835722608379053e-02
6.964676690799125741e-03
-9.312219839750897343e-02
