1.800258155216129252e-01
2.682817015522707127e-01
-1.009086911698396649e-01
-6.192418593786606223e-02
-7.120488648923985198e-02
-1.804644555060232192e-02
-1.235571454964026067e-01
-1.967747494480336437e-02
-3.434406309835731641e-02
9.125614972030604566e-02
-1.053151895288923362e-01
9.232159147168356172e-02
1.065441016514074996e-01
4.221786760323508608e-02
-7.011846438679027529e-03
-9.516532924965584450e-02
-1.226447390553843525e-01
1.383130563004927698e-02
-3.006807648537811878e-02
7.633889964904000403e-02
2.115721800362068972e-01
8.603766400864130970e-02
-5.502223832590601160e-02
-1.100829834958111791e-01
1.134704099862410831e-01
-3.686802505254650059e-02
1.541008623401481960e-02
-2.046815493211473214e-01
-9.280189821286391472e-02
-6.642434264172204783e-02
5.017445447407670178e-02
-5.646727378468364110e-03
-1.813914857293999136e-02
1.186345158037085262e-02
-8.804325329571205394e-03
-1.000628266128695681e-01
6.708979822537546045e-02
-3.451300820208644954e-02
-9.093663109872524020e-02
1.223759994971688470e-01
-2.161005554959706532e-02
-1.230498325239823831e-01
-2.510050989362775514e-02
3.233028008398523140e-02
8.359861552437776455e-02
-9.548962448356479449e-02
-8.140622395210499185e-02
-4.210117128974145279e-02
-1.123318125798995065e-01
-1.499318351001475980e-01
1.422794816914367370e-02
7.588897951090096961e-02
4.360863339733068306e-02
1.013145195018727920e-02
-7.503297383852652880e-02
6.093101800533048951e-02
4.994609566161985030e-03
8.431319672866749437e-02
-5.007219822708274676e-02
-1.144200005170753071e-01
-1.497722595052159711e-01
9.379473545685369784e-02
-3.048140042444924883e-02
-7.072274258947175429e-02
-4.823864047016856310e-02
7.727930438693551840e-02
-4.866669842111343014e-02
-5.887780956766537621e-02
5.101495452797056955e-03
-2.444762047471452440e-02
9.552434678087319553e-02
-6.258218265765322363e-02
-2.327874669484690517e-02
-5.203134414505525968e-02
-4.855422757237160686e-02
-4.085363037914653897e-03
-6.420806800780858026e-02
-2.019757454099430083e-02
3.290240801138114013e-02
-4.505499161029147964e-02
7.176172925718571349e-02
-2.561061534710135437e-02
-8.289917250685102657e-02
-6.360412049367290821e-02
-3.877767791816513071e-02
-1.109893640566616407e-02
9.212615454111911656e-03
-2.916779529103898788e-02
1.908153744211026070e-02
1.299492081139195891e-02
7.881667543633326389e-02
3.873215312836077867e-02
-5.000389267079034805e-02
8.105532666184547819e-02
-6.697078709206126523e-02
4.450222733441042133e-02
9.713417536497165328e-02
6.585879174207026621e-02
-2.622305053391241550e-02
-7.917231259574915303e-02
4.433578076636061731e-03
-3.913408668418788539e-02
-3.973807094149531260e-02
-4.950808031112941682e-02
6.906169402394693457e-02
4.073336997799267833e-02
2.570048914521389644e-02
7.726530523849688137e-02
-1.520153199113387539e-02
-1.149140124613202418e-01
2.349865457780012101e-02
2.438868442721962848e-02
-6.141698319496110420e-02
-4.471019368654328974e-03
2.803562793975453854e-02
1.244451544713755936e-01
2.753448782018913521e-02
-8.413587418177824462e-02
-1.631951647812092746e-02
8.239292508641170298e-02
2.070000067157112562e-03
4.310381896058979728e-02
1.117989263599378502e-01
9.545030928978702478e-03
-2.825289031434139592e-02
-1.305275456373420663e-02
6.351461412727791266e-03
5.016556262651200582e-02
9.382883312024225750e-03
1.620524521396311465e-02
-1.893074346522805734e-02
9.299274224695898428e-02
3.707092084697718830e-03
4.929100165240132836e-02
3.677363184430810367e-02
3.304677193320623707e-02
-5.994622751595504034e-02
-1.983984302078837039e-02
1.561886093592629483e-02
-3.319800682814950249e-02
-6.964164824692663236e-02
-2.603779146192409383e-02
-2.072450836713165753e-02
1.184783573237501103e-03
-8.896418415257745238e-02
-9.472419072956624053e-02
-3.830751229238912869e-02
2.937028691058037044e-02
-1.555830818887418004e-02
-1.082865363423694653e-02
-8.759248806462265058e-02
-7.174912634927377471e-03
-5.758992465448355830e-02
5.917333489809022129e-02
7.182738930511176068e-03
-2.364412079477785922e-02
9.124431841900096851e-04
1.039684787977308844e-02
-5.940191416957760207e-02
6.121287487586250797e-02
3.476289851319168400e-02
-3.754619377362711924e-02
-5.290821993898650599e-02
-1.033446532276758173e-01
-2.878691557262745213e-02
-1.064986136047748992e-02
-2.489529927937650725e-02
2.486939534328928836e-02
2.503205736464833228e-02
1.024631110509316954e-02
-8.986486952180587628e-02
-6.245648426707964274e-02
9.630716005511182759e-03
-3.893820883556238684e-03
-2.722239131930281886e-02
-7.320305365561607935e-03
-3.869816569448747412e-02
9.862723414923295351e-02
6.129128480438751463e-03
4.693602154511303248e-02
5.179365256697265885e-02
3.292342510562495939e-02
-4.358070858679694709e-02
9.203304734389214370e-02
1.445208151684870476e-02
7.482967386920654461e-03
8.703318350416920993e-03
-1.567088926713126537e-02
9.680356030552086238e-03
-2.560646336869304776e-02
9.018637227466146100e-02
5.852503837564635575e-02
-3.873241033056306487e-02
-1.026349956084012249e-01
-4.545710888197736221e-02
6.172856529144285509e-02
-7.480178580184455861e-02
8.617717783179476565e-02
5.916018084260196794e-04
4.628162565615784318e-02
2.307008222245069545e-02
-3.205580859097595381e-02
-8.079088605472529647e-03
-4.093861733541567099e-02
3.502517127317832102e-02
-1.031762960146947496e-02
1.332301528926037038e-01
5.104431232220275200e-02
2.495206747973786540e-02
-3.010481965713304037e-02
-3.747491202042256553e-02
-7.513978623881809428e-04
-1.795061935866548025e-02
-6.728747648941695025e-02
2.656105097088595421e-02
1.653810160689096385e-04
-3.904384545435779508e-02
2.814008877705377956e-02
-5.403127498367573528e-02
-2.102973389489980541e-02
1.468029335661853382e-02
6.503431171106154041e-03
-4.945616220943970659e-02
6.759876464052465284e-02
-3.487356894651751082e-02
2.219287573997365606e-03
-7.682045565806003284e-02
-4.178683345537807792e-02
1.187495219313014147e-02
2.901071823178668838e-02
-5.064950694169609996e-02
-3.390351246901578131e-02
-6.483193032103543030e-02
-1.113226613676505383e-01
4.423032786342398492e-02
-1.197213788242191407e-02
4.802530961495948131e-02
1.062888100940542931e-02
1.099807639919889862e-02
2.499421189774076249e-02
-4.898232226648821866e-03
1.373897003942915578e-02
3.628557229388745808e-02
-3.911560486879515908e-02
6.000453892953010356e-03
-5.131033288570839568e-02
3.007160382986659095e-02
-4.197591381722892007e-02
1.672953353173411550e-03
1.158806150806770139e-03
