8.622448816547464978e-02
3.013828008260150959e-01
2.392568876306906331e-02
1.306800657393927256e-01
-1.179994336292446294e-01
-9.611797450449637709e-03
2.212184200171715687e-02
1.489572096577318483e-01
1.074492652929396747e-01
1.055771904736361455e-01
-1.009705601677937659e-02
-3.024707579849190107e-03
-8.575302148834799965e-02
1.797503188878549485e-01
1.230323586922732471e-02
-5.709354538034448756e-02
-1.218527690573761035e-01
-3.166997386261316549e-02
-2.059275335633275333e-02
-7.999382807796605321e-02
-9.624875365590442045e-02
9.340539548787457624e-02
-9.957872868238248909e-02
5.774030139676185856e-03
-5.611630644309865967e-02
-1.406410487483022650e-02
4.746196562416921810e-02
-7.580656175670533181e-02
3.089181179073306749e-02
-2.376683824121232289e-02
-4.249500479889474491e-02
8.515342258804421000e-03
-5.696920940949849743e-02
-7.622909508956347314e-03
2.404333775733173695e-02
3.861857840474900577e-02
-4.637655090948707148e-02
4.962781464909905849e-02
1.936088688887543561e-04
8.954523377114763372e-02
2.767119669379460457e-03
-7.720243329046902470e-02
1.490408665210293283e-02
9.055872865955610571e-03
-6.561909224403907233e-03
-6.716531626691821244e-02
1.306013892805296672e-01
-4.465239061908632401e-02
-1.090839176155325302e-01
-4.685362489510285638e-02
3.057825527938112103e-02
-1.035067701770306797e-01
-1.652692879886557276e-01
-3.108942587997120394e-02
-8.499112409388670519e-02
-2.394703832893141371e-03
2.339598966486271595e-02
2.663879019973644166e-02
-1.416649920376221797e-02
-5.868884205950430227e-02
-1.363939479178221115e-01
1.074362047918003826e-01
-4.575417449519636470e-02
-1.576976104721684313e-01
-7.611395371151953582e-02
7.617507685685138974e-02
-1.649781955392633503e-01
-2.328043035078233153e-02
9.131926776189892847e-02
-8.056518146780594636e-02
-2.726562459841602726e-02
-2.629350537761679721e-02
-5.553753468861164638e-02
8.730972874014161778e-02
-8.832228327246806343e-02
1.588926637404144693e-01
4.061279503070712449e-02
3.278816172815415125e-02
1.929927615150105191e-02
3.720814876571539032e-02
-2.775123144477614420e-02
-2.761418325282125399e-02
2.886053816954241985e-02
-4.314844779189542373e-02
-5.047570238306140628e-02
-7.358854038322443225e-02
-1.682493460686100839e-01
7.070425931162484245e-02
1.693274817306572588e-02
-1.327050006640304314e-01
5.867832400258680275e-02
-1.610133408454038958e-03
-6.538233147938611600e-02
-1.411275959507444187e-02
4.419757172741187179e-02
2.865888403195186382e-02
6.103851328446919383e-03
1.013804857635521028e-02
5.540281997286030519e-02
-9.709444722567538155e-02
4.325738978539857976e-02
-1.578638445306692131e-02
-4.372415468211508782e-02
2.367907167355633169e-02
-3.180078784202423903e-02
-8.444899139859575465e-02
9.190507477299963979e-02
1.134674049059098411e-01
-1.133814145664087947e-01
-1.559138246405664466e-02
4.078930335010418073e-02
2.740065276619470941e-02
7.708043079582659052e-02
5.051129660216634176e-02
-3.812506560169923869e-02
5.058795303685317823e-02
1.247744554042386211e-02
-9.674251025497544731e-02
-4.223104336386903669e-03
-2.025634967498782246e-02
5.967639008564940700e-03
8.837476907304646356e-02
4.322200453431187389e-02
1.252943330055882043e-01
-3.199982987938693180e-02
-2.454270166489190205e-02
-4.231355090306627986e-02
5.334148978504778260e-02
3.329222741612445496e-02
-4.225758230218406436e-02
2.848986373320800194e-02
-6.264983084502652455e-02
3.153539845887397275e-02
-1.947209270257606317e-02
5.543036892326343168e-02
-8.070379691989756216e-03
-5.695371094814655200e-02
3.915228272330472520e-02
9.604713434631691193e-02
7.723938580169245616e-02
1.083419070108059684e-02
1.164324521165547958e-02
-4.193472671402094509e-02
7.490521303807951004e-02
-1.197181259231683975e-01
-6.284713148223732004e-02
-5.251073742858017313e-02
5.641474760113208108e-03
1.758218594571702917e-02
-1.185635776224556494e-02
-3.126694421145635727e-02
3.789251902541389966e-02
5.650808664927416125e-02
3.954322705740731525e-02
1.602039380547986419e-02
7.894543553051339146e-02
7.327428731181172272e-02
5.448280344460606356e-02
7.171677901594824406e-03
6.008056906090646770e-02
2.720965599753381176e-02
1.194955749837550013e-02
-2.672579055132559556e-02
4.612578928761280894e-02
-6.449832710627326909e-03
-4.662215798691170428e-03
8.155892887849182371e-02
-4.915276068765947470e-03
3.956537766733954353e-02
-8.727615454521288341e-02
-3.307678138933081713e-02
2.610633968929008952e-02
-3.219988192883773206e-03
-1.160030228390951032e-02
-3.240059571034625829e-02
1.435053037181549659e-03
6.368018248690544836e-02
-2.267337825782838288e-03
-4.635924139197714067e-02
3.599529838791686726e-02
4.403165112093840837e-03
5.320778508138455237e-02
-1.909204953342440517e-02
4.162942443938903725e-02
9.980392655002678914e-02
-6.414517115546701335e-03
-5.233558740130160591e-02
2.601630930143662354e-02
5.384311751280541902e-02
1.420965109952641338e-02
-3.745894521559268997e-02
4.972122335324721809e-02
-6.701569516586657234e-03
-3.007669720762955537e-02
4.896211219902896206e-02
-4.421265225272737187e-02
-2.543067643035110126e-02
8.170092264687812966e-02
-6.615683661094722175e-03
2.915225752298947551e-02
-4.060673495817849338e-02
4.741031569566372082e-03
-5.606336787848076320e-02
7.210128016948878782e-02
3.902056321581466591e-02
3.655432266468128244e-02
1.325762763648016644e-03
9.956072260481179867e-03
2.828542335537440403e-02
4.250381628366337733e-02
2.098902637490016737e-02
-4.332547853133804361e-02
-3.138995671818690242e-02
-1.725379270507086107e-04
4.459140678576662548e-02
7.029705030010346967e-02
4.773752478420659889e-02
-3.232902416410297908e-02
5.028125764209973730e-02
-9.960808868894360885e-06
2.898076443602991270e-02
9.860852500175034882e-03
-1.427429187316511458e-02
3.015443331041058050e-02
-2.234223360494220351e-02
1.393924648393866580e-02
-1.804532873011758035e-02
-1.760963041211104779e-02
2.514769890566660032e-02
-7.663557271302104401e-02
-3.673103995209656136e-02
-4.102028266625280806e-02
-7.949087688609295099e-02
-4.748446451413182445e-02
2.462820441235042193e-02
-5.336677491525343431e-02
-6.480773908526367422e-02
2.620925643826765156e-02
3.609504578861796095e-03
8.617168891286890176e-02
7.986061096634533302e-04
1.154861752740098113e-02
-5.046960748252974846e-03
-3.626204606318560869e-02
1.027602319319091684e-01
-1.767876399814165972e-02
-6.112457327997632139e-02
-4.271135635376736850e-02
-8.400754646008792847e-02
-3.068987902911820762e-02
