7.594587467152258409e-02
3.500234293177493239e-01
4.455092865809435337e-02
9.320754446676877969e-02
-1.165526536513222106e-01
-1.085061354170441944e-01
1.387536610810088944e-01
9.475849941215479244e-02
2.223900859134411365e-02
8.508648799502738225e-02
-4.410561881254163041e-02
-5.974075429722178199e-02
-2.813471963924425029e-02
1.205798983355014925e-01
9.000171701577937278e-02
-2.321295103502211271e-02
-1.318852764638354103e-01
-1.497040797284499361e-02
9.587745142561641953e-02
-5.643172506132015757e-03
-1.045243424647446066e-02
6.341853795626173351e-02
-7.401829177464111509e-02
8.741399407606420535e-02
2.913225013275243594e-02
8.631589715217656555e-02
1.050524870342527117e-01
-6.774318727974820709e-02
-3.627015668757176126e-02
-6.932963817322349009e-02
-1.878233443112612561e-02
7.063953951696560520e-03
5.567973803273390532e-02
8.707731940069489938e-04
1.496810447777192354e-01
7.391336562194823767e-02
-8.172624828956342666e-03
5.639844150962874947e-02
-4.921775111270363517e-02
8.910589168609070465e-02
-6.079141483951987918e-02
-1.015903144182811989e-02
8.434012956315922738e-02
-2.011979312411811376e-03
-6.457880972597761227e-02
-1.652165573540131591e-02
7.816126431157344179e-02
-6.790791320566573475e-02
4.506914997905320242e-02
-3.047065234773763467e-02
-5.756330074834608602e-03
9.900831768100757171e-03
-5.851498908708084590e-02
8.254620143690175049e-02
-5.431081776155462226e-02
-1.745867068037964751e-02
4.847571986790777387e-02
-7.085977056427665566e-02
-1.669266096285985934e-02
1.213867072454172073e-02
-9.562985824050235228e-02
3.992282314044771907e-02
6.353738919216471437e-02
-1.155960850264156972e-02
-1.063237039762733177e-01
2.575811787931951702e-02
-4.213544728500125125e-02
6.224765969793256276e-02
8.555226250726036263e-02
-8.452883396180069231e-02
-9.815072125966438354e-02
-7.500772099310418564e-03
-8.270650257002357120e-02
1.135265183371770709e-01
-1.607959941396309642e-02
1.428520278023312773e-01
1.554250765314009984e-02
-3.078386911424133010e-03
-1.046263729809755738e-01
4.400885900537615525e-02
2.371789797759377150e-02
-9.202671042464920237e-02
7.022273054265597281e-02
-8.440968990872740885e-02
-2.788595518544895874e-03
-1.267725910645739196e-01
-6.154105933074368630e-03
-2.647148557666656465e-02
2.700112676726733676e-02
-1.213917176725535507e-01
-1.082548006791984596e-01
2.776004380221749890e-02
-7.938273486988322745e-04
-9.333156880601382183e-03
9.253735103442124743e-02
2.362204915718036508e-02
3.038280719664591262e-02
-3.607445721208410450e-02
9.350911361694252966e-02
-3.763946738164479500e-02
7.298933223818679372e-02
9.987108720569282116e-02
-3.760130354378161260e-02
2.816819840238253547e-02
3.561723946827227705e-02
4.035993410523188579e-02
-4.546087428243997947e-02
-7.453085196364073184e-02
-5.298243640084210337e-02
1.802553218685039663e-02
5.330723571319345017e-02
-1.205730008643787245e-02
-7.672493102074156267e-03
1.260903270577615719e-02
-1.331400631090777498e-02
3.962590652975771233e-02
-5.997660226028246611e-02
-1.006057980212310549e-01
3.142029096628026069e-02
-6.064009343295410914e-02
-1.816699541534920470e-02
3.368165290206912021e-02
-2.886930031381788886e-02
6.876293934295846233e-02
1.760481898360335225e-04
-5.596874857982566537e-02
-8.279050856266016722e-02
2.642665201436864009e-02
1.052461693247893765e-01
-3.581446810009375481e-02
-4.280284268661029706e-02
-1.187914035945152463e-01
-3.895616859078621791e-02
1.646162821548863980e-02
3.376103889046311313e-02
-6.514830658698111954e-02
-1.554511047243170574e-02
-2.380730482026045813e-02
7.149489100666978417e-03
6.830952822236062427e-02
-1.426793958128154925e-02
1.253615376561117599e-03
3.202866744045212988e-03
5.978347306884526646e-02
-1.236992471155272666e-01
-5.283749190154076597e-02
-2.213421257961580707e-02
5.941013117670546767e-02
2.822487479245726696e-02
-6.887687775744853746e-02
9.151551671577769220e-02
-2.132213296063458635e-02
-1.345156531046917507e-02
-2.391310942446425725e-02
-2.358209588105420612e-02
9.052813721750677112e-02
2.301816254628651429e-02
3.589811620507776108e-02
-2.652799929053556785e-02
2.898011534515803397e-03
-4.000175363546568802e-02
3.199125191313528793e-02
-1.900188223837313145e-02
1.294209596937835258e-02
1.106133128450465311e-02
-4.536554602588489110e-02
7.496327785369999441e-02
6.377574236879357539e-02
1.074049476452477864e-01
-3.735110753937593599e-03
-3.228579345122170596e-02
4.427802305536941013e-02
3.330629382497831553e-02
1.314560390274083397e-02
-1.024025567134681514e-01
-8.630232995661906922e-03
2.480877207794719361e-02
-5.703701068758325332e-02
-8.849465211069805493e-02
3.286713314000200975e-02
-2.548888875884396804e-02
4.778561486797945623e-02
-2.673306891547301209e-02
9.116010174150881995e-02
5.489970562628058992e-02
6.005517486764784009e-03
-4.349226444647456141e-02
4.549054642236429608e-02
3.184660023100425313e-02
1.074557676919164068e-02
5.179285037885450471e-03
5.710237398704372247e-02
-5.244524703429567780e-02
7.514114801704015190e-02
-5.441096123379917521e-02
-1.237011341595136843e-01
-1.281194849774979772e-01
4.201737689488575095e-02
4.062148490879718965e-02
1.587638429777091936e-02
-4.294040168617169889e-02
-1.744864982610696202e-04
-8.211933907307827907e-02
1.765720072184693255e-03
-6.084773334194200876e-03
-2.854339480326761186e-02
7.177729689980909093e-03
-1.006332252295163432e-01
-1.586828302272579386e-02
-3.817320801262984870e-02
-4.181351107387067112e-02
-2.864077278001483928e-02
2.163216127350606199e-02
-2.390276321778012428e-02
9.609055725511669865e-03
-6.273058028224899607e-02
5.653196613928815339e-02
-1.072565869456262311e-01
8.316202848129583894e-03
-6.168060298001494524e-02
1.075022930867538737e-02
-3.390845606809148038e-02
1.068428037487430780e-02
3.623768651690897208e-02
-5.404341061458319689e-02
7.556277220703926621e-03
5.765566829795697179e-02
-1.171932400142277203e-01
7.626445975281521961e-02
-5.154265437444883330e-02
6.840846789068281975e-02
-8.480827914799579648e-02
-6.145796432485915034e-02
-8.955357660424701632e-03
-1.958283150425969843e-02
-5.558850921656310201e-02
-2.576748802876929756e-02
1.180066210428547431e-02
4.893840353223196521e-02
2.667053618199216602e-02
-6.948909339007553441e-03
4.875204167095294194e-02
3.806447523672298189e-02
-1.915622942236539297e-02
-2.263307543209333583e-02
-5.587114285639041729e-03
-1.884688434955796368e-02
-5.245468225422774550e-02
-5.824081460995125109e-02
3.752777389879372819e-03
