4.059253132884578508e-02
7.676799998607847231e-02
-1.568079108982126380e-01
1.618880999788292474e-01
-8.907518755970883495e-02
4.885742819746376198e-02
6.735252038915705286e-02
1.520318226942499462e-01
4.651585486294141855e-03
1.973619471480975163e-01
-5.629387817600393223e-02
-5.395804323834531985e-02
7.187311330418673372e-02
8.775060844078708122e-02
-2.008281779536639014e-02
1.024984591662118083e-01
1.471912458398185464e-01
6.542387252895444372e-02
-9.614045206968810375e-02
6.212227906197859140e-02
1.091296890991226148e-01
7.161027423355306731e-02
-4.932193092930875489e-02
8.795107660265180649e-02
-8.916860729436550115e-02
-4.018278246707561625e-03
-8.345562333102517216e-02
-3.883798233063404104e-02
-1.893658326897220689e-01
-6.916824479679113680e-02
4.161693764039538224e-02
-1.195171438219636527e-02
5.502138867147027962e-02
1.058454474512347254e-01
1.066543906234006800e-01
-2.509944046786741559e-02
-1.217626331661426052e-02
1.602450739910942640e-02
-4.615802482993840161e-02
1.282175781811144277e-01
-1.157481101104625709e-01
-9.606803896640762896e-02
1.183096553247615090e-01
-7.850789557801317320e-02
-2.503621563099374045e-02
-1.424936165501177604e-02
9.313582064041063535e-02
3.014513085305320014e-02
-2.277525310955722318e-02
5.673778416196300495e-02
4.653675902294503869e-02
1.063336893843910003e-01
-2.178882952010568943e-03
-1.703361131902239589e-02
-9.783433801534033303e-02
1.776901420280962637e-02
1.884762787044702570e-02
-2.305708354123991912e-03
-7.168005723827101938e-02
-7.902704970856040678e-02
4.508890684282551575e-02
4.756594733188108243e-02
7.571732684602761054e-02
-2.873594453751553146e-02
5.336791060373352602e-02
3.176571561019603945e-02
-6.579966920928083385e-02
-1.157543950213133464e-02
-2.773114441525036285e-03
-1.488776172181492108e-01
4.675649180285229578e-02
5.687068953218205741e-02
-6.760907454893995416e-02
-3.804748400553009668e-02
-8.775761065124582094e-02
1.396258185603410640e-01
-9.154450853869769769e-04
-7.037371802366614026e-02
2.648604892431621893e-02
6.414127251566087429e-02
6.947972361226979754e-02
-6.622424226294898464e-02
3.895107656882352415e-03
-1.499856060125890622e-01
-4.311609382104664157e-02
1.207362115842658574e-02
-4.467577642576064934e-02
-7.183926359411551936e-03
2.519600265794946434e-02
3.649391552604590305e-02
-2.645619559777510899e-02
9.142977475854714708e-02
2.495758593111087331e-02
4.718875020946295025e-03
1.050310732963227467e-01
-4.558514154304200289e-02
-5.511456930625762730e-03
-1.275181427490981179e-01
4.122740979614505225e-02
7.411686063503203359e-03
4.334477576749139888e-02
5.349490679146788608e-02
-1.572699884742402229e-02
1.352143918142191363e-02
-1.432402912848873208e-02
-6.163185107287422193e-02
-5.382838279492421774e-02
-2.845899857459184903e-02
-2.782391516454744626e-02
-1.689913472109065909e-02
2.451771048580608792e-02
8.591777131393436850e-02
1.925368776280479135e-03
-4.907996186155451357e-02
-5.965128438390446264e-02
-8.950362036841033597e-03
8.326243063661269497e-03
-4.481213166552278082e-02
1.906479886604011765e-03
4.689899532496842605e-02
2.070423835573523275e-02
1.633236555942407450e-02
-7.239465843342719753e-02
1.328102084710585107e-01
-2.703017191264555502e-02
-3.101504449189636248e-02
1.080693494929262921e-01
5.484551363902158416e-02
-2.252594026010237057e-03
-4.032562756043363977e-02
3.659560128475628643e-03
-6.706993850074220720e-02
2.078016964280718012e-03
1.933822664517234266e-02
-1.269633968951460259e-02
-2.813812654996122875e-02
5.689255009166296201e-02
2.540678627131922815e-02
1.929682821065538401e-02
2.615544211929175453e-02
-1.626189941222235327e-02
7.484710579306674827e-02
-4.336349387154691745e-03
9.796973685562518352e-02
-1.599308284485563211e-02
-5.861167815209079868e-02
3.280153040122472941e-02
-7.054149781768206950e-02
-3.169992898900819700e-02
3.416416055649292016e-02
9.267982303248868681e-02
-5.038954600295732916e-02
-4.387209345071978184e-02
5.706494109744438686e-03
-1.741473651072225626e-02
7.605022217837272003e-02
1.726950041867100771e-02
7.358571735389449371e-03
-1.312907629586390623e-02
3.345820111375652495e-02
-2.034401732403898905e-02
-4.878224836712397733e-02
4.750422540847172581e-02
4.557264003558886278e-02
-2.573223535059116288e-02
6.215083441780052537e-02
-1.318748497822694148e-02
9.086908556498619893e-02
1.579562050991954389e-02
-4.745360455042375164e-02
2.844485752517763796e-02
2.755837768110285663e-02
-4.125155888294661233e-02
5.340650815406699364e-02
-1.547720779823052312e-02
-6.943982809121715394e-02
4.852350815139298834e-02
4.857067913989786961e-02
-2.056904445819552479e-02
9.871098060764871285e-02
-3.026307540287750952e-02
1.329292118917326793e-01
-1.107909891482986298e-01
3.650928623193090694e-02
8.391790584979787193e-02
3.965006795822537816e-02
7.463393118100375423e-02
1.318628264745549117e-01
2.162695890857444653e-02
1.053047060182000921e-01
-3.741964190581374000e-02
1.072418590023257595e-01
-6.088582532346423909e-02
1.187755926558224304e-02
4.400120738015386203e-03
-3.911195662375329188e-03
-1.281198546488099832e-01
-9.316970450760604996e-03
1.137971918052887998e-02
8.198529576318935863e-02
1.421797125788216813e-02
-1.475720977745248984e-02
4.509088795602847477e-02
-5.399551360358055552e-02
5.586370335396879938e-02
-1.995992046253469362e-02
6.763677597665716801e-02
-2.913735906098360168e-02
4.693205942118328783e-02
1.065218268244235295e-01
1.489493130218217352e-02
-9.825604187057662697e-03
-5.305591943139201412e-03
-2.978993091861272674e-02
2.445329014958580807e-02
-1.868155593264054885e-03
5.910323332629340704e-02
2.879445569125113391e-05
-2.268012551869110979e-02
3.121305334081947089e-02
6.752641430840279624e-02
-2.198205637164235560e-02
-4.366103658035651314e-02
-2.010228735615407145e-02
1.743765594105301311e-02
6.281416576954915176e-02
-1.271751710651172762e-02
-6.030546162637046709e-02
2.126458597805429979e-02
6.969385462381008298e-03
-4.385774745856044839e-04
2.281846187165619336e-02
-7.794973401164220772e-02
-8.211936247563081381e-02
5.131660451056853367e-02
2.564704748286402228e-02
-1.224860810564637296e-02
4.454556946835253051e-02
-5.156359467557854528e-03
1.523711054088183470e-01
6.530500573677704363e-04
-1.738614699777613765e-02
4.931113727806506197e-02
-4.152030713606495727e-02
7.598658745600879449e-02
-3.697436963488710815e-02
-1.793344659865504440e-02
3.562847647047148736e-02
1.721515643408645310e-02
-2.688660951967956556e-02
