8.365904265176762888e-02
2.966886503067776570e-01
-1.279559484651147938e-01
2.670329602350814402e-01
-9.879275546716914658e-02
6.538925554003197083e-02
2.709949908383037578e-02
1.210043064695465048e-01
5.968415999054471621e-02
5.474166732357942794e-02
-1.344327110646403867e-01
-1.282901098520740635e-01
5.031631094628951500e-02
6.136802060320798585e-02
-1.384712445183441942e-01
-2.985800612059162293e-02
-2.194632835427500275e-02
6.446461470511341552e-02
7.591878616619201700e-03
6.233973766026263547e-02
2.117440597557423629e-02
7.797367124145333783e-02
-1.404339240303843772e-01
5.922957922316544888e-02
-6.599920379850175711e-02
-1.614889957723539575e-03
-1.230600851951263452e-01
-3.317344880228499659e-02
-7.034754666798530287e-02
-3.719334326363120391e-02
5.514840588283530243e-02
-1.489172507558058321e-02
9.891907932290791572e-02
2.476882713705853833e-02
1.380357495684818026e-01
4.895888802854691385e-02
3.669647368653645297e-02
1.455662535578686467e-01
5.995276574342430637e-02
1.553374899726852991e-02
-3.494472756574878991e-02
-1.093236584848897852e-01
2.038237646470686046e-02
-6.388680594202739149e-02
-3.088442734357255137e-02
-2.335290203953596655e-02
1.869915417369967178e-02
-3.989689080580372665e-02
-1.162236921745637801e-02
1.172858594102853431e-02
1.145039259687458677e-01
-2.967905264430884676e-02
4.719906713880981514e-02
-4.519591803377398520e-02
-3.628389448412741580e-02
2.871841046798723554e-02
-7.441860261006652544e-02
-3.752986644071797800e-02
-1.030145829844171176e-02
-6.927842172621244410e-02
-6.156293212089283123e-02
5.087953405953405533e-02
1.701797451199194662e-03
-2.706132744879663141e-02
-7.536663793368050812e-02
-3.788269873611767313e-02
-8.342279980685143870e-02
8.158200781504025556e-02
7.619623267400833788e-02
-5.862400346803981616e-02
-1.540027593898164390e-02
4.552656865162481303e-02
-5.684362862097684654e-02
4.446938032482069397e-02
-1.810848322924357712e-02
1.649336028411556576e-01
1.861004447051052904e-02
-7.332809389281490231e-02
-2.113961744531773178e-03
2.904108206513702703e-03
6.189568920020872833e-02
3.144292687656208285e-02
-4.531349688282441078e-03
-1.449980834517894668e-01
-3.333938051678368014e-02
-1.529839980267084891e-02
-3.809034477084136810e-02
-4.688153403099148964e-02
4.194692463647881758e-02
-6.111837300351406072e-02
-1.159038930248663599e-02
3.119947099693215140e-02
-5.630558729706476584e-02
4.943130988621370105e-03
4.264872738125891072e-02
5.040915483116674423e-02
-4.926416536056845569e-02
-8.951248415412849102e-02
4.015735795756825849e-02
-3.120448182193239980e-02
-4.568152123363887485e-02
2.995736088636088978e-02
-1.177877078962975416e-01
1.174096938115653859e-03
-4.360400765566942866e-02
-1.117253437159008156e-01
-2.185584625952528837e-02
-2.160721997448108653e-02
-3.814211265714967380e-02
5.946540715900518886e-02
-2.326427107758888627e-02
-2.118404463258108383e-02
2.238632347181278640e-02
-1.532518058775179937e-01
-5.300313446107268039e-02
-4.155908039824299238e-02
5.612506993272459686e-03
-6.560041234386411457e-02
-6.990790262735836758e-02
3.111179751746919603e-02
-2.290936423680692562e-04
5.542613963539687327e-02
-6.107305216593218733e-02
6.821169049064990109e-02
-5.399119255252304156e-02
-6.355114449917631525e-02
1.091065014574904568e-01
8.831853541250866968e-02
2.557292092722587493e-02
-5.296346277014714506e-03
-6.673930584264681221e-02
6.258600215517932941e-02
8.217462564054739405e-02
9.303570053487678418e-03
6.233731203796952225e-02
-4.595532930801553978e-02
-2.677791263349592679e-03
3.298606948014192602e-02
4.787106026225083910e-02
1.554217484312881998e-03
-4.521292930590859599e-02
2.803342749884492682e-02
-2.574290598424068544e-02
1.142551720193704379e-01
2.468855818880614020e-02
-2.620948719875431081e-03
3.852389283965271249e-02
8.301181640858261782e-03
2.523062093915154260e-03
3.232945990861249563e-02
7.665844138517780015e-02
5.571462910786343162e-03
-4.590908290403234587e-02
2.667523859511503059e-02
2.554627099808442180e-03
1.182137876017327199e-01
1.341270188235423877e-01
1.488087360742717732e-03
-1.291589613742510044e-02
-3.534904050271154424e-02
1.906053997929087196e-02
-6.153465447152836609e-02
-4.291286488254592024e-02
-3.356927206122185814e-02
-7.398358640144619969e-02
4.038405789372602125e-03
-9.064965418443976866e-03
6.690278001876957814e-02
3.814374037737267714e-02
-7.663664270062257866e-02
-1.071582480148777425e-02
1.149805607493427882e-02
-2.526751593087312245e-02
-3.227153221832299024e-02
-4.646656112237214364e-02
-4.304116753541853413e-02
4.162699782245019020e-02
4.340373423607349346e-02
5.879756312632869464e-02
7.216120998941298603e-02
-5.466411124236538605e-02
5.060984315983912962e-02
3.887870393218626625e-02
3.327771864480609521e-02
3.519877958486968689e-02
8.883043746460416237e-03
4.940609618079843529e-02
8.399141673808988018e-02
7.697370845111703441e-02
4.943000132681873299e-02
-1.587480425811349863e-02
9.896695344711411990e-02
5.023463769039374083e-02
3.221960475160066256e-02
-2.221487027498897978e-03
5.439777153136489407e-03
-6.668836777449141384e-02
3.518547057834036512e-02
4.831555554746400083e-02
8.636756910285760258e-02
2.596670155686326906e-02
-7.239994228878790516e-02
5.021261559325888163e-02
-4.714634177001738452e-02
2.620214649970936498e-03
7.631390727130718532e-03
4.420782802624082658e-02
-5.389333784264557087e-02
-2.482761656158375199e-02
8.787841263063966846e-02
-3.344562915643864431e-02
-2.940001033235230959e-02
-1.073714474480093502e-02
-5.627357546601222810e-02
-5.151948343583973716e-02
-6.513692698938249037e-02
5.125336713741887595e-02
9.763193561950002028e-03
-3.777641818037991150e-02
1.314176625542995023e-03
3.937953110354872749e-02
-2.473723021508244385e-02
-5.648154066156396008e-02
-4.360024155789853778e-03
6.002955583865104972e-02
-9.477991446012266896e-03
9.339392664827037005e-02
-4.867847332502980157e-02
-2.269590947501287995e-02
1.303883688838662104e-02
4.327658056218182392e-02
-4.168846819793095744e-03
-5.889742854942282835e-02
1.823873276316724523e-02
1.983220702932921020e-02
1.232101227003885684e-02
5.452128677181689032e-02
8.569659729406632620e-03
3.254846806881445814e-02
1.289340487387302669e-01
4.015573023734524821e-02
2.648390167870425319e-02
-1.239818535825925119e-02
1.847982685266966879e-02
4.728648528961033187e-02
-4.800967180986918936e-02
5.446463572483955379e-02
3.753538792304309674e-02
1.634183229778637947e-02
-5.232140693237639223e-02
