1.658022275314965377e-01
1.514355704859831619e-01
-2.292911096723421471e-01
9.859811518008462783e-02
-8.597696056429739164e-02
-3.000502240453291336e-02
4.501998683608850194e-02
1.618443862304878300e-01
3.327422197362370215e-02
1.570868492985834641e-01
-1.092457774760832723e-01
-1.156607871278400868e-01
1.250087759638587592e-01
9.172084031263731674e-02
-6.295935940340735559e-02
1.257376175938327845e-01
1.058180303157460755e-01
-7.993709394113955591e-02
-9.089926329910404112e-02
-8.613870129125898376e-03
9.347814053853209515e-02
-1.980765946828163745e-02
-7.390176493189275220e-02
1.071614665410011991e-01
-7.750258004799165379e-02
8.399224185157341815e-02
-1.747979630802007356e-02
-9.050771763651561941e-02
-6.966151598584431615e-02
-6.240735026814340364e-02
2.937496630999946942e-02
-3.847778954700362825e-02
7.787157208884457060e-02
-3.248783667686699211e-02
6.682927183040701657e-02
-4.754313545429827981e-02
6.048256167099974601e-02
6.399477567399167177e-02
-3.225325884364485529e-02
1.361116785769745652e-01
-1.394859155051166727e-02
-8.193085426973067964e-02
6.229639720503031726e-03
-6.934623584891586034e-02
-4.320299177829766551e-02
-4.094147861700163371e-02
-3.560228680561464826e-02
-3.181263972690764191e-02
7.106000859321977281e-02
6.738464216116062111e-02
2.634158821646198287e-02
3.846266416730023674e-02
7.676389011523296335e-02
-2.805085695880977972e-03
-9.437026904539297031e-03
4.365587925857206814e-02
-4.907493307479295769e-02
-7.692455525963785845e-02
-8.899131429136350468e-02
-7.517128846833064093e-02
-7.379400500449481703e-02
-2.572914478629426127e-02
6.708690746468809474e-02
4.029622991885500882e-02
-3.094003976584160792e-02
-1.375776639897820786e-01
-1.392551358227978320e-01
7.575751457367915775e-02
8.073914240887800076e-02
-1.140870081756797660e-01
3.319799005991861535e-02
1.358188512259169388e-02
-5.694493703010612695e-02
1.851514535469458772e-03
-1.057176650184253469e-01
9.363894013075658995e-02
5.076077428457795304e-02
-1.258584861836403168e-01
-8.326356828137385091e-02
6.557719289856037137e-02
2.426399967235918359e-02
-3.496846617213279079e-02
-2.905703082863420050e-02
-1.479920257068446376e-01
-7.698340979266149464e-02
-5.447997070582204920e-02
4.443382795464977802e-02
-7.000697965826974123e-02
2.342319662062516614e-02
-1.058624989320740284e-01
-4.025875258914549809e-02
7.720508063520339914e-02
-2.203818240716316074e-02
4.720204133600938018e-02
4.002118329193757318e-02
6.576212587440048545e-03
-7.732010074485895501e-02
-6.170166727509300564e-02
4.111632800637283341e-02
-1.473447266794493220e-02
4.178184471332201111e-02
6.498158905779574668e-02
-4.563478310309897201e-02
1.202047536983326219e-02
3.921405941900977382e-02
-5.211204209532394743e-02
4.422785389504449438e-02
-3.048147186518971111e-02
-4.024796315162374599e-02
-1.012294606811059948e-02
2.493633960615233500e-02
-9.604952231201824980e-04
2.790081319215214836e-02
-7.777228237408054246e-02
-1.442544435462722041e-01
-1.881856047154459657e-02
-1.020740282717884084e-01
-1.013674377559558026e-01
-6.506104771917088636e-02
5.837129394809072863e-02
-2.140399204217744919e-02
6.306251449298448664e-02
2.037052526497713442e-02
8.805380964539247235e-02
-3.554790266259223036e-02
-6.258734228661375076e-02
1.398949057722963518e-01
8.589330040856017756e-02
-5.927905201397841786e-03
3.596869072594055528e-02
7.439367589180189561e-03
-5.306053785054611061e-02
6.996647725261954942e-02
3.753638591426461391e-02
3.245701451422697281e-02
-8.765090314204903102e-03
5.113857265761375011e-03
2.605252540435274919e-02
2.233679101446297763e-02
5.178644308824230380e-02
-3.967575323146704108e-02
3.166074730273071153e-02
-6.803842829585093899e-02
1.052095194843012255e-01
1.643822904968971627e-02
-1.480828452089747761e-02
4.804603752345856099e-02
-4.152911642445580170e-02
2.742026307299798987e-02
-6.238483025836279866e-02
7.641009067799321708e-02
-3.317570533382228903e-02
-4.270990439996713572e-02
7.219555487744053202e-02
-2.640847600670586520e-02
5.865528135501060780e-02
3.985023288933436936e-02
7.198554738324768054e-02
-6.132844012792312838e-02
3.374283984878963250e-02
4.634648263607582530e-02
-4.019620074108325170e-03
-3.519070841790794633e-03
-8.475254427133049407e-04
-1.690745194004377935e-02
1.858858747614327428e-02
4.145906911045165594e-02
7.775930815949053110e-02
-3.053572156039253624e-02
-3.554430618341831993e-02
-1.855242101267471841e-02
3.200133724169616084e-02
-5.332637480182191199e-03
2.709368931922434554e-02
2.166122433299977855e-03
-1.310681375208565085e-02
3.556064159349797693e-02
2.648356511394447249e-02
4.663322622329721737e-03
1.023300169202795568e-01
-3.215080960512055330e-02
6.341170909240341491e-02
-2.780599386738934198e-02
-7.131670309276376407e-02
6.885170315652479334e-02
5.329007389053377376e-03
5.213234371608139323e-02
1.112022621466942640e-01
6.824887274545743399e-02
9.536824159822264446e-02
-4.697949658264016087e-02
1.134122481811340732e-01
-4.509413480859000845e-02
1.009333393584685087e-02
-3.352789139722700540e-02
2.294402459162175889e-02
-9.418826030962883233e-02
2.565664379958267419e-02
4.295184325131159303e-02
7.657727654164801778e-02
-5.382420146579283693e-02
-1.914862986862747238e-02
-1.490602808573627397e-02
1.380742133994669087e-02
2.245073554156185383e-02
3.832277121102132394e-02
4.431094264754845136e-02
-2.522842749420224975e-02
1.344229467390684919e-02
4.993257571593009113e-03
-4.040042697903391961e-02
1.349926693745628556e-02
-8.165789158401682082e-03
-8.623789017015832947e-02
4.411858142967622909e-02
-4.713468297839695093e-02
3.214939790301490907e-02
-2.443747097157962164e-02
2.205404724987427081e-02
-1.154547122323701207e-02
5.532850450718224816e-02
-5.606161485542812684e-02
-3.304324061957548270e-02
8.130160486211474719e-03
4.202825395466768671e-02
2.183533425936324927e-03
3.183428582586093902e-02
-6.414814702418404624e-02
-6.962750068748912134e-03
4.649474496912395574e-03
-3.086888325732588256e-02
8.479859264953858514e-03
-1.111123501673463299e-01
-1.607054787507774607e-03
2.747750423218659616e-02
4.570462874537373210e-02
-2.521904975878614622e-03
-2.215051356042700703e-02
-1.977024936248191617e-02
5.749355135792554028e-02
3.518364990737969655e-02
9.020070604049169882e-03
1.297545823235043104e-02
1.072846543556965973e-02
5.975412338448446437e-02
-3.171119884703023969e-03
1.728030935570980253e-02
-3.881878282942783850e-03
-8.665161972297839464e-04
-1.494014421995614600e-02
