9.631533292120277034e-02
1.395120449494065551e-01
-2.343572696826467239e-01
7.406164471270269833e-02
-8.624024219698901705e-02
-6.953372361366136345e-02
-8.484625360993751364e-03
1.510437099918056636e-01
-1.746900401336480557e-01
1.178021691750136823e-01
4.826827722963866057e-02
-6.741631265404156304e-02
1.081403664741454329e-01
3.915358626446511364e-02
-7.736320194514194337e-02
3.449763206402406412e-02
-3.809077349084223629e-02
-4.846411434529530188e-02
-4.954446728348017165e-02
1.039312993070937996e-01
2.994773357644902045e-01
1.261158705139705238e-01
-2.312342450657012272e-02
1.128149381621158104e-01
-1.016689884083668777e-03
3.378552158261283363e-03
3.923576580706745337e-02
-1.076170905091031471e-01
-7.235668011786017262e-02
-4.642716594479864844e-02
1.378485236224638588e-01
-5.876739554052858722e-02
5.945422259855007163e-02
1.188613796499645159e-01
-5.522717760448096064e-02
-1.093918454324235984e-01
5.555495311729392177e-02
5.182603533024827958e-02
-6.153025762295550455e-02
2.068425757621737415e-01
-7.765986975727300068e-02
-8.786407090585379720e-02
-5.399822142948873527e-02
-9.613363566949245653e-02
-4.533563578082763779e-02
6.534903087874577299e-02
-7.141001622665355160e-03
5.278549243169205346e-02
-8.015282877003869488e-02
1.461513170663763725e-02
4.454205275001137804e-02
4.606784506884829128e-02
2.345439832194236990e-02
-5.407636101096355979e-02
-7.208132310067680640e-03
1.129845491967862853e-01
5.518186270716725350e-02
1.061237188783146004e-02
-1.623909508087333781e-02
-1.076767809347622812e-01
-7.622410123889436506e-02
4.489989230688164884e-02
2.382934038091915480e-02
-6.278055825923813116e-02
-3.963457730303934778e-02
5.792055235551449299e-02
-1.553643474186623685e-01
2.501139934048939202e-03
7.677259329464095061e-02
-1.767691724615845852e-02
-2.837274799761597965e-02
-4.073371606046719690e-02
5.705118638721446561e-02
-8.729928434022619921e-02
-1.316475199551447005e-02
7.473069594176308394e-02
1.299591528672677625e-02
-6.067822982116108377e-02
-5.693113220904160061e-03
7.744369817060781959e-03
6.414094783624574303e-02
2.353748685579841286e-03
2.205576377959421810e-02
-3.903972669335444706e-02
-3.787322158412516349e-02
-6.641625394326619580e-02
-2.100039126771452436e-03
-3.010424167052922623e-02
4.662697568889734995e-02
-2.592931217500514529e-02
5.471618985453487183e-02
1.245075619891039542e-02
-8.275934435683050816e-02
6.807065169132923976e-03
1.124835603506308124e-01
2.017129024531880144e-02
-7.942745374959210569e-02
1.558593436558120167e-02
-4.590944492630668478e-03
-3.916472982390852009e-02
-4.970872536965666860e-02
1.115619105520721105e-01
-2.337814405566039297e-02
1.419197944487242576e-02
7.507022100818859511e-02
-2.664502495508841787e-02
5.160680010639475367e-03
5.864107942260805839e-02
-3.622363812307242709e-03
4.039068969439783829e-02
1.327234962687747627e-02
3.033212914446420036e-02
5.907335526325292741e-02
-3.527677223380943500e-02
-3.070040526758057234e-02
3.911726028066014188e-02
-6.794181059770400266e-02
-8.479652842172626104e-02
5.493219310948638245e-02
-2.261570239186878276e-03
7.128410410484578574e-02
7.157918959886853949e-02
1.322935770721209506e-02
9.614164825906203193e-02
-9.605068180100734265e-02
-2.121333088547766935e-02
5.308037592765844047e-03
5.218027258844651350e-02
-5.439491194586867917e-02
-3.108416790835244470e-02
8.766981610830544558e-02
-2.403679238481741531e-02
1.878487658538139857e-02
2.301107992088228041e-02
1.783137842660071888e-03
-9.757115483769301933e-02
1.725026368474939439e-02
-4.156581338736583392e-02
7.414749388666252994e-02
-1.896886314839730039e-02
-7.569732397420821102e-02
5.651148124692023655e-02
1.500104899334418719e-03
8.343640817546048305e-02
-7.648757403709426084e-03
-9.753109188984507294e-02
-6.301076871082143815e-02
2.757620232863953677e-02
6.730070243310898315e-02
-5.504548035277065376e-02
8.472909473723937157e-02
-2.717567384918844614e-02
-4.153053106018547713e-02
5.561147890673650424e-02
2.980888684576463166e-02
3.166646097219930067e-02
-6.264370457604331865e-02
-7.166891040224226831e-04
-2.272353568763089277e-02
3.891910018735517812e-02
1.772428579037865423e-02
2.041506823302202678e-02
2.448812337544709408e-02
4.642002868014002970e-02
-5.171308475039130409e-02
-1.343630471596941531e-02
2.147878999789860043e-03
-3.734583832526988667e-02
-2.848866121563313480e-02
-1.956014512575289226e-05
-8.026584668258113231e-02
2.411355164624033251e-02
-1.145184214378782393e-02
2.731922713458639906e-02
1.079167882920798252e-02
3.332227270665696125e-03
4.112862226068248611e-02
-3.608069083184360648e-02
-5.628066480116780679e-02
3.625821345705546733e-02
-4.869291081048396364e-02
1.644001581428210582e-02
1.343613638425576740e-02
-8.013229230097378836e-03
7.241862618848218802e-02
6.829991948531611429e-03
7.602775912809678349e-02
3.161643278690347975e-02
4.447199309079159779e-02
3.080601658472254673e-02
8.354238982237248423e-02
4.770382732743836535e-02
-3.197888463272767490e-02
-3.864916345135124831e-02
7.035562003871301262e-02
-1.802405090604079427e-02
-6.985156755536917061e-02
-4.083020379872951376e-03
-3.555051326654178057e-02
1.108681482274483654e-01
-1.185869989567202992e-02
-2.676447313909215489e-02
-1.933437863140986118e-02
5.645946674740338900e-03
4.813307319723758582e-02
-5.754308532083300676e-02
3.440164932090268579e-02
7.836464097596920753e-02
2.561897582772598714e-02
1.508127588806823169e-02
3.421981740382145937e-03
9.178687316067776769e-02
-6.792655974444761213e-02
8.672308488441336782e-02
-1.044915745827956592e-02
-3.618360884156722468e-02
-5.467414059246590574e-03
-1.624959897980489745e-02
-5.305610249455057492e-02
1.025866655784835185e-01
-5.683727044551217106e-02
1.009900729408867853e-01
2.187952047540606473e-02
-4.293569687302312837e-02
2.900389092476312117e-02
-2.441739038937272566e-02
-2.650786827480904138e-03
1.580661724217209685e-02
3.541604989368075246e-02
3.718743818272828017e-02
-6.047986772979974807e-02
2.123561800436449612e-02
-3.604635116225966829e-02
-4.012085395742209099e-02
-2.274949243787522182e-02
-3.195720350800997089e-02
8.312290719196477329e-02
5.589622883354134668e-04
4.120820949489466950e-02
1.408067851580919148e-02
2.874028346119230325e-03
-6.002240946479332762e-02
-1.097317408286191225e-02
1.664625582984211039e-02
9.079812634105946393e-04
-3.454897323668632003e-02
3.640092508388519110e-02
1.344118633566517181e-02
-4.386138663270935933e-02
6.506424728559819480e-03
