1.050858702431243102e-01
1.091809210847204253e-01
-2.675954125266748473e-01
7.785862418119053607e-02
-2.116270399640891170e-02
-7.137274851093369787e-02
3.401722533735099946e-02
1.432594845345069590e-01
-1.614598844737978323e-01
-1.200134291665017616e-01
8.438966948252500655e-02
-9.515457629277640494e-02
-1.022702398411032276e-02
-5.862153525614134664e-02
-8.252283960549165742e-02
-2.330058569881635067e-02
6.750303524110407016e-02
-1.140110761861154592e-01
-1.166231539175680426e-01
5.636060290087351737e-03
1.091733304082092570e-01
1.315404330906926877e-01
-9.522929169610380717e-03
4.773677745039300868e-02
-7.799981757207984784e-03
-2.168761799855556741e-02
-7.010507149466070620e-02
-1.045752866212969479e-01
-1.401361083641564642e-01
1.295483400317710282e-02
5.986821026610317925e-02
-2.989385412419752822e-02
4.749122076720217051e-02
1.563832536386926542e-01
-4.765460752618692897e-02
-1.401228672288970523e-02
6.061444524885793717e-03
5.889391459893219410e-02
9.862433239217458653e-03
1.854570423884192021e-01
-2.674103429832164897e-02
-6.603064823138642125e-02
6.916025352192321438e-04
-8.915195100112512094e-02
-3.240007085139123139e-02
9.060197444820672352e-02
-1.957962245747909072e-02
9.388689927650341327e-02
-4.965275951075427685e-02
5.384036214353362347e-03
9.616331933496667216e-04
4.859513659650106093e-02
7.620525229698914271e-02
-4.534380817052061780e-02
4.328019936563500675e-02
9.046806538365546879e-02
8.877320007045357009e-02
1.543167515266166863e-02
-6.172993430691825489e-02
-8.750102991830850663e-02
-1.479273080830690035e-01
5.637939237815676324e-02
1.415725502868974417e-01
-5.984186415121688779e-02
-2.882387508629609407e-02
5.047844130506537463e-02
-1.174507418907339562e-01
1.008636840796931916e-01
-2.184348215884540298e-02
-4.680659620814791450e-02
-7.910369936247062250e-02
-9.232270933158120974e-02
5.774118697538659778e-02
-9.676090640595341741e-02
3.468020115083977201e-02
1.055117650615445823e-01
1.693306331209910864e-02
-3.126667732765883723e-02
-6.832561949477607664e-03
4.402915746103951145e-02
2.826659008252558475e-02
2.410635473187618116e-02
-8.474561434475492983e-02
-6.983568757578458019e-02
-9.386443359714301271e-02
-1.562576500677231514e-02
-1.931006834406236161e-02
4.528471662602113340e-02
-3.975785315318859647e-02
-5.311829478554535439e-02
1.470368502466020549e-02
7.853024587734223905e-02
-7.505497547482831155e-02
4.689288484023673709e-02
1.261765479099474507e-01
3.255399479391812151e-02
-6.784236911617053112e-02
-1.194561441627312384e-02
-2.992636128145387264e-02
-8.544201636601933547e-02
-3.123141301884463025e-02
3.332572491885613108e-02
-5.217259180119670353e-02
-5.217449798005152281e-03
2.089536241202010272e-02
6.234396217052785155e-03
6.312512107301559983e-02
-1.111295464579705079e-02
-6.172033533482789575e-02
3.584780377723460060e-02
7.853640691971229548e-02
-1.380757672944505146e-02
2.927536716362397901e-02
-1.423214403044856941e-02
2.253995225792605750e-02
-5.565395516826444379e-03
-7.216929299989250854e-03
5.274349236821594678e-02
-6.406701169965459998e-03
-4.579945299463936137e-02
2.520683263145476888e-03
-2.975694963573155202e-02
1.859858708649998749e-02
9.749570431557925965e-02
-5.188843499619571337e-02
-7.699733768898399389e-02
-7.123356341562356482e-03
1.105652494391269058e-01
-1.064341513938297790e-01
-6.056447613173509409e-02
-7.098405821909058513e-03
-9.940252990965575686e-02
2.034447672297649140e-02
7.496970800998314921e-02
4.255860855236044682e-02
-5.632472589171311911e-02
-6.528182629161440043e-02
-7.273723218190515649e-02
7.246056393669096651e-02
-4.144713608545850386e-02
-8.178746303442775700e-02
4.920627115292029730e-02
-3.358472697075509661e-02
1.104066962050954531e-01
1.426151280037608049e-01
-7.395786742715378115e-02
-6.332053844454299529e-02
-1.323636981225271257e-02
-2.935283971850925072e-02
3.309010759683686520e-02
5.910754278630476338e-02
-4.578379509690332083e-02
-9.756640312774829057e-03
4.521834075518357116e-02
2.629097185513488630e-03
1.197992563565992291e-02
-1.655026175136106725e-02
1.654832153359812527e-02
-4.790898028658132496e-02
-1.696397064067372597e-03
5.518057607301422168e-02
1.178981833379953194e-02
-2.037208227746329162e-02
-3.218198356705470609e-02
-1.993526096953591661e-02
-5.495830200297870810e-02
6.523760974996415177e-03
-8.384143882831489314e-02
8.460949275117575150e-03
-4.401189973462174554e-02
-1.477198068991583402e-01
1.488072138580181711e-02
3.636819060460105574e-03
-5.622805539264712910e-02
-5.072512127222423076e-03
-1.313895045720805260e-02
8.202648424725920984e-02
-3.113167901804768378e-02
3.338978614394140509e-02
5.929918183903063605e-02
-5.081586900127702672e-02
1.025149795904991418e-02
-3.008750147250259174e-02
-6.818017124037152599e-02
2.323427790579503643e-03
-3.473384647003976977e-02
1.724751474532852658e-02
1.379358673820698170e-02
8.614566867471369410e-04
6.637525813721177614e-02
5.488671817919851294e-03
6.699493645956959564e-02
-1.126355979478206454e-01
-3.778199665344104258e-02
1.830333359745128091e-02
-4.406251559099889914e-02
-7.537592833950901294e-02
4.633342134634642340e-02
1.368908729027298182e-02
4.350373287527102562e-02
4.998239229700602096e-03
-3.849963895337347314e-02
-9.626577644841335588e-03
-5.467754908878989795e-02
-2.343789865417978888e-02
-1.460653798088052020e-02
1.062133069579353911e-02
3.699607230381623396e-02
-1.872984111621774084e-02
3.027233274360410092e-02
-2.411646428758836350e-02
-2.119960217281297021e-02
-2.591422922004252977e-02
-1.702534279201737416e-02
4.891523848847870171e-02
3.490931704140777525e-02
4.248396122684928305e-02
-7.511648378180446617e-02
-7.871940008977522732e-03
5.265989280986874826e-02
-2.385106292096249216e-03
1.130360657018739112e-02
-3.510647039724938689e-02
3.022896717465689553e-02
-4.723034657535650493e-02
-4.205758986371530700e-02
1.126178636766891755e-01
2.259244025424991115e-02
-6.651406880453257509e-03
-6.015944716399351105e-02
-5.747571753094449232e-02
-4.725274417690066703e-02
-1.339129790256919639e-01
-4.392135623901768926e-02
5.029544813500244627e-02
-1.303676565502633403e-02
2.333431825676507768e-02
-3.108068873368119087e-02
3.085494269501724493e-02
1.357546541496233022e-02
2.627541607412321040e-02
5.073951973035976948e-02
5.739691745864246991e-02
1.758926538287164257e-03
-2.748777986469823787e-03
5.040958059393491758e-02
3.013610903330055449e-02
5.673060583215774888e-03
1.712034538458538646e-02
-3.424552429412407520e-03
