9.906595732119664877e-02
9.508048139926049414e-02
-2.342986767855776420e-01
1.355118240980901501e-01
-1.816326833672711749e-01
4.222542051300928918e-03
6.583787002113182692e-03
1.231730645993980855e-01
-3.743218460491264110e-02
3.642160294217123423e-02
1.099934644794154856e-02
-8.914698632802460498e-02
5.185294335190128445e-02
-7.071338431063402263e-02
-7.207409875116975451e-02
-5.425485138619428466e-02
3.465817232620908156e-02
-1.117362637824233923e-01
-7.032865440803949542e-02
-1.686421154480316834e-02
8.924467647654296676e-02
9.417298576688702683e-02
-3.539493943548602251e-02
1.021585382322346414e-01
1.437551092729584014e-02
-2.420194078338767235e-02
-4.404090551857906682e-02
-1.191218506136214189e-01
-1.482527707641841386e-01
-1.276824348015653809e-01
4.470153073953429118e-02
-1.685190329143388885e-02
-1.337039568080726840e-02
1.002800307373499511e-01
-1.150191817806648642e-01
-8.701176887246656055e-02
1.115646183120844528e-02
4.853518135844821918e-02
-6.835030546533693921e-03
1.934620434056024962e-01
6.346657391785469338e-02
-6.175361066742674626e-02
-1.597868737904592495e-02
-2.622691296664664620e-02
-4.017413899733345700e-02
2.541509725229856159e-02
2.465254981862923314e-02
-1.144106814837205117e-02
-3.348317496946312533e-02
-6.415622404575237192e-02
3.537561300899213362e-02
1.425165251516714165e-02
2.561982335776755160e-02
6.082523685168761407e-02
-7.730979697093115499e-02
6.212529170541773033e-03
5.535765678120121297e-02
-2.668951285044280503e-02
-8.932709592675501520e-02
-1.613589445703706160e-01
-8.365380226915396233e-02
6.199004198716216024e-02
1.645474875370470658e-01
-1.377981262454361366e-02
-1.663667461331913844e-01
-8.827585118053286883e-02
-1.756888550059573506e-01
1.060048850437357998e-01
1.094308115445916663e-01
-5.170672553393842324e-02
-4.243705898999798609e-02
-4.479671691673683953e-02
1.873739369224155377e-02
-9.659838175746639222e-02
-1.922485695318769394e-02
1.040564426880164761e-01
4.771504258451518543e-02
-4.907551015463949839e-02
1.443352547397912800e-01
1.412402051246391087e-02
4.622648453806642473e-03
-3.520128723132922438e-02
-7.357778642711827743e-02
-6.805526005649051302e-02
2.606612979441010405e-02
-7.214117696867225482e-02
-2.137788434556947212e-02
2.023420426387200627e-02
2.250283754320078766e-02
-7.309649492645760305e-02
-2.242345107232900439e-02
3.180167006289019715e-02
-8.069872817727594128e-02
-5.194047654634986223e-03
2.340684172261276591e-02
-1.811446910983005587e-02
-6.006039704991226330e-02
-6.576627760182054278e-03
1.761508553473258021e-02
3.273663884533435653e-02
-1.386364276282092342e-02
3.893463792880408336e-02
1.126765931795154982e-02
3.942746180439816311e-02
4.653503728513760235e-02
-6.363543327926476055e-03
2.506235470158351894e-02
-2.349123613611617950e-02
-9.880311086743948090e-02
3.425774851888869349e-02
6.419794514528205133e-03
-6.106561809800573060e-02
6.983928671820527345e-02
-4.622584972843706008e-02
-1.040470616123825680e-02
9.664119614024664628e-02
-9.994830743880708454e-03
-5.213285913124793974e-02
2.000397997162367894e-02
8.549157614615464362e-03
3.257546773387987732e-02
1.967800522694669943e-02
-3.069375092364674470e-02
5.821430011332662247e-02
-8.616881221907814192e-02
-4.915119356934000844e-02
-3.099394534393132977e-02
1.017437959410519843e-01
-6.667969812406804309e-02
3.228814584219066863e-02
4.919245619524848130e-03
1.495375196524063172e-02
6.903226734327902459e-02
9.688781968125345992e-03
-3.001961836446677759e-02
-8.359180252868636529e-02
-9.922850385351475108e-03
-2.153147300867325198e-02
5.871851529504757555e-02
1.116675985408474917e-02
-5.837377839910281446e-02
5.531981507385096836e-02
-1.367611999830762315e-01
8.022085759517348647e-02
-1.151862072475901173e-03
-8.183189863288731214e-02
-5.118589950024918234e-02
-3.718182274053290909e-02
4.424175223186862377e-02
8.483243214766792578e-03
8.173438482037710673e-02
-5.981744129787507774e-02
-3.003746356849215648e-02
9.994428697782112292e-02
3.427827403023803177e-02
3.350493483286956509e-02
8.652455248193184839e-04
7.581312746810724146e-02
-1.602745486546151565e-01
5.330990198568850025e-04
6.377660788739437925e-02
2.773719560930021019e-02
4.793115999611104183e-02
-1.747518054586169600e-02
-2.821841657555762897e-02
-8.673739004377600814e-02
2.117865992355495025e-02
-3.017366550119176399e-02
1.948304813632954421e-02
-1.238055465934516375e-01
-6.044318725641707052e-02
-2.048833971882627059e-02
1.053925053546120273e-03
-2.970207248097965144e-02
-1.957964500159734347e-03
-6.003176008218775311e-02
2.721030361693041119e-02
1.167848694975314253e-02
-9.454149275673119981e-03
5.495843205873628123e-02
-9.012886048863821744e-04
8.373653912418070611e-02
1.729443613750190900e-02
6.333234694844643020e-02
-2.496776806680870136e-03
-6.592198229702218859e-02
8.238852087623220466e-02
7.623502900122100523e-02
9.403392719085529317e-02
-2.285314665700327597e-02
4.314568287237325467e-02
8.676955373166364560e-02
-4.607286060776101533e-02
-1.997918712887696013e-02
3.091931994527976138e-02
7.772009559470828034e-03
-9.946549944847625502e-02
4.641551673880953133e-02
5.497275054259854674e-03
3.525253047529932487e-02
4.221893134790916102e-02
-5.722918137016293205e-02
-3.235268482117572425e-02
-5.993537482012974149e-02
-3.323588135162530710e-02
6.406477619192273154e-02
2.402592218004646549e-02
7.440864643034719728e-02
4.579202788117194001e-02
1.345888108969989574e-02
-9.325494524122582285e-03
2.510361732749200048e-02
-3.476499667994991868e-03
-3.635343144141816945e-04
3.256203093005839017e-02
-2.342024325923261312e-03
7.836841256229422348e-02
1.635354246518371316e-02
-7.358113681127324834e-02
2.930715035711372457e-02
1.940567189595074349e-02
-4.708471188976114108e-02
-1.427574001388123674e-02
5.463312739089030284e-02
-3.162184260177282324e-02
-5.623034368556471124e-02
1.429531331078654106e-02
2.293722366569200116e-02
-1.711859387016885850e-02
-4.455887490893618158e-02
-6.506502456458619632e-02
-1.536062967045953055e-02
-7.042049020108707980e-02
7.705601418799320167e-03
2.963883838845495292e-02
5.326158591945379106e-03
4.605480380052585226e-02
-1.938024424357466177e-02
1.214704699062497083e-02
3.641126965209330602e-03
4.921255850017825471e-03
1.917763417020354466e-02
5.020970335909818311e-02
-2.099604635350870926e-02
6.005503643526432372e-02
3.150849381573021801e-02
1.087587597503079581e-02
-1.822982812636564018e-02
2.071373240445113090e-02
6.732508791391859492e-04
