-2.357007404005483919e-01
1.007041610658568065e-01
-2.432020193086067983e-01
-8.290096428618172475e-02
1.742376828100800773e-02
2.701420144114913269e-01
1.418829975585929604e-01
4.676564332634477322e-02
8.135595173487135401e-02
-3.943887508666284875e-02
-4.627977189543083791e-02
1.272262810117669000e-02
2.255736190460688392e-02
-7.419962081872666371e-02
-2.931607719468815390e-02
1.481420134839638858e-01
2.106562441606255401e-02
2.175813591604998931e-01
-9.087096369951511501e-03
9.016748989955677973e-02
-4.373521769031944034e-02
-1.767342144234023554e-02
5.553105264728039336e-02
-8.510278582727440200e-02
1.205648257624966080e-01
5.846014489765549021e-02
8.520347605321318407e-02
5.337082210086220059e-03
-1.076024420133251946e-01
6.935534187200012579e-02
-5.838267988351947962e-02
1.351117763852332891e-02
-1.008993600382853267e-01
-2.605933080241860239e-02
1.450845751400572092e-01
-3.034713367435078538e-02
1.039058458406062618e-01
3.622639952119888207e-02
-1.492051922181044932e-01
1.335152395948158432e-01
1.960886766960270259e-03
-6.905713015245257269e-02
-1.796380805206501327e-02
1.974464583091120259e-02
1.071550529718136996e-02
1.455677667388400286e-02
-2.857501428270440777e-02
-3.937995451087397680e-02
-7.166460681600193838e-02
-1.992880389495962218e-02
8.975986956687062590e-02
3.637396894388417179e-02
-6.591600958386572770e-03
-3.639390689493947340e-03
-5.118893851082480240e-02
1.441860452920506498e-02
1.012541698124414663e-01
6.769166635392513676e-02
1.751463245579945593e-02
5.600045204336189658e-02
-1.686150376881050128e-02
-5.192446310307096552e-02
9.421700209839253826e-02
9.926312600123268423e-03
-2.431929793415512492e-02
-9.370701217829879859e-02
-1.895677518437110382e-02
1.732529338296426476e-03
1.133593645906153247e-01
1.264866473435864030e-02
-1.432538210213825901e-02
-2.716431491780420260e-02
-8.369062148747587193e-02
4.284451295213569100e-02
-2.212358641032131576e-02
2.499815300960253270e-02
2.058918599425005325e-02
-1.219448678478171622e-02
6.771971526356387189e-03
-7.056330300340969697e-02
9.447265808369841381e-03
-1.014663767861286175e-01
-1.014069917061036913e-02
-5.712069333634716556e-02
-3.726488806863840347e-02
-3.068975914508425412e-02
-5.378315893809905261e-03
-7.810184944363780801e-02
6.747409971597581602e-02
-1.057608613728409919e-01
-1.814357119141844776e-02
4.807225801127349395e-03
-8.240180088789758606e-02
1.602039379059944221e-03
4.590123667414078290e-02
6.328905947349711819e-03
-3.662144250841644494e-02
9.373874139073088904e-03
-3.354617434806422827e-02
-1.202894819438010271e-01
3.990663085237062396e-02
8.858520981607671818e-02
1.268668261952502147e-03
3.675261135845947491e-02
-5.099241748787829848e-02
-3.054522686548086577e-02
-4.054321604233698806e-02
-5.597304629343462928e-02
1.978137739665465980e-02
4.209948388859793833e-02
2.468461265026514542e-02
3.137733260773147015e-02
7.852372648326132187e-03
-6.216996157555445060e-03
-5.226476605262415920e-02
1.376576169097676198e-03
-4.222361371290996729e-02
-9.724649872594576250e-02
-1.219652345720134354e-02
4.632679401655767637e-02
7.120617686611034614e-02
-3.518026451941199534e-02
-4.075217148637175213e-02
7.384473958238034486e-02
-7.619055743665020808e-02
2.967185170841149522e-02
8.295716929874442924e-02
1.134731681284488758e-01
4.691328421122022141e-02
9.204712415630242339e-02
-6.235436975726843523e-02
-9.262393122419797231e-03
-3.192701977446039258e-02
8.946701751158524230e-02
2.787915120599835858e-02
-5.844481625786566298e-02
-7.952012380069521658e-02
6.051893486513820059e-02
1.160095041816916195e-01
3.887993356630789488e-02
-1.131448350957478810e-01
2.231942854246128476e-03
-7.860358548076777641e-02
-7.177698111003226293e-03
-9.099855944005001696e-02
6.119921918438885750e-02
-4.211634896547625934e-02
9.373924162606202259e-02
9.071410419210871332e-04
-1.654506919077153998e-02
1.040507354311604599e-02
-1.603390014454013010e-02
-4.011404985931689426e-02
-6.998642447332399652e-02
3.718392140718444327e-03
-3.685494521477197805e-02
-1.288234609618958172e-02
1.137313610215055226e-01
-1.476276643702702576e-02
-2.699841544334226698e-04
-6.401690188030081767e-03
6.412137960231820144e-02
1.424538018025148928e-02
3.561178895470744343e-02
9.300911242917313249e-03
-1.238600545441686032e-02
-1.803705679698143971e-03
-2.467671607825220464e-02
-4.062571914087943770e-02
4.420265187617148511e-02
5.319959869323316604e-02
5.077502950540437737e-02
4.232480417417987945e-02
-8.125140255066380657e-02
-7.797168106425704515e-02
-1.127762688499854733e-02
-2.906306531041829080e-02
6.923971604831742101e-03
-2.061012441596762543e-02
4.287181150877771713e-02
-1.691231338601594664e-02
5.797348738264977708e-02
-5.146349624542861934e-02
8.706578072884446629e-02
-3.539758103969575104e-02
9.035983038437876702e-02
4.087719458806081396e-02
3.909524914526710943e-02
9.228377119902509210e-03
2.038008762583496877e-02
-3.522106942999470719e-02
8.041565223671492957e-02
2.747760515947601789e-02
-2.206041383421778260e-02
-8.733340663100254420e-02
3.604063355787181372e-02
-5.730402958520871420e-02
2.372044478059449034e-03
-5.227423479282068165e-03
2.839017732784944459e-02
3.074474930041419529e-02
-5.045119859068360885e-02
-4.105027601263406406e-02
-5.227352017091905362e-03
3.758403820990353222e-02
2.281419701605043315e-02
4.280821015953321235e-02
2.764421925583957634e-02
-4.413276185419268832e-02
-6.836180304217273629e-03
-6.748974993562137370e-02
2.453875832014375258e-02
7.936126335196427850e-03
-1.891304032399173524e-02
8.269951237211399520e-02
1.281170572121408113e-02
1.926263335826603395e-03
1.586657142627494535e-02
-4.202655672353724364e-02
9.876646377960422718e-02
-1.056061100000443842e-02
2.099484111670672781e-02
-2.587438665427839457e-02
5.181937795243721223e-02
-4.068120953154052283e-02
2.042124984736849030e-02
-4.419043184165371424e-03
-1.065910376359572032e-01
-1.633375549446142074e-03
9.467382414900546092e-03
-3.196078565931211035e-02
9.109606959852656685e-03
-9.038916561344043088e-02
3.631429801509859084e-02
-1.432298811876782027e-02
1.223664947697751353e-02
3.419869560643679779e-02
-6.202389285886256848e-02
-8.636884571928599152e-03
1.111022670454320238e-03
1.219555871763415220e-02
1.526971921403885712e-02
4.663872647661640794e-03
-1.537528673445621163e-01
3.751421965011490084e-02
1.602682538771405332e-03
8.189531261512181595e-03
-2.892707276253930759e-02
-2.121426577160027711e-03
3.641670333360126632e-02
