-2.871929523685198271e-01
1.047503420936105045e-01
-2.875874328365042309e-01
3.462501089896358880e-02
1.378651830378895271e-01
2.319814303200559980e-01
-3.787149990199510652e-02
2.010744562683039749e-01
1.106062939553124763e-01
9.923452479366402790e-02
7.594563681677934941e-02
-4.920621347419713160e-02
-2.203191975862161395e-02
-1.438877131801642173e-01
-7.495311075956581637e-02
5.498819165455521435e-02
-2.689507056801212354e-02
1.098969097258078870e-01
7.481282888523291263e-02
-3.241497842004035373e-02
4.123438058022663166e-02
9.482625025064139734e-02
-1.065266385543194166e-01
3.150584462627491200e-02
8.541945856127092229e-02
-6.861316752550233877e-02
3.497910146193916603e-02
-9.583905719632748732e-02
2.224535032900461576e-02
7.264717374023856554e-03
-3.916081441865248286e-02
-9.089969837042237433e-02
-1.376888768057274448e-01
3.586774812090862130e-02
1.464085932429131376e-01
6.266107050268565279e-03
-1.990294208481403412e-02
3.912025264170741062e-02
-6.455778044190184362e-02
7.943288402805093185e-02
-5.437601819216982685e-02
5.209060268202578801e-03
-9.496752898220432726e-02
-2.748850998935084989e-03
-3.476553339400719617e-02
4.564368635486648618e-03
-1.237296100188558928e-01
3.382082210944670903e-02
-1.503593103173629930e-01
4.137335622784436145e-02
7.809417351692739262e-02
4.833856956583228170e-02
-4.090418021638396462e-02
4.253369804357130801e-02
4.099400049024622128e-02
5.370444578863096952e-02
5.850788828738284764e-02
3.037025236936190253e-02
-2.661371620843974717e-02
-2.666964333648180752e-02
6.885808503459863415e-03
5.460972965102536131e-02
2.775690520493314523e-02
-6.644383432107313359e-02
-1.389137737206940816e-03
-3.132266351666450344e-02
-7.775029214696257962e-02
-6.058234818302526969e-02
1.686424625265790442e-02
-5.839984958828254441e-02
-1.820484735507972573e-02
6.874434018721622963e-02
-7.010061601022021804e-02
-3.239624437899368825e-02
-6.744914765034053239e-02
-2.079688239941869868e-02
4.668021162774924071e-02
6.250446079441299152e-02
-5.818057537206847152e-02
-4.637345459600533681e-02
2.226820929652027076e-02
-8.062189408273737201e-02
-6.813735725730431236e-02
-1.751588151159663362e-02
-9.032317114760650412e-02
2.193443399640447947e-02
4.338487662044743925e-02
-7.473558963710107139e-02
1.929080299681588603e-02
-9.925363695297034772e-02
8.945831156460823039e-03
1.744610150549621638e-02
-5.943888419143394247e-02
8.280838010640011182e-02
2.450677251685402444e-02
4.297296833813152306e-02
3.711646648623368600e-02
6.670556090553056428e-02
1.987967062465148191e-02
-1.122005436611899498e-01
4.727832596575282792e-02
4.062739765031472133e-02
-3.080123843659689567e-02
9.739020142060400564e-02
-7.032879319272984653e-02
9.297446763554997884e-03
-4.259106889587751382e-02
8.266799510890548638e-03
-8.049130578560659277e-02
-1.513951137281136644e-02
1.249436446274542062e-01
-4.485585977367659294e-02
-2.191459997496608345e-02
1.809158374911870376e-03
1.002040200114256846e-01
7.466350654705547485e-02
-1.885345766794119943e-02
-2.823323108893979055e-02
6.995634670696727897e-03
-2.978753775684255325e-02
1.523912834703748144e-02
5.897008629823319997e-02
-2.172990639231704713e-02
4.209927453761215521e-02
-3.329468773832700013e-02
2.064020394237155512e-02
9.369299545206082047e-02
5.833433200620007780e-02
-5.518773497249261639e-02
3.406054908606952203e-03
1.585425800672564736e-02
3.979179067085902269e-04
5.139734004013749719e-02
8.882846966718066506e-02
3.778876075190461259e-02
-3.355696431298029608e-02
-4.637792326634674776e-04
1.161245862111403432e-02
3.782684757296829459e-02
2.195746483585633846e-02
-2.657593875686124762e-02
3.191153114450009931e-02
-8.259384955562537600e-02
8.072182042644865385e-02
3.478481742524972345e-03
2.555151326828752553e-02
5.060810410907069790e-02
2.411181080744821334e-02
-6.202101941224733364e-03
-2.923541634896820868e-02
-3.377891973139921650e-02
-3.575221580538965466e-02
3.528056483804786064e-02
3.035495576703939671e-02
2.894701524001130899e-02
1.292452898212534222e-02
5.187579713615312477e-02
6.144765463305769566e-03
-4.902371985233155462e-03
-4.155389050963716885e-02
7.293557484919547217e-03
7.629439934973247794e-02
1.475902128043426152e-02
7.075596370298103954e-02
-1.034452497332092463e-02
-3.322040468749793557e-02
2.088900575722614852e-02
-8.942177159097042249e-02
-8.008530989789622301e-02
2.123151215170130182e-02
-9.758269798915688784e-03
-1.402584997495849063e-02
4.469254705989181807e-03
-5.493360512761558123e-02
-7.109379518079133285e-03
5.965901776732904921e-02
-3.865227973380047297e-03
2.431946648077462636e-02
-5.890738741590454590e-04
4.133657563349586381e-03
8.231015773772058092e-03
5.352611146762162320e-02
-6.441498923730029635e-02
4.331640284106219596e-02
-2.112257971853271840e-02
5.895465219836172610e-02
-9.031079636819953557e-03
7.547027341561547698e-02
-2.551923571866767521e-02
3.455423403563316620e-02
1.822138143534292667e-02
6.802426552327950349e-02
-3.675526042509911356e-02
-3.989649505439689381e-02
-1.434407430228618885e-01
7.889781231624842794e-03
-9.781417511284171140e-02
-1.274805087802704379e-02
6.025830083449885055e-05
1.135994437243735208e-02
3.653509247481676048e-02
-7.314075556664048627e-02
-9.372692297226826660e-03
4.038254888999290998e-02
4.108275515810400069e-02
4.902413234497846051e-02
3.548763614679117245e-02
7.872525289229566348e-02
-4.085124366003192037e-02
1.000028954716751795e-01
-9.971521622485034209e-02
-7.427308225676555221e-03
5.132450071357258503e-02
-9.029120296747183971e-03
6.300560498600805970e-02
2.963876540886096686e-02
-3.172570320707208957e-02
-1.397146969434230265e-02
-1.827442111485669610e-02
6.260363090160496469e-02
2.209819357722339270e-02
2.771916212774188856e-02
-4.561721807669046058e-02
5.559355898826677522e-02
1.785309425043658457e-02
6.629244951966119237e-02
-2.876438412059676569e-02
-2.531673620342749648e-02
-2.108927093729562330e-02
-1.717543758035597681e-02
-8.847795404047821555e-03
-1.749481001221754248e-02
-8.768720563637279197e-02
2.561727147108067495e-02
6.703514253040288029e-02
-6.914682988742795224e-03
1.974189808058721129e-02
-6.123968959024610192e-02
-1.991081381949235882e-02
4.618632043186214620e-02
5.051350579538186128e-03
-2.128451745682782836e-02
3.832936674005302247e-02
-3.751211568338433389e-02
3.032855623763786035e-02
-1.067060041069460043e-02
-1.404159344431513785e-03
4.831361376069489427e-02
1.342952310509146902e-02
3.299044003685173282e-02
