2.916653519138666037e-02
8.551558031507054680e-02
-2.044454728230499507e-01
8.712173173727687236e-02
-7.840041924382627758e-02
2.390116460115246366e-02
1.078546097107471319e-01
1.037967974340616162e-01
-1.515017950021879389e-01
-1.705492988890919964e-02
-1.073421421792657322e-02
-7.072525051672975960e-02
8.360914628161862650e-02
2.253697511874326043e-01
6.336990903677322540e-02
1.726222375585524105e-01
-2.833149959571161502e-02
-9.141440593243960189e-02
1.062248024270659591e-01
7.075693305671883204e-02
6.261406347668366235e-02
1.306201298172344483e-01
4.555815472454101400e-02
1.136533628768839621e-01
-3.284689780525688885e-02
-7.973722013296376948e-03
-2.543161726663925593e-02
-9.340991652013476421e-02
-6.107985850213533408e-02
-1.229907066319141512e-01
4.017189452497671280e-03
8.906245861267371444e-02
-1.776427944541027204e-02
4.170691521888623271e-02
1.705367694397039169e-01
3.082828604525249608e-02
-3.419270423614204774e-02
-6.051844780898180814e-02
-1.078807779878544898e-01
1.241201842882085939e-02
1.460986004686850963e-02
-3.672809052585499640e-02
7.033543454839863429e-02
4.290275980240805531e-02
5.713422395200228043e-02
-8.138122093352985476e-02
-5.560337974122210591e-02
-8.151418318940574503e-02
3.765458457630799314e-03
-1.209264798452313640e-02
-2.419580243441854864e-02
-5.689557709568908439e-02
-2.254077310808901696e-02
1.284245395846237425e-01
-1.660083197203794103e-01
-1.105881831764576745e-01
7.251030550923485973e-02
-9.557822909730691319e-02
1.913237132924346454e-02
3.891904747249410462e-02
-1.152923388461850468e-01
2.433917326934337613e-02
8.487931921333315144e-02
1.194457860607778601e-02
-3.491141825090971623e-02
1.838168111551668343e-02
-5.731962064841622517e-02
-2.742513749909308504e-02
-3.440599853470908964e-02
-7.983171306376538046e-02
5.644657253050917173e-02
7.246808387509905136e-02
7.740383858585882237e-02
-5.987347482446677555e-02
4.262453424268935337e-02
1.761806011847613096e-01
8.762552001475508445e-02
-2.966069798040270669e-02
3.349203393364415943e-02
6.867606559506751751e-02
3.213937546012490820e-02
3.090610567231114741e-02
-6.013117688505765362e-02
-5.423877913625485547e-02
-5.607091745028852658e-02
-7.833793514075822195e-02
-4.985066577583151248e-02
8.826599022839629050e-02
-3.159574744904558585e-02
-1.184162503406178540e-01
1.618834226834286669e-02
2.100271793815582100e-02
-1.011955662775124720e-01
7.633345164008983885e-02
1.147418587924716321e-01
1.148715581709027107e-02
2.513443438896622098e-02
-1.063902955710665926e-01
-4.146869253664086513e-02
-5.272845842460252563e-02
-2.841897734000689221e-02
-8.649235530694801598e-04
-1.522354203668783816e-02
1.408815857221829351e-02
3.604128745249754462e-02
2.684153923931487454e-02
-3.859801296069952786e-02
-3.603084624467415426e-02
-6.551913378089326001e-02
-8.981722742320650404e-04
-3.320868565633711134e-02
-1.007433967212110759e-01
-1.211401983178662066e-02
-3.693378231997564154e-02
4.920735685881333366e-02
1.283356914318016517e-01
-5.077311385825294260e-02
-3.105450133850097896e-02
7.373349300574415233e-02
5.534101176588516850e-03
1.136111738715225999e-01
2.457116385566916403e-02
-6.405615742096506561e-03
4.270173392303348164e-02
5.618061538998293802e-02
8.200713871376720532e-02
-2.343196282458919616e-02
2.004695587702291087e-02
-1.534975013625297993e-02
-6.677974648169449079e-02
2.832595270405544388e-02
-4.758583728384196965e-02
1.766492482721589499e-02
1.363305242621659120e-02
4.548966692697450909e-02
-3.053700897575456139e-02
-6.770731728170427399e-02
-1.307862429079495979e-02
5.305735647103908270e-02
-3.829802400842395940e-03
-4.811533703558527192e-02
7.670085164037512837e-02
9.680631090998342847e-03
1.468588509133251672e-03
-6.466533663991055891e-02
-9.728497503113664457e-03
1.580514994122471373e-02
-1.037678883399006241e-01
5.874223521435213702e-02
2.939252208321400245e-02
7.490659533347567012e-02
-8.484195926659011955e-02
-2.501168493949257679e-02
2.886605680749437103e-02
3.072465705760542287e-02
4.191476051212044557e-02
3.489689844628032778e-02
7.096937900715022396e-02
-4.293359399426148471e-03
7.544004316692719259e-02
2.675951050035242293e-02
5.045061105160820146e-04
9.357475708864641112e-03
1.117940121649606093e-02
3.733257120127997375e-02
1.450675311961260221e-03
1.793345964092352487e-02
-5.052480888470311376e-02
5.356979137374605349e-02
-4.479392356941828274e-02
-3.950626752623604548e-02
-1.878187303412227893e-02
-7.587012304292722886e-02
-5.217814151476134893e-02
-4.846645527742097538e-03
2.759089167328928650e-03
7.831193000752310895e-02
3.007854206598471053e-02
4.014017935621318200e-02
-2.202288920004922407e-02
-4.127742266082626288e-02
5.161894957827029701e-02
-3.064768577868242153e-02
4.050310921439908424e-02
8.445765756114072265e-02
2.430722969915871320e-02
9.342906961073578487e-02
6.931216355293266795e-02
9.066100753043362590e-03
2.765964050105137323e-02
-4.296348195165591161e-02
5.360196334535184681e-02
-4.289326482904366744e-02
1.938279717313241488e-02
-8.662789523600530894e-02
-1.582293262329891037e-02
-8.505505779251046339e-02
2.074269923457913722e-02
-7.160612954050434367e-03
2.520305270163051767e-02
4.129207298055345698e-02
-5.749444562190898778e-02
-5.564938631319388262e-02
4.682744667934544275e-02
-2.046486522015380713e-02
-5.968866544599290419e-02
8.868562889657294335e-02
1.075331183961102943e-01
4.968585783609429790e-02
-5.695319951136438609e-03
2.118145836458235759e-02
2.493451788792288779e-02
5.232513414364991372e-02
-1.494221674339656601e-02
3.350652110949910861e-02
-1.146222743341194367e-02
-5.460099116140289602e-03
-6.847180946702259574e-02
-1.767823736719070782e-02
2.319285916543372805e-03
1.034185973094340211e-01
6.527781136507532223e-02
-4.361498069106056058e-02
-3.263445185482548999e-02
-8.878452671192503531e-02
5.943168121843989300e-03
1.620459139801800480e-02
5.248185014732399678e-02
-1.910121084964555658e-03
-8.364246026033010650e-02
3.638499896253351990e-02
-1.794840361962073833e-02
-1.650663596308380235e-02
-2.986289849565740631e-02
6.254394424039474987e-02
-1.448981878567405339e-02
9.334726927319447753e-02
2.864463794408975833e-02
6.920024685657578944e-02
2.663884929244345751e-02
-4.320183514899907790e-02
2.975966105330370495e-02
5.427303934942533103e-02
-4.697368884642170311e-02
-7.722545707595122183e-03
1.476517301324132940e-02
-1.448802420307940958e-02
-7.577086631105619391e-03
6.110942017178527808e-02
2.097452667703268714e-02
