1.584636958474379687e-01
2.111880403858798494e-01
-2.187875145784505815e-01
-5.148133374482867508e-02
-1.388696822176778700e-01
1.429401953342204420e-02
6.667707942041911640e-02
2.347112230627102225e-01
-1.494534607783405411e-01
2.020860052032222298e-01
5.954056016152325936e-02
-6.974779158496986764e-02
1.590990742055141405e-01
1.426918546211754235e-01
-7.180478081519468814e-02
9.064694203749153190e-02
-3.742938022818835531e-02
-5.002648659091049610e-02
3.915279745445866127e-02
-5.319700564289900520e-03
5.108609324166164811e-02
8.094482366323868527e-02
-1.092703385890260032e-01
1.920834857453650527e-02
6.127077497541212094e-03
4.156525476414004577e-02
-1.026303700333813240e-01
-1.172348889897064511e-01
-7.598215985247117055e-02
2.717443496857306975e-02
8.708360085485412905e-02
-2.982856612651972258e-02
-6.106168379472230040e-02
6.223688211569850665e-02
7.106756936567908134e-02
-8.517393626397749828e-02
-5.691345595050228273e-04
-8.725357322602758647e-02
-1.034354266362435930e-02
7.899146496348705138e-02
1.613270162282035708e-02
-2.117436124508574602e-01
2.784167701861120590e-03
7.353097590178987730e-02
-3.853189665078160520e-02
1.119869879446374781e-03
-2.357929545539313651e-02
-1.348013913893952517e-02
-4.301676848566835659e-02
1.103674953752277060e-01
-6.656701079013413458e-02
-5.270989966475243815e-02
-2.180721665237273302e-02
7.390513734719746097e-02
-5.461593669685185781e-02
-4.674671592637962697e-02
7.754959205132158639e-02
-1.129003484194607138e-01
2.432317376968847616e-02
-5.562237183291368625e-02
-1.342000009694118423e-01
1.183564582660574620e-02
2.390110240385400278e-02
4.471760334153280364e-02
-1.771895791046059626e-02
-3.463815349303104446e-02
8.809412107962903563e-04
7.553655837564941800e-02
-1.262481960455161430e-02
-4.764814794216067767e-02
-4.403062214283311876e-02
2.180404662353139025e-02
3.688854716328748840e-02
-9.728769493016911629e-02
5.243404179413618804e-02
1.446087416488968103e-01
-1.587311874563698474e-02
-6.479519343279137311e-02
3.451210399570053128e-02
5.802551514032926877e-02
5.647216832736152298e-02
2.686357605786323516e-02
-5.217681192805154883e-02
-9.811075860407860241e-03
-4.722735112400468227e-02
-2.984696536608339584e-02
-2.031485204371370756e-02
7.042078543991601991e-02
4.419762056942345280e-02
-1.403489418617453674e-02
5.522765422110193639e-02
5.051042254021571865e-02
5.881498304466247634e-02
6.115171914995837926e-02
4.958166945112164187e-02
1.244612148388704511e-03
-4.088755488699645502e-02
-1.129456438831112214e-01
-2.130210360317895402e-02
-3.275535244553157144e-02
-9.079158685864393424e-03
9.612795458488317124e-02
-2.044632653885518001e-02
5.680462918718607972e-03
8.620929382812787811e-02
-6.506686817256543409e-02
1.489220724385442729e-02
-2.676354040545755701e-03
-1.261295650692885635e-02
8.147686561722902732e-02
-3.860797734297383155e-02
-1.125391285350961362e-01
6.156483600133380585e-02
-2.130540435485911779e-02
-1.497332076534116201e-02
4.273280579904537718e-02
-7.238048419735033934e-02
-3.137527875541743644e-02
2.261217521310590617e-02
-1.340925467959032044e-02
1.824142441650749777e-02
-4.222050299371659515e-02
-8.574437805187071172e-04
4.225141894509711754e-02
-1.934247020716404336e-02
6.510967990227840840e-02
7.987230813215423497e-02
4.814133253231229342e-02
1.457089050603913027e-02
-1.159178237079027188e-02
1.081453705188657223e-02
-5.518268556454844487e-02
5.056555489748731924e-03
4.821120388966065873e-02
1.067675517977212038e-02
1.650921607932666693e-02
-2.626100913233044357e-02
-7.501909201818730832e-02
1.237468145247286322e-02
3.858519888830975325e-02
1.567696912599017903e-02
3.710267117327180342e-02
3.181623957146115234e-02
-3.184653458935728793e-02
-1.367463184660431263e-01
6.253780609065815376e-04
-3.049669055571987628e-02
4.507245048750498778e-02
3.793779402906229115e-02
4.371884817225155789e-02
1.003281447575334398e-02
-4.118494934530800289e-02
-7.042804055747042824e-02
7.376487174114546019e-02
4.857781609112647725e-02
1.028128264356619193e-01
-1.952678940989779899e-02
3.366397421744762863e-02
-3.351645349384121952e-02
-9.575219178470006920e-02
3.259495552230155802e-02
5.347086999022326696e-03
-8.605406045703119233e-02
2.600077264095298265e-03
4.661354203433351606e-02
6.284392629846083378e-02
-3.585119607584513757e-02
-3.699136067601804800e-02
9.087809269723193251e-02
-3.295660025589229603e-02
-3.607852309255010076e-02
-2.704220881710839644e-02
-4.233870912071801412e-02
-6.718568930555127161e-02
-3.500005967229941756e-02
-3.063953793783853741e-02
5.192334034358293826e-02
4.955255093877487110e-02
6.857187428838017185e-02
-2.262041075195145648e-02
-3.557811606555378453e-02
7.924934844376579912e-02
-6.495454457331083231e-02
5.511683393449375024e-02
1.315169800640863390e-02
-2.767860027718541897e-03
5.324668032164993825e-04
6.574283597209468200e-02
2.435477601597279065e-02
-7.382493888558246120e-02
-5.895704608974822875e-02
2.692916624224030164e-02
-3.705368278942466204e-02
-4.286401884850921280e-03
-9.678300673020150124e-02
1.368145231071965246e-03
-5.689554692158418220e-02
2.167142830355026084e-02
-1.357275627024226612e-02
3.920629577624503564e-02
1.754787439515719319e-02
-6.954356983002603354e-02
5.251071073910310548e-03
1.175894420092912958e-02
-6.225528135526217643e-02
-7.288429001815592556e-02
6.339355047427222556e-02
3.681079975490032102e-02
-1.215032838035101474e-02
-1.500073988078329257e-02
-2.942649535502444430e-02
-7.178971500802087957e-02
7.992427046058448586e-03
2.642630816201613914e-02
-3.000641454873197514e-02
-7.258852959532960392e-02
-3.534712880936190932e-03
-3.418059087645741734e-02
-1.787981236362647108e-02
8.719115307049185928e-03
9.963952952334852176e-02
4.453004874853830342e-02
3.515346292365265080e-02
1.756620827330145421e-02
-4.735902170340438450e-02
1.035955621137959852e-02
8.342999555201273398e-02
1.708593256348314715e-02
-1.925416692954230779e-03
-6.087461941237336249e-02
-9.880849175627108918e-03
2.168714772491815365e-02
-1.806204000093913561e-02
-3.151312598895129879e-02
5.469420699659430229e-02
2.194905093249055125e-02
7.532606192444230020e-02
-2.418078391750567990e-02
-1.722770148218155314e-02
-3.042819178817910558e-02
-2.654899154624707977e-02
2.879664003688833795e-02
9.077112873436887774e-02
-2.495884625415199787e-02
-3.682874146452812941e-02
-4.434644852141805121e-02
-3.286924471885198373e-02
-2.328598608579465420e-02
2.570468541102961281e-03
-9.301289469726331527e-03
