4.048254204600752748e-02
8.795820767322451439e-02
-2.947347274554001917e-01
4.856207520235179820e-02
-1.336410315404229221e-01
-1.170267258172249109e-01
-1.261413265032775011e-01
9.607467802827331094e-02
-1.120764143407553121e-01
-1.723685280297374348e-02
-3.599715030135366978e-02
-8.766158676985315312e-02
1.299193279425087666e-01
2.876713967657407861e-02
-5.622036570799605198e-02
-2.865014985491691826e-02
7.089890451769091662e-02
-6.345734748566174421e-02
9.741317242104273466e-02
-9.397378399569576712e-03
6.275824987869604854e-02
4.717197445504172498e-02
4.214055311916282270e-02
6.998062857780414092e-02
2.480425401198460209e-02
1.819536980549210257e-03
1.368873421578725713e-02
-7.674899029605578016e-02
-9.686400415908696937e-02
2.668137734078245005e-02
-4.474046275928336702e-02
-6.785353490428500112e-02
-8.437586105575368978e-02
3.868332382860972807e-02
7.414306762358797986e-02
-8.621928497249554957e-03
9.965702464574412167e-02
-1.529070845287570646e-01
-1.275895091784252922e-01
1.175953207990717703e-01
3.745501329780772520e-02
-1.694158648381248120e-02
-2.962132065627591168e-02
-3.737390343839842866e-02
2.126505585740117582e-02
-1.359135613040111934e-01
-9.701046444697350446e-02
-9.418245604132879922e-02
-6.454772169750902511e-02
3.537701504224469162e-02
-2.793423558056249908e-02
-3.993155665889189243e-02
-6.102517501711798159e-02
8.479218094920239202e-02
-8.556102312366831164e-02
-1.005974695125814861e-01
1.314360327555037233e-01
-7.433360145626147220e-02
9.536679214326164444e-02
2.718594343972290106e-02
-1.187961431820006436e-01
-7.758034157602163028e-02
5.834134723325012928e-02
-4.447922623857081259e-02
-6.345146660787157056e-02
3.913106346800476754e-02
-1.305336814397453915e-01
6.735184316696109230e-02
-4.911940400820738462e-02
-5.777222363317494058e-02
1.603679030874809869e-02
7.234741757923141003e-02
-7.411026025479228174e-02
-4.781054527486368333e-02
8.726297558705348525e-03
5.656667672483037951e-02
1.164486157072681244e-01
-2.905606257699538952e-02
2.903095321114973829e-02
-6.448904507416446108e-02
5.406978156195553498e-02
-4.075051844913127851e-03
-9.933086719886485838e-02
-9.300013529639146112e-03
-4.991157146199832334e-02
-1.080489050977525602e-02
-4.915868695030012336e-02
-5.397951999946827562e-02
-2.400124988451290877e-03
-6.300808806886025459e-02
9.433625090713339267e-02
5.243730935695640333e-02
6.851985818109426751e-02
5.790870625200175009e-02
2.597405311263838515e-02
5.329380304140718394e-02
-1.178567555516199343e-02
-1.475424685158342186e-01
3.934525296639599518e-02
-2.926245495651876374e-02
6.620906967323064718e-02
9.218639361115683190e-03
-5.485329289225757826e-02
3.895549613892085317e-02
3.038867609197464306e-02
-2.456260940435950335e-02
-1.992894024665923733e-02
2.297883615364522403e-02
-7.688382098291904332e-02
-1.182641219738263250e-02
-1.846047184699931704e-02
6.384584884484460938e-03
5.124943812062160431e-02
5.495895046064492445e-02
5.373255617092061870e-02
1.237235919200949941e-01
-3.189048047865858382e-02
4.372918304984987903e-02
1.900359403796855057e-02
5.664553995676927661e-02
-1.083819345816001110e-02
-2.018459323733506547e-02
-1.286534524788560986e-02
6.486135750010474377e-02
6.045211981896958520e-02
3.032187196336950594e-02
-3.080370747849179441e-02
1.214857196891015560e-02
4.189804950691668889e-02
-1.915421719440317180e-02
7.044065859100782923e-02
-1.122991938853569044e-01
-4.948064848999201952e-03
8.187843727465052290e-02
3.972668405677496489e-02
1.619943952987721106e-02
-4.023425667188904042e-02
1.064666846630839964e-02
6.942448916296230232e-02
8.742684723783561429e-03
-1.253112637302431984e-02
3.045914750953880937e-02
3.855414274906172195e-02
-4.936025568848998596e-02
-1.608194752090314206e-01
-1.011012426841794293e-01
3.477247402087143419e-02
1.588259897927225481e-02
3.279706074024357765e-02
1.610428824877791279e-02
4.182496803685014503e-02
-6.504449067758161229e-02
-5.009566276001405777e-02
-2.887643149528118687e-03
5.959892999844587647e-02
1.104739412202138810e-02
7.520443391015568801e-02
3.999869117388973189e-02
-5.040639116235395151e-02
-1.255884579137234516e-02
2.847150993238083475e-02
-1.471257521587142902e-01
-6.531659691061419970e-02
6.972606586222424019e-03
6.871376195497335554e-03
-6.084759233103855663e-02
-1.046994478485001323e-02
1.380625265567274502e-02
1.163508543736664451e-02
-3.543889641359850799e-03
-5.606822277415498580e-03
-3.099308495879081471e-02
-1.425828401430903336e-01
-2.198080493855923689e-02
1.716889232199414125e-02
-3.069501035529155139e-02
5.189683025712881620e-02
2.707086985914343782e-02
6.765262693888055012e-02
-2.513711830263579486e-02
-8.623580429213083959e-03
5.442785433437018205e-02
7.393677435998240177e-02
5.981992545652684706e-02
3.153088792883747965e-02
5.001141422987404744e-02
3.143471244992079167e-02
1.165303863394628325e-01
6.451303112627490566e-02
4.502902223467269982e-02
-1.783138311664801343e-02
3.233220708570637425e-02
-1.863623740791885836e-02
-3.535629981542202926e-02
-5.642969852641451650e-02
-2.483478171467062845e-02
-1.276421397307833383e-01
5.204884103641280180e-02
-4.341729829513551325e-02
7.912552569606785824e-02
-1.290436388086417703e-02
-6.865452367476118645e-02
5.676368613080090379e-03
5.815791670801980645e-03
8.042853659026066859e-02
-2.829736326478555358e-02
7.400655196612190845e-02
1.144618371347311953e-01
-4.289690668798444573e-02
-1.749125032535728957e-02
-3.235067568505863717e-02
-1.182479330405837407e-02
6.070866485290572073e-02
-8.879299497167451524e-03
6.780311794075807863e-02
-1.655579429304979838e-02
-1.659147602346203523e-02
7.757406423456023048e-02
5.869320874148191425e-02
1.806648607369753384e-02
9.188759215759360888e-02
2.774198373864693312e-02
-4.342089950681600474e-02
1.470830662367766765e-02
-2.293509299525096218e-02
-1.262042981497272544e-02
4.056523776010181187e-02
-2.979592986482098096e-02
-6.110486421503864146e-02
-1.369243454338556383e-02
-7.440598911490333388e-03
-7.918023768269996654e-02
-4.378280476138604691e-04
-3.357802809532178800e-02
2.660647874555602255e-02
-1.489299261720026732e-02
1.985235668083000851e-02
3.168636776524488222e-03
7.868449290044475519e-02
-1.913568251777237120e-02
2.798726259659179913e-02
-1.031757058053405125e-02
3.694271615727795499e-02
-3.407238525472762458e-02
1.375428287610010701e-02
-2.376750151167348474e-02
-3.052363893339499895e-02
7.439706868230026859e-03
8.777048212488902657e-02
1.433876944343611716e-04
