5.216835570131821836e-02
1.318770680685947827e-01
-3.146995372238267086e-01
-2.261803230056998182e-02
-1.433105744947547333e-01
-6.551604904090478632e-02
5.112283203111778196e-02
1.323448588639637158e-01
-8.173304271928562292e-02
8.826456205116658960e-02
-6.794141964003765077e-02
1.552451966506262181e-02
7.995779359858642965e-02
2.374121347134318383e-01
-1.332025815950089453e-01
6.911413515430497867e-02
8.750842499610830827e-02
2.398328069331004744e-02
4.263729023992435252e-02
2.955542449845223810e-02
8.207233283630836762e-02
1.633256374524446330e-01
-2.994955141579299859e-02
-8.174408391102651328e-03
-2.555468726496907400e-02
1.935675287504715764e-02
1.870559104116068308e-02
-1.538726993295699286e-01
-9.402836617859532120e-02
-4.427561515909507472e-02
-2.079720889906792880e-02
9.767789954712864653e-02
-2.875012225828630155e-02
7.264745075080568382e-02
1.180516502170577964e-01
9.004813401548809881e-02
8.255287637593731326e-03
-7.593272547144930273e-02
-8.395336261465895233e-02
1.519527401213729978e-01
-1.812420014231776177e-02
-6.744198190299191542e-02
3.407633945833030836e-02
3.421101514968661467e-02
3.132879426736575202e-03
4.995545253352767778e-02
-4.513817050901777761e-02
-2.362368686503124940e-02
-4.306380241571484968e-02
-3.773117528368752360e-02
-5.238209840708655390e-02
4.911618772180614996e-03
-1.419128737238582912e-02
1.177880375692621877e-02
-8.034796045323593094e-02
-5.029541384761673090e-02
1.645501693802315368e-01
-7.890404776432362322e-02
5.584252200218533385e-02
-2.432854446422300088e-03
-1.088361480563923983e-01
1.564134151445492268e-02
4.922253889696391604e-02
-5.961119284998974560e-02
-1.095252660843790311e-02
-2.671733482324165423e-02
-3.636085935309677636e-02
-9.312976754621145326e-02
-6.191175435464116306e-02
-8.346201280226233851e-03
-5.710856746852389226e-02
-2.886526611501281231e-02
-1.898984299874550974e-02
-1.039291941038226752e-01
-1.510277298844296158e-02
1.203894967187430776e-01
3.870323643497967231e-02
-1.449265149917638162e-01
4.764344711889557243e-02
4.521263982352553140e-02
2.157512629892817738e-02
4.683707096342352993e-02
-7.485193039541396254e-02
-1.355438176418790885e-01
-6.466527319949592900e-02
8.810971688796747844e-03
-1.238405571147667555e-01
3.745783027843033186e-02
2.937483892775992131e-02
-2.292117845557160513e-02
1.620061646996272947e-02
4.577671383805750199e-02
-2.762079963435630850e-02
5.975033200183705456e-02
8.063738062823137820e-02
-5.012164092714751834e-04
-3.838549174378567963e-02
-1.110611327713766361e-01
-2.691621051399108525e-02
-2.076368260560544285e-02
-1.353972282025956786e-03
2.907082021657208387e-02
-7.403236521758880563e-03
-4.164898611962734865e-02
1.045826044478813110e-01
-3.183927319615238727e-02
2.904752967837092095e-02
8.746134052190622510e-03
2.491600969651608030e-02
-3.786457570061782952e-03
4.276377732707160179e-02
-1.392686593212530966e-01
1.160075866712990400e-01
-1.261243051329069553e-02
4.210388993132302415e-02
8.547020086482649825e-02
-4.976083894414935066e-02
1.434670305309129930e-02
3.836220120558451324e-02
3.019403494719860234e-02
9.229301972348862015e-02
-2.298061295579388597e-02
3.806663957743226107e-02
6.132136941510960698e-02
3.508743071902873517e-02
3.499329533047791652e-02
-3.920985598063499167e-02
6.247925147421134334e-02
1.125194761972147421e-03
-1.928359239481871115e-02
1.691268943761737795e-02
-2.667927794958153617e-02
-1.019410748335413709e-02
4.415634344041072940e-02
1.071831239214693539e-02
-6.918041586460368930e-02
-9.472258530428595558e-02
-3.605210870259140804e-02
-6.021855907529909124e-02
8.140244460427168219e-03
2.074639928114780860e-02
6.280786955787966142e-02
4.618889595648216495e-02
-3.503548006609587956e-02
-8.307151034907968301e-02
-1.458976364671631387e-01
1.742128901461833038e-02
2.501722621411653358e-02
2.022330184751443272e-02
2.987524990055181670e-02
7.414522700428984037e-02
-1.750418185230835297e-02
-2.677670220375730561e-02
5.713632146721606825e-02
3.389914343282288828e-03
7.880407296129583739e-02
-1.081952890974738693e-02
7.601021517275548256e-02
1.031582907133054249e-02
-1.637532906632478691e-02
-4.210771575460101751e-02
-3.716022149922582063e-02
-1.680301583698134288e-02
1.219846972264030001e-02
-4.933231317715990050e-02
4.972660789376723983e-02
-2.222524777736185550e-02
-2.280975974256314875e-02
1.978990990179418930e-02
-3.970929371768073396e-02
-7.228064155406398184e-02
-2.104323618372606203e-02
-6.308460410832174292e-02
-6.585228521127578505e-02
-4.382443649111746747e-02
2.457554498462728807e-03
4.542265738557581256e-02
2.826232979034114592e-02
3.243573246913410840e-02
-3.467471164295102964e-02
-1.747495122007029431e-03
8.632017126975576049e-02
-5.206183672689387171e-02
1.024315856496050975e-01
3.447996381415943667e-02
-9.298462118062062257e-03
7.962615512811968554e-02
3.093111000557351858e-02
4.783839630680705723e-02
-2.370167996413716574e-02
-4.934476388274006142e-02
9.291733367472244931e-02
-5.792289730923179392e-02
-3.707870461552174174e-02
-6.715699162863414395e-02
-2.341974363643112983e-02
-5.366881674306764327e-02
6.155706026494647126e-02
3.190488270938477561e-02
3.528281618503332617e-03
3.197545908090790312e-02
-3.956448295062305054e-02
1.625031861272343073e-02
1.042872441788489498e-03
-2.490097488223060040e-02
-3.869635666504993299e-02
8.222932583011968721e-02
2.422830118236870417e-02
2.532950064922005404e-02
2.293983773401519002e-02
3.517294122527739320e-02
-6.088183601623257252e-02
1.250044128277586972e-02
2.277277678420913318e-02
-9.552443087956037290e-03
5.260607686811620207e-03
-1.917301267814315244e-02
-5.326519238723851496e-03
-1.668468379418983072e-02
1.593653398422069725e-02
9.111882757567539570e-02
1.067138564925545069e-01
-9.923380146655577314e-03
-4.762596243531803941e-02
-1.110332109734178951e-01
9.423606811076680814e-03
3.060870049476862795e-02
2.068555526708626066e-02
4.282035923976204583e-03
-1.955297733738464022e-03
-1.733547646968982767e-02
-3.249124046651843956e-02
-1.444231507518801277e-02
-2.379662078916756907e-02
6.145292404010754828e-02
-2.259621839591471198e-02
6.648904986808977513e-02
5.181775591372806203e-03
4.044046224187207439e-02
1.686224897808373188e-02
-2.058947340704312887e-02
2.116294418050352136e-02
7.236527950412643961e-02
-3.374486878713015697e-02
-3.972446277137946929e-02
-2.246530140812977305e-02
-2.516549364606573969e-02
7.890693391170877646e-03
-3.224709253364599348e-02
-4.055318978915983807e-02
