1.878843780421043386e-01
1.300321496347036365e-01
-1.712939010878767598e-01
-6.243700187125732909e-02
-1.150610628575234468e-01
-1.008270522966220467e-01
-2.229018671434376125e-02
-7.456865872162185375e-04
-1.251511367145457243e-01
1.208438520231721047e-01
-8.170637158837656955e-02
7.280079301597186525e-02
9.866609825164747438e-02
9.522963516644414317e-02
-9.292436845815491009e-02
1.637981106462702285e-01
1.121522518425757120e-01
1.787911503113362791e-02
-2.501276465672698235e-01
1.248242272592855612e-01
2.219885273832582218e-02
3.107376131177163811e-02
9.168166421959679513e-02
4.519843439378595784e-02
-7.964194620601855457e-02
-7.609564752129541199e-02
3.063982708056212437e-02
-8.955799806198755375e-02
3.562985725920036345e-02
-9.014773731111003219e-02
1.438113404778655277e-02
-2.009055716024121807e-02
-4.269854483827498909e-03
-1.246896991083997625e-01
1.553946020916252280e-01
8.735744342670992424e-02
7.416108930390251375e-02
-3.722135268081413519e-03
-1.523233681703580755e-01
8.836823693068097951e-02
-4.981099587294061243e-02
-2.266089520524011344e-02
-1.794194939094963725e-03
-2.297688158662513497e-02
-2.677967681716571235e-02
-1.265863289976137951e-02
-5.759242291738003727e-02
8.850287182170237313e-03
-3.191241855708481373e-02
7.515928747187422456e-04
8.497101863532877108e-02
1.155469795347642131e-01
6.257715166928408401e-02
5.949225501066170846e-02
7.549124929355221190e-03
3.864387846779245711e-02
-2.197939501955734759e-02
-9.697786068714597807e-02
-1.119030847860686406e-01
1.715111172637978632e-02
-5.762686440112969009e-03
-2.416312029345731027e-03
6.857342110610830169e-04
2.511581158362342567e-02
4.270459344595830056e-03
3.640738798686693478e-02
-4.188180490080250368e-02
5.110518443689723161e-02
3.733382120367845225e-02
-8.796934904398945321e-02
5.268764252703123790e-02
3.134349363440194769e-02
-1.176002327829307054e-02
-8.471309888770350849e-02
-7.198839384401330144e-02
5.829872239456436456e-02
1.274665793157610250e-01
-5.034555047196420663e-02
-8.132071947849793536e-02
4.633361573576197379e-02
6.818431773184566169e-02
-9.440065569342427632e-02
-2.513427762708011007e-02
-1.047191890206496025e-03
-4.148010619054050274e-02
-3.335664817163264476e-03
-2.014776987291626992e-02
-1.202718672166024072e-01
5.829833101406720758e-02
-1.828319760442376554e-02
-1.943463902705432414e-02
9.742332285299896977e-02
-4.778713174210594966e-02
3.173490971160233820e-02
-2.848111457843489555e-02
1.564429681233231798e-02
-4.647362321360794246e-02
-1.005788814813804583e-01
2.026721208463899346e-02
-5.388765071135423468e-02
1.698157281102119845e-02
-3.136950264744017402e-03
-2.788401025995686580e-02
6.372830845155307011e-02
-4.707026499149842558e-03
5.024290204157395856e-02
5.428404799488204674e-02
-3.541036396038669404e-02
4.684618186685449159e-02
-4.215669632998623323e-02
-4.806693321752670417e-02
4.195282267101357876e-02
-4.180110935829815105e-02
-6.607004470616814618e-02
-5.892066158458914710e-02
-3.046925634389285181e-02
-3.991817778648454329e-02
-7.208876515151099729e-02
1.718964491532697439e-02
3.397417543605314033e-02
5.034893057625781931e-02
-6.084792589271688194e-03
-3.716659499125760796e-02
1.301634044214314279e-01
9.950706819989838317e-03
-8.912769299538803036e-02
2.804774962794851639e-02
1.246537632627518766e-01
-1.547557623801323716e-02
-8.855008654167736970e-02
-3.792726077750130723e-03
-4.220462265086515063e-02
6.064970946093037329e-02
1.294650392943257899e-01
-3.631256716641979160e-02
-3.146894887376278788e-02
-2.874960159948335495e-02
-1.081235233250409933e-01
2.601726760870740757e-02
-5.972704772890961855e-02
-8.372596611378772813e-02
7.621907469808007762e-02
-3.509861160437999228e-02
6.165360043613343083e-02
-3.970170879151253135e-02
-6.314490245047547912e-02
-7.983023580519539239e-03
1.441283586805612235e-02
5.059941409443714094e-02
-5.234571829269838578e-02
7.624287774831614573e-02
-2.214751073310809726e-02
2.206236768495424549e-02
4.317019391739218559e-02
5.561979405162749586e-03
-1.256000501447827357e-02
1.090877781298957849e-01
5.309499846447939680e-02
-8.984726382943045153e-02
-1.276370077322494870e-02
-3.838172469478887128e-02
7.597766409142571453e-02
4.253629983218157329e-02
-4.371528020979377482e-02
-4.161086285663553180e-02
5.840247380635568697e-02
-2.248231895840176187e-02
-2.487344031574877795e-02
-2.010148023411637008e-02
3.250738807285108445e-02
-7.646578673146861571e-02
1.078448959911116993e-02
-4.955745247087444544e-02
-8.594858037708683757e-03
-4.875519361179669886e-02
8.448979852405388152e-03
6.647213479692730409e-02
-1.696054500431041015e-02
4.266268015271749980e-02
1.138170065772478937e-02
4.156660128041179958e-02
4.794375510105841620e-02
5.117798120936808970e-03
4.119062694282644987e-02
1.034721084365323833e-02
-4.964127905735605042e-03
6.422500588248820919e-02
7.802746607520820443e-02
3.111432256329499380e-02
2.015203947833977757e-02
-4.606235347118823459e-02
4.628206025027307297e-02
-8.664559346247503388e-03
-4.851485040649821529e-02
-4.140101175006995898e-02
-4.770245123453964453e-02
-1.941941076771046618e-02
4.154767269636756855e-02
-7.502799710510125661e-03
1.205672527518189818e-01
8.371949054556206832e-03
3.011566185473573808e-03
8.828903575007485127e-03
-6.364170662154619573e-02
5.612079666803133221e-02
5.112852494654576176e-04
3.097922513168606048e-02
-3.881327506297026220e-02
-7.503475731368847981e-04
-5.848395210985435355e-02
-3.150203831579499736e-02
5.453449593301616660e-02
3.707255693180477180e-02
-3.223043300104599940e-02
1.405661557156354935e-01
-6.102621749919366623e-02
-4.588046828014666345e-02
-7.867943482337837191e-02
1.277953389333713781e-02
1.649739955599503717e-03
8.587130051892129246e-02
-5.101872492707112267e-02
-3.376144234582669629e-02
-3.880462911198764853e-02
1.115281422697939583e-02
8.414182568203771445e-03
4.048237056315634463e-02
-5.723573296429087381e-02
4.022135535159902797e-02
6.034610493527353681e-02
2.271707609660448060e-02
-6.677200341783856574e-02
-5.664698995643388177e-03
-5.623016972696361082e-02
4.798090066824295397e-02
3.469751775488631035e-02
7.588867839839070475e-04
-3.301394117630548214e-02
-2.709409767656210943e-02
1.144200883433188348e-01
-1.019749001346878167e-02
-1.140358238552028301e-02
-5.282747210465122550e-02
-4.987621409578474330e-02
1.097843642547416225e-02
-6.116512199563856056e-02
-5.456911531699181047e-04
-1.842936043008862670e-02
1.767324888963000412e-02
-4.059544394678899631e-02
