1.894135970266231095e-01
1.611236235475231315e-01
-1.342141451201712687e-01
-3.144243370839847063e-02
-5.529313945149447185e-02
-1.514962160221079435e-01
-2.285264017848922524e-01
3.113198027113715446e-02
-6.113712696214504416e-02
1.119460398259161382e-01
4.795036065580609436e-02
-1.105792977148337547e-01
5.644685060602121912e-02
9.855249072642045804e-02
-1.077486702594895179e-01
1.686842154136534433e-01
8.217811390842161279e-02
2.687739986777875831e-02
-1.262833408461712381e-01
9.950364270662434563e-02
2.079863499946913580e-02
-1.597215566243755103e-02
3.188483160179287571e-03
5.051922846127146483e-02
-9.458871171566650415e-02
-4.394790586267240118e-02
-5.797737139122436517e-02
-6.272080949514996506e-02
-2.370214605915355391e-02
-9.911157917982886534e-02
-6.803527388422934974e-02
-2.066724903838845773e-02
3.297930737482283881e-02
-9.226547701544150770e-03
7.446980010092747737e-02
1.592635557754542575e-01
-2.559418767297323011e-02
4.022270895712207889e-02
-1.207081988913770165e-01
2.041536776974919171e-02
5.364872058153939693e-02
-1.091971969898099665e-01
4.381756707981498966e-02
6.047838204782128579e-03
-9.049256937749014518e-02
-1.213529465234496237e-02
-5.399572053879313216e-02
2.805191496300797269e-02
-4.573515984228266468e-02
4.171085393022321702e-02
7.594817141061134536e-02
6.453762880659745516e-02
1.323434659421064974e-01
1.311053173168427177e-01
5.791942752953628927e-04
-2.157162705795258317e-02
2.627195632501988162e-02
-5.963159883053748000e-02
-1.460393004887219071e-01
5.074716425453843632e-02
8.682364084847066579e-03
1.138265275733389703e-02
5.401066028144524411e-03
-1.764565118105899033e-03
-4.960591452086869635e-02
6.269805082176403525e-04
7.565234356253515424e-02
1.086350368136132644e-01
8.796227263658220469e-03
-4.643107958353280551e-02
2.918949957289623115e-02
-1.802082023251891374e-02
5.552093562099832957e-02
-1.106568238092971446e-01
-5.066133054617037029e-02
5.680383366233687260e-03
6.463522581700702208e-02
-6.765647461492872716e-02
-7.382362132528305122e-03
6.243102037482801958e-02
-1.482329643367865692e-02
4.859591112451654149e-02
-4.881700535339142388e-02
-2.438029867654874228e-02
-7.231554505999884808e-02
8.234939735980920453e-03
5.823742065000520052e-02
-1.139479653412985016e-01
6.840796461389419408e-03
-6.532088321166903966e-02
5.295447632544649647e-02
1.543044338634740331e-01
3.308824881598457918e-02
1.687464876119977239e-02
1.672615888913887502e-02
-3.620817670847990138e-02
-5.419772121806355758e-02
-3.976798926663375512e-03
5.633958465001672258e-03
-1.277629687697230398e-01
6.779428326911218772e-02
1.479606630927933764e-01
-2.898271677973949384e-02
5.223150448009498611e-03
2.932284026666036672e-02
7.914436878370212369e-02
1.851435532915009230e-02
-9.162669829924158932e-03
3.334854241635085148e-02
-5.163855726413390385e-02
1.767594953765251609e-02
1.076316306400677547e-01
-2.311439982836808321e-02
-9.520989783771532933e-02
-2.311890269472818230e-03
-7.117914725209697341e-03
-7.393902036548835599e-02
-6.341648489481467588e-02
8.035567474050918368e-02
-1.250948633746316180e-02
2.219763019982849694e-02
-2.900921038878844296e-02
-1.480828687914499849e-02
3.547438402148785086e-02
-9.347112820984286932e-03
-4.233298251267300638e-02
-4.789971213574019393e-02
1.903411176849216790e-01
-2.568626954474019161e-02
-1.128969474645346166e-01
-2.247216542403135398e-02
-2.827730262259829305e-02
-5.002625185969270666e-02
1.283677840055479358e-01
1.812319935681478214e-02
-4.365316009876026027e-02
2.373663312864019576e-02
-8.556720151024028997e-02
2.455954068243325003e-02
6.049569539444616534e-02
-9.202103071218752095e-02
1.275244215704601780e-01
1.116326891955704342e-03
-1.187639728960973064e-03
4.417975112130627033e-03
-1.809970765867256748e-02
1.772185084977289174e-02
1.628760064922982198e-02
-6.792284184899001487e-02
2.270282388067884128e-04
1.139157122520215171e-01
-6.253943822687811627e-02
2.467340386124440565e-02
3.028896689545715337e-02
-4.145017636450840787e-02
7.252756374427197540e-03
6.762338378307312936e-02
6.179866435173087674e-02
-3.658379953716991290e-02
-9.753941560728000837e-03
-6.078834680191173324e-03
5.124778525714712707e-02
4.940412327724292077e-03
-4.435435063706757997e-02
3.635795810034950920e-02
1.577434369606023259e-03
-2.300196779312874140e-02
-3.388427879538015441e-02
3.069021068467671018e-02
-1.826226462486617297e-02
-1.101776350543248878e-01
1.916116241172847665e-02
4.417835488367522802e-03
-5.705934514881684343e-03
-8.544579864822153537e-02
-5.845645542837429876e-02
4.751089486143687118e-02
-7.842596961659224764e-03
2.955426665400492231e-02
4.302258427864269485e-02
4.886569914077387722e-02
3.603109887092349750e-02
-5.639927380874360137e-03
5.340574032779799724e-02
2.488713293661555526e-02
-3.814304791163166536e-02
6.181356918844221199e-02
8.475239213470725508e-02
-1.101980550296788189e-03
1.574031040380367841e-02
-6.122627673488682115e-02
4.175912884631636374e-02
-2.097292036176345853e-02
-5.240467285228449235e-02
-7.775752085073278641e-02
7.658712465651513254e-04
-3.505512876682789075e-02
4.869766194187843955e-02
-2.196979912438385915e-04
7.270739915114968199e-02
-8.339133969197136051e-03
-2.354245138010357605e-02
1.733038072397059814e-02
-4.947149174294051405e-02
3.655297759146474562e-02
5.527774593161227656e-03
6.238738794885807792e-02
-1.760802257690251282e-02
-3.438154882767435749e-02
-9.710504608026407358e-02
2.771182638202787998e-03
5.028466053925707835e-02
3.388396464191317098e-02
-4.165989125669032622e-02
4.308384420470449255e-02
-6.577326420412536734e-02
-4.210982883329234677e-02
-7.432986218435669312e-02
-7.816382600136485836e-03
7.120358141064014011e-03
2.319419480898191055e-02
-3.827328197666673981e-02
-9.340679656099278028e-02
1.133929957889016557e-02
-9.333639127844770705e-03
-4.758011334199557796e-02
6.699008529957503448e-03
-3.716596081743123170e-02
-3.250266675352722016e-03
5.249713868939998029e-02
1.515553117798416546e-02
-5.771463437500377880e-02
-4.569466895098255738e-02
-3.334159613413643919e-02
3.649339315056019523e-02
3.291005398832334838e-02
3.981158678666291834e-02
-2.279989730197676256e-02
-1.400426343931173280e-04
4.573386832247395423e-02
-1.041425724238667465e-02
1.794933286580976950e-02
-3.173148980396411911e-02
-7.599337460391621113e-02
2.372050658400170695e-02
-8.344966751900796675e-02
-2.072037588024945240e-02
1.199612466647124315e-02
-7.688626856896503894e-03
5.197372410746459170e-02
