1.284004809966677596e-01
1.031236854598754221e-01
-1.284375148457469473e-01
-6.117835002588858928e-02
-8.375024233159425457e-02
-1.390391191170888552e-01
-1.397096159316327801e-01
7.771348622363767611e-02
-1.749142793159574050e-01
4.725587344802989476e-02
-1.065956940639234546e-01
7.639800025487318569e-02
1.371857216056218687e-01
-1.489630653323521514e-01
2.588096561426538739e-02
1.053866377848238778e-01
9.592326170368886684e-02
8.078412429024380004e-02
-1.829260717380194398e-02
2.057444130559674678e-01
4.341512910724788787e-02
3.904499851130464189e-02
2.157920782440293783e-03
-1.049321376554249452e-01
-7.775583985214258587e-02
-8.315316529335552154e-02
5.871461012876871138e-02
-2.984532662439546430e-02
9.055025038254355119e-02
8.635580891225032307e-02
-3.657897383712370443e-02
-9.568782736294980567e-05
7.296295729760400584e-02
4.245316976224380867e-02
6.458785122168418658e-02
8.417797305811366981e-02
-1.039894113591139160e-02
3.063620049902181230e-02
-8.712533546687338537e-02
1.357669091518574900e-01
-3.781200322478925346e-02
2.305677655990160183e-02
9.991817734436678200e-02
4.348769635479897422e-02
5.481998597072603244e-03
-1.617743900332349605e-01
-1.263359291633791848e-01
2.953793885680828374e-02
-4.254016179631468775e-02
3.616836188798711049e-03
6.436210160759199550e-02
2.455623823380618555e-03
7.147167989973902957e-02
1.111704997631569464e-01
1.363329882445962369e-03
2.474553371837202170e-02
6.078240157132294708e-02
-4.569741678433988236e-02
-1.347678477554739018e-01
2.105749432802881890e-02
-8.424007125256411212e-04
1.814010683026413134e-02
9.362631053202594145e-02
1.863014035813497426e-03
2.773617048669110331e-03
7.722546466362656230e-03
3.638592722603971839e-03
6.814463528504235978e-02
3.082645081579226537e-02
8.875540454590985853e-03
4.636835691383597857e-02
-8.722051177698387017e-03
-7.079344212410762505e-02
-9.173178703345999385e-02
-1.065214217588641120e-02
6.768409925206422817e-02
2.597518709217124314e-03
-5.695724145616633954e-02
-2.438914259799775694e-04
1.851273009811693279e-02
3.296128511957086699e-02
-2.881134565024293451e-02
-5.680058077230838894e-03
-6.674959133294296014e-03
7.621948073375948464e-03
-8.839993415659005982e-02
5.007331047466100776e-02
-8.990925106289232582e-02
8.867332307746274289e-02
-4.929232593358250092e-02
5.997297667100685153e-02
6.553200976630214891e-02
7.660857485714196724e-02
2.368089581022116835e-02
-7.789671170347414741e-02
4.357294923021143296e-02
-7.130277690297186222e-02
-5.246530155183375815e-03
-1.297988668614833384e-02
2.868694465444106279e-02
3.121448780351963881e-02
7.585756522705848492e-02
-3.911388283463790999e-02
6.064422371085442104e-02
4.456607702646631086e-02
6.528198013329247762e-02
2.483641328356170699e-02
3.895865439908689776e-02
3.375996815758499497e-02
-6.342077345843773195e-02
3.329707914524548257e-02
8.016501790899850655e-02
-5.176390909524034023e-02
-4.165561206218511975e-02
7.179622054585919205e-03
-3.165077791873046470e-02
3.431342982476270898e-02
-4.300236878565089765e-02
-7.657723590014035853e-02
5.335090842161844399e-03
4.501621220864412964e-02
-3.320186873398484062e-02
-8.129700558872518523e-02
1.250170671807483702e-01
3.776033998228930239e-02
-8.011829933327246911e-02
2.206934365572427517e-02
1.349325563107707793e-01
-4.299636698322185924e-02
-6.503368965894121279e-02
3.349674137946147268e-02
-4.152616409615883519e-02
-4.469105774182098589e-02
1.307960185934576858e-01
-5.783210646364904395e-02
3.662085004952631007e-02
6.928978600873275315e-03
-6.324419770288342013e-02
2.716634026743419000e-03
1.963257776838489566e-02
-9.142030712785301216e-02
8.393612770114361465e-02
-3.191414110145465027e-02
-4.545635575382359767e-02
-9.526722377681487441e-02
7.041403272737199737e-02
-4.227846956994858046e-02
-8.762699748695050930e-03
-2.243784068440711141e-02
1.226239848667703448e-02
1.473874898912793108e-01
-6.014245938732682567e-02
-7.340235061747986400e-02
-6.039146598583154668e-02
3.402957185078937102e-02
4.629343668692350450e-02
4.912093355285328949e-02
6.698475286448070387e-02
-1.258175575797212675e-01
2.073892138318752382e-02
-8.627590991741376837e-06
6.744771007912055139e-02
-1.278274793704455188e-02
-5.691144361149476361e-02
-4.655966436626153733e-03
-7.116340550224754813e-02
-5.845053082189106269e-02
-3.929761983172685991e-02
3.691916691116960136e-02
-1.680265972079339129e-02
-1.699055705820246356e-02
-1.463426988525244783e-02
-1.314170005379620698e-01
-2.810064357965446832e-02
-7.776767295124983881e-02
3.525543999692027503e-02
5.185731214554223367e-02
-3.234163311992291345e-02
3.875142170953427279e-02
2.268957537492503548e-02
3.790155284512250478e-02
4.303957314048090232e-02
-1.379466546704033632e-02
7.854350821865342669e-02
4.191368956663373002e-02
3.803198974450357466e-03
1.025535824314171979e-01
1.364948323032792732e-01
4.058180094463988835e-02
3.753213508538521398e-02
-3.093110724564860844e-02
-1.262526882558264764e-02
4.111814383443478105e-02
-4.299807204073011202e-02
-6.449755137604731153e-03
1.621066375392924211e-03
-5.789836499841961165e-02
3.527088781794501804e-02
3.673611193708395395e-02
4.824777360287883093e-02
3.750137584793639817e-02
-2.464974358755857645e-02
2.371465594888450337e-02
-5.898663500363479639e-02
2.232517048426199691e-02
-1.765075532539658702e-03
6.422934582999970110e-02
2.926867617510555807e-03
2.686352205396911816e-02
-1.010961333745158675e-01
-1.118115331839583323e-02
4.834329092449095311e-02
4.562672510004786575e-02
-2.350790067543419640e-02
1.356212290383526642e-01
-5.911829954442181234e-02
-1.585938780607972290e-02
-5.762088393952712745e-02
7.301468874240429896e-02
-3.690378729244519346e-02
6.328232278876787242e-02
-1.619528413520483073e-02
-1.893098070489047935e-02
5.188824188874187338e-02
1.095499449050164886e-02
2.678352075568206023e-02
-5.355548122145819406e-02
-7.619601914244597540e-02
1.282769325296200143e-02
2.415773219297816243e-02
2.512821682552349167e-02
-4.217510898379851075e-02
-6.575717966084154709e-02
-4.037228347802621076e-02
-8.783671956046516099e-03
1.427842438328082338e-02
7.012621901997950769e-02
-4.467315463798437331e-02
2.230675586317290571e-02
4.058006178598147495e-02
-5.232719189366557416e-03
-4.760984338674244254e-02
1.839716130020779133e-02
4.900573986759596858e-03
7.531545924288571628e-03
-6.573965166965674289e-02
-1.848933670910374999e-02
1.732529394822196131e-02
-9.314422257214353268e-03
-3.507985317472076111e-04
