1.319066343064251856e-01
2.107690151343560858e-01
-1.323434255834890494e-01
6.195783425516185501e-03
2.509001781205019363e-02
-1.226664075584609909e-01
-1.723770312988125442e-01
1.901534346467249337e-01
-8.821173771755383419e-02
1.945113649702971403e-01
-3.948785349061894462e-02
-1.177256715202256859e-01
1.029476907218447729e-01
6.772586136417939329e-02
-5.498406289573062183e-02
1.542283334335266820e-01
3.684108378825572128e-02
4.516204559721178485e-02
-9.748397597373792411e-02
1.545467904143485172e-01
-1.094702216350684765e-02
-2.539111548661746043e-02
1.649479249979363474e-02
5.264069190658048764e-02
-1.182813385143894613e-01
1.451765888216986593e-02
3.381640232711891764e-02
-1.340331324032060546e-02
-5.326874010167696738e-02
6.454183297681903575e-02
6.254327939650690393e-02
-5.464290007768306083e-04
-2.453259120009844765e-02
-1.828452682299691601e-02
9.442559106420046755e-02
4.333403958711981585e-02
-1.373980630346928120e-02
5.523629733787766699e-02
-7.793546831930571461e-02
8.848887751916159616e-02
-8.586105754682282765e-02
-1.577125120089530952e-03
8.610418935079740266e-02
2.518990996032200239e-02
-3.667449535805852520e-03
-1.127349894078544940e-01
-9.172007719876142107e-02
1.017553127988590593e-02
-2.194896470528102245e-02
4.651258608829452607e-02
5.648332492870177662e-02
3.218953416571517651e-02
1.231804866629817724e-01
9.816244398622092637e-02
-2.265558660237179320e-02
1.854515328844050931e-02
5.738820837617349124e-02
-8.310586831767678706e-02
-1.534275381459750398e-01
-1.181823600138152443e-02
4.458475560753798195e-02
-2.496457736704897276e-02
5.248043133265931776e-02
-4.620042312494512804e-02
8.141616149795977500e-05
4.088654659924598894e-02
5.355193704913184527e-02
8.477212484648852242e-02
8.615389855330801705e-02
-9.967761025689117829e-03
1.711779871315146501e-02
-6.711781190201945857e-02
7.129971276918585510e-02
-1.243220725417411993e-02
-3.774525662085151390e-02
2.293658402759168533e-02
-3.215627062176151796e-02
-9.732689624735657574e-02
6.318472775783497142e-02
2.337797738194720767e-02
3.347814964618225919e-02
-2.967693531968587303e-02
-1.430423754776935334e-02
-1.384710914973280409e-02
3.184265258985666258e-02
1.990811262044999558e-02
-2.163416231524963734e-03
-8.314755772373060017e-02
2.524855260698698894e-02
-1.188915198211771551e-01
-2.421179934182718721e-02
1.168268790574047145e-01
1.138915997154190257e-01
-4.091710303891043371e-02
3.499081184538500172e-02
-3.325200492162246751e-02
-1.044022855340439870e-01
3.344965737353833984e-02
-9.302963889866624862e-04
-6.463455129872444638e-02
7.914764194240626882e-02
3.321968886417003830e-02
-6.734656221445760316e-02
5.526160876298177177e-02
-4.005231857372262838e-02
1.228020334833503646e-01
4.904636802538689389e-02
-3.695501904002780093e-03
3.704242466976563619e-02
-3.911004324825621825e-02
-5.710078157826672940e-02
9.589165723082521131e-02
2.477338812662358784e-03
3.770285659992178053e-03
8.442764582568666742e-02
-6.260012858658028922e-02
-2.762816495480890575e-02
-6.188592679747973585e-02
3.191066858512303650e-02
-2.510812157198427652e-02
-6.586655446074344417e-03
-2.611103603352896759e-03
-2.743085089092918774e-02
2.478793881217808415e-02
2.928359306646380680e-02
-7.788643589286743142e-03
-8.586457678239881042e-02
1.564554342934552922e-01
-1.837741433892039686e-02
-6.666795884676014750e-02
-1.073661248262808114e-02
-2.685396696689875545e-02
3.346779497227603956e-02
1.534955203024378212e-01
-1.487882043315395635e-02
-4.589523095514042722e-02
-3.090467479244936658e-02
-6.119568288133867690e-02
-6.610647157837459993e-03
3.631949246933238035e-02
-9.738624950889748777e-02
1.111525177567937867e-01
1.376393337044685842e-03
1.072294160596757619e-02
1.348966986714637481e-02
1.559620306979433296e-02
5.806982339739269472e-02
5.366184548327373321e-02
-1.770926716154000782e-02
-2.923814755320871053e-02
7.797323242414018474e-02
-4.049516699663360808e-02
-3.274222334516080357e-02
-1.199561900993194319e-02
3.219680950849242163e-02
-1.170666946586249903e-02
9.698316168023426997e-02
3.234194413719763961e-02
-6.327771679016928885e-02
-1.818311192856242320e-02
2.617475450073622478e-02
6.125899528290255913e-02
-4.496926593301649872e-02
-1.966694346708509206e-02
-8.694846750099445229e-03
-3.064729685215282495e-02
2.930020791903882593e-02
2.182061412316890076e-02
1.930398845950940037e-02
-5.834344396342449474e-02
-1.037404323741360074e-01
3.285375604187621562e-02
-1.416055798761958577e-02
-8.130212472977684304e-03
-6.896615503308410611e-02
6.275338452815313120e-03
5.036912685870163081e-02
8.803266276882265942e-03
-4.618116884568812530e-02
-1.284632653281586080e-02
2.953508305493132008e-02
9.414855277900355257e-02
7.720106476444693611e-02
7.218679700595602433e-02
7.507954097179748987e-02
-2.310750382465161581e-02
5.220390062951662385e-02
9.254212325498333003e-02
1.380975111054172019e-02
2.473751899479157117e-03
-2.864177247829597511e-02
7.246353074192041221e-02
-8.546348544314887052e-02
-8.157916301497378231e-02
-4.785429465163373169e-02
-5.574174754747659305e-02
-1.853476477573067285e-02
-2.962485740092221393e-03
-4.533113809887650072e-03
2.500406725086780704e-02
2.511864543990857679e-02
2.496034751659708187e-02
2.521451077055018863e-02
-1.247226901377405106e-01
1.816453442537772911e-02
1.688783020378316346e-02
1.006802540080069669e-01
7.197513528934349446e-03
-3.880776121556241826e-02
-3.231754635979114387e-02
-7.566518914596423451e-02
5.499624486503206650e-02
3.716075896600768130e-03
4.616695654816977204e-03
6.707060677097637091e-02
-4.513517758714138961e-02
-8.118412882157094446e-02
-8.080939791033719954e-02
1.752376284012196507e-03
-5.988388782039524155e-02
-2.060732381954905740e-02
-3.761240547785858757e-02
-1.155669588824032382e-02
6.316181888778753424e-03
2.754830537827724496e-02
-5.651777283078196490e-02
-2.019797581221704705e-02
-1.129970709418535446e-01
3.675905852829268461e-02
2.403245368266709175e-02
3.579238542541977181e-02
2.045423707199429258e-02
-4.717037859176868853e-02
-6.019155022286384188e-02
2.837187418066184144e-02
2.985205112839407413e-02
6.040541146171134884e-02
-1.702118892883032128e-02
1.347088933113998674e-02
6.816096070106250626e-02
8.354631418553108355e-03
2.039156760769910218e-02
-8.254255375389601967e-02
-3.258842598273011676e-02
1.498020148878483233e-02
-3.352816339792540068e-02
-1.925147063629874603e-02
2.975446001876809227e-04
5.765942638714861151e-02
-3.127761224709151716e-02
