1.347848144437368834e-01
2.032997689556861054e-01
-1.917272503938787787e-01
4.902129321234494075e-02
-1.422723588068514067e-01
-4.641689801519579064e-03
5.693739372029384821e-02
1.567600542426018650e-01
-1.699198066545270364e-02
1.562734957583894746e-01
-1.373171491639846309e-01
2.495456318630557072e-02
-3.071325716429816610e-02
4.816421431492684535e-02
5.375447778064387089e-02
-1.518393387946559148e-01
-1.559418105326890110e-05
2.416169758688626115e-02
-1.363714806255936773e-01
1.603778040702082686e-01
8.684088880634410409e-03
5.443087120979808041e-02
-9.703744628789236215e-02
-5.903816699314877806e-03
6.585559567023119287e-02
4.155158031107718947e-02
3.565995178324934956e-02
-6.986443553744338397e-02
-1.116266541656169703e-01
-2.029757973398856608e-01
5.203307386741675561e-02
6.323674162855084935e-02
-4.413897885264580351e-02
8.740121077224101420e-02
7.297712757397767369e-02
-1.569242439390449440e-01
1.624295909113605482e-02
-4.617533847399804547e-02
1.097815319637338305e-01
2.292484862283255750e-02
9.743791954993058502e-03
-7.044065221464938797e-02
-4.387140674819217309e-03
6.165992616063561971e-02
-4.543827132541388564e-02
-8.045796009471166410e-02
1.090170831696171683e-01
-8.157860402650546003e-03
7.845242152070882463e-03
2.908498423813221309e-03
9.896548144813795134e-02
7.383350523413213795e-02
4.594726940206265292e-02
-4.624749912765139387e-02
-1.456606704802458283e-02
4.574484557862600054e-02
3.440944538868003638e-02
4.297983365585324178e-03
9.088068328990828865e-03
-1.433751712767984132e-01
-1.386340727450955934e-01
5.171728335302539642e-02
2.900684637161262281e-03
-7.378495290168789189e-02
-1.047074125163045474e-02
-1.085887607705373348e-01
-1.374700522797082380e-01
8.454767599299670144e-02
1.351977764075179833e-01
-8.388347073532952114e-02
1.502494335644861088e-02
-8.719621574550434628e-02
8.824269548860584622e-03
-1.334604777829817394e-02
2.739079500918435370e-02
1.013086490684568658e-01
1.051057486743012248e-01
5.978615340769530273e-03
-1.936563541061451718e-02
2.103080677374805085e-02
1.049211563127113445e-01
4.773054915574310997e-02
-3.408861264444061623e-02
-8.726507056634340287e-02
-1.662767121086777128e-02
-5.084357511478389269e-02
-5.270359026045667167e-02
-7.755149859818805114e-02
3.505745540478225758e-02
-9.514687723287538340e-03
-3.988290276162547582e-02
3.460138404541277662e-02
-1.419407069734015814e-01
6.123263892132592423e-02
-4.012402820356477523e-02
-5.388754589948172719e-02
7.732426433251890496e-02
-6.458054597143457476e-02
-3.119059938733130879e-02
-8.757885754569580405e-02
1.313851494051216512e-02
6.199718789219453574e-02
-4.465215096062575412e-02
3.107666502811556181e-02
1.684675776737847366e-02
1.547343467492067783e-02
5.185559405521520532e-02
-6.924951724173471213e-02
-7.192353528148785757e-02
-4.824081613791656592e-02
5.957094035225993234e-02
6.950286424741169977e-02
2.092315015765439101e-02
-4.192567369510240283e-02
3.402303026416520632e-02
9.492852530587896076e-02
-2.207852203012356310e-02
-6.394676105410899980e-02
1.006442434572857921e-03
8.365773912093960041e-02
9.417950373156232236e-02
4.354349484681508016e-03
7.016566703055159004e-02
-9.651362205195524986e-04
-3.367468230539068241e-02
-3.214191121608200863e-02
-8.114984752816720853e-03
-4.273319849255678704e-02
7.943612383258943921e-02
4.217190815139106042e-02
2.487826189357169454e-02
1.733164663905838176e-02
6.350715207430966680e-02
5.424090269585365304e-02
-3.786447477887195604e-03
-9.151904294557283714e-02
2.461048943561417249e-02
-3.343439166971761550e-02
4.795544596386681208e-02
-1.121882784292892003e-02
1.451103661895437359e-02
5.922359416100488744e-02
-7.398500587532845507e-02
-1.002435364494930041e-04
-8.381354736246968140e-02
-7.055849346719111209e-03
-6.014598830069321084e-02
8.359977017381223230e-02
5.102135545724129778e-03
2.452193318689197075e-03
4.510177761561989102e-02
-5.999629084103196008e-02
4.882257592873037733e-02
6.862648462911824510e-02
1.240114726167215742e-02
5.929395163312317293e-03
-4.507493024609778021e-02
2.719528338163212933e-02
-9.138791157727263817e-03
1.017829192044302812e-02
4.364403891352042208e-02
-6.005512798667619889e-02
-2.306098882873015496e-02
4.162637895253184367e-02
-7.547112799047991927e-02
-2.520113156510072304e-03
-1.130768462190696703e-02
-7.097676479882547573e-02
4.888829187800839554e-02
-9.584090177037246638e-02
-4.554462564373221167e-02
-1.086931115538167063e-02
-3.346691572185012120e-02
-3.390585685663646820e-02
-1.009327525028965757e-02
-1.851556888583278868e-02
5.538094752527476100e-02
9.482030102152427808e-03
-3.514594486900315951e-02
-2.591218615042900630e-02
5.717020449182145386e-02
-3.098356743330504121e-02
1.850154414056004101e-02
2.439374033664892805e-02
6.360105108313578171e-02
-1.675446158658353696e-02
3.095865681432058772e-02
-9.476520380795275950e-03
9.202987759600732287e-02
3.802539203475140822e-02
-5.235036703308733504e-03
1.019366571264200827e-01
-4.221675394401320364e-02
3.417329539208749378e-02
-5.630197258268645338e-02
-2.003110957380636881e-02
-1.122961020066361032e-01
-5.117602836224930535e-02
1.172902804060107313e-03
3.510487240070440246e-02
4.904336549002419332e-02
5.107378129076084981e-03
1.097786936224286365e-02
-1.218249480441989802e-01
1.141347127196426156e-02
4.621370616999419950e-02
8.139063904760000800e-02
-2.813323831012307097e-02
2.629005285877759630e-03
4.688522433055359456e-02
1.937251421424829312e-02
-3.968361780974986180e-02
6.512624213154703801e-03
-4.472361037701545750e-02
2.125032742951719206e-02
1.626686794260102237e-02
1.318452946190703731e-02
-2.649571573052723894e-02
-1.795791829998783992e-02
7.379450308537362224e-02
3.244664889550841896e-02
1.767107886690951271e-02
9.302713716165159075e-03
2.686483366920568508e-02
-1.159415674022815437e-02
3.893202503213320786e-02
-1.618876346833208330e-02
-1.505553065804346100e-02
5.098686126232046534e-02
6.852190010008432641e-03
1.980193855759954970e-03
-1.318379483239274889e-02
-1.787186647006434176e-03
-8.615411038723794213e-02
2.987073728816320300e-02
3.930134332431555605e-02
1.315531124258881301e-02
-2.158648721680468327e-02
6.239525691218601733e-02
5.490924859260135765e-02
4.737959660141793580e-03
-2.887311040776178311e-02
4.521494395307070618e-02
-1.907468873070631080e-02
5.925291255707505755e-02
-2.488484016694962608e-02
-3.794889038851363694e-02
3.266964234534509848e-02
5.005334750316588893e-02
7.257605325142774989e-03
