1.786877867395921249e-01
1.841244887475129155e-01
-2.042285833451686072e-01
-1.064454029929403842e-02
-1.104229893186677025e-01
1.009549887103733043e-02
4.495029170046814515e-02
1.883482693664645657e-01
-2.624440550560213151e-02
1.785745749038641916e-01
-1.306681685748293242e-01
-3.754062554015021036e-02
2.923949829037689185e-02
1.269537630100799619e-01
-1.539258650403306852e-02
-1.921793904214325333e-01
9.457208101158130417e-03
6.558669151966201039e-02
4.971454230722625878e-02
1.131521797537084345e-01
-3.689817418056341031e-02
8.734676338620249447e-02
-8.311275334744343268e-02
2.753750427367342157e-02
1.420378402231627785e-02
1.387920797291622710e-01
4.814793951048148418e-02
-4.418602578207377063e-02
-9.181382901384611828e-02
-1.787678077055473991e-01
2.037425138498548047e-02
3.054060541156958589e-02
-9.406220543530895151e-02
5.974046861052142304e-02
-1.226128915093571865e-02
-8.506228681043459527e-02
4.699814646760214903e-02
-9.381438444535683541e-02
2.757488701578308943e-02
-3.798515170364674676e-02
6.419999512448433532e-02
-1.450934023305300025e-01
2.096442947087751377e-02
1.275796345760950995e-02
1.151150708994450565e-02
-7.952466704013239074e-02
1.638827818632125066e-01
1.716462232791942516e-02
-5.168265765206942960e-03
-4.914066247124146414e-02
1.181570876282905525e-01
9.418333177627015440e-02
5.276494278074570637e-02
2.344983437515620397e-02
-2.710348907364872051e-02
2.529901316309481063e-02
6.590139477122956835e-02
-5.086048758669180214e-02
-7.753696876929704052e-02
-5.743084080073160638e-03
-9.963980440595940347e-02
-6.412751327220977265e-03
1.501838369138383186e-02
-6.718066661711470655e-02
-1.255553356288846047e-02
5.068621205841317839e-02
-1.292666129306959399e-01
2.370053336701133037e-02
1.090147704744762747e-01
-1.954029089659435059e-01
-5.812325051943903476e-02
-2.825794322830574648e-02
-4.065305946773113688e-02
-8.000885957768337498e-02
-9.542015309408596879e-03
1.560388502418348367e-01
3.369502062777910562e-02
-2.822991399238083954e-02
-5.140549355575842888e-02
8.003128922294917846e-02
9.027778934600605432e-02
2.773658692705075965e-02
5.185095819813638224e-04
-1.399060541614009778e-01
2.119532655833479551e-02
-9.174663392593686295e-03
-5.392749913641228104e-02
-5.944394056662390124e-02
7.051326769027541075e-02
-4.066920130449146187e-02
5.217370108545474339e-02
3.160437122365262336e-02
-1.178886826682060684e-01
2.946532759187453845e-02
-3.303470688681605510e-02
-4.076401895414367982e-02
3.313853393372984124e-02
-9.227662423290083904e-02
-5.381147186404009602e-02
-2.774055982098207890e-02
1.206624195674845836e-02
4.802115101360242277e-02
-3.907065894314921961e-02
3.316762677905368828e-02
-1.448698566609771428e-02
-4.218240465288377455e-02
1.730774035733509495e-03
4.979891155866540686e-02
-3.299034811835453718e-02
-5.892130167756431947e-02
-1.858210083040747959e-02
1.618954277013003387e-02
9.474025642713072848e-02
-2.118425250753410566e-02
-5.445676994290052364e-02
1.613354686353898546e-02
4.405269921565418967e-02
-6.658451354901100128e-02
3.049302453228188575e-02
5.994117796062654185e-02
5.683234153542437300e-02
-6.768050046935591979e-02
2.155185468538406077e-02
2.865091561858326696e-02
-2.251191858107081962e-03
-5.696848353848819185e-03
3.306752236503616993e-02
3.902548682632381305e-02
-4.039819988616840524e-02
-5.208573433163684457e-02
-5.395612274229541483e-02
-6.672409664130668494e-02
-2.440702026893996207e-02
6.452305083809649344e-02
1.994083055491900972e-02
-7.503489022355855353e-02
2.076675453582229117e-02
4.140287281135172741e-03
-4.831724110068861405e-02
2.649576143267423807e-03
6.171371430658298407e-02
2.622660568948463958e-02
-5.999977032545617678e-02
3.553584695367312252e-02
-7.815580174370159727e-02
-3.413022456772027424e-02
-9.976468466244624994e-03
1.874586539521426454e-02
2.827533637024129062e-02
2.792725455312474944e-02
-4.687138925335246342e-03
5.885357478495559062e-03
-2.155951892958227895e-02
1.095588379646614680e-01
5.190676640895115074e-02
5.717870280792498525e-03
-4.483739269103401495e-03
8.595287198626731795e-02
5.421595626192963341e-02
1.972172701873816519e-02
1.477500483480374133e-02
-4.109918104532607475e-02
-7.945349905829181617e-03
9.052939553411321061e-02
-4.462886268358377123e-02
6.511188377092516633e-02
-7.600646612685732842e-03
2.168255351093568289e-02
4.616677930918666045e-02
-6.461793105300747686e-02
-3.897236892163576105e-02
-4.323259380381567585e-04
1.146755499566493898e-02
-8.831805774583685251e-03
-9.395534397334524834e-02
2.251811254168815599e-02
5.620984849338231393e-02
-1.722243262701454031e-02
-5.213609936493941027e-02
-1.248361479794274885e-02
6.397760691221854312e-02
5.327866612043185429e-02
3.719479607234906643e-02
5.359386989406951518e-02
7.206113219202128772e-02
-8.839657714558184221e-03
5.967499406722808625e-02
5.848350127938457821e-02
6.270853320351144067e-02
8.418405827320715740e-03
-7.805954509309787417e-03
1.202709800260467199e-01
6.822175252289688907e-02
-1.591237867381903315e-02
-3.848079368355099283e-02
-5.685849381358645122e-02
-8.866301130001534581e-02
-2.509492528901659334e-04
-5.159350215833508058e-02
7.631785341971056291e-02
2.207602642328328896e-02
-3.408367601520211933e-03
-6.263489389394981399e-02
2.508053527950157655e-03
-2.805914211859283219e-02
-2.049590953064614821e-02
3.894174322747228495e-02
4.099269497491494357e-02
4.461090645431937951e-03
4.773222464864435716e-02
-4.376818370143878423e-02
-2.861519085583076258e-02
-3.555843301208583274e-02
1.970774368340509272e-02
3.147830222724930238e-02
1.523742466230591439e-02
-3.478412536966032226e-02
-4.027525915270314255e-02
-5.510697939457368660e-02
2.604773161468708700e-02
5.141872610798636778e-02
2.754920397706171753e-02
-2.124037354464267807e-02
2.833502362709923450e-02
-2.252865478778937752e-02
-4.727024277795350768e-03
-2.966750722556054688e-03
3.188960623834379005e-02
6.897006430030722113e-02
-1.690431956884449680e-02
2.048555498032120920e-02
7.286287470041345055e-03
-2.688319679755141883e-02
1.100676186489055186e-02
2.535776194107134188e-02
7.581761289328740883e-02
-4.717389227946164332e-03
-3.134582029182299279e-02
5.783638880802008386e-02
7.997523075109937152e-02
-1.142644962065899640e-02
3.142290069061648428e-02
5.325301436433986513e-02
-5.042809908339488528e-02
1.280854746931773744e-02
-2.653940070066000342e-02
-4.633561165995307707e-02
7.123993188815444955e-04
1.107711649836723954e-02
-4.292758816735605179e-03
