1.886401105430302871e-01
2.481814516168499296e-01
-1.568579751349405693e-01
-4.697123024908361755e-02
-4.996900385935618139e-02
6.906708028227911966e-02
-1.625261100501420794e-02
1.284787518711052734e-01
-6.303402198132729457e-03
1.028550994913289413e-01
-1.173708500013006528e-01
-9.576692021367330665e-02
-1.112444070324461291e-02
1.696822368925578750e-01
-5.309339701765707076e-02
-2.913573340179440030e-02
-2.060436797192827588e-02
-4.192952723240909313e-02
-6.105521030126421361e-02
9.852912549669777531e-02
7.214421513894440918e-02
2.666726534690019162e-02
-3.366033061095123624e-02
1.247904348007388697e-01
-1.893881940510237435e-02
9.535304062323458896e-02
5.151582498308426156e-02
-1.151138023191261850e-01
-8.114527086144697476e-02
-1.864672033899156256e-01
-1.211862582594322576e-03
-2.212685248523323447e-02
-2.335487658947805328e-02
4.418971917949611472e-02
6.380232311270843393e-02
-1.263717799532067254e-01
5.925537018002337980e-02
4.772167195576149101e-02
-6.476053784480750170e-03
9.544633096318991261e-02
2.713827623079990981e-02
-1.491349687714414729e-01
5.747920637357403079e-02
5.929662293567600911e-02
1.346006356558365931e-02
4.885517945673511359e-02
1.835631603166860970e-01
-8.296866152688280385e-03
2.414301803245738273e-02
2.847257648908886260e-02
9.275851898799633566e-02
8.423054936423576833e-02
1.154021628542559880e-01
2.996012821921540878e-02
3.738159957760114893e-02
1.676628956377720567e-02
6.002175330980787094e-02
-4.763064548654322161e-02
3.408964854211057188e-02
-4.223609306138254721e-02
-1.842915607263270195e-01
1.342173497629969674e-02
4.761288038978732373e-02
-5.331629395730760890e-02
3.481380419411954363e-02
4.510982542085509479e-03
-1.623700287398831543e-01
4.314371657103870106e-02
5.019454198153326663e-02
-1.000647530373371952e-01
-2.375114829640649801e-03
-7.602706787945016399e-03
6.796611592315037441e-03
-4.569880912427361913e-02
6.936830086090124692e-02
7.191021894415255966e-02
-8.615568844224165065e-03
1.757710115677600660e-02
6.208313338647446222e-02
1.032185765152195261e-01
1.374893661589419724e-01
1.251211171415915757e-01
-5.333459357909863668e-03
-9.003234698086967636e-02
-1.442903168368363514e-04
-3.000169540135929486e-02
-9.302273156859776349e-02
-3.976303437971601823e-02
8.103971788833273793e-02
-2.796836216771263206e-02
1.276395475659461605e-02
1.295990534594461917e-02
3.893826225050550649e-03
2.352149118719398108e-02
3.243931821746140476e-02
-4.685593005474047307e-02
-2.504155461651627959e-02
-7.507303501968479176e-02
-7.007465997350519060e-03
-7.644255104499428355e-02
1.577474562360513255e-02
1.411336320778835696e-01
-7.356888157081999113e-02
-1.770692785501512198e-02
3.404987359096683756e-03
1.279511442187796812e-02
-2.451033105954126406e-02
-7.096583897766872706e-02
2.816946935151921363e-04
1.576421233614809861e-02
7.864812711055034836e-03
6.007536302656681787e-02
-3.443567489573650092e-03
-6.011205659809625707e-02
1.683376548880048673e-02
2.032735823313278067e-02
9.127706713180014364e-03
-6.490825541039900448e-02
3.849404050366069668e-02
8.454554182317483568e-02
-2.655017292155689799e-03
-6.830506768072307222e-03
2.060012321429633558e-02
4.881433545552111425e-02
-9.586392078622543375e-03
-6.525909248934112783e-02
-3.287649681090210052e-02
-2.993726941330118393e-02
-3.436178467029161673e-03
-8.202918661366252751e-02
-4.608077442584996436e-02
-3.892930109550474249e-02
5.517587511188686011e-03
9.087029358006376567e-02
1.576037633295478829e-02
-5.003195204290539905e-02
-1.476895816337921857e-02
-4.115874213174702985e-03
-5.155273865315757563e-03
1.036060442803928353e-02
6.118129532425738842e-02
3.237643291921044053e-02
-3.911805131820501186e-02
2.112015318818268039e-02
1.079929226863800620e-03
-4.829191584030122913e-02
1.986030912302287274e-02
5.498442082136179715e-02
-1.957635055877064365e-02
-1.139274082823235092e-02
2.046164978754771296e-02
-2.366597015992557076e-02
8.092643002353362702e-02
7.889187052657108123e-02
6.501075844654807812e-02
5.000984786057018766e-02
-1.775880822607216539e-02
1.076681201209138232e-02
8.365568341027457278e-02
-2.772773157395532276e-02
2.148039161921332790e-02
-4.683923400805484194e-02
-7.952537702115127297e-03
2.352787404496645488e-02
2.815123261502643429e-03
1.909455484622088473e-02
1.827990725002877695e-02
3.333958414722220254e-03
1.055136698028358126e-02
-6.181464460559197432e-02
-5.130600818546992431e-02
-2.595848515031358092e-02
-1.362303081600103188e-02
1.771758691306865932e-02
-7.922082352172186981e-02
-9.605603537238212308e-02
-2.427935335906547185e-02
-2.593924224904878631e-02
-4.402967609544741062e-02
-6.062922529091217816e-02
6.383096736606175270e-02
2.883114845971585655e-02
1.899629656770375832e-02
2.434377934712358624e-02
1.130785825265320094e-01
3.535486930027084002e-02
9.257083781536633305e-02
2.496313664959732767e-02
1.249423971239623371e-01
-7.217292227759597445e-02
-2.351186973656158204e-03
5.248215191865769624e-02
-1.998714876959506448e-02
4.890124293770394676e-02
-2.683711853747604639e-02
-3.520296986234563302e-02
-1.079232143332688743e-01
3.661999573048372453e-02
-3.051540540277141930e-02
9.727207982731013447e-02
8.579129958152643953e-02
-7.611296919686097451e-02
3.700095486728806338e-02
-5.705866094152070578e-02
1.000923282406202160e-02
-2.617977851485872327e-03
8.100296143150505224e-02
2.466892778173019121e-02
-1.486473247261543666e-02
1.933965029615401787e-02
-2.803407730438488982e-02
-1.260941413614287410e-02
-3.612634613921365812e-02
-2.036980580945218014e-02
-2.837284040606282906e-02
-4.338768008560332096e-02
-4.988429736261213582e-02
-5.400278131566425138e-02
-4.216207706534115529e-03
1.401879944054347168e-02
2.114926908127287564e-02
-1.661272366544835162e-03
-2.017174856261077023e-02
1.243272845791205256e-01
4.333089466128269701e-02
2.180742661276746305e-02
4.898956533909742256e-02
1.576490407442885863e-02
2.296700006986611073e-02
1.687231417662832939e-02
2.785152128356234436e-02
6.080914012920819040e-02
-8.170903756026687281e-02
-4.115688701544863159e-02
9.043808292518490388e-02
4.304552117781982462e-02
4.484036191784970815e-02
-1.241358931738937264e-02
4.578474188433355463e-02
4.114827172958825108e-02
-3.492357048221660792e-02
1.568485108975537900e-03
6.037060950185509783e-02
-5.919251632442153882e-02
8.709576076579529647e-02
-1.281177902591447426e-02
-3.069730112796233146e-02
-9.948831495091972621e-03
-2.041445437121036221e-03
6.293598380135403958e-02
