1.270562194912855936e-01
1.772911183388470036e-01
-4.416593983509006782e-02
7.540771625325916327e-02
-8.049923156806160218e-02
-5.182382961166476926e-02
6.500705637427243999e-02
3.180936004981730902e-01
-1.264321685375844884e-01
1.086795629028030619e-01
-7.152323631008579430e-02
-7.721935528500108170e-02
-4.159177977296375089e-02
8.338528344866327768e-02
1.049993129569000566e-01
-8.271966474028216720e-02
-9.487449054968473405e-02
-5.853027224454248473e-02
-6.911150458839322719e-02
3.884496650470262852e-02
5.355941702793102360e-02
5.482449354898068228e-02
-9.803604575611986338e-02
9.304858348639266641e-02
2.129348330996869501e-02
2.639579153856667221e-02
2.549563579634383376e-02
-5.154859360258167572e-02
-1.421550046723352445e-01
-2.120571319644938280e-01
3.550133517668271205e-02
1.319939942600407631e-02
-1.170478803580369542e-01
6.483042683147612062e-02
1.415408778529910405e-03
-9.023433956785478771e-02
1.006286172594268030e-01
-4.676272157721508144e-03
6.924813686241784727e-02
1.258401287647382683e-01
-7.154599164845966072e-03
-4.403806218463953565e-02
1.101091728836955247e-01
1.662486309422606459e-02
-8.032393860901705651e-02
-1.451035418433321497e-02
1.655459220347679306e-03
-6.129639914801666804e-03
-2.517589154832681683e-02
-3.740857336126994503e-02
-4.917458695728280961e-03
-2.093785178821667634e-02
8.634872352849241872e-02
-2.316623763376027267e-02
3.789649325985333314e-03
5.286342445379094840e-02
7.607854763827218147e-02
-3.027285344191772004e-02
-1.881325167099796511e-02
-9.781828284836284471e-02
-7.336859066696609089e-02
-5.477834799495084200e-02
-3.448720225502775369e-04
-1.105441640657088553e-01
5.745281866764744699e-02
4.342590682632919280e-02
-1.419762031809423120e-01
-1.034365458197375812e-02
1.030210353459062866e-01
-4.836799207768382319e-02
5.761745237127162932e-03
-4.629211043821710586e-02
-7.117933331075554371e-02
-1.785027649244196740e-02
5.862804334598441247e-02
1.043347301009265593e-01
8.576433569762507980e-02
-5.262303986603523304e-02
-1.153486480198188252e-01
1.134743900393065108e-01
8.091240302032728926e-02
1.585295256298549157e-02
5.426563446777213362e-02
-5.997298074620228264e-02
-4.945129320849285526e-02
-4.181158097094221648e-02
-1.083327862484065145e-02
-4.598830495143994140e-02
1.818976876539137380e-02
-4.452247355087454034e-02
3.814035296536364555e-02
1.561370407141878490e-02
-1.074534477981174962e-01
-2.009587085378959290e-03
-2.783191736524900581e-02
-5.366310251247452534e-02
-6.594861279820632416e-02
-8.310353159379031684e-02
-7.971903421756006136e-02
-7.927431938875260931e-02
-3.326800397125757175e-02
6.533695865880290166e-02
-2.221382146684324974e-02
-8.941244080429804411e-03
1.357608214184646313e-02
-4.737734961546620494e-02
5.199274038329462083e-02
4.485220876243602856e-02
6.821753054602232302e-02
-6.799465520541479735e-02
1.503262428533707479e-02
3.931257033025912367e-02
5.464161547714484202e-02
-6.067465380128737873e-02
5.555633998226196246e-02
4.255328470939279822e-02
7.303053522154984156e-02
-2.660082348608808558e-02
4.638543739868439958e-02
1.109419648048291934e-01
5.032074093901879597e-02
-2.317378933195776702e-02
1.177934601893676665e-02
4.607514948071114724e-02
-6.230207817744169707e-02
3.783227041058082052e-02
-1.678572094875150147e-02
-1.662476285044468122e-02
-4.226428188766648275e-02
9.505616569614397035e-03
4.197751784372437400e-02
-1.619007239977550763e-02
2.981417131290428277e-03
-9.120145815604125544e-03
1.669312910934768468e-02
-1.019002430408601362e-01
2.102934094602528295e-02
-6.752484601666788877e-02
3.136063212829517249e-02
9.654545414155293881e-03
4.670173994354060582e-02
5.885786892210114613e-02
-1.027735000350786104e-01
6.808861704316418462e-02
-1.555843633328312173e-02
-7.098375769327790186e-02
-5.878736412919530890e-02
1.045970346622112843e-02
3.315482874207650865e-02
4.184887165761657507e-02
3.461411088225824911e-02
1.542564673754484236e-02
1.111259121436664402e-02
9.650876491756685271e-02
3.827711889776343884e-02
3.696061731686445945e-02
-1.292847389952043666e-02
5.488387128215303085e-02
9.443067791490972196e-02
1.592806856983492586e-02
5.707225985892493136e-02
-2.672165065724802988e-03
6.976886989210717704e-02
-3.792372615379563383e-02
-4.773271382046787026e-02
6.658559519970579099e-02
2.270765574852821878e-02
-8.343624070419948524e-02
6.774047039042206675e-02
-1.180624476694112496e-01
-7.291187999898651739e-02
-5.184347739281577883e-02
-2.325047582471553159e-02
-4.012972422149709006e-02
1.338434920265515679e-02
-4.714799184366258818e-05
-1.171929999388853123e-02
4.083851458506035370e-02
-5.127282295999786854e-02
5.166517712032975274e-02
4.919406766546484400e-02
7.898892534315606062e-02
3.862332750406548970e-02
1.474656194786464793e-02
5.750340836265191435e-02
1.376403923193902229e-02
3.088865099095163338e-02
3.159610477076313373e-02
3.971397984550924937e-02
6.961903885353384891e-02
4.337304493894671847e-02
1.247852968678419411e-01
-7.958019658034501875e-04
5.414266876260935557e-02
7.714861658993868963e-03
-4.415377692294896600e-02
-3.450768540102361337e-02
4.436789763998241418e-03
-3.558724409732769156e-02
4.776469158672894816e-02
4.332108524559668411e-02
-3.164796422033178472e-03
-6.379911880861091622e-02
-3.387588226156226096e-02
5.014113749737478948e-02
1.840171753382819145e-02
7.076449112880014991e-02
4.219835489411045970e-02
-3.878264828727638787e-03
8.393913034080269231e-02
-2.329561894093154159e-02
-2.697226011070477268e-04
-1.204784564591094703e-01
6.231921986405814309e-03
6.732840161975159332e-03
2.429641943966260806e-03
7.333243607648073925e-02
2.018415221059395928e-02
9.953873345364031011e-03
4.926604270049762119e-02
6.405143240635118029e-02
1.092062437301877659e-01
-4.189845891480722256e-02
4.960780716582503802e-02
2.236228250707102475e-02
-6.274325105930695506e-03
-2.666992486605455556e-02
-5.797649218159066364e-02
6.421315904031526210e-03
-2.643094369123820397e-04
1.037312625370027247e-02
-1.183621765757455167e-02
7.263463911427577892e-03
1.934982321814575704e-02
-5.520241260479345075e-02
-1.241963646522185709e-02
-1.967848916270582837e-02
-6.312280743021564389e-02
1.434241243592340037e-02
7.742679308327568566e-02
-1.627671644148395366e-02
-4.246049238242621815e-02
1.602426918536852332e-02
1.041158645115743304e-02
9.547642104229404902e-02
4.760911323802299693e-03
-5.602624941479026482e-02
3.663729770731145863e-02
-4.871931311683638799e-02
4.527376727774407028e-02
