1.314618382957355169e-01
1.924738409386149429e-01
-2.150902145710728575e-01
1.171083897613598712e-01
-1.144773282759419253e-01
-6.188256222132276774e-02
7.727840461354064383e-02
1.612192543145376245e-01
-7.514597579494652901e-02
4.796747709550094191e-02
-7.768844440748791380e-02
-5.812779069419211908e-02
-2.199752875801817831e-02
1.376271191065262245e-01
5.136572349222669892e-02
-1.380007428245507428e-01
4.710729414084203343e-02
3.297756300478743574e-02
-6.425910274599036520e-02
4.312554212614994747e-02
4.443348618637500691e-02
9.007431539169390156e-02
-1.945894322167286347e-02
-1.384156772523586001e-02
4.277893678703583585e-02
-7.462029211831987252e-02
3.946517177074374688e-02
4.190850773216210981e-03
-1.729873572437531926e-01
-1.523394095646674329e-01
4.875887412897245837e-02
-1.045927783489560177e-02
-6.102175927970818203e-02
6.987213833373764893e-02
-6.865901964683829295e-02
-9.175493687406377497e-02
4.472866523906058461e-02
-3.241096018908631859e-02
4.640233634134843105e-02
-2.277538397114207361e-03
-5.348660097490983908e-03
-1.788253175728404809e-01
2.751991572666746561e-03
1.728497527704859690e-02
-4.462516004835544864e-02
2.446847045441023424e-02
9.226636085070991089e-02
-4.177256743440751346e-02
2.092123140296832384e-02
1.139571918510239555e-02
-2.113470270107455605e-03
4.773436200016756281e-02
1.594935695697579647e-01
-2.745054244941680030e-02
6.539002421492433326e-03
1.053357837689925490e-02
1.184138212428698378e-01
-2.393495536360665948e-02
1.960336755145247398e-02
-1.561416264093533346e-01
-1.113641779861489350e-01
9.080948939755350072e-03
3.023979850120878804e-02
-3.807300737722425082e-02
-4.866688764328588879e-02
8.424007498434064878e-02
-1.371188276955508656e-01
-1.095131906145383784e-02
1.461080838276512528e-01
-1.193581918999307573e-01
3.857578416738335902e-02
-5.021985707457175818e-02
4.013860812817520059e-03
-1.129710210207936216e-01
6.139972290642242703e-02
6.100371439620883018e-02
1.351088626161485104e-02
-3.488943962162367046e-02
9.284304661216382162e-03
2.327329875833301226e-02
7.562522571168243946e-02
7.409300952796545048e-02
1.112876585434618287e-02
-9.051848709909561530e-02
-1.365076184499335876e-01
-2.803535330307928980e-02
-6.286667730533163599e-03
-7.759512005521278233e-02
5.577980220037791204e-02
-4.289451540793041279e-02
-1.831438203971406942e-02
4.417978099793477831e-02
-1.114047055545145659e-01
3.562056739682519652e-02
5.405764159197788687e-02
2.739722357122884640e-03
3.273139555249250654e-02
-8.590653465940722988e-02
3.198927116655087000e-02
-1.334435776532084672e-01
-1.218979195175102191e-02
7.772450154359419883e-02
-5.646221205322043100e-03
-4.500707201305056276e-02
6.799752619602666970e-02
-2.484744563878899665e-02
7.271875949437567321e-02
5.565094280627495837e-02
-1.700989685408382107e-02
-1.440520112972822585e-02
-5.009494601844966671e-02
5.268290209500207238e-03
8.723147941457472243e-02
-1.105544423911464583e-02
1.483397105591532060e-02
5.687763594441434117e-02
7.422467517881513321e-02
-5.739927339038290027e-02
5.585566902521695715e-02
5.281332777194040762e-02
7.295386507414571009e-02
-4.132748206201847241e-02
2.236801991037193349e-02
-5.877476339788401376e-04
-1.145913732448935185e-01
-2.251329264335404437e-02
2.129270148209418817e-02
5.879538612188327934e-02
-7.382249942993720886e-03
-1.480881263787192301e-02
1.223625834253415888e-02
3.540380037858616852e-02
4.207185797953597733e-02
2.874442259501578875e-02
7.773278979026479463e-02
-4.015263941190887198e-02
-2.213927735462067198e-02
-1.767987433692045848e-02
1.842728492743152605e-02
1.048802565110342616e-02
-4.815823729249407714e-02
4.577366956829511530e-02
-7.063181813979259316e-02
5.138399679197288433e-02
-6.541958780344225843e-02
-5.975267861233615058e-02
-7.133370863540022810e-02
7.240491557123508726e-02
-4.996197513190382689e-02
-1.438960356315916768e-02
-4.317295481281280094e-03
-8.279240544284213743e-02
3.706543068157697879e-02
7.979343064557034571e-02
6.300627226303547046e-02
-3.007439250761347743e-02
-6.439086628951727620e-03
3.829773633320982668e-02
5.816534885134899691e-02
2.953050079302546246e-02
5.670110281650930784e-02
-7.657034687926866923e-02
1.337634909223361923e-02
7.161521534416857848e-02
-7.333372129261936379e-02
5.844731239261099359e-02
4.525128161180126674e-02
1.906463151786427432e-02
3.797407051145565426e-02
-1.197896375592949897e-01
-5.580678794839593476e-02
-1.667112292914664853e-02
2.295119921941422836e-02
-9.494839179006271668e-02
4.743324412506447554e-03
9.180473161587210384e-03
4.994921645297389912e-02
-1.466396410649106058e-02
1.575324855671766944e-02
-5.263418417264306010e-02
1.375307274503651325e-02
7.463017927871826163e-02
-1.579501609899464434e-02
-7.499916941002143095e-03
1.157873607132808430e-01
-9.156489455670352440e-03
4.858279783356106440e-02
1.059613179763750981e-02
8.183844130341444423e-02
2.267282507631665153e-02
6.825906279864384085e-02
5.036078989886414586e-02
2.213483955325374394e-03
-1.861109474434262737e-02
6.541873940023975459e-03
6.719676409643525472e-02
-9.701803877167175516e-02
-4.938750827113336239e-02
-4.309823006920789068e-02
9.824623293086172382e-02
2.317390506007076592e-02
-4.237144220269608436e-02
-7.807887303510042953e-02
-1.701975138358979497e-02
1.281242200970961892e-02
-3.223674385454195629e-02
1.981967773719785133e-03
7.090043564606139659e-02
-2.709212472725248955e-02
3.298735227250860352e-02
-4.175801405639538444e-02
-8.405261050748029719e-03
1.245194854132386161e-02
-3.224496683942773556e-02
-2.114994132782717709e-02
-1.257898060545219882e-02
-1.998417006580585284e-02
6.131083635551422967e-02
-7.004442944563017692e-02
8.722110279079027528e-02
3.920650668665812827e-02
1.927650390224272536e-02
-3.124577628312826677e-02
-9.911307258757102393e-04
-1.351894609203861154e-02
8.653027416770755695e-03
1.344989912371198637e-02
6.388061702499767125e-02
2.195612015555764573e-02
4.472050751595960799e-02
-6.193770842948533722e-02
3.351952949672362680e-02
-8.206649861042522587e-02
-9.090597894639179666e-02
3.216479273679138245e-02
3.704846261752695741e-02
2.560774543179960248e-03
-1.252190917463779848e-02
2.799414048597317906e-02
5.053177577506052370e-02
-9.798926465318109902e-03
3.257933559389038312e-03
3.328931855081419117e-02
-2.219213940031497176e-02
1.387713539795609741e-02
-4.606963176239838031e-02
-6.163616635278100324e-03
2.658667220391625410e-02
-4.640546890701920807e-02
-1.249371608360084086e-03
