1.000925914280958312e-01
2.144367772298084174e-01
-3.078845765792519520e-02
2.529898729499482565e-02
-1.968798651536781685e-01
4.540907601254844800e-02
3.465774230798952110e-02
1.010522759359396144e-01
-6.022404722858224098e-03
1.673530522717535940e-01
-7.827421777241096168e-02
-5.838645984202191913e-02
8.867374468104277652e-02
-6.735473881679422681e-02
1.366756385151772779e-01
-6.578984942616911136e-02
2.969023729191221442e-02
6.681448021079428035e-02
2.092651652615800002e-03
1.299300425948503590e-01
1.316414169069172468e-01
-4.634366369617363285e-02
-1.691459999405475756e-01
4.623258508275806394e-02
-4.224639019207386548e-02
-2.172340144121457858e-02
1.785888622911378509e-01
-2.653123095050701971e-02
-7.197762243474975508e-02
-1.098591090885257249e-01
8.459094610875372844e-02
-1.218515033135367104e-01
-5.941279151791501595e-02
2.729173761967000275e-02
-1.093120122053873877e-01
-1.268772551775237956e-01
1.631607371290501596e-01
-4.490200214230640613e-02
1.239418639697508102e-02
7.840563765690823639e-02
8.164625206710717994e-04
-8.608759157626165448e-02
8.927481882788773637e-02
5.739029295208448317e-02
2.938102220181664295e-02
1.460968405361515350e-02
4.088744749313453358e-02
-2.739774827134848142e-02
3.128633283049375713e-02
-6.874415871028943803e-02
-1.678401319915808279e-02
-4.270212491567789564e-02
1.538025375091225389e-01
4.658328109255100574e-02
3.503200781106658585e-02
8.291560292191350878e-02
4.544448232057465148e-02
-9.796856006719013854e-03
-3.659144740722099221e-02
4.634199751697240348e-03
-8.889364562353889443e-02
-5.795422518756860979e-03
-1.284538078225575530e-01
-7.276728723993432235e-02
1.037866842775638093e-01
7.328716986278584200e-02
-1.216691608272017361e-01
1.224252590638947868e-01
1.195672757648457707e-01
-7.334503487796201204e-02
2.927973239120832891e-02
2.313472464879267818e-02
-6.534744413617495085e-02
6.464164368411913497e-02
2.888123786557999714e-02
2.006600439285432039e-02
-4.484538676153115855e-02
-4.315956053054986058e-02
-9.406272361089874912e-02
7.398856188237173948e-02
2.914616035857611753e-02
-5.293739432472145678e-02
-1.078316466971581886e-02
-6.797042674371667204e-02
3.523684371661821302e-02
-9.949488435172003375e-02
3.283598362384092945e-02
-1.526591567443427722e-02
2.430049469658900063e-02
-3.003565706756791687e-03
-3.665889295280425064e-02
1.276234257631428393e-02
-2.403949466712912084e-03
2.232301768125845992e-02
-2.086091072010943636e-03
7.611269737947749803e-02
-2.901300487074421133e-02
1.009600459747380004e-02
-1.047644884842209839e-03
-3.607024572583515665e-02
3.144555708041162773e-02
2.583858637172760722e-02
-1.040364723094820559e-01
-5.734166134664848286e-02
8.663264044746514514e-02
-4.073172916195259841e-02
4.918054205867369161e-02
-1.942702466918130172e-02
-3.017099941560144258e-02
3.063916105908134208e-02
8.057517653724763362e-02
-1.206799710626694708e-02
-4.294698383412582504e-02
2.946755938408070208e-02
1.275033220123872671e-02
5.676998832029195308e-02
-4.357523752919090221e-02
-2.500449012117681585e-02
-8.661216032811664203e-03
2.914314040877387726e-02
8.874313410236081209e-03
5.145071122035423800e-02
2.918809253514048976e-02
7.310795146245317733e-02
3.506310982282294375e-02
-1.558686344307186854e-02
1.925158988411809768e-02
4.552105713969801376e-02
8.597206981830946004e-03
-4.379645753022132909e-02
-2.459079171033723074e-02
-9.482888834693259383e-02
1.307082871300931570e-03
3.288412926034323114e-02
8.876014301504007303e-03
2.915226968231397070e-02
3.830351596062172431e-02
-1.021471986556168055e-01
-4.337428937510880850e-02
8.773992066288481551e-02
3.618823204052250275e-02
-2.155258336102146288e-02
-3.290197126262310590e-02
6.207329786955118750e-02
-1.464305276332652228e-01
-9.785331600577149025e-05
-8.201680337904815321e-02
4.091424520862103897e-02
-3.876400623736261323e-03
-3.953322563526538366e-03
-4.504515470534571110e-03
1.071866964980140897e-02
4.104389477771702363e-03
1.517386968718613949e-01
6.394518077800355471e-02
4.530157274200219408e-02
-2.016528090359447859e-03
1.797508834357313887e-02
5.625291737484251070e-02
-1.437308660704000700e-02
7.913320257478016762e-02
1.668852030368739390e-03
4.052262367219779809e-02
-1.039180000258610320e-01
7.140792799619469569e-03
2.709686407725907936e-02
-6.447176282972670591e-02
-8.773287411334626529e-02
9.201759277758481126e-02
-6.256856963711782127e-02
-5.762657799005940079e-02
-4.394804512546687802e-02
-2.413491813846643103e-02
-2.749723305448879135e-02
-8.641433626003686141e-02
-4.134384174600572864e-02
-7.705683088144307802e-02
2.691778452519317730e-02
8.210549270944713859e-03
-8.937940628483182284e-03
3.473928095264987997e-02
4.879666131312285215e-02
-4.549613387581289553e-02
9.747037248602134774e-02
1.836983396599868937e-02
4.404516948807211257e-02
-3.340064481272559532e-02
-1.837865083093855392e-02
5.490789421464682685e-02
2.597490065762851630e-02
3.179795398147249735e-02
1.332299799270265650e-01
-8.786804290104635248e-03
7.255620316237805859e-03
-2.524178180908581010e-02
-8.858234780944179709e-02
-7.476448070914612498e-02
-9.422555791575262796e-03
-2.290690935509070297e-02
8.321752847800369113e-02
-3.835648657439427213e-03
3.734959365584888946e-02
-7.262989687996596055e-02
-2.247134234223492968e-02
4.118729032522317618e-02
-2.744093008231377612e-02
6.515520871083263499e-02
5.942119183805457533e-02
1.379342980534423689e-02
-4.061002865612917123e-02
-1.618457051944766772e-02
-9.961436328527516204e-02
-2.341360139259912251e-02
-1.051164688404815362e-02
2.513688194354148780e-02
-5.778618407271088331e-02
-2.006826067718932294e-02
-1.153821460199476179e-01
4.492921640259321669e-03
1.531531094533751004e-02
7.760691300231697953e-02
-8.581586551819384012e-03
-8.229953316225745164e-03
3.607503599103871472e-02
1.111546328416180944e-02
6.596611730083293788e-03
2.352353450781383484e-02
-7.350148216254449862e-02
-8.006754727393851356e-03
1.589965387603674979e-02
-4.862973098439928032e-02
-2.605997993309150038e-02
-7.620905807661551568e-02
5.698075998924798796e-02
-2.262681768895001902e-02
2.506329236215367601e-02
-2.914557025344234609e-02
3.278471390133630425e-02
3.661251763170325635e-02
3.316467218335091005e-02
3.490194169717029775e-03
1.682105097431883800e-02
7.455006427318740421e-03
1.966317085888944632e-02
5.066982856804284202e-02
2.877356103470029083e-02
-4.803653647669348103e-02
1.868106235596241754e-02
7.982976961709581029e-03
2.739472832154624463e-02
