3.959227781378341776e-02
2.351060808240958838e-02
-1.647658218080415571e-01
3.232820438312192235e-02
4.683075625052132013e-02
-1.009266221662759450e-01
-2.030023939315318271e-01
-2.134998991789028439e-02
1.399728043607178507e-01
1.199113375917153397e-02
-1.115727925335486953e-01
-6.049413082052020746e-02
3.705543741739392855e-02
4.580294971989981936e-03
-1.246206092267427151e-01
-1.206336967117209585e-01
1.012071999471684802e-01
1.924097623504690199e-02
-3.349666248628983128e-02
-2.065923595232472404e-02
9.730667485428291796e-02
-2.962235412807094972e-02
1.770924883215637194e-02
5.043567816122315750e-02
-6.051178134939329961e-02
1.361418796899052305e-02
2.580745655196892141e-02
3.738364744743712803e-02
-3.095101409603999085e-02
-5.202919968574568760e-02
-1.171367849845536546e-01
-2.161847829544509547e-02
-1.242441797479581500e-01
-8.845560817690126254e-02
1.740235414725520846e-01
1.259297879847618047e-02
4.739567679791729243e-02
-2.156400689812052254e-02
-9.266527658370880827e-02
7.109049284604151975e-02
-7.340602807904574034e-02
-7.991503191838494891e-02
8.130227368081338266e-03
-2.998748865002282341e-02
1.800650998965498337e-02
-3.832261413410250478e-02
1.883553218825179468e-02
5.538611612226207459e-02
-1.407487713492382164e-01
-1.039415811940964940e-01
-1.420290737038563261e-02
2.147471801918327677e-02
2.001639056512896989e-02
2.636128938944657871e-02
-1.481506294367974652e-01
-9.633185445143307990e-02
1.485998371236751589e-02
1.012505490934223484e-01
-1.522950496067336339e-02
-8.251898577387503653e-02
-3.542747836393505840e-03
9.566182517730362211e-02
-7.294908317403188402e-02
-2.395352927955166078e-02
8.231419128133386776e-02
-2.634177363834424093e-02
1.028572653381591984e-01
-3.905291771915864185e-02
-9.163418864360992067e-02
4.090950466031020166e-02
8.012929068668193933e-02
-3.270670633105008523e-02
-7.768267178034429787e-02
2.140238884607124914e-02
-1.189444961950683888e-01
-1.023631196120175502e-01
-5.659060064737641421e-02
-4.527108505534443994e-02
-8.183085693589138565e-02
-1.048949170001575726e-02
5.187756402673814743e-02
-2.424343317159045191e-02
3.258311808778607821e-02
5.233278187413231003e-02
-2.183138995879873624e-03
5.335257485739852007e-02
-1.592716715671762748e-02
-1.348555671747706242e-01
6.548439473026884672e-02
5.940501374440021465e-02
1.615534600942920493e-02
2.909515251908869476e-02
2.770646002825971968e-02
1.213686288111978477e-02
-2.300748165664561265e-02
-1.837637664948476787e-02
-9.718398468098114751e-02
5.995249100983746776e-02
1.734612805938904323e-01
-4.431115188917619102e-02
3.553859725118500845e-02
4.078805796849459958e-02
-4.581434830018967647e-02
5.852072570197377338e-02
-4.465687428348290300e-02
-4.518431768053192063e-03
9.579729557699100118e-02
-6.769205794434812740e-02
-7.217646667729370191e-02
-2.996168640918486260e-03
1.304577185697232133e-01
1.358375721373183270e-02
-1.006882536736082856e-01
-2.645620847622396146e-02
3.174698041179620234e-02
4.726635472335596194e-02
-2.734032381288843683e-02
4.748158064391997529e-02
9.072223313811628165e-02
-6.696244518233984699e-02
-1.981411757671253451e-02
-7.705271024299134575e-02
6.340726253108468213e-02
-1.370627468127164116e-03
-1.690219480648183850e-02
-1.730815697056284699e-02
4.592166766067633243e-02
2.619511190528136732e-02
-4.761601480903554680e-03
2.405335320996892373e-02
-3.940278505175258406e-02
-8.994754417223446707e-02
2.321890805044633452e-03
4.124752437763316848e-02
2.113697463107946581e-02
1.106921658532759589e-01
6.588438127498577601e-02
-1.559232522541487143e-02
-4.138064597895778352e-02
7.063648393898112887e-02
-2.639348174347733861e-02
1.931897015715146326e-02
-8.135225472832681437e-02
-2.568552628401980439e-02
-2.434115009171171351e-02
6.814551419297021351e-02
-8.532134400871350943e-02
3.936482432527210751e-02
-2.228263557366765013e-02
-4.589344753917082992e-02
3.079212479502980992e-02
4.287068221090933190e-02
4.951740162484150054e-02
-5.172641194386411873e-02
7.905810046865417717e-02
-1.447909842492419927e-02
5.940946955305898003e-02
4.279721317976831890e-02
-7.105564082327645546e-03
2.661748111674929612e-02
6.431707648512992315e-02
3.884093866691962216e-02
4.129412039221202341e-02
3.122416552916792640e-02
4.427277666886699804e-03
-1.111151913466393720e-01
7.415557108598505587e-02
1.161940187711249864e-02
-1.318339071633857496e-02
-1.348890720925923457e-02
-1.722142068278748606e-01
-2.372756106059327116e-02
-6.732291664871860315e-02
1.795742701210379516e-02
4.123267168210395517e-02
2.535510562022341707e-02
6.010233052892054173e-02
-7.622206461023203761e-02
1.094265089472726965e-01
1.594409232139045243e-02
9.132172937905816412e-02
-8.820801719654453033e-02
-3.269347706968336875e-02
5.439585582429232180e-02
3.156543211481587386e-03
-2.807145638560201717e-02
6.730032673505323935e-03
4.976734140356098290e-02
1.092732498541026664e-01
-7.239563028923057253e-02
-6.057930930232262312e-02
-9.897145477619329057e-03
-8.997728410444529035e-02
-5.172810446033139498e-02
-6.035883312659480471e-02
3.891789635445238454e-02
-1.089199974885741648e-02
5.704032645154000908e-02
-4.013899517386801397e-02
3.009518796318580783e-02
-1.042669588496434284e-02
-8.053166057091401542e-03
2.926412783659778152e-02
-7.599720170815023323e-02
4.125498526655016485e-02
2.908251045731266582e-02
3.029908438576474003e-02
2.761306075218765074e-02
4.999365503404331473e-02
1.524515210270762679e-02
-3.509947558080622060e-02
3.923329161695759265e-02
7.801084726923511459e-02
-2.215559321516429384e-02
-3.719961218748446541e-02
2.964079910344908503e-02
4.764993422068598133e-02
2.071225662124877385e-03
-1.707161915897204008e-02
-6.398313262378940713e-02
3.591260884930201625e-02
-8.023277597925292104e-02
-4.106753043251054613e-02
-1.626037529151217464e-01
1.884941773151398853e-02
1.857902959057753517e-02
-4.940196509354236043e-02
3.066618775340304581e-02
5.220321801150422381e-02
1.350482722639740618e-01
-2.305970787906461150e-02
1.775277068417220258e-02
3.445020553926526896e-02
3.055582877150575527e-02
2.779536895452063006e-02
3.692908588193843933e-02
5.321340855440503947e-03
1.239509253641371978e-03
8.027515797323976632e-02
4.439356707878712449e-02
3.691050274195072783e-02
4.216732072472013926e-02
7.374397871406391039e-03
7.555130997190231956e-02
3.773006066479171750e-02
1.496481610988184031e-02
-7.499005078666004520e-02
-1.988454698644291641e-02
-5.843896679425831381e-02
2.122861230837946867e-02
