2.224956239352570975e-01
1.145277133262399549e-01
-3.434229341994071011e-02
1.205246616937318688e-01
1.037463563669571986e-01
3.773812159628541635e-02
-1.841109447866671744e-01
1.150802065944533936e-01
-3.862751292390363689e-02
9.376971007219857268e-02
-1.112050969428819702e-01
-4.191513622062713849e-03
-1.508982373262529875e-01
-8.857219408241998049e-02
-2.473667158955983880e-01
-1.930226152623054081e-01
2.287362857925311910e-01
4.287506761580930914e-02
-6.795259923808376346e-02
-6.607626602289976003e-02
7.938041600361897543e-02
1.254427217206947019e-02
-7.434945928653644009e-02
1.171470142830687705e-01
-7.011327571868611330e-02
-1.199255761407071325e-01
-7.901579064744886083e-02
1.901786287138271248e-02
-7.017094588939661037e-02
8.304322123013416213e-02
-2.221995837256099046e-02
1.540412616299747031e-02
-7.620220312115864869e-02
-1.830502697938370671e-01
6.270669895253959403e-02
-1.059681892941265469e-01
-4.215132326440133859e-02
9.745555078498059631e-02
5.703482137215421660e-02
1.006674860553987416e-01
3.016570236182455900e-02
-2.514064298988248625e-02
-7.760244789881629024e-02
6.853936878854997861e-02
9.795783516445683275e-04
-7.913217361342506084e-02
-4.665197506708616132e-02
9.224004952162451199e-02
-1.025074577392195291e-01
1.392588003580259165e-02
1.320572948090838195e-01
-7.513455557661552486e-02
4.347043881885608724e-02
3.704998938984160103e-03
-3.137022696125738724e-02
1.123680143061581149e-01
-8.280338500041668770e-02
6.824723842098487370e-02
-3.369430225887279362e-02
-4.827765482279231662e-02
2.638811068818335340e-02
2.978722964828046244e-02
9.952633347971275718e-03
-1.893455065301733256e-02
-2.197833013188923990e-02
5.250315148895166872e-02
8.072846438948101666e-02
1.425202602948169020e-03
2.970404775798448326e-03
2.338320155601066042e-02
3.792937803813320463e-02
-3.783280493870614519e-02
-8.938094491709555611e-02
3.419899770763295405e-02
-4.960879314164942655e-02
-5.241794951357995128e-03
3.000008796763166743e-02
1.516260218478124588e-01
-7.274319841317121449e-02
-7.667500077493262511e-02
-2.899027350388577728e-02
5.369448037135752388e-02
1.128250096815170593e-03
4.291152689322458996e-02
1.465004795343612283e-02
-1.405281957540037083e-02
-5.441975607758097605e-02
-9.264119931924458262e-02
3.271589685985284296e-02
-4.721652368171930236e-02
4.635130821097519643e-02
1.072134088332302310e-01
4.629810177664173132e-02
-8.512166069894368248e-02
-7.752796540715291285e-02
-1.257698451748943177e-03
-1.187883334071031943e-01
4.122547265936783722e-02
1.409312353086301234e-02
6.790124997873928266e-03
1.049812148245433951e-02
4.508572491102742080e-02
1.774817423724876428e-02
6.076464780835950930e-02
-1.221252207140607372e-02
-3.295508144922329723e-03
5.217527864835298790e-02
-6.574510239854866600e-02
8.100801809834880934e-03
-8.948357827174983556e-03
-4.574098186196452059e-02
2.155121246644075769e-02
7.365461518451840717e-02
2.282207405319932811e-02
-6.740535167466377327e-03
-2.975601607565862491e-02
-1.755955693880637686e-02
2.051389878005099865e-02
2.010343052546864975e-02
-1.003929825592202729e-01
1.552969725786652704e-02
-4.485927989044102837e-02
4.200659394333015884e-02
-2.885906572001507506e-02
-2.731487358970266510e-02
-1.464991762536672036e-02
1.712579254181837915e-02
5.629494892215771568e-02
-3.952469135366863673e-02
5.061883567951676322e-02
5.207023422441478533e-02
2.808925039607340982e-02
6.922000713100316671e-02
-1.272862122623893630e-02
3.436868485399467016e-02
6.028950424933630231e-02
-1.978047756948990779e-02
-9.020243532055521873e-02
1.820930752881123188e-02
1.759764531708917987e-02
-3.089742930748342123e-02
2.771071251849461028e-02
-4.705514494978198237e-02
-7.229594506100009421e-02
-3.472213457821354127e-02
-5.823827076501448402e-02
-4.055425051992896796e-02
8.721459916547422142e-02
3.657862534483106304e-02
-1.078529938338216969e-02
-4.650444369252282328e-02
-3.709811302946838113e-02
6.680056426860268848e-02
2.624918096620056443e-02
-3.930205842911226911e-03
1.677100695488813534e-02
-1.163643942263083327e-02
-3.020059770240700499e-03
5.202905055448368149e-02
1.668218837559051065e-02
-5.883901800092409401e-02
1.307548938295299053e-03
8.273095517584638792e-02
-3.149703617278576569e-04
5.486029753417788132e-03
-1.149604350986727364e-01
-2.822814753603884383e-02
7.575221287953007310e-02
1.250162231135758771e-02
-4.757499103661015638e-02
3.227222752959027496e-02
3.699218889106171276e-02
4.142816538930567394e-02
6.058228625724842303e-02
-5.403655897152104259e-02
2.255913717318030944e-03
1.842017834510405183e-02
-2.989712879280389743e-02
-7.608572240913039075e-02
-1.554315363103230679e-02
-2.833146511305746629e-02
-2.432374665086925805e-02
2.583099077350613920e-02
7.371029785217051832e-04
-1.585339960024433406e-02
-1.670437672940624368e-02
3.721322529676790707e-03
6.653681283814991132e-02
1.264664487058492735e-02
-6.626765279281693344e-02
-2.713902844206169535e-02
-6.061591089915420449e-03
-9.832711974910805786e-02
2.289974958256306078e-02
6.034961807134808093e-02
3.529932501557869751e-02
5.302707032794865688e-02
3.504544593638313915e-02
-4.144386992166864542e-02
3.988882797957848947e-02
-3.976498373162901806e-02
9.185620077521754884e-03
1.143498480935232521e-02
4.765765161462852395e-02
-3.222625430310863820e-02
-3.881593473024192321e-03
-2.810241353108303489e-02
-8.065222246888071114e-03
-4.785607610029343068e-02
3.706041563539378119e-03
-5.907383659996957165e-02
-3.837135310349354400e-02
2.012398977841685366e-02
-4.174437386769284941e-02
3.675658832359982031e-02
-5.867692246460506217e-02
1.513701878475758392e-02
-4.225001419495618554e-02
-3.292676767614566291e-02
-5.000978002918275711e-02
1.034234685750131527e-02
5.891903943553706939e-03
-6.654860752843080873e-02
-1.163152279621263441e-01
1.277303051588774864e-02
-6.133760258346909224e-03
-1.008595896296976373e-02
-8.344775955755870736e-03
1.286927779514130017e-02
3.657914665710867291e-02
3.993871104814220030e-02
5.233379016276346052e-02
8.623423884541324413e-02
-2.575973390156046164e-02
5.986463474308501009e-02
-5.556833735322289775e-02
-6.506694028941412133e-02
8.786718439098856887e-03
-5.398993410469239002e-02
5.263719390833186684e-02
-2.645549030006430838e-02
3.741634159293129314e-02
2.180284338643912953e-02
5.476509287947955301e-02
-4.187675460418817386e-02
-3.348489763336074537e-02
-4.576747104207052469e-02
-7.434450681989915322e-02
-6.211989682005602392e-03
2.706425271224215980e-03
