7.183104906658657751e-02
1.496951091931064404e-01
-1.874655608274699015e-01
-9.577680740378391455e-02
-1.591514754604381188e-01
-9.942250271502074688e-02
-3.595655597311728929e-02
1.849261842863524075e-01
9.057983171610670126e-02
5.338849849174085588e-02
-2.978710174552241796e-02
-5.362367740872604413e-03
8.217980078469813709e-02
-4.286334499847515092e-03
3.519843285050561210e-02
-7.450264779570095475e-02
-8.650693808797113582e-02
-7.548624158206898409e-03
4.604719478473208449e-02
4.653911478982299121e-02
1.827455558419044043e-02
-1.533636681441937280e-02
2.522344888170374028e-02
4.548133728584775187e-02
9.740884919114237150e-02
-1.171451652080509193e-01
1.307075597938861244e-01
-6.544213907125756569e-02
-6.976171378596462969e-02
-1.072474603419437122e-01
5.573824752142141764e-02
2.968674795399404293e-02
2.571081726372287379e-01
5.448609390388648582e-02
2.706931846391006855e-02
-6.341916421728630016e-02
3.179037869439172576e-02
-5.971426966625199145e-02
-6.115249813733936168e-02
8.114200258446916877e-03
-1.045994287492906100e-01
-9.879941576684909965e-02
1.741709874013602430e-02
3.570878446679906157e-03
-8.241638669490489871e-03
-8.352861483655482644e-02
-3.624646692642148615e-02
-1.702905352711047426e-01
6.287887882020397508e-03
-1.025465201145304844e-01
9.947181782743672041e-02
3.387617579570602333e-02
9.010979045561119671e-02
-2.104158362855769590e-04
-3.877884367626164425e-02
2.791601180981948330e-02
7.572799819236498975e-02
-8.002305605018623924e-02
-9.345713285421439198e-02
-5.562691918276481406e-02
-1.454433515516789614e-02
4.440210313524359936e-02
6.399849367626714650e-03
2.400836953555714540e-02
-9.794213479694739710e-02
-1.841437553558381663e-03
-1.205974341261525917e-01
-6.592350662718669818e-02
7.662098161526402496e-02
-4.906319027965589524e-02
-3.303064321920440305e-02
2.900453211568599157e-02
-1.603106971756884658e-02
-7.728156493279046690e-02
-4.107058941038303768e-02
9.557785856225413379e-02
-1.311127738416978730e-02
-2.766609463883836634e-02
-2.703861083684933400e-02
1.370911232149731873e-01
1.287284831284278008e-01
2.525250329172913644e-02
-5.883975302938605767e-02
-1.439324518806975872e-01
-8.528911510504248727e-02
-1.162055399598568989e-01
7.664581504562471836e-02
-4.289602241604607846e-02
-8.291833152669946319e-03
-2.352499701428726817e-02
-1.969389517127825492e-02
1.981127358078761322e-02
-9.708263781272170878e-02
-7.130289898604028585e-03
8.610383452999174902e-02
-2.911125255154196553e-02
8.284235389273477204e-03
-1.372423398114612676e-02
5.624029787770761651e-02
-4.477889591997965407e-02
-3.119550196031254177e-02
-7.677293688319343327e-03
-6.274173215593158159e-02
-2.803673182823006316e-02
2.126740604061944789e-03
1.741910370547676210e-02
6.457043642083477863e-02
2.393045728591278176e-02
-6.217626158018318278e-02
2.018085552526313088e-03
-4.351513460836678275e-03
1.646470502845627168e-02
9.163141844990703444e-02
-2.185433326299677029e-02
-7.849263434825557925e-03
3.995941651364927349e-02
6.241689259590194050e-02
1.531199065685569759e-02
2.627915107067716957e-02
2.884497908436011934e-02
1.400985360512454168e-02
-7.542792171303497328e-02
-3.551338828315372953e-02
2.355032289227549855e-02
-7.989681358338100725e-03
-4.410135833413331846e-02
-4.531256844892059960e-03
7.116490812583495251e-02
-4.509508247169664863e-02
-7.737168284863191192e-02
-7.722669219714928257e-03
-1.698378000272345034e-02
2.329987809883629982e-02
7.054554970970047800e-02
5.381928464135461027e-02
-4.440449502372026402e-02
-1.829872069277087981e-02
4.924476275489931952e-07
6.299520198479716115e-02
8.896548286850949894e-02
-5.035269956722347034e-02
5.094740042714995809e-02
-5.292218576328250323e-02
5.763487438409582719e-02
-7.789360698417278385e-03
-3.787055920207806764e-02
-3.758237181547029182e-02
7.788337110848586597e-02
-1.512996090881526742e-02
3.666258517170038062e-02
5.428735611133992528e-02
9.028253404838927978e-03
-2.574762420639910981e-02
2.800623525015256618e-02
3.195281606182181610e-03
1.017028869788779849e-01
-1.919314628372200933e-03
1.382194262541795449e-01
-8.426348739618008676e-02
5.298947521410401866e-03
6.326270657104787754e-02
5.443913550511663563e-02
1.799488050657315277e-02
-8.890491181032096624e-02
-9.878436093937832674e-02
-1.961724921553330628e-02
1.375406223744337752e-03
-6.055097336028827243e-02
7.886372881044429253e-03
-7.059117146490984096e-02
-1.052794285732746860e-01
3.071613936972413320e-02
3.724367337220819280e-02
-7.310244331642646969e-03
9.673514566182481178e-02
6.789340266187429349e-03
-7.686217542827142313e-02
1.435689903567358705e-01
-1.068505827289697660e-03
3.197624249896093007e-02
2.714149721617653208e-02
7.821063773182271306e-02
-3.622606552470874347e-02
6.511656083978660525e-02
-3.939616195222484830e-03
3.734385128958387506e-02
1.479868435479694995e-02
9.755795529779809350e-02
3.238374291075771932e-02
-3.098737248801201188e-02
7.085230940683295668e-03
1.421753987456027546e-01
-8.714845664734531885e-03
1.662812729114146112e-02
4.778360029430037820e-02
2.520188671058320312e-02
-6.098239265685172911e-02
3.001362765419495621e-02
1.655123511158274052e-02
6.696573685606360682e-02
-2.427689419189349787e-02
-3.643619996235000161e-03
-1.066606386440579948e-03
-5.108292904921755279e-02
-6.079934283872565591e-03
-2.500919898888939383e-02
4.687373295274253199e-02
8.290401537067000615e-02
2.700192348859693434e-02
2.092613983472799144e-02
-3.339431579214933304e-02
1.029148709399371198e-01
-4.095514561655334146e-02
4.774409895960483874e-02
1.045547918893363487e-01
-2.805526896392422989e-02
5.318525832088528277e-02
2.678834191756282457e-02
2.940643972942704604e-02
2.323272934733693756e-02
-3.309951553740018461e-03
-5.435341444309257225e-02
-8.243787851636434627e-02
5.211640074529019090e-02
-3.472216564500465313e-02
7.796209237923262814e-02
-5.017619226757769751e-03
-1.837751231317871770e-02
3.501052890576512866e-02
-9.662983221919038690e-03
-7.028240680243662275e-02
-4.752900487085754549e-02
-2.761794029583018381e-02
-4.424856499993993358e-02
2.828650829988902174e-02
-1.723264192878838988e-02
-5.457357370743751157e-02
1.685173368887924253e-02
1.790975741666825383e-02
3.099627172013843385e-02
-1.516710552986467661e-02
-4.683138245677331835e-02
-2.024265770252052857e-02
-6.105031525462294856e-02
2.647598942237460590e-02
-1.603092901824668820e-02
-2.803384749212584764e-02
-2.256690498006016024e-02
-4.513613149893590942e-02
6.934383679915877285e-02
