5.147743599661945557e-02
1.914753190548887096e-01
-2.983498568742122825e-01
1.287889817982090790e-01
-6.993504491483053254e-02
9.459432462001758288e-03
8.727852625965852595e-02
2.882749013887631606e-01
1.605381264272667807e-02
-6.183653159952492984e-02
-1.670028117828639136e-01
-9.276709835177374130e-02
2.628134153643033738e-02
5.100676114556573076e-02
-2.983076057765417580e-02
-7.534981129202765471e-02
-1.322249587220588329e-01
-7.070005125218803421e-02
-8.823226605158918101e-02
9.287189414747263824e-03
7.379475102565566380e-02
5.395542424881499474e-03
-1.353069712812470238e-01
-2.416807355421046397e-02
-8.568094748360545465e-02
1.362238379281642542e-02
1.908204567534415794e-02
-6.286223493474527024e-02
-1.861353091908694857e-01
-9.100829984579089649e-02
9.798436610294004867e-02
1.341897239010739207e-02
1.213858585601751833e-01
4.208717410801918885e-02
-8.432139510940779570e-02
-1.633625915078278090e-02
-9.948915291132436750e-03
-4.569459184309170724e-02
-6.692024190763294633e-02
5.451265145395743639e-02
-1.076840831126642528e-01
-6.446138847041615882e-02
9.203159647291608847e-02
8.578452506903398722e-02
2.775481142713201455e-02
-1.145206791500768921e-02
-3.935294572480368437e-03
-1.698097465205096190e-01
-2.619214477468150698e-02
-3.298856958561697389e-02
2.974931876421195442e-02
3.134588731711396986e-02
1.928412001800032527e-02
-1.783106257743903925e-02
-2.857977747974906405e-02
-2.613361125681168406e-02
2.949587160308018985e-02
-8.202759430760565851e-02
-8.362603474458168984e-02
-8.783405985540068683e-02
-1.586125519640234072e-01
3.991477835901711263e-02
5.446350706890328366e-03
-6.735490527459618570e-02
-1.395883861327454345e-01
-5.231743654671981020e-02
-1.011393227161234004e-01
2.068024841275522413e-02
7.015316397812106086e-02
-5.781156486616581547e-02
-5.441855213868144331e-02
7.152186778556944569e-02
-3.585983176802822608e-02
-1.327956159526211440e-02
-3.315549410510564010e-02
7.457309825109618984e-02
-7.922734487022430050e-03
-1.317964458313387321e-01
8.441923819283181363e-02
5.583111151586375720e-02
-4.119309690689188647e-02
-4.072782972094085574e-02
4.619156220851841285e-03
-1.149147256038786924e-01
-8.309287462039079142e-02
-3.690327343328324294e-02
-6.325494432849422533e-02
-5.804780852128406388e-02
9.759064648604004466e-02
-1.288521801700411029e-02
8.699102863584715073e-02
-2.481327931083136124e-02
-2.239091275683496168e-02
-1.694673105847483568e-02
5.616285097120210512e-02
-9.557418165164752177e-02
7.107392295541441196e-02
-1.533590053167560759e-02
-6.851036285983558467e-03
-2.611762596106855655e-02
-3.957920599819387403e-02
-2.810137739283434521e-02
-8.707154936347517860e-02
-5.015891650982189781e-02
-2.663064104712964050e-02
1.811927329994526478e-02
-3.448634425683515681e-03
3.706170019332481053e-02
-1.913909357093301900e-02
-2.396421646481714310e-02
-3.866284446285218196e-02
3.501062035978591558e-02
-4.618490662069971858e-02
-5.224978130804490417e-02
6.922078743459062454e-03
3.061540684156597095e-02
5.699322468892184350e-03
-8.027999739362126630e-02
1.274660945819055050e-02
9.224733854055709725e-02
-6.013118578321102747e-02
4.128692881015731501e-03
6.959457000048013299e-03
7.542593457770404262e-03
-4.342355077463388308e-02
1.850523796853865630e-02
-2.731396787147996608e-02
3.250556406963128059e-02
3.361336289209748696e-02
-2.569047984284695760e-02
3.839697749945159000e-02
-1.446351341585031848e-02
9.382200902103776663e-02
3.811833418443474203e-02
7.343846909023585279e-02
-1.911368942992860281e-02
-1.921934688655047366e-02
8.430906444447582027e-02
9.294302574228500979e-02
4.192262658418006299e-02
-1.439149044766938057e-02
6.179535014989671199e-02
1.691101669884055927e-02
-2.754848820475229703e-03
-5.291599376371856900e-02
-6.592181459749101025e-02
-5.175322691685685372e-02
8.217101628260953250e-02
-1.895428215918160478e-02
-2.698314950195581166e-02
5.167728190585418185e-02
1.147369857541846554e-02
6.316963989712150174e-02
1.314353801921742254e-02
-3.242961905862860872e-02
3.008988281589920419e-02
3.053013212263887277e-02
6.565238214061611122e-02
-2.823407317496968646e-02
7.548179397546814391e-03
6.498319844038052788e-03
2.017659274706419190e-02
-4.917240389037327158e-02
-2.186951876110926687e-02
2.177179452746772371e-03
-3.223443800335610166e-03
1.116703642418271671e-02
-2.786240019271913129e-02
2.619713646554552855e-02
-3.281145369728093869e-02
-2.474407902498424600e-02
1.819922949110652777e-02
5.058787508722627224e-02
1.951751127833912776e-03
2.834504915935739250e-02
-1.591487724701130856e-03
1.832939971536423976e-02
4.191617898348070498e-02
9.840405439731121293e-03
-1.047491471592910603e-02
5.101588286637082775e-02
1.217024743806933637e-02
-8.208924763226549404e-02
4.567097044882444112e-02
1.642634728590019327e-02
7.398874358310340328e-03
3.960775965843393170e-02
1.727398393452468650e-01
6.130194527794430998e-02
-1.362749433346292782e-02
-4.749356157555170016e-03
3.109134079549429400e-02
-1.721280600899475696e-02
-1.019243849542738646e-02
1.586169196935294234e-02
-2.759430479589710522e-02
-7.262087172413235481e-02
9.500821898749303718e-03
6.958654764016294827e-05
5.875665833642128820e-03
-4.038800848039408864e-02
-3.021963706591824367e-02
-8.353297536490236763e-03
-1.998295673896387237e-02
2.574018876436787867e-02
-1.461261046796745455e-02
6.786408745517238938e-02
7.885394856612783221e-02
-5.158603498535762472e-02
6.482643557729363126e-02
-3.785000108804776470e-02
3.032184787884829261e-03
-1.235779239481771784e-02
5.342089735212561356e-03
1.037469463685554948e-02
-2.696998688854650768e-03
-8.120114263270765756e-04
-2.691650448643194285e-04
-8.402263646870675173e-03
5.150319668697130038e-02
-9.819517590460824161e-03
-3.443737814645471407e-02
-7.350974924727630977e-02
2.984998452996980023e-02
-9.295630720547680415e-02
-4.054884194853080465e-02
-4.114014932879847194e-03
-1.693437068109724525e-02
5.131146227539061522e-02
-2.270301228561902307e-02
-1.096923175996202815e-01
-1.023873048570209804e-02
-3.067905090008229627e-02
-3.313531935453019935e-03
5.357923497483031705e-02
5.619960526643305587e-03
-1.860929095309708792e-02
4.584844288650791189e-02
3.229029740112018994e-03
2.307866673558255088e-02
5.322509233549509167e-03
5.623115988368064533e-02
5.507189910540200017e-02
-9.087492067740631646e-03
8.726280837592596817e-02
-4.144196835139829505e-02
-3.053034010975820903e-02
8.450694933229968911e-03
-1.276996344044723820e-02
9.311467454062712090e-02
