7.608464808745389607e-02
1.975471201435989033e-01
-9.040747189924890070e-02
4.293503407687278978e-02
-1.285004710995520938e-01
-5.852230915923647275e-02
1.103047461528325335e-01
1.526592221840123997e-01
-6.498885000429004133e-02
2.760157755519706754e-02
-1.514173983861903106e-01
6.593825723123292182e-02
5.465215630035401978e-02
4.588390373364315683e-02
-9.742131664988597228e-02
-9.812069182979890614e-02
4.542014741973940395e-02
4.174906135550622566e-02
-5.733355762542734213e-02
4.765712197240506987e-02
5.536249404803486596e-02
-5.056006488287193706e-02
-2.481031542216091124e-01
2.341060927300040936e-02
-3.848010914903287477e-02
4.562932176294350745e-02
9.385356576483566693e-02
-5.724512420967273196e-02
-6.007181772817161980e-02
-1.178988435851578420e-01
9.664095893593256659e-02
2.582396207476780545e-02
1.413516236272042148e-01
1.068912956993457869e-01
-1.698974477576651043e-01
-1.296758782263567888e-01
3.078820362600935556e-02
-1.125364073718168045e-01
-6.240724163594531596e-03
1.468954155229232339e-01
-4.568141686214149261e-02
-1.216240706874203437e-01
1.016168959285532712e-02
-6.426538160440804608e-03
1.519799704920077321e-02
-7.084698360642409376e-02
6.807595794597791350e-02
-1.132910229001758973e-01
7.325129763365303970e-02
-1.440290857566172145e-01
-5.152425172764121125e-02
1.797400014292319798e-02
1.174550580771599878e-01
-1.955413672152750762e-02
-1.899901549742423479e-02
5.388331080937694417e-02
6.840483497901561627e-02
-3.332987038254224803e-03
-1.854271617251470883e-01
-7.578374239724466888e-02
-6.152431215282072596e-02
1.274516068162857320e-02
3.308844960044420025e-02
-2.552836971823996270e-02
-5.256963486125424551e-02
4.466195913252558186e-02
-6.989183553619326972e-02
3.321343508755870977e-02
1.425557655068490914e-01
-5.644232224137552684e-02
-5.596668726768981583e-02
-3.418574461485240912e-02
-2.275529811896244425e-02
-2.576450770305709070e-02
-8.451486270098673703e-02
9.630261561874987886e-02
4.263791490032155934e-02
-4.087923198818230880e-02
-6.203286536621067590e-03
7.475637573990760731e-02
5.629571698272984454e-02
1.062098759229078947e-02
-4.695276935921589324e-03
-2.077631034564859092e-01
-5.725190329057656957e-02
-4.824348193418685066e-02
1.530475230523603569e-02
-7.532322294179050193e-02
1.024108423407148194e-02
-4.835872630955214552e-02
6.629269323146212180e-03
-1.772610564392598440e-02
3.977234854402721814e-02
3.643826219535615391e-02
-2.112837977484153737e-02
-5.335228280524273448e-02
5.000674530639626081e-02
2.801391057071312904e-02
5.895876593112205598e-03
1.820732877889729047e-03
-1.338486773502751449e-02
3.369001668965892343e-02
-6.765452508312246038e-02
6.382901644172386292e-03
4.540142860625267368e-02
-7.087269525561794292e-02
4.876589867338915196e-02
-4.936667181619170709e-03
-2.935943598452369491e-02
-2.043700513185115961e-02
5.289277105100399778e-02
5.829945450862281109e-02
9.588799237319874103e-02
-4.415777262440252759e-02
-1.363380047164063080e-02
2.000973981650637154e-02
8.187239528650980258e-02
-3.890801572878749282e-02
7.024459203439674393e-02
5.561738138273919496e-02
8.663695931509271531e-03
-1.356252851294889768e-02
-1.105319980451135477e-02
4.128368661237768328e-02
-2.501954167724580735e-02
-5.195576160265102245e-02
-1.210936228748950121e-02
7.725700157421183656e-02
-2.997807292159989159e-02
-5.951214658039866157e-02
1.888157250122526106e-03
-5.833664784439253348e-02
4.468208262043383422e-02
7.926254074773241010e-02
3.480459530673187668e-02
-2.089831853371749287e-02
-6.095526633010416723e-02
-5.444334839395552524e-03
-3.594320607097295506e-02
4.309541125212942858e-02
3.826864457579369494e-02
-1.441144044595240974e-02
1.117107031031687805e-02
-4.060974825405438624e-03
-2.886605936216622356e-02
1.024221408088878951e-03
-2.199066665124992451e-02
3.859489547839115714e-02
-1.843128273992778593e-02
8.550995238302938617e-02
3.948613086244297243e-02
-2.759220288025347051e-02
-3.139572531331528971e-02
5.440639934938954619e-02
-1.622188255688450723e-02
8.058085822872620985e-02
-2.324531573726846753e-02
6.892801512822960275e-02
-1.004549858907552995e-01
-6.823761765005419144e-02
2.838233224235655813e-02
-1.570196980252055660e-02
-3.136277653721058351e-02
-5.031079624585367560e-02
-1.047298071286364013e-01
3.989629579352582667e-02
-2.814283525348797860e-02
-2.387567865212427559e-02
5.065313983149764832e-02
-4.507694881488233385e-02
-4.987317909075032057e-02
-2.668493588595608271e-02
5.971371735988629387e-02
-6.062006826216964628e-02
6.029534417959557177e-03
1.339482260158000176e-02
-5.383536866064257687e-02
8.598696149473614159e-02
1.946148928250834506e-02
-1.215125822893125748e-02
9.317205437919637290e-02
9.614633032115592337e-02
-9.284583401299936756e-02
6.508803223300929468e-03
3.463295019970263899e-02
2.227984636367954380e-02
5.660263834383122417e-02
1.003453907494765290e-01
4.526874794622029463e-02
-6.209607571517892360e-02
5.212737617327978940e-02
1.290199868807099248e-01
8.614104817149640519e-03
-5.668062831062586210e-02
-2.508321007222107449e-03
-5.008568190160540140e-02
-7.657668110819079721e-02
8.577674891391611975e-03
-3.071906921535036417e-02
9.531754187606064285e-03
-6.671946996439942490e-02
-5.843231838705800069e-03
-3.885650082119839616e-02
-3.987678303362693355e-02
5.536484535087088377e-02
-1.867114616560197962e-02
3.871099487296955632e-02
4.262579194933586307e-02
1.261644975365699625e-02
3.204752478129945653e-02
-5.912457858566194657e-02
1.055225015483787776e-02
-3.566053061184297490e-02
-4.801577199589882050e-02
7.996838964454450194e-02
4.918678188103618037e-02
1.770494391840183104e-02
-3.811584042785306353e-03
-1.127449709870115627e-02
6.356765539012036725e-02
5.562993184333143992e-02
-6.629828139274772381e-02
-3.459389414350438202e-02
6.228308063164343655e-02
-2.255522362309773238e-02
1.361795207979786884e-02
-9.102809370235548717e-03
-1.823658265054539651e-02
7.119164795850362049e-03
9.791405200783363447e-03
-2.850933313190193857e-02
-8.422397295013091950e-03
-6.338358196810076062e-02
2.792547715495851887e-02
4.211391026829493234e-02
1.665577427113080046e-03
-2.528004770963620043e-02
1.790068224540012146e-02
5.914748088601276543e-03
1.925396390492950180e-02
-6.612025417802072647e-02
1.698401003975866935e-02
1.566315803752604471e-02
-5.384788858483435803e-02
4.866738824548018198e-03
-5.107167173630865892e-02
-1.523696149619762491e-02
3.150370202536925679e-02
3.614257822962690936e-02
1.370131645307483097e-02
