9.013470870223247444e-02
1.979836806216923595e-01
-1.442451393470005616e-01
1.715069279174874853e-02
-2.160239422460821235e-01
-8.842680429345127491e-02
1.351431014749530091e-01
1.591328899556719301e-01
6.751883684936609356e-03
3.707142929827298566e-02
-1.677224893943454753e-01
2.148959385427580415e-02
-5.169476359277303326e-03
1.340821445962761538e-02
-7.077690347128560468e-03
-5.895179940220873771e-02
-1.086074191498475061e-01
6.713087285927191172e-03
-1.111536325691847849e-01
1.351681561510843232e-01
3.352759875547849794e-02
2.394552735005328267e-02
-1.958688294707481292e-01
2.832613294364070763e-02
-8.634407042504775587e-02
4.951299344716179190e-02
5.510108103430103044e-02
-1.757937063055628121e-02
-8.664149883162161614e-02
-3.984690578720959109e-02
5.113243950960192491e-02
3.365868840023684971e-02
2.191208152628916772e-01
8.432480414184416462e-02
-9.946600964387934674e-02
-4.024822801024113134e-02
-2.266780278234768395e-02
-7.683144265639969828e-02
-3.494986707336499021e-02
8.717097060986549184e-02
-1.329498585886132733e-01
-2.388921824374801162e-02
3.014646382006206174e-02
6.237550172105230800e-02
4.753901093446590703e-02
1.033185815465008373e-02
6.642387719593963180e-02
-1.201442666134342752e-01
-4.678212962133651565e-02
-4.602240409114629477e-02
3.516049892334116578e-02
-6.105479432248372322e-04
3.608736215272352610e-02
3.244222635057165960e-02
-6.703378598926316989e-02
5.944487159357308981e-02
7.899224868524802601e-02
-9.845465079754402160e-02
-9.528446728705440572e-02
-2.204383269119537109e-02
-1.640919262099434228e-01
-3.882538445744346256e-02
1.986036879834565672e-02
-7.324926311952671687e-02
-6.344153984144457192e-02
2.278479917178218711e-02
-4.817419810638617905e-02
-1.044092908530836090e-02
6.292926119554589914e-02
-3.359710630724578595e-02
-5.918125421677844500e-02
4.515900844696385530e-02
8.041065014623161034e-02
-4.261206000524007248e-02
-3.522770553546374084e-02
1.510417635250287660e-01
3.735182435997697753e-02
-7.848412451370785636e-02
-1.740954850177864680e-02
7.302472975919706288e-02
-2.236906411847614309e-02
-3.398165084536797914e-02
-1.941034335283442144e-02
-1.484030011999820098e-01
-1.860920090903942295e-02
-2.643552753557049800e-02
2.762099081502222830e-02
-4.925241203239836413e-02
1.537299321374466406e-02
-2.966994561114159185e-02
5.526572604887806939e-02
1.081086904818565585e-02
-3.660469008284253367e-02
-7.764463307583437113e-02
5.419799418124734286e-02
-6.776896816324314010e-02
4.581477624570626933e-02
-5.900465709904693934e-02
-6.174728128305629477e-02
-8.731394844278816958e-03
5.446196309048770452e-04
1.643132957782615991e-02
-1.645754111527881758e-01
-1.750647558431206105e-02
5.655351722752927773e-02
2.549722352295472061e-02
-2.909605291475679187e-02
3.477617808768443397e-02
-2.469272554217785340e-02
-2.064556445210301294e-02
-2.631412101181697036e-02
-9.161990132790277103e-03
-7.417654179634491397e-04
-8.155901077391239373e-02
-1.222092960295715486e-02
-6.432692224223201041e-03
9.681427257583604881e-03
-1.187479477815409218e-01
5.792903173013505720e-03
1.045834592011901515e-01
-7.359811113566082060e-04
3.756117791015053942e-02
-7.851736030857589532e-02
4.763306184244343183e-02
-5.325675007908554220e-02
-5.239846763411357133e-02
-4.891395020216050826e-02
1.041000062158404793e-01
5.031215452626273954e-02
-3.838593694279887614e-02
-4.473956632423023438e-02
-1.073334016515694982e-02
2.222698109541529007e-02
7.298746731995078840e-02
-1.962388333486155337e-02
-1.540945671561430759e-02
-7.521985813774566265e-02
7.467316126966153100e-02
4.571232051652653061e-02
4.400211516810061119e-02
-7.384654870229939716e-02
1.176667298509925796e-01
7.141896150464495385e-02
3.451578841789139374e-02
-8.113205863983838362e-02
-1.180461931473993642e-01
-6.517091968690973819e-03
2.152938093563224950e-02
1.463912129706237443e-02
5.528566752579888721e-02
8.036351284101010684e-02
1.234067433696728160e-02
4.755403095714664553e-03
7.790518253310271812e-02
7.275967429512449069e-02
3.192627259274046642e-02
-4.747573509423637546e-03
7.403334026095678699e-02
-6.042871503665708799e-02
4.032968766516287912e-02
9.636424713032480660e-02
5.156389765048014634e-02
-2.571057176001146152e-02
-4.036410588734833799e-02
-4.393775277303885868e-02
4.030926682581607856e-02
-2.493151194530666623e-02
1.760090998223037828e-02
1.918414820276138216e-02
-3.244085217828384521e-02
-2.735890739799072546e-02
-7.083985973656448110e-03
8.981046795729872093e-03
4.840441990083745906e-03
1.593979134622494284e-02
-9.640266003939345144e-03
-3.295226797181575323e-02
9.800756544157879224e-02
5.570808169557360523e-02
6.798941096420441088e-02
5.090828963921306856e-03
4.875572864409161850e-02
-4.695623405445291387e-02
2.542554286152298379e-02
1.180366058988797408e-02
1.823827026381509911e-02
3.134033192071600249e-02
1.409194826230177056e-01
5.117555017044517207e-02
1.679874489859328399e-02
1.459613846619938447e-02
6.892592535709651802e-02
-1.805214981255409690e-03
1.283470525318359916e-02
-2.694435477200210483e-02
-2.330650527872515573e-02
-1.013827562829130724e-01
8.919336872758548522e-04
-1.801332145604961354e-02
1.581023566122973303e-02
-6.115002765777866924e-03
-5.523501489612020476e-02
1.515533071485409243e-02
-4.138623440952070992e-02
9.082735545028038093e-03
-1.834440110492735823e-02
1.040181311134828757e-02
1.875748368614297071e-02
-5.826746160287784443e-02
3.273837645734289925e-02
-4.282064657553206338e-02
2.064486138721157230e-02
4.645910326121525241e-02
-1.268456894136625905e-03
7.073833077474163400e-02
-1.658571623648720170e-02
-6.613338356579497035e-02
-2.680434898612050424e-03
-6.230113663003507577e-04
7.344752741891256986e-02
-6.854339414116343565e-02
-1.518137607333240949e-02
-3.047070456499580832e-02
1.113558915554538169e-03
2.439379513333591980e-03
-1.728408337615180979e-02
2.713725021221697828e-02
-2.410362107814191263e-03
4.135948598615095395e-02
3.352117529897034875e-02
9.228685424991808599e-04
3.390683834941983499e-02
-4.288977063735856243e-02
-3.863549302176474270e-02
7.279016174541690087e-02
-4.701682546509695221e-02
-9.955175160313986180e-03
1.734317278452776959e-02
-4.518997525968224821e-02
5.351733149384897692e-02
-5.571968226628234988e-02
2.022394921970493628e-02
7.053690268334430677e-03
-3.960824721406103893e-02
2.897867303538150668e-02
-8.601225575378350363e-02
-5.362183250271289336e-02
4.856708355072044195e-03
5.343427396417394643e-02
4.910160461318465591e-02
