-1.919230471440761254e-01
1.388027895112945165e-01
-2.329921713534995054e-02
8.202884615057463857e-02
-4.152787249118689017e-02
1.857424366908494717e-01
-4.448533700874078567e-03
1.487193776119439259e-01
1.097317104852616604e-03
7.002781539712772674e-02
-2.203687007186472951e-02
6.298355159208014753e-02
-3.387836157023095540e-02
-8.766028329791698825e-02
4.498052983533020431e-03
1.391175440924087015e-01
-1.142712869144061200e-01
-1.057754869916122387e-01
-1.843733640770736995e-02
6.699101021324849192e-02
6.289676415906249318e-02
2.276589823597184245e-02
-6.439761365808455151e-02
1.453908444849713322e-01
-4.366811441883085287e-02
1.495131960779637614e-01
-6.027762993099890828e-04
-1.504318937328927470e-02
-3.811845443751500639e-02
-8.134127279828456958e-02
-1.565279473514197550e-01
-1.314568458629657433e-01
-4.088964683706976938e-02
-1.174598757345989529e-03
8.663513462787501840e-02
4.161627281837291387e-02
4.960507490194074852e-03
1.652344873399160322e-02
-4.401245016533106985e-02
5.284706081417605422e-02
-8.911737875300962397e-02
-3.617354428873085365e-02
-2.581224351727255326e-02
-9.941570801810677149e-02
2.779157351394784953e-02
1.093988365824260806e-03
-4.769705541764610035e-02
-3.054677423940763137e-02
-1.214353853244745235e-01
-8.834315523529071013e-02
1.426776476416838080e-01
2.356273658894524753e-02
4.429460369410571918e-02
1.641055643727426239e-01
4.661593588827166873e-02
4.165879145400314815e-02
-4.433743118181075575e-03
-1.825885422537254152e-02
9.059660860679596365e-04
-5.227146349744810766e-02
-6.017292907764310028e-02
8.401521111117583873e-02
-2.261603634590143158e-02
7.454213458993333256e-03
-4.835751842114852789e-02
6.338234825443604670e-02
-1.631123304170962324e-02
1.241554455472019675e-01
1.157683272378390443e-01
-2.788872464991975705e-02
5.289283955504025386e-02
4.597664641034136801e-02
-2.114150790703142949e-02
-2.846243453730173262e-02
-1.620663513904541456e-02
8.949143293248465469e-02
-8.929222334424131297e-03
-5.655939411942832035e-02
3.408138033406345885e-02
1.124409608853712550e-01
4.643059032649693441e-02
-7.468389769226464747e-02
-7.461087133502401769e-02
1.908568554649834811e-02
3.106022365530720919e-02
-6.399099274316716324e-02
-1.392843928465928999e-02
-2.958253806189484626e-03
-1.191558167942004080e-02
-1.365769612420348889e-01
2.528091499793201288e-03
6.547512991325303566e-02
-5.429259147491245080e-02
8.843601675911267473e-03
5.586790864085751417e-05
6.904731301034235623e-03
1.814114726797810134e-02
5.977351471113760521e-03
2.828868808678043981e-02
-1.220766308655451965e-01
-2.032030455704634392e-02
3.892840184521863950e-02
-1.569668604666019096e-02
4.608093546093078308e-02
-4.823445802779095792e-03
1.379072557619752046e-02
-1.712811246264756698e-02
-1.616569508068635766e-02
4.295555836537952310e-02
-6.549221972805840952e-02
-8.150541051758999900e-02
-1.781674963875081244e-02
-1.157732002372413756e-02
-9.041994522001271795e-02
9.368708541789529110e-02
-6.064482073103402184e-03
5.789878261712652456e-03
-1.773385717356531499e-01
4.896890826165560540e-02
3.380149172050397888e-02
7.437288365294518477e-02
-1.390201527381564051e-02
1.420011243302919945e-01
4.441076639112618435e-02
-6.813911632595642809e-02
-2.463383558433741502e-02
-2.744178138079289564e-02
-2.541070150314068965e-02
-4.891252559955674983e-02
-9.863997455691107807e-02
-3.879569840374800377e-02
-3.756492288568636512e-02
7.895449828115908009e-02
1.185357104618046525e-01
-3.099220756505770974e-02
-2.663324096587444539e-02
2.159428504868220883e-02
-2.381966719827823334e-02
-5.410137772371658577e-02
-3.530004198741365506e-02
-9.106455381700895302e-02
8.106097238195869581e-02
-2.874908357960952177e-02
1.976505716035772270e-02
3.347445169019232225e-02
1.525667479076763672e-02
5.317811592146006600e-02
2.909709123411009790e-02
6.132419234489339815e-02
3.533267735665042431e-03
5.680225480090949491e-02
-9.979044853552578725e-03
1.952988346384924856e-02
1.017934228743715558e-01
-1.898630381220847013e-02
-6.157353891994528372e-02
1.088934516373683964e-01
5.520181766621436344e-03
-1.881904325525789526e-02
2.102764444212333952e-02
1.069101751975151497e-02
1.323381724168444240e-01
1.490832396729506806e-02
8.892736609321574837e-02
3.446343035058598101e-03
5.810070324024863703e-02
-4.690639410616861266e-02
-5.232053666044345769e-02
-2.400511571074457132e-02
-1.575203920184305509e-02
1.260143918685012465e-02
2.710053415504063215e-02
3.197590142328263912e-02
4.122622696480290200e-02
-2.534724956021873477e-02
-2.862056679959722877e-02
-8.942036263838439025e-02
4.980709847575445770e-02
8.604069733458450872e-03
4.915600398518751857e-02
-1.620728716009220416e-02
5.023242209964561000e-02
4.777910711885020867e-02
-1.169197277726781274e-02
4.803425324952882020e-02
-3.073754187093989676e-02
1.470513361897656801e-01
1.401356921154219837e-01
-6.426559655455790429e-03
5.816230207072181635e-02
-3.261965209784888076e-02
1.699932114745767928e-02
-4.169310835120269843e-02
-2.505785516613498118e-02
-7.394900133873641423e-02
1.770007218827236370e-02
-6.153410880506301334e-02
3.008490311999896874e-02
-4.442579719209958228e-02
1.144097899115035025e-02
-2.876943349964885405e-02
-7.697791363625974825e-02
2.776816939005775919e-02
8.608393662505594429e-03
1.333359018860239692e-02
-2.814435121715916019e-02
-1.270253676599998258e-02
1.972428868648466380e-02
9.870394125329101653e-02
-3.170943071652818079e-02
-2.732084863506170636e-02
7.851949729225767005e-02
4.222429960295443624e-02
-2.780835447667842283e-02
9.083747890823955229e-02
4.442126736166923662e-02
-2.710928496382651598e-02
-1.430287095000351387e-02
-4.803607204508040379e-02
5.573952912843401636e-02
-1.127958662362089394e-02
1.123331715112674961e-01
-6.827109911258587294e-02
8.794322611532722281e-03
1.826558033722364832e-02
-3.543408378787507584e-02
-9.643734451015833348e-04
-9.539465990564739706e-02
-3.736108051632106714e-02
-1.069328243496668607e-02
-6.064773766729598947e-02
6.438742153961628072e-03
-1.110677016101370984e-01
-2.082898392423518374e-02
2.868820540397753333e-02
2.371174055658567190e-02
-2.475548898490979866e-02
8.413130517440189221e-03
2.348415089435829453e-02
1.065393811232740878e-01
-5.618880594657044841e-02
4.963668076426152459e-02
-4.086342872760932027e-02
-5.424266038948711427e-02
2.813148238070933144e-02
2.532875275262817805e-02
-3.430166049718733068e-02
-1.100666434019292178e-02
1.687770206378249455e-02
6.173067599222199775e-02
