-2.130161294919719894e-01
1.808860350537216943e-01
-9.723431760330178419e-02
1.521437691713120322e-01
5.364929482232185659e-02
7.151476890718345969e-02
7.916313363321740570e-02
1.195768147339150572e-01
-4.356804085681484362e-02
1.631553713206936596e-01
-1.700464402016044485e-01
-2.714789180613393603e-03
1.120320724028345677e-01
-7.870929170990563495e-02
-6.347350123955319834e-02
4.900944124986424816e-02
1.526570478292015726e-02
-1.428358132486991228e-01
-1.569299612095075708e-02
5.661551445321785087e-02
6.035810193637627247e-02
9.567485444420386481e-03
-1.079339422112430141e-01
5.082820532794435353e-02
-1.055637554609948764e-01
1.315914934231629252e-01
-6.908775802607523830e-02
-9.950450694625478931e-02
-6.720384214278486701e-02
-1.250180191816856468e-01
-1.231466764537867270e-01
-1.752407535980519404e-01
-4.373044683541666561e-02
-1.955566540248416911e-03
5.668252773857698074e-02
5.598639947799457367e-02
-4.258315457033313468e-03
5.225207435409340469e-03
-6.015800914914655462e-02
6.747062163990898143e-02
-4.981872790896974684e-02
-8.494165787849013161e-02
-4.802194235966483413e-03
5.713636966188875149e-02
-2.021606630722696737e-02
-2.864246442039336885e-02
-1.731604352302831135e-02
5.083408368630918522e-03
-2.076889325389327627e-03
-1.785580745110609477e-02
1.863327586268459513e-01
1.929946695041675347e-02
4.100612165123365509e-03
1.270314548942811927e-01
8.684915251033277148e-03
3.288667181735107498e-02
4.726330755513633367e-03
4.083277539456394573e-02
5.656287048830610509e-02
-5.035715287764220421e-02
-5.833682841262757997e-03
2.404682916585790947e-02
-1.335758965769455117e-02
-3.522005351272605722e-02
3.719563912896138840e-03
-2.136055002331396779e-02
-5.890376341936948840e-02
1.126309464900254187e-01
6.073591709150283346e-02
-1.841657018156493252e-03
-1.471852759179338548e-02
-2.530133615600674984e-02
4.174274526944048158e-02
-2.622103797973173583e-02
-1.238756255485727945e-02
5.069107629031133211e-02
-4.621330212099082624e-02
-1.136675296725712242e-02
7.344287045084951782e-02
6.924823720943525107e-02
9.333631285648642806e-02
-6.947367225272668700e-02
-3.527824926053793608e-02
-2.104351056217050597e-02
4.165708452504623960e-02
-9.803521127296416227e-02
6.146173106182765966e-02
4.247832384616023055e-02
-6.705835277325518720e-03
-1.016407676911289665e-01
-6.078098450563323984e-02
1.291550445111245005e-01
4.485598917455031059e-02
2.822562349723358940e-02
-6.723437694873555040e-03
-9.250935846473995125e-03
2.977094593870942881e-03
2.666341710423208305e-02
-5.407273256986884664e-03
-6.279634701347061587e-02
-4.748132933537878991e-02
7.612911693584697992e-02
1.740323917210670479e-02
2.907360934890758017e-02
2.484455505351256064e-03
-1.117923333541886825e-02
3.791204772590248129e-02
-1.533902097474824575e-02
5.774833942521459366e-03
-1.026256866351571602e-02
-2.625830024025550130e-02
-2.527958623005685870e-02
-1.617939761809442101e-02
-3.203852267794472103e-02
1.692630836343971684e-02
-1.123027708055352424e-02
-4.120565926017334506e-03
-1.294331235193277030e-01
1.070580341573360572e-01
6.153037722451035196e-02
5.897231160941276973e-02
2.144591684978996993e-02
1.309142085668944522e-01
-1.667886213382661301e-03
-4.276727781733836997e-02
-7.883165953653363534e-02
-3.436367467160893890e-02
9.328268916518053094e-03
1.901257040466631078e-03
-7.038883467749215694e-02
-4.751039455173825671e-02
-2.340347550037313526e-02
2.823417977440906973e-02
8.569523076331557465e-02
5.608313113064258663e-03
-2.124327677393550093e-02
-1.950475228753539847e-02
-3.445563832247214298e-02
-6.977284803595033835e-02
-4.073855837299421995e-02
-1.011407806546532340e-01
6.471115693572283833e-02
-3.035734484314824358e-02
5.839691829813478674e-02
9.642859061676166063e-03
1.213286634992754610e-02
7.644576450643278918e-03
1.495098400757615895e-02
3.806857534613945770e-02
3.987323136414396008e-02
8.977092522048132905e-02
-3.979086903194332253e-02
-2.281459462240250508e-02
6.710838413444923656e-02
-4.695070952031296652e-02
-2.519950992610921203e-02
1.755710193655162787e-01
-3.445390747250916957e-02
-5.116637422165475069e-02
6.436844864305293901e-02
-3.281397611890594316e-03
8.645618425364352821e-02
-1.493524307017698831e-02
7.088209425939480390e-02
-3.655032601068833320e-02
9.715597214931712133e-02
1.036063927556905330e-02
-1.296200879728759414e-02
-4.950838324485289793e-02
-4.537220701162227726e-02
-2.026779586083751750e-02
-3.679042429234539308e-02
1.001750643479501664e-02
1.784173204857696440e-02
-1.090381918300773745e-01
-1.335079688802852035e-02
-5.158746062585580633e-02
-1.939747224737714895e-02
-3.041410365891537501e-02
-2.102587548707600049e-02
2.672158019449747887e-02
6.952220136678305407e-02
3.411015413835217277e-03
1.129738833855206334e-02
-2.787517536604997622e-03
-6.791985884916830300e-03
6.657854810049873562e-02
4.461638075609031945e-02
4.542227103036279579e-02
4.733662374696441522e-02
-6.907087407454957917e-02
8.581870894652358916e-02
-6.095482062550001273e-02
1.396322385700496556e-02
-9.845068057917213955e-02
-7.446430053183261677e-02
-5.881562070144343013e-02
7.063288452227224623e-02
2.946527130373798129e-03
3.463225033378897894e-02
-5.154013984101888128e-04
1.271521571860391572e-03
1.744497551649703410e-02
-1.000813371895774989e-02
7.028152197978744520e-02
-8.607222947978035357e-04
-2.398742508882660204e-02
1.414202392393537795e-02
7.565822777327717297e-02
-1.909235279069571717e-02
-2.449152697615771673e-02
5.656394818733966046e-02
-9.527055401888907121e-03
-5.038210324314628535e-03
3.037586167199747209e-02
5.553474561029637935e-02
2.873028056285471463e-02
-4.952549579920386552e-02
-5.611892380157514765e-02
3.779817086135702723e-03
-3.218074629282727185e-04
9.726785690352782177e-02
-3.442147852886316001e-02
-3.136104187639743388e-03
3.199100594782897100e-02
-5.167188038348413670e-02
3.669431313308033765e-02
-1.081671170930481596e-01
-2.953417872679244254e-03
-3.563950703960354609e-03
-9.689974103970323827e-02
-1.879961054412690805e-02
-5.170362351865424172e-02
3.614406613258525688e-03
1.942500255905246428e-02
4.353597114618001918e-02
-3.256620331382812511e-02
5.112235184901143398e-02
4.010118103851369360e-03
1.770044243952349494e-01
-1.263034855258892697e-01
8.165467582615294762e-02
-5.646718387714517833e-03
-5.981706436398610827e-02
1.280796315058243054e-02
-4.301910015817862754e-02
-5.905258385863924875e-02
-3.445358089704445015e-02
-7.014971612222924320e-03
6.089571046638694862e-02
