-2.015019752423393429e-01
1.649117788047947675e-01
-8.906064191085549808e-02
1.836295050200032475e-01
-2.459064101779079650e-02
6.240969561946860950e-02
4.809932124987664759e-02
4.469611034341267747e-02
1.087001524871842456e-01
2.268845904942353719e-01
-2.119258609009627981e-01
3.499873090330549857e-02
7.067015642910694229e-02
-1.030004944663730493e-01
-1.142829151640252158e-02
1.230645702565947297e-01
-8.146512685388618974e-03
-5.593789914671599972e-02
-7.506436168788034602e-02
1.377022184744749189e-01
1.275230513971375990e-01
-7.627338406984979354e-04
-1.040515922320836006e-01
7.933607519669742814e-02
-8.455844919692999395e-02
-8.636486308179533444e-02
5.912023414828442708e-02
2.572992357131795998e-02
-3.089421416267694454e-02
-1.509075179081944551e-01
-7.062170943527452949e-02
-1.529689490859534318e-01
-1.115329935906615860e-01
-6.220342335386226662e-02
4.216633614872153379e-02
2.383174849717744140e-03
5.221559375455886443e-02
5.942674499921593578e-02
-6.965730629010619124e-02
3.156707435931449535e-02
-9.125887044440507412e-02
1.399409464430600818e-02
5.689750064177791222e-02
-2.410067401796554820e-02
-3.166439883974747301e-04
9.704466013367702912e-03
-3.093597196118867687e-02
5.157601396038307556e-03
-1.477146523912202351e-02
-1.218200818934943724e-01
1.393756763236347722e-02
-7.143087026527790429e-02
8.768902572183401301e-02
9.976100327112401300e-02
2.969135113877505172e-02
5.156025130210267066e-02
-5.832084219263549557e-03
-1.701141845635502792e-03
2.143416869714041828e-02
1.508612233782028605e-02
2.249791632726927046e-02
-1.778170247791052358e-02
2.066746107704350160e-02
2.407848708299103330e-02
-6.023938288619291870e-02
4.713130858842140558e-02
-7.965507033790564240e-03
1.143848426055946998e-01
-1.128805021846659810e-02
-4.958001768338476944e-02
1.152780157550463598e-02
7.037036788832443102e-02
-9.136116214908607258e-02
-1.130761445903815526e-01
-7.176470084957355111e-02
6.148993126287586458e-02
8.141479231483952916e-02
2.864432649694788482e-05
-5.272715162244886317e-02
4.250212050788806928e-02
3.716030132190465546e-02
-4.292016210060190656e-02
-1.136275727115690359e-02
-2.022007974643798972e-02
4.994322112040040784e-02
-8.237379774299167720e-03
2.318859230154307963e-02
-8.703182883899188149e-02
-3.158936063877396810e-02
-1.218144523726799461e-01
1.613082894166504092e-02
8.018520562448325228e-02
-3.313350508334354100e-02
-4.283240780555345323e-02
6.832367280916794294e-02
2.706547771229877303e-02
2.579158338165011763e-02
2.048774690374993365e-02
-6.269001264119886292e-03
-8.604398039537287934e-02
-3.498402791953133389e-02
6.304583147149910027e-02
-5.463115490637372729e-02
5.271903848951042110e-02
6.191012531943051317e-02
7.175201787032692291e-02
3.058144460919292804e-02
-2.619207411535426355e-02
4.058003652770038328e-02
-4.584936735449095246e-02
-1.234461524233280566e-01
-2.058020350441985141e-03
-5.581590411918448819e-02
-6.506023959304341187e-02
5.557939801532182922e-02
-4.265795888996280066e-02
-4.009099674306810385e-02
-1.455162251687007191e-01
5.884177155694011313e-02
-8.983258167382698889e-03
-3.500214173062247275e-02
-2.632211604616757628e-02
4.603934712456377032e-02
5.885299748374064888e-02
-3.493130911284562240e-02
-4.703729559082044792e-03
-4.616594511323179190e-02
2.816883067709854971e-02
-6.327448936104987202e-03
-7.172088993170597226e-02
-1.397449066594046857e-02
-1.049547991745162709e-02
6.406017177777424687e-02
1.227785905992217208e-01
3.430398180514830642e-02
-5.553326905947182646e-02
4.412776054495358424e-02
-4.073474900561222661e-02
-3.808274797959133179e-02
-3.598720852866259950e-02
-8.795993813232132891e-03
9.934392200843145115e-02
-7.232947424657405755e-02
1.469162538804209134e-02
-6.571273417026406334e-03
-1.907993620737450519e-02
2.435959886060096516e-02
3.260767472444754678e-02
4.394499980745456003e-02
4.231684304343671238e-02
7.709443312322010466e-02
-1.288256231691115028e-02
1.122197289003653009e-01
8.038445754648573804e-02
-4.663147336975674573e-02
-1.102670799336380875e-01
9.271867142124316785e-02
-2.852988165027337333e-02
-1.974157047721152372e-02
7.833378868793082830e-03
-4.021928358798044362e-03
2.937540256177230066e-02
2.224677346928909810e-02
3.567063076992176007e-02
-1.541193913366245040e-02
2.232972611423112569e-02
-2.147238320902190162e-02
-6.499026796080288604e-02
-4.621932621648390527e-02
-6.649517133381305234e-02
1.446863013413405945e-02
6.927685002753575239e-02
-2.881248359515771462e-02
1.210866877906875416e-01
-3.824272571520608011e-02
-6.606275790560826866e-03
-3.125721891072265335e-02
-3.762960466885811178e-02
2.607580795312214664e-02
5.498260257933570289e-02
-8.061374461777459643e-03
1.972733110103384868e-02
1.125351145252865941e-02
-2.899004530461046780e-03
1.264324145264127466e-02
1.637329571462533065e-02
8.579797033578231980e-02
1.004990665647239878e-01
3.414844145652846247e-02
6.404073337355031814e-02
-4.557073918900503284e-02
2.853140493237610147e-03
-5.645955703724365310e-02
-1.537779774566435352e-02
-6.564445139426787479e-02
-7.617543040767872642e-02
-8.181995223933681560e-02
3.982571385339521430e-02
2.142767819078966740e-02
5.753472928314296020e-02
-6.692483623126727066e-02
-2.462137157847191574e-02
3.767791920337724282e-02
1.802794434129931581e-02
5.481322023247802572e-02
-9.345103896437206153e-03
1.626653350812110044e-02
4.343476653269736504e-02
3.423811641161948749e-02
1.287928394890745266e-02
-1.105689547086047692e-01
1.024414168198436031e-01
1.510585877549910916e-02
-8.447731786754557326e-02
8.509398220052380446e-02
2.055771853599045601e-02
5.462688309352042512e-03
-9.048626838486715758e-04
-2.005698921696115120e-02
4.802749518725019789e-02
3.029652462632617324e-02
1.642392828712687519e-02
-7.719145957019821203e-02
1.392531514588501475e-02
-2.364504709510831595e-02
-5.714092774475948433e-02
4.907319523594455557e-02
5.359237585679829489e-03
6.796984086856691816e-03
2.569743792473587127e-02
-1.025209917522969805e-01
-1.721898220026586018e-02
-2.456583801137898759e-02
4.688814640406639700e-02
4.226326325121468330e-02
6.219150201566700509e-02
-1.192508017086172691e-02
-4.354169431334319745e-02
3.237550666309482739e-02
6.451308328470922726e-02
3.602992665719561682e-03
4.086995684964348646e-02
-3.314396936909271354e-03
-7.649810129483046450e-02
2.179187507265490861e-02
4.145605619608219022e-02
-1.168854095217074663e-03
-5.683786083597328759e-02
-1.533170190464267467e-02
3.461317495717374654e-02
