-1.992570407625171292e-01
1.143110507718767266e-01
-1.383073149212518671e-01
-4.033948715776610600e-03
1.827864203702031509e-01
7.372607559091162721e-02
1.917881065856785749e-01
1.638604851897291492e-01
1.615563959488296522e-02
5.464257758569378981e-02
-1.658171105594686279e-01
-5.561964092157393319e-02
-3.243121669276563535e-02
-1.550986739802531489e-01
-2.034523184565134243e-02
2.662938483721166705e-02
1.829028814238405770e-02
7.802752984251519475e-02
-5.298695478990769758e-02
9.168063287873341738e-02
-8.613888289109729313e-02
3.455489269696693233e-02
-3.175320042807255883e-02
2.765946402586704628e-02
-6.441125544172894568e-02
1.701656779425343019e-02
-3.837637965848651571e-03
-5.521948711476634686e-02
-1.839245591932036628e-01
2.762187491713706880e-02
1.063478451643489094e-02
-3.649004374929127464e-02
-4.059768594894603427e-02
7.894690584678950435e-03
1.189243352886766719e-01
-1.441401089039389197e-02
3.601579811544945026e-02
-6.024849703447588550e-02
-4.438259776613297236e-02
1.814388254731234551e-01
2.581712692891354605e-02
-1.063160863509036297e-01
1.667884522391066202e-02
-7.496032375357436495e-02
5.686591180494798142e-02
4.864088610482117381e-02
6.046454387713780243e-02
-5.250966726287385061e-02
-1.183533284809172165e-01
1.132273038961906786e-01
-6.596472132448295833e-02
1.196869451545192892e-01
3.670504041454165922e-02
6.231524618036935609e-02
-1.278706880184686707e-02
-5.799919808404694482e-02
5.319441914820640521e-02
3.426163970805038567e-02
-1.383145213110758241e-02
8.014613602472978049e-02
3.373760117969629851e-02
-8.681237252901652379e-03
-1.083076934923513264e-02
-1.052655468092304897e-01
-7.782991542407635688e-02
5.015509708019245255e-02
-5.061913064403248536e-02
1.044223629868134828e-01
-3.575032050841719239e-02
-1.001125073159176843e-01
7.354345336034778802e-02
-3.089248950678723238e-02
-5.876318404442881782e-02
9.025188461685226468e-03
1.512816774324932112e-02
-8.014334762263711220e-02
-4.194473765081288552e-02
8.332907890702419273e-02
-9.540206328204400843e-02
-1.662260641287245655e-02
3.118748072038493580e-02
-2.177647880551164886e-02
1.542091374996720082e-02
-7.173515649673356531e-02
-6.258995810602024923e-02
5.881551184993442927e-02
9.994103869372456678e-03
3.674922029185435229e-02
-1.440742012181117811e-02
-1.094429714872307766e-02
-3.856693253915815384e-02
3.297549829605234128e-02
-4.389296160126009150e-02
-1.732303853334959606e-02
3.134967881094522651e-02
3.979908034699781300e-02
-1.770189908781303820e-02
8.150807127542904207e-02
-5.818634694138464201e-03
-1.946594364808617444e-02
2.583182941267498506e-02
4.846967097372738981e-02
-1.737225201963480195e-02
8.016167140781760292e-02
-6.984574248133211538e-02
3.011394591470068285e-02
-1.102769572040433396e-02
-2.434839949936583314e-02
-1.818436507587616350e-03
1.690300378175129542e-02
5.624149080125719069e-02
-3.056016267555888843e-03
3.825325541023803094e-03
7.197542984588907455e-02
2.712738620836261869e-02
-4.447309408859561469e-02
3.425642503400691801e-03
-4.484616056078853663e-02
-1.480290244978816477e-02
1.035332248493884416e-01
-9.040611584429060488e-02
-2.640044616149786125e-02
1.935719596647140703e-02
1.003826926147947524e-01
-8.455018174553567689e-02
2.475058123496810120e-02
1.301749221114249615e-02
1.829814636646344070e-02
1.187569587370870990e-02
3.709940013907873230e-02
-1.087765796000929458e-01
-1.023050242600955645e-01
-2.526469739743392867e-02
2.642416568579279007e-02
2.618353020649537288e-02
-6.235243694594324454e-02
4.611481108693245290e-02
-4.842911239783376405e-03
1.119063979905695339e-01
-1.422244404532491818e-02
-6.422128196928435229e-02
1.780123138573821637e-02
-1.004692417187105918e-01
8.574597168712784490e-02
-4.465162424855592671e-02
-3.269339891550653715e-02
-3.587199623609805405e-02
7.532984135037659734e-02
-7.534132087587505633e-02
6.244753232120810009e-03
4.519108952095526183e-02
2.029406285659983780e-02
-5.284604995169156494e-02
6.321897816251327573e-02
-3.601851409151375638e-02
2.723874122699912123e-02
-9.984416888076436125e-02
1.070263684112406632e-01
-8.031923423256148720e-02
-7.185802725388272527e-02
2.108260124060302998e-02
9.344887814865267261e-02
-2.421669276675413734e-02
2.116911413150468838e-02
3.201005933772742285e-02
-3.917357295288129843e-02
-3.428822006046638310e-02
2.504933860204164309e-02
-6.892929973120726257e-03
3.268941548394555668e-02
-9.523642495513559569e-02
-1.407541920771054542e-02
-3.216001742949124026e-02
-4.646712750199408909e-02
-1.037832394993612461e-02
6.839595445820614850e-02
-1.567556366575642915e-02
4.506434397128769587e-02
2.722128655415918808e-02
-1.716051452566159236e-02
6.521094743410288039e-03
4.608334197760071554e-02
2.377471292855625265e-02
2.407589656758057223e-02
3.040111511723319129e-02
4.212055183470889141e-02
1.010131611918553968e-01
1.399797767686366545e-01
-4.516103271917695089e-02
-1.555348959491946979e-02
1.165052335147073737e-02
7.904623814471467558e-02
7.272261296768644731e-03
-1.679668237208730569e-03
-2.534545241907926183e-02
-1.146178474281006054e-01
-1.169874097986569744e-01
-5.988944499877478338e-03
-2.238264845005031797e-02
4.725925097440216577e-02
-1.858451888268375374e-02
-4.393956775052355879e-02
-1.138677310521537811e-01
-9.852659457244876406e-02
5.787187312615232893e-02
-1.542174664929358771e-02
1.558890592279800653e-02
2.836301046556459135e-02
2.192926151238234686e-02
5.677827631060641117e-02
-3.015761880981470550e-02
1.311635373988319538e-02
2.529087940669382667e-02
-4.958130187034029412e-02
4.940516176931657177e-02
-4.466259679185571700e-03
-3.223751327985940884e-02
-1.215672334903446783e-01
-5.313499359191941468e-02
2.869982771055259313e-02
4.543324594684868684e-02
-1.981938266658771815e-04
-4.163862904185863106e-02
4.763423673634720190e-02
-1.183911710807465240e-01
-6.356155327675759581e-02
1.662300475602855598e-02
-4.666782002663912715e-02
-2.678749085716840544e-03
-1.404873021625197525e-02
-2.610042133892764502e-02
-2.900800046131572427e-02
-1.120994133562061429e-01
1.564170449748809172e-02
3.894908847791295203e-02
-5.156707871650328956e-02
7.276548917648828496e-02
-7.168601543647674934e-02
4.214948603304728703e-02
1.044502832207545341e-02
-1.714161133225403089e-02
-8.045137552134346004e-02
1.477653937545731107e-02
-2.219604278792547229e-03
-1.944131879843647576e-03
-2.074983985320439511e-02
-3.537457427317415581e-02
1.139963958915734578e-02
1.278953128681183798e-02
-2.311657760865388350e-02
