-1.992608767837083517e-01
3.097642694027358951e-02
-1.374158072344422443e-01
1.403871990969498239e-02
1.986854565552752527e-01
8.154205546064033361e-02
1.954479443560535601e-01
1.381172117133009913e-01
-3.259589063167758066e-02
6.112724235855721000e-02
-7.578202788573325244e-02
-6.314819034226588912e-02
-1.005751228025693160e-02
-1.710316502968776964e-01
-4.460658663973243732e-03
-3.751266625663540050e-02
-5.705039464768318219e-02
1.405846665741059855e-02
-5.824862729906686402e-03
1.420178197008131193e-01
-5.405267378822146973e-02
5.789022382802840212e-03
-1.233966036937395455e-01
-8.314104835691248085e-03
-1.284598014530086707e-01
-1.920321848474522419e-02
-9.494861615346602071e-03
-5.584821264675637886e-02
-2.471074768773731389e-01
-4.176173851883580035e-02
7.370289281875588849e-02
5.740540826036379107e-02
3.472340523055821720e-02
2.992629489675704274e-02
2.045574811009760741e-01
-8.324972129184075864e-02
-2.576292351964242638e-02
-1.003907540013978389e-01
-9.192621185935978545e-02
1.014785035993126389e-01
1.692296279228427958e-03
6.228288785736752799e-03
-3.286829701641452717e-02
4.406098400034992590e-02
6.334940970148802974e-02
1.289718017100284220e-01
-3.077461517861997814e-02
4.960248090053749614e-02
-1.659099363418779505e-01
1.176784063127433860e-01
4.191299860633743157e-02
1.417285298467793331e-01
3.380794600646219034e-02
6.578533558844043561e-02
-6.274038709069219844e-02
-4.456380201968193622e-02
1.145976503791374945e-01
8.611161743826520332e-03
5.093739395735943920e-03
-6.971938140208434886e-02
-3.718046013756632490e-02
-1.092515475475959591e-01
2.851627837612336937e-03
-6.016093525909345374e-02
-6.537223362622970879e-02
1.386356625745745197e-02
3.644802035354787612e-02
8.013105160262089244e-02
7.413198964661625590e-02
1.156550558080626269e-02
3.408051694743009785e-02
-2.475817608462560840e-02
-6.916433323504453390e-02
-3.521477013621517049e-02
-2.226432640437406990e-02
-3.904912778514141314e-02
-2.119823240645406573e-02
3.565933524978610793e-04
-2.468359920075295991e-02
-6.818255784987022061e-02
8.773496465671995481e-02
-1.707567097461838842e-03
5.404546622530526784e-02
-2.935791767500918470e-02
-1.144017955530447599e-02
4.851463256888412928e-02
-3.799672486563757112e-02
4.150437257360892022e-03
-9.834673523410807083e-02
1.827067832387518215e-03
5.784046202378504559e-02
-2.173146041726812736e-02
-5.466261791391069901e-03
1.596469591026540846e-01
3.014390405658315050e-02
4.758209240801408724e-02
-6.346285476711426010e-02
-2.380536259610086317e-02
-5.665368248607642598e-02
6.928202385142960551e-02
-1.253362279881060741e-02
5.194092367626712559e-02
-4.184776851638350587e-02
-6.625264237313052522e-03
7.383608463209773154e-02
-2.038180312215185502e-02
-3.277634299455213507e-02
-6.982742902333496926e-02
3.554967497747204414e-02
4.812904440849050114e-02
5.388420111896106285e-02
-5.561868961580852116e-02
-6.081461843097278608e-02
9.003674430419091046e-02
-2.877772531587814708e-02
-1.165249000449355803e-02
-2.979488029070961105e-03
1.313813656887804875e-02
-2.119582988548199959e-03
-3.148711074744565269e-02
-3.235386132717649882e-02
-1.029908082731132053e-02
1.234221099095388768e-02
6.975110784341410908e-02
-8.334927781157366877e-02
3.408653970548336520e-02
8.682480414326093632e-03
5.041663930885241507e-02
3.963636315095769164e-02
8.420177782170307212e-02
-1.008657620176970221e-01
-9.446748664537499285e-02
-3.856980839559098762e-02
2.977546265545591778e-03
5.993305779045523390e-02
-7.069039480975365490e-03
-4.240712805667457008e-02
3.739059844450669245e-02
1.049534704398146362e-01
5.382347986973553405e-02
-1.685888459594709829e-02
6.832506354588459632e-03
-6.983397836132732017e-02
3.710018960810234495e-02
-6.616634908561326578e-02
-6.643934787278168996e-02
-4.454533881056783190e-02
4.976265993575735430e-02
-7.054393976419616463e-02
2.170644787016167906e-02
1.413952705678320904e-02
-4.664405606902986140e-02
-9.588997652831569851e-02
4.651185159307380523e-02
8.276618926277767505e-03
3.928279763310955214e-02
-1.204245536063081219e-02
9.229965576990829812e-02
-5.234454719957435526e-02
-4.150782825445914481e-02
6.556604795505849292e-02
7.309387020796004331e-02
2.759716600369994943e-02
7.626272954762378098e-02
-1.210209053873197854e-02
-6.018561869373798001e-02
-4.647341125752073310e-02
1.680050004520125886e-02
7.696689857116269934e-03
2.455639723421819062e-02
-4.410297875049180860e-02
3.248241265480516279e-03
-5.894163941014645552e-02
-2.194199365916280411e-02
-1.218663953020101415e-02
5.192190097596775106e-02
-8.711935979668556859e-03
2.924927765132709356e-02
4.290632583892538265e-02
2.783225103525437810e-02
5.209491539720275538e-02
5.847275288563911350e-03
-6.186027454500712952e-02
1.345378833111219490e-03
-3.723318395396702646e-02
5.037033318545929006e-03
4.829304114826870470e-02
6.206182301669119911e-02
2.561186089961794976e-03
3.212328513635046706e-02
-4.143861590371590575e-02
7.672677811894079714e-02
-4.926553556201667544e-02
-4.503838218978060970e-02
-1.123194351839404970e-01
-5.471451894915658337e-02
-4.711758307925037470e-02
-2.087991483327831035e-02
1.930201804581569563e-02
7.494756323851746449e-02
7.284269157701739328e-02
-4.019285941282998292e-02
-1.345191239007921188e-02
-4.912335897846423216e-02
4.237290036063416643e-02
-1.950146019774343445e-02
1.201033398434674104e-02
-1.746573506449422553e-02
4.799608297387200628e-02
-2.100688642108973145e-02
1.821979753726127305e-02
-1.939101005552074444e-02
-3.556797363035518744e-02
-1.887578449637409075e-02
8.522199354243045755e-02
3.583501548196271758e-02
-7.047887423047319300e-02
-7.109020062850252009e-02
-9.668942360958247828e-02
-1.084024044845782048e-02
7.831073057570286933e-02
1.295807914095780874e-02
3.647770629761368927e-02
-1.396032532126397809e-02
-4.345702972146776172e-02
-4.188321392853303765e-02
-1.026547844494857947e-02
-1.239200570644343607e-02
2.620920001801537932e-02
2.919615889997208280e-02
-4.684126025621650029e-03
-1.683439862877973356e-02
-3.381136877606622654e-02
2.586494838283977769e-03
1.607154885327923563e-03
-5.108335533422404817e-02
8.103611087292002246e-02
-7.465063797536695966e-02
4.692956112975150279e-02
6.382069874696744138e-02
-2.019466977630018749e-03
-1.757713963285649841e-02
3.228534011260330433e-02
-1.760356736354923247e-03
-2.021033552948791126e-02
-5.804431428270260401e-02
1.277219642246146250e-03
3.003444125174624391e-02
3.245730137396013459e-02
-4.051371115196257533e-02
