-2.327967395975390763e-01
1.430849506182887421e-01
-9.822020569060367634e-02
-2.931564989778117974e-04
1.991458419738533769e-01
3.222886204546827893e-02
1.181656050596207042e-01
1.650599200558433288e-01
2.361352291482801680e-02
1.013938782438098263e-01
-1.436413057798648918e-01
-5.385649661183324055e-02
-3.106836261662250173e-02
-1.498944418034298398e-01
-2.272958745099143765e-02
-3.663712996015409257e-02
-1.636043408284045264e-01
-8.368765600309102659e-02
-1.441310300191780691e-01
1.456051576784992974e-01
1.218645013992752414e-02
9.178833319601733057e-03
-5.243041884459401919e-02
-2.296136135377496376e-02
-8.871493300919122693e-02
-8.225251590885127029e-02
7.697419940551675221e-02
-5.814483538610546592e-02
-2.522929344123567841e-01
1.966792265164805237e-02
3.488787266096046030e-02
4.340463453674596179e-04
3.472709785244733338e-02
-5.523811029983241583e-02
8.263554591696750662e-02
2.236634461010299744e-03
8.688688562237062429e-02
-6.697105291015031936e-02
2.389572638548863315e-02
7.546258370284800177e-02
-5.830039446684849580e-02
-8.917098320608878026e-02
-4.499543150662444618e-02
1.143449866731316017e-01
2.301860396605173720e-02
9.560530057306737550e-02
-5.484764787964380162e-02
8.379868580799688937e-02
-2.042896904956151560e-01
1.069064135223200956e-01
-2.354007894816538896e-02
1.872132347848365908e-01
1.601417495550337688e-02
3.495326484787800170e-02
-4.352638918187907990e-02
-5.062111547944717765e-02
4.285463604338961285e-02
-1.290970859014666308e-02
1.984652872947518729e-02
-7.431531918321882847e-03
5.612970636383132067e-03
-3.132768208169183638e-02
-4.268421213850181160e-04
-3.802536110276157760e-02
-5.533727432406131824e-02
2.228080667467346315e-02
-2.221085072595708771e-03
4.091181004732838411e-02
3.516052483014208904e-03
-2.829310646845437441e-02
-4.793713456725568617e-02
-1.556953416310291605e-02
-1.101080554156933650e-01
-6.751903030899576719e-02
-1.034464627111329575e-02
-1.686919572851450222e-02
-2.132244929521736818e-02
1.055855956611410768e-01
-8.753712388380846532e-02
5.860782902059694446e-03
6.939822442626183974e-02
2.833346316207546733e-03
-2.870303007288515021e-02
-6.146451571857565466e-02
5.239123568972119116e-02
4.622344201179437451e-02
2.050674207027332330e-02
1.430175373368602725e-02
-3.250943560120074516e-02
-5.812635215082019580e-02
1.601896690539214921e-02
-1.861574736892740098e-02
-3.960530283921855077e-02
9.830893825929240548e-02
2.721912292399501429e-02
2.310143624270053278e-02
2.307089163694692191e-02
3.675683091247773648e-02
-2.009714444882817336e-02
2.438039788852456105e-02
6.537318210948364627e-02
5.945792745052504158e-02
-4.393057548576275589e-02
1.389042840241703700e-02
1.333319960643939706e-01
2.487207802575154905e-02
-1.248044767500826463e-01
-2.787627202472822002e-02
-1.536511023281381810e-02
-3.784137630567153271e-02
8.401461693767875438e-03
-3.904105888939013447e-02
-5.947748642966288468e-02
6.263864123622081559e-02
-1.654168062285119685e-03
-1.266313505981549875e-02
-3.963770554799025958e-02
-7.403855962841824484e-03
-5.502853583837035399e-03
2.633544824654694347e-02
-9.660310189378479989e-03
-4.583636981465631643e-02
-4.583385974566696157e-03
9.094097302316853093e-02
-8.831286559471415720e-02
-2.583790041557859282e-02
1.650696343488151571e-02
6.877295646152334352e-02
-8.642395718447628411e-03
5.715345593020496745e-02
-9.015199640304621953e-02
-1.082761288313437570e-01
-7.187993289586940004e-02
-2.053986194161341351e-03
8.148404361852512601e-02
6.275563652976371386e-03
1.842957848583362881e-02
6.113621825374684210e-02
1.122234894026461205e-01
4.297749903067387550e-02
-1.813081507950296822e-02
-1.390144662733136006e-02
-9.019486316565666906e-02
1.293803651159798271e-02
-9.497331735882486026e-02
-2.910213104219298505e-02
-7.730425717846797773e-02
7.811249939304107381e-02
-9.667168871396152052e-02
4.610605553866871029e-03
2.541115608908926793e-02
-2.459293879515586645e-02
-6.181211137615381934e-02
5.762036136052400837e-02
-1.050842012309422847e-02
1.178102510069845184e-03
-1.162465106249133996e-02
1.628558838933961278e-02
-8.902129181908709221e-02
-7.106399748283541429e-02
4.946817885586803770e-02
5.664195602745161762e-02
-9.538164364662603950e-03
2.858222077841036241e-02
-6.582118052663610969e-03
-5.844421816010882814e-02
-3.057472658148172734e-02
-4.123264250178625828e-02
-1.961038665468421011e-02
1.345419797104585070e-02
-3.455735851182935303e-02
-3.557576195723864687e-02
-4.454075043826655200e-02
-3.035605719472056138e-02
-3.193247831493272598e-02
-4.460783773670937494e-03
-2.908270245624938397e-02
1.705115943109363277e-02
5.257271041782187598e-02
4.663708182226134272e-03
5.318832928618571348e-02
4.740411978745070164e-03
-8.146461503258153880e-02
-5.321248462542095548e-03
2.240256131980658191e-02
1.759564881199282213e-02
4.529051130521747487e-02
4.694141953764629366e-02
-2.184089263556464669e-02
-8.922121718417448666e-03
6.419322149639570575e-03
5.672922167270499222e-02
-3.180619250629933975e-02
-5.645076700637912531e-02
-9.256612859973249730e-02
-5.072174642711142073e-02
-1.118246492197267905e-01
-1.071427837852010310e-02
-4.774917277774094054e-02
4.683743096523005495e-02
3.101587935593594011e-02
-7.567841703763417138e-02
-4.399270784282398837e-03
-7.420308324126613508e-02
4.035284702186718586e-02
3.525668981090318826e-03
1.385443988080339341e-02
-4.098525401399101542e-02
3.279095450759153627e-03
3.165852221380856951e-02
-1.358358061804273119e-02
-4.848703526571634601e-03
-4.614328279562775192e-02
-2.378632649551092482e-03
5.839075695046536812e-02
3.307830850942512085e-02
1.708437709732941664e-02
6.902950507121480804e-03
-4.400770306016301564e-02
1.693351217157946717e-02
2.818370657847666175e-02
-4.359934417406325508e-02
3.737319954170852110e-02
7.010427097483967578e-03
-9.867840737520638950e-02
2.684864326082557137e-02
1.931560024077824331e-02
-3.239755824053223987e-02
4.497893676755152642e-02
1.031009207463642538e-02
-3.334186575330765068e-03
-4.694053938358509065e-02
-4.321207638713382704e-02
5.099514835716000179e-03
6.034378621397683967e-02
-1.149181299584677539e-02
5.396850436569599480e-02
-6.181165499997393065e-02
5.213980501290412656e-02
2.636693820295888183e-02
1.755659605031424653e-02
-7.226227833971581895e-03
4.616538444205352081e-03
-8.849525307517461595e-03
7.648734381647709878e-03
-8.975527510953347499e-02
1.793203065486528164e-02
5.259640938087724316e-02
6.196529078110175198e-02
2.290323858743698732e-02
