-1.996638962086358382e-01
7.421121359506040183e-02
-1.195320756180371646e-01
1.601559069464692647e-02
2.352653823394073307e-01
8.370953287294422007e-02
1.950523446370011904e-01
1.892341436450403758e-01
4.258669970157219486e-02
4.705935988193345881e-02
-1.653525242898118697e-01
-3.706538515018598795e-02
-6.319714251168664920e-02
-1.082621519717913705e-01
8.986971533497376333e-03
-4.605726255504764138e-02
-1.366734500785354856e-01
-3.113428413841816053e-02
-5.878198824069472833e-02
7.176266395685686195e-02
-2.400303154919079199e-03
-6.406385728244702073e-03
5.206981402714820108e-03
-1.915226189242254240e-02
-1.027364838656845414e-01
-6.646211361686311936e-02
9.719366145440991311e-02
-2.180412903392172849e-02
-2.795443802371547770e-01
3.718133915614032364e-02
3.311482664415539567e-02
-6.417038941624479687e-02
-1.625259951320586621e-02
2.476977700744864216e-02
1.330975571921926004e-01
-5.882549129868656218e-02
-9.723794425354573626e-03
-2.937788472236401577e-02
-8.958546719877469311e-02
1.074670759186351771e-01
-4.636945141557306110e-02
-4.959537048512131091e-02
-4.727450345924631703e-02
2.577528570183941839e-02
1.258164643464615984e-01
8.562408978437122120e-02
-2.472062082616287640e-02
4.391323432278695232e-02
-2.155385811807207230e-01
1.532874596119812027e-01
3.187331629685000167e-02
1.006786495190491876e-01
6.324330968525378183e-02
-1.714803474943657827e-02
-7.564522253728857282e-02
-4.822633997155904503e-03
1.053819181427457924e-01
4.719740655363420696e-03
6.528824581379895353e-02
-5.443327441301371028e-02
1.037422849630043227e-02
-6.941531822130050933e-02
-1.853756595724294007e-02
-7.481232903864881711e-02
-7.758278181246330840e-02
2.915374163268092539e-02
6.617773552380672164e-02
6.417539275525206699e-02
-6.694987419164384612e-02
-6.638914284147129363e-02
-4.665223753712714229e-03
-4.693320426267857254e-02
-8.015040442119714115e-02
2.365854840961841357e-02
-7.205392976335185141e-03
-6.489876511237542556e-02
-2.618955567379899207e-03
7.171844613614970776e-02
-3.345047271742920825e-02
1.373273604954149650e-02
1.334826193604668199e-01
-1.956364032430647770e-02
3.760041753182117794e-03
1.385681235907907163e-02
-3.673360529341780558e-03
1.802488615506882969e-02
-3.860511399585363213e-02
4.142274110887957800e-02
-3.531749790828708074e-02
-3.823181292316792101e-02
2.721816419958050098e-02
-6.916628839343837154e-02
-5.014255383291702645e-02
1.107257766054453862e-01
4.624180129245885479e-02
5.789870397062454183e-02
-1.661193022372840777e-02
1.778492081800558955e-03
-3.788859686295453083e-03
2.269803727707878777e-02
-3.884368229670055045e-02
3.367887189418990873e-02
-5.029785227742857717e-03
5.607271265746919392e-02
7.560106969501008412e-02
1.088271718982558589e-02
-6.497115108190926192e-02
-6.880071975376390869e-02
-6.587331158550688293e-02
6.137059888188764467e-02
4.630219874190383278e-02
-1.551444456356101953e-02
-7.949331006131300781e-02
5.703289889786549577e-02
1.070308432377865132e-02
2.862179572640737371e-02
1.862704125351591009e-02
-3.170547701560592901e-02
-1.034485824654343515e-02
1.600165282169808620e-02
7.461180560778578504e-03
-5.081605524603928330e-03
-2.410088906276166426e-02
8.546482765571104812e-02
-1.243905127293879892e-01
7.971488650306380458e-03
-2.302357920469504451e-02
2.875974493046511843e-02
1.022565531915580611e-03
6.525796586604062921e-02
-1.284465637143577255e-01
-3.885622313343307238e-02
-5.381188569968151742e-04
1.266760964684974025e-02
6.854795366625349162e-02
-1.529114619345058566e-02
3.855472322442320826e-02
2.972600665394168132e-02
7.840472644587286044e-02
2.507439588103447733e-02
-4.228009898591205545e-02
1.837362538171882428e-03
-5.431283689548142141e-02
8.061678709294677059e-02
-2.828965848828152163e-02
-2.061992966069966984e-03
-3.929960344143497430e-02
5.284234256555732367e-02
-6.628507988796282502e-02
1.106589138023481543e-02
-1.534368125302698052e-03
-5.889069715185281384e-02
-3.809857465518844827e-02
5.422368649135178575e-02
6.646643468236941230e-03
1.392783378161092066e-02
-5.392563043906121317e-02
-6.791675321019274153e-03
-7.182088462894152536e-02
-5.289237595563008737e-02
5.637518724290906114e-02
2.338290991521758608e-02
1.040954427228035903e-03
5.721574819613139268e-02
-2.423402986309813618e-03
-6.551027710455040176e-02
-7.388697123601745652e-03
-2.680512881776558193e-02
-7.911318625361737911e-02
-9.726523519358543091e-03
-3.902022868738585365e-02
-3.457385228141996586e-02
-1.596481005264450970e-02
-4.406258724107556951e-02
-4.102832204687744538e-02
-9.999530387398403684e-04
-2.343814157958361288e-02
3.368059382254955797e-02
7.546471246245464726e-02
3.439727340152032298e-02
4.190156714971873808e-02
-1.078024620781943121e-03
-7.811030918558757585e-02
-2.808676334477218720e-02
-8.211389008940956843e-03
6.822286658763787592e-02
8.324006372583295232e-02
7.926637289919728768e-02
-1.945535377293472479e-02
1.590509487670052971e-02
-3.846953650444218803e-02
5.438106424558063895e-02
-6.902463541894666987e-02
-4.310727438282922069e-02
-8.433569750078336036e-02
-5.916679049525430667e-02
-1.488382566443683386e-01
1.756009545482150810e-02
5.636579785996682912e-02
5.016370431144778069e-02
-6.650639641599894597e-03
-5.929632499279981206e-02
-1.755788618824686426e-02
-9.017037052441095879e-02
4.320600910518708482e-02
1.056731189708121250e-02
3.314910276527666816e-02
-6.538438139901017743e-02
2.230839412958359955e-02
4.263302932121100508e-02
2.564763557872521901e-03
-1.490640891731967455e-02
-1.980136390558074819e-02
-1.256257201691127895e-02
2.602736951584885827e-02
4.916911199307288233e-02
-5.591296319059403837e-03
-6.151345395730967169e-02
-5.437437146742805233e-02
-1.515540625596747785e-02
5.443749801087699458e-02
-6.158720447384549018e-03
2.164142304854226734e-02
2.396982757214250609e-02
-1.124370485027910600e-02
-1.336252145221742023e-02
-3.352854429947131013e-03
-3.710495701324353218e-02
4.479547893799847719e-02
3.615659684686443626e-03
1.647658015681729548e-03
-2.407489769129529666e-02
-9.752342697988945763e-02
-2.012713325769733760e-02
6.782052015733851247e-02
-7.980130781318947250e-03
4.528895761450180829e-02
-6.653631898239960318e-02
2.515574887372420791e-03
-2.200351534228310244e-02
4.864652298052721258e-02
-3.910268631336290962e-02
2.884983752181041750e-02
4.211057026552267150e-03
6.115769706036375698e-04
-2.371485221805743476e-03
1.516060453026075311e-02
3.130173354909023594e-03
1.120819413901318062e-02
-2.270495747973170705e-02
