2.449983759874155981e-02
1.258533810591464241e-01
-1.647114349064854599e-01
-7.656591135285273353e-02
-2.145026716733159089e-01
-1.831591959248668189e-01
8.885687127055740681e-03
1.512032384868374768e-01
8.527565368556962178e-02
2.515199870288380851e-02
8.150116916756346142e-02
9.798237659911208930e-02
5.350941641724583919e-02
1.750919560997706848e-01
-1.006367805959221956e-01
-4.912308356025103101e-02
1.234230881691642523e-01
4.543710978741714174e-02
1.606698664440131541e-01
1.029553504415509635e-01
-4.502913700385568346e-02
-6.233544191857545019e-02
1.091985405629181810e-01
1.397986210545089925e-01
1.167831039021768602e-01
6.053159609871768682e-02
2.061147664437066110e-02
-9.998066105058263375e-02
-1.758834226665293154e-01
-1.439145765439614755e-01
-1.395135182857126094e-02
1.927510372939963690e-01
-2.472379036792161141e-03
3.069888318387615014e-02
3.961139270848498817e-02
-1.056982018484741853e-01
-7.928308039328767209e-02
-1.399272862271869755e-01
3.510275985225751877e-02
-3.903719706216532241e-03
-5.202645767460830489e-02
-6.910367968035627251e-02
5.765254264707679599e-02
-9.393114954011831663e-02
1.165069947117808036e-01
2.229827927490581757e-02
9.848354692222345552e-02
-6.636700344170090582e-02
7.400055644921772757e-02
-4.391193822785129791e-02
-2.895454065209662406e-02
5.192949169903855050e-02
1.344830678770885524e-01
-1.964036018231248015e-02
-8.835199584648535664e-02
-2.880481657224887720e-02
2.544517669172274062e-03
-8.912202349571926585e-02
1.698522783232206054e-02
-7.896931851022264207e-03
-1.449262274438803122e-01
-8.256959994801676278e-03
7.171378080328590088e-02
7.656784307215702690e-02
-3.417046778146273084e-02
-1.020587160090617174e-01
-1.630139919860118525e-02
-2.132057596669528071e-02
6.676743935322264345e-02
-8.283674722754207076e-02
-1.079213574274825657e-02
-1.479221974147255014e-03
-1.079263608971559735e-01
-7.672390065792050740e-02
6.827361039504130369e-02
9.198429315668348039e-02
2.139429797555432791e-02
4.064749094123851388e-03
5.324853930857710582e-02
1.023972735677868354e-02
4.577227892047732588e-02
6.184985202001678020e-03
6.316034939656910152e-02
-2.522464401573717985e-02
3.521609794061942439e-02
1.186984510936809657e-02
1.215777578855584823e-01
3.897563538466446847e-02
-2.290363577033085671e-02
-4.924965867597680402e-02
-4.206296617834399260e-02
6.803265216247753044e-02
-4.930453850473656002e-02
1.070261480338243476e-01
2.257974027780065840e-02
-3.760826312498892487e-02
6.886316479320661599e-02
-5.803818982228531320e-02
-6.391837505209270291e-03
5.069072127698181357e-02
1.108867048972252134e-02
9.111210605702893539e-02
-4.158070137039107661e-02
1.674905139672466098e-02
4.210853575340763044e-02
-4.617711661861050032e-02
2.873929645355069798e-02
-1.036478243108468131e-02
-1.725959530859128704e-02
2.037457185559294823e-03
5.677918384882783137e-02
3.255884386614724124e-02
3.643852791741359481e-02
3.178818286632176943e-02
-3.012228080530850519e-02
4.356188535588915306e-02
-1.730855330931984487e-02
-4.708021122713379469e-02
1.320649986535237311e-02
5.659814058222682048e-02
-3.630682266189608209e-02
-3.503470633119304400e-02
-9.193305509382524582e-03
7.246525128018671547e-02
6.833187864946597967e-02
-4.546877731699576486e-02
-4.929136481243185514e-02
1.109452898269456568e-02
5.059692205436991386e-02
-3.300484935273262279e-03
-4.814040844989665030e-02
-6.636542006522196113e-02
-1.782036392236962044e-02
1.096464777688078429e-01
-1.308065310280690646e-02
-2.223279082373721960e-02
2.060929158482973506e-02
-1.184745933270896501e-01
-1.464753079882780140e-02
-5.026966980370438376e-02
2.481043272884873516e-02
6.018068820345691405e-02
-1.071698552830521456e-01
6.807533999234952060e-02
1.819980426178072902e-02
-2.563255346423947562e-02
-2.281012155548517006e-03
3.750068852701032157e-02
-5.095261174659705683e-02
3.637389448954361088e-02
-1.108537706664634338e-02
-6.858686559763309265e-02
-3.713527690320254926e-02
2.644289387862696836e-02
5.815368130265857055e-02
-4.839716877972015385e-02
4.244611161871580246e-02
9.488478552584909964e-02
-1.132767800246425177e-01
-4.706149571715282504e-02
1.035591552280266600e-02
3.299335403949558293e-02
2.148353707390689843e-02
-1.856008574579676856e-02
-1.327968352620858064e-02
3.740758599004916259e-03
-2.286759812167037803e-02
-5.707723863722188005e-03
6.581171331053967122e-02
-3.270185442972431411e-02
-1.363749494291748715e-02
-9.342459573697859190e-03
-2.189439160266000786e-02
2.550312827085162576e-02
4.718303569567558996e-03
5.903429196518103841e-03
1.632863327403880419e-02
-3.075610640982472804e-02
3.918606611871444656e-02
-4.343660860887610387e-02
1.732315204045559165e-02
1.400480661849998545e-02
9.985088751436940052e-03
9.541996677572788313e-03
7.761309322095877317e-02
2.369412064367254836e-02
5.242407517599755040e-02
1.911414084330443144e-02
8.904624309743761762e-03
-1.733765576900260508e-02
3.872980035254557779e-02
2.493564614080262878e-02
-9.017946564340877103e-02
1.416773605818202105e-03
-3.142327792298724859e-02
-5.530924046084711998e-03
4.350798722054632917e-02
5.160068773942366738e-02
-1.718017314440809309e-02
5.149665990475787297e-02
1.133893897598241100e-02
-6.665381625709452737e-03
-5.511755690430768934e-02
-3.784402788270180285e-02
-4.734441342640827860e-02
-3.433099048889678984e-02
1.037473870238420220e-01
4.476996994178419724e-03
2.178935040704770010e-02
-2.952005939531174988e-02
-5.023090874750014284e-02
1.035809424883767510e-01
2.804580922330834197e-02
7.918054093251209596e-03
9.185097285715745907e-02
4.915497276253670556e-03
-5.699464972008081581e-02
3.564946808290293812e-02
2.279599783729310131e-02
-8.507070143413675289e-03
9.066359883560681787e-02
-2.555857811514380268e-02
-7.032861139198715028e-02
6.388373077473369355e-02
3.664110510412807442e-02
-8.910229462479176896e-03
-6.863937036167444550e-03
-6.333790923491646602e-03
-1.183754422919789696e-02
9.652579690861357378e-03
3.274143884169759822e-02
2.197948225463777772e-02
2.571086726488742199e-03
-2.972561332980662094e-02
3.419494678182701669e-02
5.168679175234795233e-03
1.508451103948327786e-02
2.853146245692616753e-02
-2.228694229931667270e-02
-3.163488035563163242e-02
-5.655751114177744870e-02
6.986078697752209909e-03
2.935453321820426578e-02
-8.412352562444000426e-02
-1.057410480159940618e-03
5.845857627744159048e-03
-4.507366155044323364e-03
-5.771258428315787642e-02
1.021946013784836259e-02
-3.098604434209514293e-03
