3.254757899539431620e-02
1.298484110089671850e-01
-1.185617779866895288e-01
-4.364649948368994406e-03
-1.432706910218991270e-01
-1.033835786304709292e-01
1.151748475161366164e-01
1.002005370583245597e-01
-3.637550717815588031e-02
-3.454901219131806950e-02
-1.385864161244985569e-03
-1.010493792740037172e-01
5.569518936034233147e-02
5.184274648097863571e-03
-6.193159476260912816e-02
-4.750274464252662171e-02
-6.882032456779352270e-02
5.637579738600634847e-03
4.682543859640493633e-02
4.153936958908299032e-02
-3.043884814100927469e-02
-8.165061634944495439e-02
-3.144852010772988815e-02
1.634426174592931991e-01
3.027301539066126410e-02
4.606721737483188139e-02
-3.781840553149561773e-02
-1.846123420783870109e-02
-2.408549596228528045e-01
2.594492069055884947e-02
3.533184816947939396e-03
8.118523735394903018e-02
1.335806484916586545e-01
-6.719835219260776593e-02
-2.781684291110019663e-02
5.605076919772369187e-02
-6.402948578516329259e-02
-1.153745005417969489e-02
-8.641957534844116329e-02
6.354065939958397635e-02
1.376959156012601548e-01
-1.015956400916223079e-01
7.759965445759707536e-02
1.520445509657941674e-01
1.548308546929305918e-01
-3.871784474682842675e-02
-5.579488245985766287e-02
-1.453845916422342732e-01
-1.124474124141740250e-02
-1.086781527366140199e-02
8.142124550790368065e-02
4.031650314524563156e-02
9.922448524694400807e-02
-1.244738556205765984e-01
-9.300155458947620413e-02
3.460174380400918119e-03
-3.785706203947094423e-02
-1.032962929692358561e-01
4.730442575001470029e-02
3.532304289069985309e-02
-5.168178331662234837e-02
2.931180581055683673e-02
4.229899165046188680e-02
4.878397941160714235e-02
-8.594152208803530757e-03
-8.927121824652121951e-02
-7.443795901582534770e-03
-7.630587883692145634e-02
-1.476691945989091689e-02
-1.012895899473758715e-01
-2.922675482234536604e-02
5.916090039330917927e-02
-9.539605676425177982e-02
-7.984873611919540703e-02
6.177566795088810375e-02
2.026323784540447759e-01
3.575496849749926903e-02
5.292306079790784316e-03
4.030753109982254667e-02
3.021144514586190412e-03
1.276679704978548047e-01
-5.157181739186422753e-02
-5.588943914675158914e-02
-7.826498665871173266e-02
3.952536218823543036e-03
-4.832110191576449026e-02
1.132164401142492505e-01
4.610330567649650532e-03
4.219766423783975762e-02
1.147645015130128038e-01
-1.064474821124638225e-02
-6.756367120197254161e-02
-1.829330019778193858e-02
-1.016716189744245637e-02
1.150320285625987538e-01
-2.726144328141495363e-02
4.763345633774259541e-02
-2.089649415029836213e-02
6.669184854281193231e-02
8.111279392399008137e-02
9.574873486203533401e-03
-6.869384874532376284e-03
-1.097268480979257804e-01
-3.915107113344755418e-02
-2.838935279841386244e-02
-8.183429313065301858e-02
-4.320350057175868091e-02
-4.561167761130551467e-03
-1.252476194933286879e-01
1.674834065858844118e-02
-3.824796305195660162e-02
-1.787037998973432448e-02
-4.110284122292154341e-02
-7.602594434905524112e-02
1.334383298380514664e-02
3.212852777347710576e-02
4.840201709121587544e-03
-5.183791024831563982e-02
7.790570460184352564e-03
7.822906512369065535e-02
3.816998296943172747e-02
-1.285927582430075079e-02
-1.784830008612805358e-02
1.692124431462305179e-02
4.762431752567595350e-02
-4.596482265569101083e-02
7.193879409555659597e-03
9.594428542826428929e-02
1.231391221122446339e-01
-8.022783005331757256e-02
-5.459783149244213513e-02
-3.148921116875654826e-03
-2.508617253625270230e-02
-3.037984610252061207e-02
-1.315582026986473682e-02
-6.790504252132328888e-02
2.790679683863208846e-02
-4.363262449894642764e-02
4.204734078534207858e-02
-4.222044456134894930e-02
-2.074433626472160785e-02
1.464377897029219347e-03
-4.127684553880359847e-02
7.846724124401148470e-02
-2.390216272036293707e-02
-6.998265472002154763e-02
-6.239840795123959699e-03
1.615058230144101811e-02
3.073135683379930524e-02
3.499364541635614431e-03
1.645279681288576781e-02
-4.697662923544908969e-02
-5.984901291793302130e-02
5.695250979273751984e-02
3.095285628976493508e-02
2.509697901475486589e-02
-2.873345909071885196e-02
1.651369999111091877e-02
-4.034051754191710776e-02
-2.079940261042244679e-02
2.145919815897117267e-03
-3.758823421006528970e-02
-1.831071063536875848e-02
-4.534101534882078316e-02
-3.117392215245733122e-02
1.606399706010886927e-02
-7.148532223841028155e-02
-3.969362973157929131e-02
5.456264373065268514e-02
-1.300853864094544121e-01
-8.528579564558923590e-03
-5.706451027054697256e-02
3.522598470415264776e-02
3.567675494167343170e-02
-5.880321929621906696e-02
7.617183180883443927e-02
3.066304921660044890e-03
4.923168114288656999e-02
7.917149677973114863e-02
6.433550257608103284e-02
2.941229938996120941e-03
1.083082643212159198e-02
-4.530466022052646868e-02
1.144934390105835503e-01
2.453614279248983454e-02
-1.629803736766960789e-02
7.228710290727909105e-02
1.695590175848600556e-01
2.882234571173201629e-02
2.542557600920952732e-02
1.446557213499263632e-02
4.011281436681134877e-02
-2.433091976093486493e-03
-9.360228139287886384e-02
-1.009749012909934435e-01
4.628081209189314343e-02
-6.470909321096598998e-02
5.468188188079228795e-02
1.532365322272457447e-02
2.521111410560178401e-02
1.714751329659426615e-02
2.813810217323857443e-02
-6.077746952924385770e-02
-5.551227970569461330e-03
6.442262147067254197e-02
-6.433646982261362335e-02
7.003632022591653461e-02
1.531224638430562363e-02
4.774755807526080004e-02
2.733949007059724434e-02
-5.323731586101704272e-02
-9.355008343344711763e-03
-3.493050756510739790e-02
-1.868857049632864642e-02
7.365202117809395432e-02
1.847661009237418217e-02
6.772990419226508629e-02
-3.883191313101792136e-02
-2.301679860974590718e-03
4.554957371324679094e-02
7.866099073049007129e-02
6.936491771897659864e-03
-4.038817944864424303e-02
-5.601641526915199926e-02
-5.742999604655531221e-02
-3.832791098087538068e-02
-3.125100169510702103e-02
-4.948176440155699352e-02
9.148030926699579624e-02
-4.065770769795282007e-03
-6.565706151957240166e-02
4.295908737896901759e-03
-4.285939427945369140e-02
-3.858853389141828766e-02
4.214403208527346678e-02
8.705518973367487937e-03
-3.827084343545192335e-02
2.180083630495159575e-02
-1.978586165757142881e-03
-5.448843257427208459e-02
1.191584356839895179e-02
-3.564203412648592195e-02
5.256768108049874461e-02
-8.986180563799589516e-02
2.771678292496905852e-02
-1.697694437356938452e-02
-2.148608094191174073e-02
-7.471612577726991118e-03
-2.976017460841046819e-03
-9.738104676912131413e-03
