5.487012860340449716e-02
9.211624895321320061e-02
-1.312492370741793757e-01
-3.757661584535362809e-02
-2.317080877507761982e-01
-2.238443884058538835e-01
1.984562060004647129e-03
8.978547325713130689e-02
-1.907035354548192521e-02
5.384965855653538191e-02
1.706744789729557413e-02
-9.559576163198094112e-02
4.403324797703878080e-02
7.811946935402537540e-02
-7.455960415904175007e-03
-8.000882439137695090e-02
1.249348972960167004e-01
-8.759460628446916197e-03
1.036687022454843843e-01
2.832066924826747573e-02
-5.930274786961701322e-02
-3.903177020501063382e-03
8.147271872807722304e-02
1.423643806060133077e-01
1.935203644196705625e-02
5.463577285533543354e-02
-9.226437947321912414e-02
-4.145543838437051182e-02
-2.166084128666749264e-01
-1.492066426338798935e-01
4.316685025275044003e-03
1.462168450324451974e-01
6.207342422842171414e-02
1.369595857115343471e-02
1.450797152919986455e-01
-6.664819766670147805e-02
7.095147909081926663e-02
-2.644917416400428475e-02
2.304759582598594689e-02
-8.386716152965607851e-03
-2.130585312818316333e-03
-1.097001500394286649e-01
2.571435973045814449e-02
4.012243643113629077e-02
1.055775408680233174e-01
1.424101532130580584e-02
9.840740879226114735e-02
-7.996812995281189773e-02
3.349045203276503069e-02
5.373790430461859724e-02
2.066731662356810148e-02
8.838414057428614634e-02
9.186199507559111854e-02
3.138629392325933964e-02
-7.473202006980424195e-02
2.634571079940127222e-02
4.954734440260419315e-02
-1.380497683025667111e-01
-6.637249111815500535e-02
-8.866126348274870617e-02
-5.628755942578388127e-02
5.879289284518433162e-02
8.092507107563930158e-02
6.401287004329396513e-02
1.770318622744223441e-02
-5.513471154480499570e-02
-4.286865467236539856e-02
-2.917096883302159119e-02
3.625933203265175458e-02
-6.372652352269483900e-02
3.361225898554974501e-02
-2.832326015055302779e-02
-6.472464271918060286e-02
-1.113414348192796749e-01
-4.887277708353806455e-02
8.288558956243402553e-02
3.684373595218069786e-02
5.434928815328107787e-02
6.396809925179963718e-02
6.408665894038646782e-02
1.425029075148807889e-01
-1.006677464915398668e-01
-3.563475185501487064e-02
-3.934544210838136769e-02
6.718105990342984959e-03
9.519693540682507005e-02
1.203116567123152236e-01
-1.559920084475558029e-02
-3.281609198588174986e-02
4.853706523805823708e-02
-1.058694491921954167e-02
2.543495682798429386e-02
-8.568908401685572038e-03
7.295863381875390685e-02
2.592094100602609572e-02
-4.340925507058661370e-02
1.229838096935413766e-01
-4.909635467809923826e-02
1.040388212733163315e-01
4.248779203638936020e-02
6.189838287000987670e-03
4.318864837731287154e-02
-3.554161755419025376e-02
3.412719217846210684e-02
-3.545024506691980826e-02
-2.920416692764045419e-02
1.038967707373405075e-01
2.302531406633020333e-02
-1.276554828773007466e-01
-2.423274362212470348e-02
2.719777219770955906e-02
9.534223320699879156e-02
5.848975727777483424e-02
-3.304277866318558465e-02
2.280823100016481780e-02
3.177841834783656783e-02
1.204458654507067948e-03
-1.148653037451760339e-01
-2.427426714942114080e-02
7.251327498854955034e-02
-3.224270803740734992e-02
-3.573448432032668570e-02
-3.367399155067347938e-02
-1.523284726157863277e-02
-8.198374829487936263e-03
2.320529541176650015e-02
-3.993748055331174107e-02
4.761981673824547401e-02
8.369194744442519374e-02
-1.925102579819436277e-02
-6.915100927454398416e-02
-1.012688358217877782e-01
4.540863709166461509e-02
3.883714162532002356e-02
-5.421635759335040328e-02
1.492325171113716153e-03
5.975149214547448989e-02
-7.702925221762920750e-03
1.439035492904497740e-02
3.283554102570528793e-02
-4.239096138163735150e-02
1.192265522897625607e-01
-9.708007227869134420e-03
5.934026413471179401e-02
3.495517545819667310e-02
1.184284162043575464e-02
6.927399076969814606e-02
6.926856714758040934e-02
-5.827333057352178380e-02
-3.651002773780169519e-02
3.638214080098688130e-02
-9.361106139052105535e-02
-7.024105368412110473e-02
5.260564546046889167e-02
-1.172134557592530504e-02
-3.082555357793843182e-02
7.931076622492184980e-02
1.315988361559097472e-02
-1.042884806175520401e-01
-7.670525125048006931e-02
5.452467496533100130e-03
9.752328929633962903e-03
-3.226654433843442749e-02
2.615336221372194583e-02
-5.048196922041205126e-02
-1.639270785141041034e-02
4.822788423198245966e-02
5.843624650923725031e-03
3.740233448494554441e-02
-6.895068070982515729e-02
-5.333351627588975991e-02
-2.720343763737396742e-03
4.143578207236412597e-02
-8.684151735346892081e-03
-2.818107143312197430e-03
-2.574234147514209772e-02
2.100910845307802505e-02
2.529242265691516653e-02
7.743001298315828340e-02
1.468053598502671968e-02
3.641989888362831551e-02
2.722893211586379161e-02
3.161028606218619502e-02
6.460100486211409199e-02
6.336780446491931118e-02
4.223277816076349833e-02
8.078357326548439576e-02
6.978170398157476639e-02
5.566674469280199523e-03
-2.043527541487413085e-02
5.451776589256953319e-03
1.075977882888409509e-01
-3.216981731977384268e-02
-1.509825852418519680e-02
-4.089756530424561165e-02
-8.406372464971990227e-03
-7.933287525775853388e-02
4.852891253219970141e-02
3.383062023017600894e-03
1.089490992848930750e-01
-3.648460235003948143e-02
3.817235064421137941e-02
-2.927864673200910109e-02
-1.517450014210801855e-02
7.917210113459912518e-03
3.502792799437495080e-02
1.275532976911586125e-01
1.252670164236605564e-02
4.963287872339118556e-02
-2.150207079460890892e-03
-4.733972292849548263e-02
4.103001222908299328e-02
-5.773656471068318308e-02
2.211725463329020092e-02
3.665111100359091240e-02
-5.506403173045515409e-02
-2.004287462738644273e-03
1.324745611284260842e-03
3.175834749146450031e-02
3.181006190108410028e-03
4.585102502058154006e-02
-6.749832452463655486e-02
-3.116029815323165253e-02
5.099068424783909093e-02
4.929139780215553539e-03
4.237372324509748600e-02
-4.949977543664146884e-02
-4.690838951599690665e-02
5.017341003088479634e-02
2.643245420792152828e-02
-8.923758378714672854e-03
-3.344474851644790858e-02
4.030614867586378158e-02
-1.548381932963902897e-02
-3.002271932305561331e-02
-2.007752362728521325e-02
1.800424907302329222e-02
7.422434140329141339e-02
-3.446286947857812866e-02
-1.605927599994186675e-02
-5.343248874319782293e-02
4.090654709883552453e-02
9.874035700863638410e-02
-2.816652783495908127e-02
1.229856405978231593e-02
2.016039795505904925e-02
-3.967797578039092971e-02
-1.389414532331620302e-04
1.157407869001457002e-03
-2.259031884526805159e-02
