9.270302439716741894e-02
1.446532519033392750e-01
-1.137816811288805685e-01
-5.411395774242751949e-02
-1.700984087853086024e-01
-4.292206562824617266e-02
-1.305132224638198557e-01
1.990555831823266064e-01
5.471944423229528620e-02
1.147155264307838339e-02
-7.132981397229645922e-03
-8.480103564532910643e-02
-2.324768906953104258e-02
7.964252985279625385e-02
-1.053039246730010092e-01
-8.865029383681373443e-02
2.606654967652376545e-02
5.603304833717489414e-02
6.116038317593743001e-02
4.937725608054603643e-02
-4.653455290219704089e-03
-2.993455096588762063e-02
5.189575432260574994e-02
1.490506866079330528e-01
7.994127119304782203e-02
9.354494409109366526e-02
6.852756886828854921e-02
-7.555437314888345524e-02
-6.972361491241577114e-02
-1.331242879694596870e-01
9.290730727837721858e-02
1.005704312891348984e-01
1.040227748330978530e-01
5.024568628228341660e-02
4.146645300700235737e-02
-6.905815050933448995e-02
-9.414742493103124554e-03
-7.033278247916431580e-02
7.257381532991646900e-02
8.082733003819593878e-03
-5.997473870684950220e-02
-1.115262279127330752e-01
4.120513031981418162e-02
9.576645710297337910e-02
1.435629101769813898e-01
1.128629991620183487e-01
1.045340054920090300e-01
-1.335306248229422565e-01
3.232870310634138045e-02
-9.692241655758231447e-03
6.768402814968088599e-02
3.307153766661420635e-02
1.409849068205735745e-01
-3.173355064881783899e-02
-6.320260410377967486e-02
-5.511450145570279124e-03
5.258026576569403004e-02
-8.088004711169047289e-02
-7.900350841483105846e-02
-1.746981676329553701e-02
-1.332008138429629507e-01
-1.892259259134682764e-02
2.794298705934058005e-02
-3.582896819244962144e-02
-1.326151511340953881e-01
-3.544198232110181562e-02
-5.504628333369191578e-02
-2.009016938950613715e-02
1.105170725058376296e-02
-4.260441233337773637e-02
3.904359522114797532e-02
1.548483826951687313e-02
5.077201273354055994e-02
-1.255518737981679289e-01
-1.041569146254875573e-02
1.374486414779982346e-01
6.882425015634077714e-02
6.485756898949386617e-02
1.404384864175360070e-01
4.347382190419349368e-02
1.047786789048648359e-01
-1.120627870822918370e-02
-3.617586747427915025e-03
-1.604475032589272321e-01
5.330158797759015910e-02
-1.991624694972594922e-02
9.572751873927114186e-02
7.002522681720739495e-02
1.053956476528928460e-02
8.051980814758653848e-02
-3.097173659123308651e-02
2.714361926330231822e-02
1.042285098822514407e-03
3.957231943807974772e-02
-4.571698234984002823e-02
-2.833770656927278239e-02
1.543181725389456424e-03
-1.958373426194425296e-02
5.460320325409655923e-02
2.653972002676846867e-02
-1.514746250769083858e-03
7.118753528515200935e-02
-7.406870402833781730e-02
5.574727519437490397e-02
1.749173436784259503e-02
6.787534283343907814e-03
3.446480838031740213e-02
-4.506644488236706547e-02
-1.079092490495607050e-02
3.216943743138927364e-02
6.891371045594810174e-02
5.037729322360835066e-02
1.822068890428052770e-02
1.029844747532839000e-01
-1.670685447989475950e-02
5.083425332703858657e-02
2.006632681814986274e-02
-2.879051279695681378e-02
7.457689526597127694e-02
6.462998387848829795e-02
3.873772812656755410e-02
3.422195862022821278e-02
1.243623118527665064e-02
4.719620114300741159e-02
5.124052263782609418e-02
-9.056698666588647306e-03
-3.759375750033180918e-02
4.204748904125830272e-02
2.246686174328681868e-02
-1.007355394072097232e-02
2.927303781046736511e-02
3.518008552100562736e-02
-1.450837352703058906e-02
1.040878859911359700e-01
6.413580775007986234e-02
-1.788601485025690524e-02
1.185114258931708499e-02
8.487651460705895878e-02
-2.041180770338312661e-02
-4.554788921275665370e-02
3.791782735123096909e-02
5.127095062195075048e-02
-7.475875397242104370e-02
1.594335185493349905e-01
-1.843476547627404503e-03
-1.005051175030116095e-01
-1.911117179595509322e-02
9.123376815152142716e-02
-6.145142464895211876e-02
4.661722516095080648e-02
1.448645592248353278e-02
-3.435974571815115369e-02
-6.830241529430515490e-02
2.801532528575012906e-02
-2.442914589152523838e-02
-1.055574124075621921e-02
-2.567426170361373355e-02
6.982867757458201263e-02
1.370822898999913414e-02
-2.055969243421758297e-02
3.794420277365200683e-02
3.533026670347212683e-02
-5.546639889696678219e-03
-1.925476756565322120e-02
-6.491457502412474601e-02
1.612625747315670280e-02
-1.829846431764243012e-02
-4.694001170064382444e-02
8.805858605673826112e-02
-6.607887600157362484e-02
-2.422452529684015685e-02
4.355321834223683727e-03
5.014771560309851106e-02
6.486263469162339979e-02
6.706888305441948903e-03
-3.715651986385917066e-02
-6.695605298232130964e-02
-1.208879156188663595e-02
5.582538832121210215e-03
-3.005207525529248608e-02
9.285577220204623006e-02
1.575078763131667475e-02
-4.219895353493095108e-02
1.041346255361176587e-01
9.205062950558030865e-02
-3.146037421864659057e-03
1.898679192300161203e-02
1.182676980780458659e-01
-1.971834685319936650e-02
-1.407319594275728732e-02
1.623540646837409382e-02
2.838008961042310166e-02
6.057228893004768444e-04
-2.160353101502648573e-03
-1.634300198160509865e-02
9.491707394124297703e-03
-3.067495398913827262e-02
5.910688261802012761e-02
-1.170485524322080473e-01
4.965391095951288830e-02
-6.659608418899762121e-03
-2.435751686341382227e-02
-3.261707664290119935e-02
-5.070193718741553002e-02
9.342438038041108242e-03
-1.860520946725863212e-02
7.961179792654383969e-02
1.543902743659224530e-01
4.367607850455146323e-02
9.583163580370654411e-02
-1.959437223641624648e-02
1.686328336165433817e-02
-6.096099714011952650e-03
3.957822942389752074e-02
5.363285112551323397e-02
-5.340820412174278331e-02
-1.831244565551990236e-02
1.916790765980571493e-02
-1.754424881325195376e-02
9.419902755005729600e-02
4.484497238526445064e-04
-4.277029719244575257e-02
-2.502926273713571015e-02
-2.258492637425216915e-02
-7.590731750192088179e-02
-1.790539960373919992e-02
-3.553417809985908588e-02
2.076579896819399224e-02
1.860733706215303082e-02
1.369455159424942843e-02
-6.454163803334947436e-02
2.786916289363971025e-02
-2.976015572724201308e-02
-9.399646700757154777e-03
1.828120715905452720e-02
-1.507556330879918430e-02
6.493402732030209568e-02
8.870338239513110568e-02
-3.232941230463951682e-02
2.961787704009755801e-02
4.017567833305311226e-02
2.484490495096871102e-02
3.302392006659671253e-02
-4.918627911026313138e-02
-2.284543854909961910e-02
-7.711467694747069224e-02
-3.986768364357829580e-02
-2.267006394137563788e-02
-9.908614679383798834e-03
5.679563913575283451e-03
